-155.772995	19.079000	1044.777000	-172.730000	-15.220000	15.000000	28.404532	28.004532	28.804532	4.018390	1.298289
-155.996994	20.771000	1084.750000	-172.730000	-15.220000	15.000000	27.901355	27.001355	28.801355	3.991496	2.042035
-155.710999	20.046000	1069.754000	-172.730000	-15.220000	15.000000	28.487229	27.987229	28.987229	3.985818	1.842608
-156.658005	20.891001	1078.774000	-172.730000	-15.220000	15.000000	26.342651	25.842651	26.842651	4.021587	1.458376
-157.270004	21.108999	1076.770000	-172.730000	-15.220000	15.000000	26.980806	26.680806	27.280806	3.961450	3.059107
-154.691299	17.180099	1012.733000	-172.730000	-15.220000	15.000000	30.171842	29.871842	30.371842	4.060953	0.376026
-154.495895	18.401699	1043.773000	-172.730000	-15.220000	15.000000	29.249105	28.949105	29.449105	4.044181	-0.033273
-154.797394	18.803101	1049.742000	-172.730000	-15.220000	15.000000	29.130967	28.830967	29.430967	4.046918	0.509001
-155.714996	18.000299	1019.744000	-172.730000	-15.220000	15.000000	29.198418	28.598418	29.798418	4.007931	1.366088
-156.808197	18.404200	1016.025000	-172.730000	-15.220000	15.000000	26.662606	26.362606	26.962606	4.055920	0.634898
-157.227295	18.984800	1024.757000	-172.730000	-15.220000	15.000000	26.357716	26.157716	26.657716	4.021421	1.263969
-156.510101	19.477699	1046.082000	-172.730000	-15.220000	15.000000	26.509045	26.009045	27.009045	4.053444	0.664542
-156.932007	19.832701	1048.752000	-172.730000	-15.220000	15.000000	26.883412	26.483412	27.283412	4.003288	1.829129
-157.627594	20.346100	1052.736000	-172.730000	-15.220000	15.000000	26.785151	26.385151	27.085151	3.958803	2.986643
-154.797394	18.803101	1049.393000	-172.730000	-15.220000	15.000000	29.130967	28.830967	29.430967	4.046918	0.509001
-155.714996	18.000299	1020.344000	-172.730000	-15.220000	15.000000	29.198418	28.598418	29.798418	4.007931	1.366088
-156.932007	19.832701	1049.252000	-172.730000	-15.220000	15.000000	26.883412	26.483412	27.283412	4.003288	1.829129
