-154.983002	19.601000	2160.799000	-138.910000	-57.570000	12.000000	352.454331	352.154331	352.754331	3.977525	1.174378
-159.401001	21.971001	2237.799000	-138.910000	-57.570000	12.000000	356.331051	355.831051	356.831051	3.918250	7.276611
-156.658005	20.891001	2203.800000	-138.910000	-57.570000	12.000000	350.982887	349.982887	351.982887	4.049292	0.542228
-157.270004	21.108999	2210.791000	-138.910000	-57.570000	12.000000	351.348412	350.548412	352.148412	4.039743	1.219814
-156.755997	21.136000	2209.790000	-138.910000	-57.570000	12.000000	352.032702	351.232702	352.732702	4.029991	1.635929
-154.617798	20.088900	2172.752000	-138.910000	-57.570000	12.000000	352.775454	352.575454	352.975454	3.974618	1.287879
-154.482803	21.001900	2197.757000	-138.910000	-57.570000	12.000000	352.839544	352.639544	353.039544	3.956487	1.255103
-153.982697	21.519699	2208.758000	-138.910000	-57.570000	12.000000	351.383788	351.183788	351.483788	4.007086	-0.477745
-153.292099	20.892599	2188.765000	-138.910000	-57.570000	12.000000	351.143491	350.743491	351.443491	4.009265	-1.067601
-153.902405	19.979099	2166.843000	-138.910000	-57.570000	12.000000	352.737511	352.537511	352.937511	3.983386	0.874637
-153.503204	19.495199	2151.769000	-138.910000	-57.570000	12.000000	352.748375	352.548375	353.048375	4.005194	0.687579
-154.393997	19.262501	2148.820000	-138.910000	-57.570000	12.000000	352.664061	352.464061	352.864061	3.980333	1.083213
-153.992294	18.797600	2133.770000	-138.910000	-57.570000	12.000000	352.479846	352.279846	352.679846	4.009459	0.700494
-153.295898	18.800900	2132.082000	-138.910000	-57.570000	12.000000	352.949326	352.749326	353.149326	4.005731	0.798969
-152.132401	18.481400	2121.767000	-138.910000	-57.570000	12.000000	355.627614	355.427614	355.927614	4.016962	2.864178
-153.290604	17.906200	2107.754000	-138.910000	-57.570000	12.000000	353.328758	353.028758	353.528758	4.012220	1.204134
-153.700806	17.297501	2092.768000	-138.910000	-57.570000	12.000000	353.642757	353.242757	353.942757	3.981794	1.758549
-154.691299	17.180099	2091.760000	-138.910000	-57.570000	12.000000	352.960073	352.760073	353.160073	3.981407	1.609092
-154.030502	17.988400	2111.762000	-138.910000	-57.570000	12.000000	352.723935	352.423935	352.923935	3.998289	0.991722
-154.797394	18.803101	2137.753000	-138.910000	-57.570000	12.000000	352.408331	352.108331	352.608331	3.983777	1.056028
-156.808197	18.404200	2133.758000	-138.910000	-57.570000	12.000000	351.415903	351.315903	351.515903	3.953137	1.137482
-156.167007	18.301001	2128.771000	-138.910000	-57.570000	12.000000	351.313474	351.213474	351.513474	3.969083	0.702028
-156.465103	18.775000	2142.608000	-138.910000	-57.570000	12.000000	351.707684	351.607684	351.807684	3.950915	1.235628
-157.227295	18.984800	2150.765000	-138.910000	-57.570000	12.000000	352.016948	351.916948	352.216948	3.910828	1.936319
-156.510101	19.477699	2162.089000	-138.910000	-57.570000	12.000000	351.683705	351.483705	351.783705	3.951277	1.210690
-156.932007	19.832701	2173.774000	-138.910000	-57.570000	12.000000	351.744740	351.344740	352.144740	4.013376	1.480378
-157.627594	20.346100	2190.163000	-138.910000	-57.570000	12.000000	352.079475	351.679475	352.579475	4.010185	2.160363
-153.503204	19.495199	2151.469000	-138.910000	-57.570000	12.000000	352.748375	352.548375	353.048375	4.005194	0.687579
-153.992294	18.797600	2134.544000	-138.910000	-57.570000	12.000000	352.479846	352.279846	352.679846	4.009459	0.700494
-154.030502	17.988400	2111.412000	-138.910000	-57.570000	12.000000	352.723935	352.423935	352.923935	3.998289	0.991722
-154.797394	18.803101	2137.529000	-138.910000	-57.570000	12.000000	352.408331	352.108331	352.608331	3.983777	1.056028
-156.167007	18.301001	2128.296000	-138.910000	-57.570000	12.000000	351.313474	351.213474	351.513474	3.969083	0.702028
-156.932007	19.832701	2173.299000	-138.910000	-57.570000	12.000000	351.744740	351.344740	352.144740	4.013376	1.480378
