-155.772995	19.079000	1500.369000	144.970000	38.220000	18.000000	122.966104	122.266104	123.566104	3.988137	-0.915402
-155.996994	20.771000	1471.376000	144.970000	38.220000	18.000000	120.760035	119.660035	121.760035	3.959608	-2.098045
-155.710999	20.046000	1488.372000	144.970000	38.220000	18.000000	121.532829	120.332829	122.632829	3.978528	-1.764652
-156.658005	20.891001	1454.379000	144.970000	38.220000	18.000000	121.253053	120.253053	122.253053	3.991893	-1.546207
-156.755997	21.136000	1448.389000	144.970000	38.220000	18.000000	121.155914	120.355914	122.055914	3.990758	-1.488487
-154.617798	20.088900	1511.365000	144.970000	38.220000	18.000000	121.195520	120.595520	121.795520	3.995195	-2.047392
-153.982697	21.519699	1500.359000	144.970000	38.220000	18.000000	125.026391	124.726391	125.326391	3.985131	2.639804
-153.902405	19.979099	1527.354000	144.970000	38.220000	18.000000	123.157846	122.557846	123.757846	4.019482	-0.136927
-153.503204	19.495199	1544.353000	144.970000	38.220000	18.000000	122.396164	121.696164	123.096164	4.016563	-1.167754
-153.992294	18.797600	1545.365000	144.970000	38.220000	18.000000	122.705711	121.305711	124.005711	3.994761	-1.262665
-153.295898	18.800900	1559.366000	144.970000	38.220000	18.000000	122.959558	122.059558	123.959558	4.002740	-0.985375
-152.132401	18.481400	1588.360000	144.970000	38.220000	18.000000	123.540253	122.740253	124.240253	4.092797	-0.548658
-153.290604	17.906200	1573.362000	144.970000	38.220000	18.000000	122.940891	121.640891	124.340891	4.062739	-1.488594
-153.700806	17.297501	1572.370000	144.970000	38.220000	18.000000	122.802633	122.002633	123.502633	4.054311	-1.971620
-154.691299	17.180099	1549.359000	144.970000	38.220000	18.000000	119.664469	119.064469	120.264469	4.034781	-5.234495
-154.030502	17.988400	1556.358000	144.970000	38.220000	18.000000	123.835777	122.735777	124.935777	4.005663	-0.582381
-154.495895	18.401699	1540.355000	144.970000	38.220000	18.000000	124.824795	123.624795	125.924795	3.993423	0.613848
-154.797394	18.803101	1527.355000	144.970000	38.220000	18.000000	124.016093	122.916093	125.116093	3.999123	0.019281
-157.227295	18.984800	1468.357000	144.970000	38.220000	18.000000	120.813373	120.413373	121.213373	3.952770	-3.211192
-156.510101	19.477699	1477.363000	144.970000	38.220000	18.000000	122.034646	121.334646	122.734646	3.981747	-1.643699
-156.932007	19.832701	1462.358000	144.970000	38.220000	18.000000	120.639928	119.839928	121.339928	3.940856	-2.840025
-157.627594	20.346100	1439.358000	144.970000	38.220000	18.000000	119.951975	119.551975	120.351975	3.921806	-3.235648
