-155.772995	19.079000	1592.499000	-113.690000	-21.000000	15.200000
-155.996994	20.771000	1629.479000	-113.690000	-21.000000	15.200000
-154.983002	19.601000	1587.509000	-113.690000	-21.000000	15.200000
-156.755997	21.136000	1651.512000	-113.690000	-21.000000	15.200000
-155.679398	21.205500	1631.355000	-113.690000	-21.000000	15.200000
-154.994400	21.507000	1624.678000	-113.690000	-21.000000	15.200000
-154.482803	21.001900	1605.480000	-113.690000	-21.000000	15.200000
-153.292099	20.892599	1581.247000	-113.690000	-21.000000	15.200000
-153.503204	19.495199	1558.416000	-113.690000	-21.000000	15.200000
-153.992294	18.797600	1553.444000	-113.690000	-21.000000	15.200000
-153.290604	17.906200	1523.569000	-113.690000	-21.000000	15.200000
-154.691299	17.180099	1536.492000	-113.690000	-21.000000	15.200000
-154.030502	17.988400	1538.406000	-113.690000	-21.000000	15.200000
-155.714996	18.000299	1570.710000	-113.690000	-21.000000	15.200000
-156.808197	18.404200	1598.305000	-113.690000	-21.000000	15.200000
-157.227295	18.984800	1618.500000	-113.690000	-21.000000	15.200000
-156.510101	19.477699	1616.624000	-113.690000	-21.000000	15.200000
-157.627594	20.346100	1651.649000	-113.690000	-21.000000	15.200000
