-156.510101	19.477699	2636.357000	-69.230000	-20.020000	94.500000	291.136305	291.036305	291.336305	3.946457	1.350590
-155.772995	19.079000	2613.989000	-69.230000	-20.020000	94.500000	291.298117	291.198117	291.498117	3.964876	1.260019
-154.482803	21.001900	2602.947000	-69.230000	-20.020000	94.500000	292.424471	292.324471	292.624471	3.920496	2.064904
-153.982697	21.519699	2594.942000	-69.230000	-20.020000	94.500000	291.573149	291.473149	291.673149	3.920768	1.063314
-153.292099	20.892599	2571.940000	-69.230000	-20.020000	94.500000	291.913018	291.713018	292.213018	4.019515	1.139498
-153.992294	18.797600	2566.661000	-69.230000	-20.020000	94.500000	291.719447	291.319447	292.219447	3.990114	1.117462
-152.132401	18.481400	2520.165000	-69.230000	-20.020000	94.500000	293.052697	292.752697	293.452697	4.099143	1.860759
-153.290604	17.906200	2540.941000	-69.230000	-20.020000	94.500000	292.221204	291.821204	292.521204	4.022286	1.385736
-153.700806	17.297501	2544.759000	-69.230000	-20.020000	94.500000	292.113319	291.713319	292.513319	4.010251	1.391975
-154.691299	17.180099	2567.970000	-69.230000	-20.020000	94.500000	291.770775	291.570775	292.070775	3.991013	1.332888
-154.030502	17.988400	2559.489000	-69.230000	-20.020000	94.500000	292.548981	292.148981	292.848981	3.983515	1.938280
-154.495895	18.401699	2574.978000	-69.230000	-20.020000	94.500000	292.181032	291.781032	292.481032	3.985881	1.722584
-154.797394	18.803101	2586.957000	-69.230000	-20.020000	94.500000	291.757817	291.457817	291.957817	3.988154	1.406018
-155.714996	18.000299	2601.674000	-69.230000	-20.020000	94.500000	291.102338	290.702338	291.402338	3.966045	0.991337
-156.808197	18.404200	2632.963000	-69.230000	-20.020000	94.500000	290.627904	290.327904	290.927904	3.958267	0.859954
-156.167007	18.301001	2614.946000	-69.230000	-20.020000	94.500000	292.637882	292.137882	293.037882	3.969032	2.675211
-156.465103	18.775000	2627.950000	-69.230000	-20.020000	94.500000	291.488051	291.288051	291.788051	3.966717	1.642385
-157.227295	18.984800	2648.972000	-69.230000	-20.020000	94.500000	291.042020	290.542020	291.442020	3.947278	1.439636
-156.510101	19.477699	2636.957000	-69.230000	-20.020000	94.500000	291.136305	291.036305	291.336305	3.946457	1.350590
