-154.983002	19.601000	2160.799000	-138.910000	-57.570000	12.000000
-159.401001	21.971001	2237.799000	-138.910000	-57.570000	12.000000
-156.658005	20.891001	2203.800000	-138.910000	-57.570000	12.000000
-157.270004	21.108999	2210.791000	-138.910000	-57.570000	12.000000
-156.755997	21.136000	2209.790000	-138.910000	-57.570000	12.000000
-154.617798	20.088900	2172.752000	-138.910000	-57.570000	12.000000
-154.482803	21.001900	2197.757000	-138.910000	-57.570000	12.000000
-153.982697	21.519699	2208.758000	-138.910000	-57.570000	12.000000
-153.292099	20.892599	2188.765000	-138.910000	-57.570000	12.000000
-153.902405	19.979099	2166.843000	-138.910000	-57.570000	12.000000
-153.503204	19.495199	2151.769000	-138.910000	-57.570000	12.000000
-154.393997	19.262501	2148.820000	-138.910000	-57.570000	12.000000
-153.992294	18.797600	2133.770000	-138.910000	-57.570000	12.000000
-153.295898	18.800900	2132.082000	-138.910000	-57.570000	12.000000
-152.132401	18.481400	2121.767000	-138.910000	-57.570000	12.000000
-153.290604	17.906200	2107.754000	-138.910000	-57.570000	12.000000
-153.700806	17.297501	2092.768000	-138.910000	-57.570000	12.000000
-154.691299	17.180099	2091.760000	-138.910000	-57.570000	12.000000
-154.030502	17.988400	2111.762000	-138.910000	-57.570000	12.000000
-154.797394	18.803101	2137.753000	-138.910000	-57.570000	12.000000
-156.808197	18.404200	2133.758000	-138.910000	-57.570000	12.000000
-156.167007	18.301001	2128.771000	-138.910000	-57.570000	12.000000
-156.465103	18.775000	2142.608000	-138.910000	-57.570000	12.000000
-157.227295	18.984800	2150.765000	-138.910000	-57.570000	12.000000
-156.510101	19.477699	2162.089000	-138.910000	-57.570000	12.000000
-156.932007	19.832701	2173.774000	-138.910000	-57.570000	12.000000
-157.627594	20.346100	2190.163000	-138.910000	-57.570000	12.000000
-153.503204	19.495199	2151.469000	-138.910000	-57.570000	12.000000
-153.992294	18.797600	2134.544000	-138.910000	-57.570000	12.000000
-154.030502	17.988400	2111.412000	-138.910000	-57.570000	12.000000
-154.797394	18.803101	2137.529000	-138.910000	-57.570000	12.000000
-156.167007	18.301001	2128.296000	-138.910000	-57.570000	12.000000
-156.932007	19.832701	2173.299000	-138.910000	-57.570000	12.000000
