-155.772995	19.079000	1008.705000	-178.300000	51.080000	27.000000	159.215077	158.815077	159.515077	3.992533	3.019252
-155.996994	20.771000	962.679000	-178.300000	51.080000	27.000000	158.658111	157.958111	159.358111	3.962414	3.233943
-154.983002	19.601000	1003.702000	-178.300000	51.080000	27.000000	159.112707	158.212707	159.912707	3.989726	3.862706
-155.710999	20.046000	985.681000	-178.300000	51.080000	27.000000	160.555828	159.655828	161.355828	3.956484	4.952237
-159.401001	21.971001	894.706000	-178.300000	51.080000	27.000000	NaN	NaN	NaN	NaN	NaN
-156.658005	20.891001	952.680000	-178.300000	51.080000	27.000000	158.258015	157.458015	158.958015	3.829652	2.329796
-157.270004	21.108999	939.698000	-178.300000	51.080000	27.000000	157.426770	156.826770	157.926770	3.864157	1.083560
-154.617798	20.088900	993.568000	-178.300000	51.080000	27.000000	157.737958	157.137958	158.337958	4.000247	3.069038
-155.679398	21.205500	954.663000	-178.300000	51.080000	27.000000	157.667612	156.867612	158.367612	3.971826	2.778419
-154.994400	21.507000	953.033000	-178.300000	51.080000	27.000000	157.428407	156.928407	157.828407	3.961436	3.308431
-154.482803	21.001900	972.666000	-178.300000	51.080000	27.000000	155.366379	154.866379	155.866379	3.999477	1.357382
-153.292099	20.892599	987.062000	-178.300000	51.080000	27.000000	155.942232	155.742232	156.142232	4.015389	2.827028
-153.503204	19.495199	1018.663000	-178.300000	51.080000	27.000000	159.383032	158.983032	159.883032	4.017663	5.263487
-154.393997	19.262501	1018.728000	-178.300000	51.080000	27.000000	158.408178	157.208178	159.608178	4.016105	3.446829
-153.992294	18.797600	1032.676000	-178.300000	51.080000	27.000000	158.865457	158.265457	159.365457	4.023600	3.966264
-152.132401	18.481400	1058.828000	-178.300000	51.080000	27.000000	157.714151	157.514151	157.914151	4.073536	4.071308
-153.700806	17.297501	1072.928000	-178.300000	51.080000	27.000000	158.975409	157.775409	160.275409	4.047635	3.507197
-154.691299	17.180099	1068.664000	-178.300000	51.080000	27.000000	161.026820	160.726820	161.326820	4.048243	4.722585
-154.030502	17.988400	1053.670000	-178.300000	51.080000	27.000000	159.672675	159.072675	160.272675	4.074636	4.306581
-154.495895	18.401699	1039.707000	-178.300000	51.080000	27.000000	160.846816	160.046816	161.646816	4.016834	5.331242
-155.679398	21.205500	954.314000	-178.300000	51.080000	27.000000	157.667612	156.867612	158.367612	3.971826	2.778419
-153.503204	19.495199	1019.438000	-178.300000	51.080000	27.000000	159.383032	158.983032	159.883032	4.017663	5.263487
-153.992294	18.797600	1032.501000	-178.300000	51.080000	27.000000	158.865457	158.265457	159.365457	4.023600	3.966264
-154.030502	17.988400	1053.395000	-178.300000	51.080000	27.000000	159.672675	159.072675	160.272675	4.074636	4.306581
