-155.772995	19.079000	2348.612000	120.080000	-1.010000	12.000000
-157.931000	21.646000	2291.600000	120.080000	-1.010000	12.000000
-155.996994	20.771000	2345.591000	120.080000	-1.010000	12.000000
-154.617798	20.088900	2380.630000	120.080000	-1.010000	12.000000
-155.679398	21.205500	2355.593000	120.080000	-1.010000	12.000000
-153.292099	20.892599	2412.568000	120.080000	-1.010000	12.000000
-153.503204	19.495199	2408.618000	120.080000	-1.010000	12.000000
-154.393997	19.262501	2385.604000	120.080000	-1.010000	12.000000
-153.295898	18.800900	2408.676000	120.080000	-1.010000	12.000000
-152.132401	18.481400	2440.664000	120.080000	-1.010000	12.000000
-153.290604	17.906200	2408.660000	120.080000	-1.010000	12.000000
-153.700806	17.297501	2396.594000	120.080000	-1.010000	12.000000
-154.691299	17.180099	2371.616000	120.080000	-1.010000	12.000000
-154.030502	17.988400	2388.627000	120.080000	-1.010000	12.000000
-156.808197	18.404200	2319.597000	120.080000	-1.010000	12.000000
-156.465103	18.775000	2328.684000	120.080000	-1.010000	12.000000
-157.227295	18.984800	2308.595000	120.080000	-1.010000	12.000000
-156.510101	19.477699	2328.585000	120.080000	-1.010000	12.000000
-156.932007	19.832701	2317.638000	120.080000	-1.010000	12.000000
-157.627594	20.346100	2300.664000	120.080000	-1.010000	12.000000
