-155.772995	19.079000	1008.705000	-178.300000	51.080000	27.000000
-155.996994	20.771000	962.679000	-178.300000	51.080000	27.000000
-154.983002	19.601000	1003.702000	-178.300000	51.080000	27.000000
-155.710999	20.046000	985.681000	-178.300000	51.080000	27.000000
-159.401001	21.971001	894.706000	-178.300000	51.080000	27.000000
-156.658005	20.891001	952.680000	-178.300000	51.080000	27.000000
-157.270004	21.108999	939.698000	-178.300000	51.080000	27.000000
-154.617798	20.088900	993.568000	-178.300000	51.080000	27.000000
-155.679398	21.205500	954.663000	-178.300000	51.080000	27.000000
-154.994400	21.507000	953.033000	-178.300000	51.080000	27.000000
-154.482803	21.001900	972.666000	-178.300000	51.080000	27.000000
-153.292099	20.892599	987.062000	-178.300000	51.080000	27.000000
-153.503204	19.495199	1018.663000	-178.300000	51.080000	27.000000
-154.393997	19.262501	1018.728000	-178.300000	51.080000	27.000000
-153.992294	18.797600	1032.676000	-178.300000	51.080000	27.000000
-152.132401	18.481400	1058.828000	-178.300000	51.080000	27.000000
-153.700806	17.297501	1072.928000	-178.300000	51.080000	27.000000
-154.691299	17.180099	1068.664000	-178.300000	51.080000	27.000000
-154.030502	17.988400	1053.670000	-178.300000	51.080000	27.000000
-154.495895	18.401699	1039.707000	-178.300000	51.080000	27.000000
-155.679398	21.205500	954.314000	-178.300000	51.080000	27.000000
-153.503204	19.495199	1019.438000	-178.300000	51.080000	27.000000
-153.992294	18.797600	1032.501000	-178.300000	51.080000	27.000000
-154.030502	17.988400	1053.395000	-178.300000	51.080000	27.000000
