-155.772995	19.079000	1629.372000	148.610000	-3.170000	13.000000	72.673130	72.273130	73.073130	4.011639	-1.308423
-155.996994	20.771000	1637.378000	148.610000	-3.170000	13.000000	72.014195	71.814195	72.214195	3.984760	-0.886539
-155.710999	20.046000	1638.372000	148.610000	-3.170000	13.000000	72.011320	71.711320	72.311320	4.006368	-1.446924
-159.401001	21.971001	1565.378000	148.610000	-3.170000	13.000000	67.792325	67.192325	68.492325	3.914943	-2.530034
-156.658005	20.891001	1622.382000	148.610000	-3.170000	13.000000	71.466198	71.166198	71.666198	3.981594	-1.020366
-159.664993	22.122999	1561.382000	148.610000	-3.170000	13.000000	66.021660	65.221660	66.821660	3.820671	-4.052476
-156.755997	21.136000	1622.390000	148.610000	-3.170000	13.000000	70.960630	70.660630	71.160630	3.973771	-1.332202
-154.617798	20.088900	1666.355000	148.610000	-3.170000	13.000000	71.996658	71.696658	72.296658	4.008598	-1.980126
-155.679398	21.205500	1649.357000	148.610000	-3.170000	13.000000	71.533734	71.333734	71.733734	3.980780	-1.287723
-154.482803	21.001900	1679.357000	148.610000	-3.170000	13.000000	70.230387	69.630387	70.730387	3.935253	-3.318359
-153.982697	21.519699	1693.371000	148.610000	-3.170000	13.000000	72.713691	72.413691	72.913691	4.003018	-0.814439
-153.902405	19.979099	1682.352000	148.610000	-3.170000	13.000000	72.828061	72.628061	73.128061	4.038415	-1.556234
-153.503204	19.495199	1688.354000	148.610000	-3.170000	13.000000	72.975050	72.675050	73.275050	4.060776	-1.856934
-153.992294	18.797600	1671.363000	148.610000	-3.170000	13.000000	73.508320	73.208320	73.908320	4.035978	-1.471506
-152.132401	18.481400	1714.374000	148.610000	-3.170000	13.000000	74.460309	73.960309	74.860309	4.130743	-1.522209
-153.290604	17.906200	1679.356000	148.610000	-3.170000	13.000000	71.889317	71.189317	72.589317	4.084776	-3.888101
-153.700806	17.297501	1666.375000	148.610000	-3.170000	13.000000	73.856463	73.656463	74.056463	4.092895	-2.074324
-154.691299	17.180099	1641.373000	148.610000	-3.170000	13.000000	74.518938	74.318938	74.718938	4.073843	-1.049455
-154.030502	17.988400	1663.367000	148.610000	-3.170000	13.000000	73.097045	72.797045	73.497045	4.037384	-2.309159
-154.495895	18.401699	1655.357000	148.610000	-3.170000	13.000000	73.406098	73.106098	73.706098	4.035109	-1.560711
-154.797394	18.803101	1651.665000	148.610000	-3.170000	13.000000	73.571789	73.171789	73.971789	4.030920	-1.030992
-155.714996	18.000299	1622.365000	148.610000	-3.170000	13.000000	74.403380	74.103380	74.703380	4.069058	-0.232175
-156.808197	18.404200	1597.537000	148.610000	-3.170000	13.000000	73.015594	72.815594	73.215594	4.016680	-0.864817
-156.167007	18.301001	1613.364000	148.610000	-3.170000	13.000000	73.529073	73.229073	73.929073	4.027354	-0.718610
-157.227295	18.984800	1591.356000	148.610000	-3.170000	13.000000	72.224740	72.024740	72.424740	3.987329	-1.099615
-156.932007	19.832701	1605.354000	148.610000	-3.170000	13.000000	71.862397	71.362397	72.262397	3.965468	-1.102233
-157.627594	20.346100	1592.305000	148.610000	-3.170000	13.000000	71.354190	70.754190	71.854190	3.957710	-0.942599
-156.510101	19.477699	1613.115000	148.610000	-3.170000	13.000000	72.296831	71.896831	72.596831	3.989277	-1.090302
