-155.772995	19.079000	1385.563000	163.120000	-11.010000	15.100000	56.274700	55.674700	56.774700	3.980282	-0.529459
-155.996994	20.771000	1406.548000	163.120000	-11.010000	15.100000	55.611416	55.311416	55.911416	3.983267	0.123269
-154.983002	19.601000	1411.567000	163.120000	-11.010000	15.100000	56.135322	55.435322	56.835322	3.995048	-0.905713
-156.658005	20.891001	1393.553000	163.120000	-11.010000	15.100000	56.030911	55.930911	56.230911	3.971529	1.143066
-156.755997	21.136000	1395.575000	163.120000	-11.010000	15.100000	55.604700	55.504700	55.804700	3.944653	0.958034
-154.617798	20.088900	1427.541000	163.120000	-11.010000	15.100000	55.451943	54.651943	56.151943	3.985336	-1.537144
-154.994400	21.507000	1439.547000	163.120000	-11.010000	15.100000	56.010001	55.710001	56.210001	3.979231	0.222949
-154.482803	21.001900	1443.544000	163.120000	-11.010000	15.100000	56.073804	55.573804	56.573804	3.966150	-0.424794
-153.982697	21.519699	1461.678000	163.120000	-11.010000	15.100000	56.554542	56.154542	56.854542	3.992768	0.006928
-153.292099	20.892599	1466.246000	163.120000	-11.010000	15.100000	56.347747	55.847747	56.847747	4.039984	-1.102938
-153.503204	19.495199	1440.451000	163.120000	-11.010000	15.100000	56.397446	55.997446	56.797446	4.053387	-1.793612
-154.393997	19.262501	1419.606000	163.120000	-11.010000	15.100000	57.482108	56.782108	58.182108	4.013859	-0.219553
-153.992294	18.797600	1419.485000	163.120000	-11.010000	15.100000	56.840946	56.540946	57.240946	4.017220	-1.462022
-152.132401	18.481400	1454.658000	163.120000	-11.010000	15.100000	57.026843	56.726843	57.226843	4.107967	-2.777194
-153.290604	17.906200	1420.641000	163.120000	-11.010000	15.100000	56.050306	55.850306	56.350306	4.092659	-3.345425
-153.700806	17.297501	1401.546000	163.120000	-11.010000	15.100000	55.066240	54.766240	55.366240	4.054494	-4.464231
-154.691299	17.180099	1380.543000	163.120000	-11.010000	15.100000	57.871567	57.471567	58.271567	4.031104	-1.052489
-154.797394	18.803101	1402.633000	163.120000	-11.010000	15.100000	57.318440	56.918440	57.718440	4.002363	-0.399201
-155.714996	18.000299	1370.817000	163.120000	-11.010000	15.100000	57.993797	57.493797	58.593797	4.014477	0.390721
-157.227295	18.984800	1351.562000	163.120000	-11.010000	15.100000	56.078899	55.678899	56.478899	3.929543	0.326376
-156.510101	19.477699	1374.712000	163.120000	-11.010000	15.100000	56.142321	55.842321	56.542321	3.964969	0.177288
-156.932007	19.832701	1371.397000	163.120000	-11.010000	15.100000	55.767550	55.467550	56.167550	3.943858	0.377809
-157.627594	20.346100	1363.743000	163.120000	-11.010000	15.100000	55.726896	55.526896	55.826896	3.931246	1.246996
