-155.772995	19.079000	1559.183000	141.950000	34.010000	15.000000
-157.931000	21.646000	1474.171000	141.950000	34.010000	15.000000
-155.996994	20.771000	1534.161000	141.950000	34.010000	15.000000
-154.983002	19.601000	1572.196000	141.950000	34.010000	15.000000
-156.658005	20.891001	1517.179000	141.950000	34.010000	15.000000
-156.755997	21.136000	1511.195000	141.950000	34.010000	15.000000
-154.617798	20.088900	1574.207000	141.950000	34.010000	15.000000
-155.679398	21.205500	1536.182000	141.950000	34.010000	15.000000
-154.994400	21.507000	1548.253000	141.950000	34.010000	15.000000
-154.482803	21.001900	1566.163000	141.950000	34.010000	15.000000
-153.982697	21.519699	1570.236000	141.950000	34.010000	15.000000
-153.503204	19.495199	1608.203000	141.950000	34.010000	15.000000
-154.393997	19.262501	1590.226000	141.950000	34.010000	15.000000
-153.992294	18.797600	1605.159000	141.950000	34.010000	15.000000
-153.295898	18.800900	1621.237000	141.950000	34.010000	15.000000
-152.132401	18.481400	1651.229000	141.950000	34.010000	15.000000
-153.290604	17.906200	1631.227000	141.950000	34.010000	15.000000
-154.691299	17.180099	1603.161000	141.950000	34.010000	15.000000
-154.495895	18.401699	1597.224000	141.950000	34.010000	15.000000
-154.797394	18.803101	1586.148000	141.950000	34.010000	15.000000
