-155.996994	20.771000	1157.130000	-178.430000	-15.040000	15.000000	32.992574	32.592574	33.492574	3.927327	-0.393760
-155.710999	20.046000	1145.127000	-178.430000	-15.040000	15.000000	32.831350	32.331350	33.331350	3.995768	-1.354372
-159.401001	21.971001	1138.132000	-178.430000	-15.040000	15.000000	29.781192	29.681192	29.881192	3.874316	1.375839
-156.658005	20.891001	1150.135000	-178.430000	-15.040000	15.000000	33.818981	33.618981	34.018981	3.856983	1.317760
-156.755997	21.136000	1155.141000	-178.430000	-15.040000	15.000000	33.506824	33.306824	33.806824	3.867291	1.272993
-155.679398	21.205500	1173.107000	-178.430000	-15.040000	15.000000	33.304360	32.604360	34.004360	3.891626	-0.204402
-153.992294	18.797600	1141.105000	-178.430000	-15.040000	15.000000	35.413888	35.213888	35.513888	4.001401	-1.650272
-153.295898	18.800900	1151.108000	-178.430000	-15.040000	15.000000	35.597069	35.197069	36.097069	4.013287	-2.276108
-153.290604	17.906200	1132.111000	-178.430000	-15.040000	15.000000	37.036578	36.836578	37.136578	4.019488	-1.466316
-153.700806	17.297501	1112.111000	-178.430000	-15.040000	15.000000	37.147707	37.047707	37.247707	4.049888	-1.315146
-154.691299	17.180099	1094.105000	-178.430000	-15.040000	15.000000	35.802542	35.602542	36.102542	4.019090	-1.568122
-154.030502	17.988400	1122.113000	-178.430000	-15.040000	15.000000	35.815113	35.515113	36.015113	4.017483	-1.764791
-154.495895	18.401699	1124.127000	-178.430000	-15.040000	15.000000	34.895411	34.595411	35.095411	4.009162	-1.843864
-155.714996	18.000299	1097.114000	-178.430000	-15.040000	15.000000	34.317895	34.117895	34.617895	4.024633	-1.220085
-156.167007	18.301001	1097.126000	-178.430000	-15.040000	15.000000	33.500668	33.300668	33.700668	3.990608	-1.269669
-157.627594	20.346100	1123.124000	-178.430000	-15.040000	15.000000	32.792427	32.692427	32.892427	3.864349	1.178074
