-155.772995	19.079000	1563.248000	142.050000	38.240000	37.000000
-157.931000	21.646000	1477.236000	142.050000	38.240000	37.000000
-155.996994	20.771000	1532.221000	142.050000	38.240000	37.000000
-154.983002	19.601000	1573.218000	142.050000	38.240000	37.000000
-159.401001	21.971001	1430.250000	142.050000	38.240000	37.000000
-156.658005	20.891001	1516.221000	142.050000	38.240000	37.000000
-157.270004	21.108999	1499.242000	142.050000	38.240000	37.000000
-154.617798	20.088900	1573.206000	142.050000	38.240000	37.000000
-155.679398	21.205500	1532.210000	142.050000	38.240000	37.000000
-154.482803	21.001900	1562.208000	142.050000	38.240000	37.000000
-153.982697	21.519699	1561.213000	142.050000	38.240000	37.000000
-153.292099	20.892599	1587.210000	142.050000	38.240000	37.000000
-154.393997	19.262501	1592.221000	142.050000	38.240000	37.000000
-153.992294	18.797600	1608.225000	142.050000	38.240000	37.000000
-154.030502	17.988400	1619.202000	142.050000	38.240000	37.000000
-154.495895	18.401699	1603.224000	142.050000	38.240000	37.000000
-154.797394	18.803101	1590.208000	142.050000	38.240000	37.000000
-155.714996	18.000299	1578.222000	142.050000	38.240000	37.000000
-156.808197	18.404200	1547.214000	142.050000	38.240000	37.000000
-156.167007	18.301001	1564.222000	142.050000	38.240000	37.000000
-157.227295	18.984800	1530.202000	142.050000	38.240000	37.000000
-156.510101	19.477699	1540.220000	142.050000	38.240000	37.000000
-156.932007	19.832701	1525.206000	142.050000	38.240000	37.000000
-157.627594	20.346100	1502.206000	142.050000	38.240000	37.000000
