-155.772995	19.079000	1525.331000	153.190000	-4.530000	54.000000
-157.931000	21.646000	1493.318000	153.190000	-4.530000	54.000000
-155.996994	20.771000	1535.309000	153.190000	-4.530000	54.000000
-154.983002	19.601000	1550.309000	153.190000	-4.530000	54.000000
-156.658005	20.891001	1520.325000	153.190000	-4.530000	54.000000
-156.755997	21.136000	1520.341000	153.190000	-4.530000	54.000000
-154.617798	20.088900	1563.324000	153.190000	-4.530000	54.000000
-155.679398	21.205500	1547.326000	153.190000	-4.530000	54.000000
-154.994400	21.507000	1566.310000	153.190000	-4.530000	54.000000
-154.482803	21.001900	1575.310000	153.190000	-4.530000	54.000000
-153.982697	21.519699	1592.310000	153.190000	-4.530000	54.000000
-153.292099	20.892599	1602.311000	153.190000	-4.530000	54.000000
-153.902405	19.979099	1580.376000	153.190000	-4.530000	54.000000
-153.992294	18.797600	1566.312000	153.190000	-4.530000	54.000000
-152.132401	18.481400	1606.323000	153.190000	-4.530000	54.000000
-153.700806	17.297501	1555.185000	153.190000	-4.530000	54.000000
-154.691299	17.180099	1530.314000	153.190000	-4.530000	54.000000
-154.495895	18.401699	1549.366000	153.190000	-4.530000	54.000000
-154.797394	18.803101	1547.312000	153.190000	-4.530000	54.000000
-155.714996	18.000299	1515.316000	153.190000	-4.530000	54.000000
-156.808197	18.404200	1493.242000	153.190000	-4.530000	54.000000
-157.227295	18.984800	1488.325000	153.190000	-4.530000	54.000000
-156.510101	19.477699	1511.315000	153.190000	-4.530000	54.000000
-156.932007	19.832701	1503.312000	153.190000	-4.530000	54.000000
-157.627594	20.346100	1490.303000	153.190000	-4.530000	54.000000
