-155.772995	19.079000	1525.331000	153.190000	-4.530000	54.000000	69.701164	69.001164	70.401164	3.987896	-0.467321
-157.931000	21.646000	1493.318000	153.190000	-4.530000	54.000000	71.884866	71.584866	72.184866	3.875206	4.656596
-155.996994	20.771000	1535.309000	153.190000	-4.530000	54.000000	69.792444	69.492444	70.192444	3.951745	0.832856
-154.983002	19.601000	1550.309000	153.190000	-4.530000	54.000000	69.212730	68.412730	70.012730	4.011418	-1.055809
-156.658005	20.891001	1520.325000	153.190000	-4.530000	54.000000	69.485333	69.185333	69.885333	3.943963	0.990733
-156.755997	21.136000	1520.341000	153.190000	-4.530000	54.000000	69.567495	69.267495	69.867495	3.932247	1.288779
-154.617798	20.088900	1563.324000	153.190000	-4.530000	54.000000	68.502108	67.902108	69.102108	4.005076	-1.664331
-155.679398	21.205500	1547.326000	153.190000	-4.530000	54.000000	69.832506	69.532506	70.132506	3.957351	0.959947
-154.994400	21.507000	1566.310000	153.190000	-4.530000	54.000000	70.669547	70.369547	70.969547	3.954204	1.582135
-154.482803	21.001900	1575.310000	153.190000	-4.530000	54.000000	69.832100	69.432100	70.132100	3.970237	0.145622
-153.982697	21.519699	1592.310000	153.190000	-4.530000	54.000000	69.748734	69.448734	69.948734	3.993537	0.086360
-153.292099	20.892599	1602.311000	153.190000	-4.530000	54.000000	69.901929	69.401929	70.401929	4.053248	-0.514060
-153.902405	19.979099	1580.376000	153.190000	-4.530000	54.000000	69.193661	68.293661	70.093661	4.021787	-1.430318
-153.992294	18.797600	1566.312000	153.190000	-4.530000	54.000000	70.689217	70.089217	71.189217	4.038344	-0.606415
-152.132401	18.481400	1606.323000	153.190000	-4.530000	54.000000	68.692968	68.292968	69.092968	4.093946	-3.732576
-153.700806	17.297501	1555.185000	153.190000	-4.530000	54.000000	66.794210	66.494210	67.194210	4.021744	-5.577997
-154.691299	17.180099	1530.314000	153.190000	-4.530000	54.000000	67.280331	67.080331	67.580331	3.987343	-4.679726
-154.495895	18.401699	1549.366000	153.190000	-4.530000	54.000000	69.954669	69.554669	70.354669	4.041099	-1.326110
-154.797394	18.803101	1547.312000	153.190000	-4.530000	54.000000	71.087101	70.487101	71.787101	4.023004	0.217111
-155.714996	18.000299	1515.316000	153.190000	-4.530000	54.000000	69.760038	69.260038	70.260038	3.967432	-1.142956
-156.808197	18.404200	1493.242000	153.190000	-4.530000	54.000000	70.168973	69.468973	70.768973	4.004041	0.121682
-157.227295	18.984800	1488.325000	153.190000	-4.530000	54.000000	70.728421	70.028421	71.528421	3.971187	1.306506
-156.510101	19.477699	1511.315000	153.190000	-4.530000	54.000000	70.053546	69.153546	70.953546	3.932903	0.554823
-156.932007	19.832701	1503.312000	153.190000	-4.530000	54.000000	70.075416	69.575416	70.675416	3.943714	1.051442
-157.627594	20.346100	1490.303000	153.190000	-4.530000	54.000000	69.896090	69.596090	70.296090	3.922709	1.621564
