-155.772995	19.079000	1082.157000	-177.100000	-14.260000	12.000000
-155.996994	20.771000	1119.129000	-177.100000	-14.260000	12.000000
-154.983002	19.601000	1106.148000	-177.100000	-14.260000	12.000000
-157.270004	21.108999	1109.149000	-177.100000	-14.260000	12.000000
-154.617798	20.088900	1123.127000	-177.100000	-14.260000	12.000000
-155.679398	21.205500	1135.128000	-177.100000	-14.260000	12.000000
-154.482803	21.001900	1147.114000	-177.100000	-14.260000	12.000000
-153.982697	21.519699	1164.133000	-177.100000	-14.260000	12.000000
-153.292099	20.892599	1159.124000	-177.100000	-14.260000	12.000000
-153.503204	19.495199	1124.123000	-177.100000	-14.260000	12.000000
-154.393997	19.262501	1107.129000	-177.100000	-14.260000	12.000000
-153.992294	18.797600	1100.129000	-177.100000	-14.260000	12.000000
-153.700806	17.297501	1072.116000	-177.100000	-14.260000	12.000000
-154.691299	17.180099	1054.127000	-177.100000	-14.260000	12.000000
-154.030502	17.988400	1082.115000	-177.100000	-14.260000	12.000000
-154.495895	18.401699	1085.110000	-177.100000	-14.260000	12.000000
-155.714996	18.000299	1058.116000	-177.100000	-14.260000	12.000000
-156.465103	18.775000	1066.124000	-177.100000	-14.260000	12.000000
-157.227295	18.984800	1059.108000	-177.100000	-14.260000	12.000000
-156.510101	19.477699	1081.132000	-177.100000	-14.260000	12.000000
-156.932007	19.832701	1083.129000	-177.100000	-14.260000	12.000000
-157.627594	20.346100	1086.113000	-177.100000	-14.260000	12.000000
