-155.772995	19.079000	1556.780000	142.380000	38.110000	34.000000
-155.996994	20.771000	1525.795000	142.380000	38.110000	34.000000
-155.710999	20.046000	1543.791000	142.380000	38.110000	34.000000
-159.401001	21.971001	1431.796000	142.380000	38.110000	34.000000
-156.658005	20.891001	1508.799000	142.380000	38.110000	34.000000
-156.755997	21.136000	1502.807000	142.380000	38.110000	34.000000
-154.617798	20.088900	1565.781000	142.380000	38.110000	34.000000
-155.679398	21.205500	1525.791000	142.380000	38.110000	34.000000
-154.482803	21.001900	1556.773000	142.380000	38.110000	34.000000
-153.982697	21.519699	1554.776000	142.380000	38.110000	34.000000
-153.292099	20.892599	1579.785000	142.380000	38.110000	34.000000
-153.902405	19.979099	1582.776000	142.380000	38.110000	34.000000
-153.503204	19.495199	1598.769000	142.380000	38.110000	34.000000
-153.295898	18.800900	1614.775000	142.380000	38.110000	34.000000
-152.132401	18.481400	1643.771000	142.380000	38.110000	34.000000
-153.700806	17.297501	1627.790000	142.380000	38.110000	34.000000
-154.691299	17.180099	1604.786000	142.380000	38.110000	34.000000
-154.030502	17.988400	1611.791000	142.380000	38.110000	34.000000
-154.495895	18.401699	1594.771000	142.380000	38.110000	34.000000
-154.797394	18.803101	1582.778000	142.380000	38.110000	34.000000
-155.714996	18.000299	1570.781000	142.380000	38.110000	34.000000
-156.808197	18.404200	1540.779000	142.380000	38.110000	34.000000
-156.167007	18.301001	1556.771000	142.380000	38.110000	34.000000
-157.227295	18.984800	1523.777000	142.380000	38.110000	34.000000
-156.510101	19.477699	1533.775000	142.380000	38.110000	34.000000
-157.627594	20.346100	1494.781000	142.380000	38.110000	34.000000
-153.992294	18.797600	1600.770000	142.380000	38.110000	34.000000
-153.290604	17.906200	1628.769000	142.380000	38.110000	34.000000
