-153.292099	20.892599	1537.275000	170.500000	-22.010000	78.300000
-155.996994	20.771000	1491.825000	170.500000	-22.010000	78.300000
-155.710999	20.046000	1480.827000	170.500000	-22.010000	78.300000
-156.658005	20.891001	1483.821000	170.500000	-22.010000	78.300000
-157.270004	21.108999	1477.846000	170.500000	-22.010000	78.300000
-154.617798	20.088900	1498.729000	170.500000	-22.010000	78.300000
-154.994400	21.507000	1525.148000	170.500000	-22.010000	78.300000
-154.482803	21.001900	1521.812000	170.500000	-22.010000	78.300000
-153.292099	20.892599	1536.824000	170.500000	-22.010000	78.300000
-153.902405	19.979099	1507.892000	170.500000	-22.010000	78.300000
-153.503204	19.495199	1503.614000	170.500000	-22.010000	78.300000
-153.295898	18.800900	1493.068000	170.500000	-22.010000	78.300000
-152.132401	18.481400	1507.964000	170.500000	-22.010000	78.300000
-157.227295	18.984800	1432.832000	170.500000	-22.010000	78.300000
-156.510101	19.477699	1455.069000	170.500000	-22.010000	78.300000
-156.932007	19.832701	1455.498000	170.500000	-22.010000	78.300000
