-157.931000	21.646000	943.498000	179.520000	51.150000	18.000000	154.207580	153.707580	154.707580	3.919104	-0.548659
-155.996994	20.771000	988.474000	179.520000	51.150000	18.000000	153.546804	153.346804	153.746804	3.933776	-0.141515
-156.658005	20.891001	978.496000	179.520000	51.150000	18.000000	152.906940	152.106940	153.706940	3.927630	-1.244716
-156.755997	21.136000	970.492000	179.520000	51.150000	18.000000	153.764380	153.464380	154.164380	3.934847	-0.317386
-155.679398	21.205500	980.891000	179.520000	51.150000	18.000000	153.560764	153.360764	153.660764	3.939709	0.396349
-153.295898	18.800900	1067.458000	179.520000	51.150000	18.000000	155.168452	154.868452	155.468452	3.973527	2.377091
-152.132401	18.481400	1086.455000	179.520000	51.150000	18.000000	156.955542	156.855542	157.155542	4.125994	4.809639
-153.290604	17.906200	1089.457000	179.520000	51.150000	18.000000	156.903042	156.403042	157.403042	3.877038	3.618309
-153.700806	17.297501	1101.266000	179.520000	51.150000	18.000000	157.073101	156.773101	157.373101	3.912326	3.167064
-154.691299	17.180099	1094.482000	179.520000	51.150000	18.000000	158.283439	158.083439	158.583439	3.895062	3.587950
-154.030502	17.988400	1080.475000	179.520000	51.150000	18.000000	156.837704	156.237704	157.537704	3.930237	3.058895
-155.714996	18.000299	1062.466000	179.520000	51.150000	18.000000	157.831997	157.431997	158.231997	3.940144	2.787272
-156.167007	18.301001	1049.463000	179.520000	51.150000	18.000000	157.156897	156.956897	157.356897	3.971781	1.919527
-156.510101	19.477699	1015.473000	179.520000	51.150000	18.000000	156.424766	156.024766	156.724766	3.955431	1.562109
-156.932007	19.832701	1001.474000	179.520000	51.150000	18.000000	154.675973	154.375973	155.075973	3.932813	-0.326700
-157.627594	20.346100	980.469000	179.520000	51.150000	18.000000	154.917195	154.717195	155.017195	3.932643	-0.365297
-154.030502	17.988400	1080.000000	179.520000	51.150000	18.000000	156.837704	156.237704	157.537704	3.930237	3.058895
-155.714996	18.000299	1062.191000	179.520000	51.150000	18.000000	157.831997	157.431997	158.231997	3.940144	2.787272
-156.167007	18.301001	1049.138000	179.520000	51.150000	18.000000	157.156897	156.956897	157.356897	3.971781	1.919527
-157.627594	20.346100	980.969000	179.520000	51.150000	18.000000	154.917195	154.717195	155.017195	3.932643	-0.365297
