-157.931000	21.646000	943.498000	179.520000	51.150000	18.000000
-155.996994	20.771000	988.474000	179.520000	51.150000	18.000000
-156.658005	20.891001	978.496000	179.520000	51.150000	18.000000
-156.755997	21.136000	970.492000	179.520000	51.150000	18.000000
-155.679398	21.205500	980.891000	179.520000	51.150000	18.000000
-153.295898	18.800900	1067.458000	179.520000	51.150000	18.000000
-152.132401	18.481400	1086.455000	179.520000	51.150000	18.000000
-153.290604	17.906200	1089.457000	179.520000	51.150000	18.000000
-153.700806	17.297501	1101.266000	179.520000	51.150000	18.000000
-154.691299	17.180099	1094.482000	179.520000	51.150000	18.000000
-154.030502	17.988400	1080.475000	179.520000	51.150000	18.000000
-155.714996	18.000299	1062.466000	179.520000	51.150000	18.000000
-156.167007	18.301001	1049.463000	179.520000	51.150000	18.000000
-156.510101	19.477699	1015.473000	179.520000	51.150000	18.000000
-156.932007	19.832701	1001.474000	179.520000	51.150000	18.000000
-157.627594	20.346100	980.469000	179.520000	51.150000	18.000000
-154.030502	17.988400	1080.000000	179.520000	51.150000	18.000000
-155.714996	18.000299	1062.191000	179.520000	51.150000	18.000000
-156.167007	18.301001	1049.138000	179.520000	51.150000	18.000000
-157.627594	20.346100	980.969000	179.520000	51.150000	18.000000
