-155.772995	19.079000	2348.612000	120.080000	-1.010000	12.000000	85.738742	84.738742	86.838742	4.052066	-1.384186
-157.931000	21.646000	2291.600000	120.080000	-1.010000	12.000000	87.441375	87.041375	87.941375	3.690871	1.357841
-155.996994	20.771000	2345.591000	120.080000	-1.010000	12.000000	86.030866	85.030866	86.930866	3.923684	-0.859155
-154.617798	20.088900	2380.630000	120.080000	-1.010000	12.000000	84.078591	83.478591	84.778591	4.010681	-3.354007
-155.679398	21.205500	2355.593000	120.080000	-1.010000	12.000000	85.011182	84.111182	85.911182	3.920079	-1.954836
-153.292099	20.892599	2412.568000	120.080000	-1.010000	12.000000	87.825368	87.225368	88.425368	4.201416	-0.026355
-153.503204	19.495199	2408.618000	120.080000	-1.010000	12.000000	84.216150	83.216150	85.316150	4.046363	-3.633403
-154.393997	19.262501	2385.604000	120.080000	-1.010000	12.000000	84.615410	83.315410	86.015410	4.040536	-2.950592
-153.295898	18.800900	2408.676000	120.080000	-1.010000	12.000000	85.818086	84.218086	87.518086	4.083332	-2.135646
-152.132401	18.481400	2440.664000	120.080000	-1.010000	12.000000	87.173344	85.973344	88.273344	4.124910	-1.166722
-153.290604	17.906200	2408.660000	120.080000	-1.010000	12.000000	85.513538	84.813538	86.313538	4.109848	-2.486883
-153.700806	17.297501	2396.594000	120.080000	-1.010000	12.000000	84.408762	83.908762	84.808762	4.072767	-3.499812
-154.691299	17.180099	2371.616000	120.080000	-1.010000	12.000000	85.689346	85.189346	86.089346	4.053167	-1.931012
-154.030502	17.988400	2388.627000	120.080000	-1.010000	12.000000	84.305225	83.405225	85.105225	4.059166	-3.461025
-156.808197	18.404200	2319.597000	120.080000	-1.010000	12.000000	85.864165	85.164165	86.464165	4.016917	-0.988281
-156.465103	18.775000	2328.684000	120.080000	-1.010000	12.000000	86.309596	85.509596	87.109596	4.005280	-0.614914
-157.227295	18.984800	2308.595000	120.080000	-1.010000	12.000000	86.058236	85.358236	86.858236	3.917597	-0.592442
-156.510101	19.477699	2328.585000	120.080000	-1.010000	12.000000	85.801914	84.801914	86.901914	3.956496	-1.035487
-156.932007	19.832701	2317.638000	120.080000	-1.010000	12.000000	87.022818	86.322818	87.722818	3.816716	0.367315
-157.627594	20.346100	2300.664000	120.080000	-1.010000	12.000000	85.866913	84.866913	86.866913	3.780718	-0.486099
