-155.772995	19.079000	1560.955000	142.210000	38.470000	36.000000	120.868967	119.968967	121.668967	3.972236	-3.216232
-155.710999	20.046000	1547.965000	142.210000	38.470000	36.000000	120.064816	119.664816	120.464816	3.968895	-3.484672
-155.679398	21.205500	1530.958000	142.210000	38.470000	36.000000	120.872441	120.572441	121.172441	3.920891	-2.017986
-153.992294	18.797600	1604.961000	142.210000	38.470000	36.000000	120.622940	119.822940	121.422940	4.017687	-3.583998
-153.295898	18.800900	1619.955000	142.210000	38.470000	36.000000	120.684725	119.984725	121.384725	4.052217	-3.517145
-152.132401	18.481400	1647.959000	142.210000	38.470000	36.000000	122.469291	121.469291	123.569291	4.219249	-1.892010
-153.700806	17.297501	1632.945000	142.210000	38.470000	36.000000	122.784443	121.984443	123.584443	4.020199	-2.168456
-154.691299	17.180099	1610.973000	142.210000	38.470000	36.000000	120.830620	120.330620	121.330620	4.050104	-4.214435
-154.030502	17.988400	1615.965000	142.210000	38.470000	36.000000	122.231119	120.931119	123.531119	4.021363	-2.387662
-154.797394	18.803101	1587.949000	142.210000	38.470000	36.000000	120.723779	119.123779	122.323779	4.008693	-3.490347
-155.714996	18.000299	1576.944000	142.210000	38.470000	36.000000	120.694421	120.394421	121.094421	3.984900	-3.968837
-156.808197	18.404200	1545.961000	142.210000	38.470000	36.000000	120.701647	120.401647	121.101647	3.961979	-3.788735
-156.167007	18.301001	1561.955000	142.210000	38.470000	36.000000	120.690017	120.290017	121.190017	3.969202	-3.830047
-157.227295	18.984800	1528.967000	142.210000	38.470000	36.000000	121.592877	121.092877	122.092877	3.968735	-2.589806
-156.510101	19.477699	1537.957000	142.210000	38.470000	36.000000	120.639131	120.039131	121.339131	3.969531	-3.241681
-157.627594	20.346100	1499.949000	142.210000	38.470000	36.000000	120.567429	119.767429	121.267429	3.924574	-2.834542
