-153.982697	21.519699	3048.525000	94.070000	2.750000	12.000000	102.160679	101.260679	103.060679	4.023529	1.071955
-156.510101	19.477699	2993.664000	94.070000	2.750000	12.000000	96.219710	95.219710	97.219710	4.024389	-3.181374
-155.772995	19.079000	3014.295000	94.070000	2.750000	12.000000	96.412162	95.712162	97.112162	4.047817	-3.143581
-155.996994	20.771000	3006.268000	94.070000	2.750000	12.000000	95.198600	93.498600	96.998600	4.029507	-4.804335
-154.983002	19.601000	3035.276000	94.070000	2.750000	12.000000	98.536610	97.136610	99.936610	4.060446	-1.493524
-159.401001	21.971001	2907.297000	94.070000	2.750000	12.000000	99.711126	98.211126	101.111126	3.785545	0.760882
-156.658005	20.891001	2987.276000	94.070000	2.750000	12.000000	96.985897	95.385897	98.585897	3.937347	-2.785694
-157.270004	21.108999	2968.288000	94.070000	2.750000	12.000000	98.661897	97.561897	99.761897	3.927230	-0.925829
-156.755997	21.136000	2982.287000	94.070000	2.750000	12.000000	97.949889	96.849889	98.949889	3.938760	-1.855010
-154.617798	20.088900	3044.076000	94.070000	2.750000	12.000000	96.365149	94.465149	98.365149	4.040446	-3.973177
-154.482803	21.001900	3043.254000	94.070000	2.750000	12.000000	96.391875	95.191875	97.591875	4.021147	-4.309337
-153.982697	21.519699	3049.250000	94.070000	2.750000	12.000000	102.160679	101.260679	103.060679	4.023529	1.071955
-153.992294	18.797600	3062.267000	94.070000	2.750000	12.000000	98.100744	97.200744	99.000744	4.074406	-2.036644
-153.290604	17.906200	3081.249000	94.070000	2.750000	12.000000	91.210987	90.610987	91.810987	3.944954	-8.868256
-154.797394	18.803101	3041.268000	94.070000	2.750000	12.000000	97.535082	96.735082	98.235082	4.071948	-2.298326
-157.227295	18.984800	2977.279000	94.070000	2.750000	12.000000	95.741583	95.241583	96.241583	3.940635	-3.241565
-156.510101	19.477699	2994.264000	94.070000	2.750000	12.000000	96.219710	95.219710	97.219710	4.024389	-3.181374
-157.627594	20.346100	2963.259000	94.070000	2.750000	12.000000	97.202617	95.602617	98.702617	3.864160	-2.023851
