-155.772995	19.079000	1592.499000	-113.690000	-21.000000	15.200000	313.403812	313.003812	313.703812	4.008043	1.313383
-155.996994	20.771000	1629.479000	-113.690000	-21.000000	15.200000	314.008034	313.608034	314.408034	3.983014	1.305159
-154.983002	19.601000	1587.509000	-113.690000	-21.000000	15.200000	313.958721	313.658721	314.358721	4.007219	1.037995
-156.755997	21.136000	1651.512000	-113.690000	-21.000000	15.200000	313.663645	312.963645	314.363645	3.960885	1.357533
-155.679398	21.205500	1631.355000	-113.690000	-21.000000	15.200000	313.916035	313.616035	314.316035	3.992643	0.784515
-154.994400	21.507000	1624.678000	-113.690000	-21.000000	15.200000	314.085523	313.785523	314.385523	4.003605	0.305056
-154.482803	21.001900	1605.480000	-113.690000	-21.000000	15.200000	314.445792	314.145792	314.745792	3.993197	0.500747
-153.292099	20.892599	1581.247000	-113.690000	-21.000000	15.200000	315.275687	315.175687	315.375687	4.010950	0.458561
-153.503204	19.495199	1558.416000	-113.690000	-21.000000	15.200000	315.113998	314.813998	315.413998	4.006723	1.119202
-153.992294	18.797600	1553.444000	-113.690000	-21.000000	15.200000	314.321805	314.021805	314.721805	4.015123	1.040531
-153.290604	17.906200	1523.569000	-113.690000	-21.000000	15.200000	314.489468	314.289468	314.689468	4.057291	1.118883
-154.691299	17.180099	1536.492000	-113.690000	-21.000000	15.200000	312.636949	312.136949	313.136949	4.024016	0.689028
-154.030502	17.988400	1538.406000	-113.690000	-21.000000	15.200000	314.076940	313.676940	314.576940	4.015756	1.226637
-155.714996	18.000299	1570.710000	-113.690000	-21.000000	15.200000	313.590471	313.190471	313.990471	4.005591	1.977864
-156.808197	18.404200	1598.305000	-113.690000	-21.000000	15.200000	314.135820	313.635820	314.635820	4.011256	3.110774
-157.227295	18.984800	1618.500000	-113.690000	-21.000000	15.200000	312.844987	312.444987	313.244987	4.002528	1.843744
-156.510101	19.477699	1616.624000	-113.690000	-21.000000	15.200000	311.005273	310.005273	311.905273	3.984363	-0.736128
-157.627594	20.346100	1651.649000	-113.690000	-21.000000	15.200000	313.250735	312.850735	313.650735	3.982878	1.918092
