-155.772995	19.079000	975.358000	-163.930000	53.750000	32.000000
-155.996994	20.771000	927.362000	-163.930000	53.750000	32.000000
-155.710999	20.046000	949.357000	-163.930000	53.750000	32.000000
-159.401001	21.971001	882.364000	-163.930000	53.750000	32.000000
-156.658005	20.891001	922.372000	-163.930000	53.750000	32.000000
-156.755997	21.136000	914.375000	-163.930000	53.750000	32.000000
-154.617798	20.088900	949.342000	-163.930000	53.750000	32.000000
-155.679398	21.205500	915.355000	-163.930000	53.750000	32.000000
-154.482803	21.001900	928.341000	-163.930000	53.750000	32.000000
-153.982697	21.519699	912.827000	-163.930000	53.750000	32.000000
-153.292099	20.892599	933.358000	-163.930000	53.750000	32.000000
-153.503204	19.495199	969.497000	-163.930000	53.750000	32.000000
-153.992294	18.797600	986.688000	-163.930000	53.750000	32.000000
-153.295898	18.800900	988.340000	-163.930000	53.750000	32.000000
-154.691299	17.180099	1030.336000	-163.930000	53.750000	32.000000
-154.030502	17.988400	1008.348000	-163.930000	53.750000	32.000000
-154.495895	18.401699	996.340000	-163.930000	53.750000	32.000000
-154.797394	18.803101	985.356000	-163.930000	53.750000	32.000000
-155.714996	18.000299	1004.792000	-163.930000	53.750000	32.000000
-156.808197	18.404200	990.424000	-163.930000	53.750000	32.000000
-156.167007	18.301001	995.688000	-163.930000	53.750000	32.000000
-157.227295	18.984800	972.354000	-163.930000	53.750000	32.000000
-156.510101	19.477699	962.338000	-163.930000	53.750000	32.000000
-157.627594	20.346100	934.337000	-163.930000	53.750000	32.000000
