-153.292099	20.892599	1537.275000	170.500000	-22.010000	78.300000	39.490014	38.990014	39.990014	4.017793	-2.107489
-155.996994	20.771000	1491.825000	170.500000	-22.010000	78.300000	36.730446	36.230446	37.130446	3.978296	-2.599460
-155.710999	20.046000	1480.827000	170.500000	-22.010000	78.300000	37.660834	36.960834	38.360834	3.991953	-2.260934
-156.658005	20.891001	1483.821000	170.500000	-22.010000	78.300000	36.741056	36.341056	37.141056	4.000846	-1.945640
-157.270004	21.108999	1477.846000	170.500000	-22.010000	78.300000	38.315061	37.915061	38.615061	3.976693	0.279954
-154.617798	20.088900	1498.729000	170.500000	-22.010000	78.300000	38.995520	38.595520	39.295520	4.002861	-1.853327
-154.994400	21.507000	1525.148000	170.500000	-22.010000	78.300000	36.339499	35.839499	36.739499	3.919184	-3.531761
-154.482803	21.001900	1521.812000	170.500000	-22.010000	78.300000	37.482374	36.882374	38.182374	3.941537	-3.058156
-153.292099	20.892599	1536.824000	170.500000	-22.010000	78.300000	39.490014	38.990014	39.990014	4.017793	-2.107489
-153.902405	19.979099	1507.892000	170.500000	-22.010000	78.300000	39.107122	38.807122	39.507122	3.982545	-2.401640
-153.503204	19.495199	1503.614000	170.500000	-22.010000	78.300000	38.947691	38.547691	39.447691	3.993431	-3.126309
-153.295898	18.800900	1493.068000	170.500000	-22.010000	78.300000	40.002476	39.702476	40.302476	4.010139	-2.580902
-152.132401	18.481400	1507.964000	170.500000	-22.010000	78.300000	43.162332	42.962332	43.462332	4.010693	-0.528367
-157.227295	18.984800	1432.832000	170.500000	-22.010000	78.300000	38.422452	37.822452	39.022452	4.019898	-0.665659
-156.510101	19.477699	1455.069000	170.500000	-22.010000	78.300000	37.390974	36.890974	37.890974	3.963826	-2.098159
-156.932007	19.832701	1455.498000	170.500000	-22.010000	78.300000	37.520538	36.720538	38.220538	3.968630	-1.419083
