-155.772995	19.079000	1385.563000	163.120000	-11.010000	15.100000
-155.996994	20.771000	1406.548000	163.120000	-11.010000	15.100000
-154.983002	19.601000	1411.567000	163.120000	-11.010000	15.100000
-156.658005	20.891001	1393.553000	163.120000	-11.010000	15.100000
-156.755997	21.136000	1395.575000	163.120000	-11.010000	15.100000
-154.617798	20.088900	1427.541000	163.120000	-11.010000	15.100000
-154.994400	21.507000	1439.547000	163.120000	-11.010000	15.100000
-154.482803	21.001900	1443.544000	163.120000	-11.010000	15.100000
-153.982697	21.519699	1461.678000	163.120000	-11.010000	15.100000
-153.292099	20.892599	1466.246000	163.120000	-11.010000	15.100000
-153.503204	19.495199	1440.451000	163.120000	-11.010000	15.100000
-154.393997	19.262501	1419.606000	163.120000	-11.010000	15.100000
-153.992294	18.797600	1419.485000	163.120000	-11.010000	15.100000
-152.132401	18.481400	1454.658000	163.120000	-11.010000	15.100000
-153.290604	17.906200	1420.641000	163.120000	-11.010000	15.100000
-153.700806	17.297501	1401.546000	163.120000	-11.010000	15.100000
-154.691299	17.180099	1380.543000	163.120000	-11.010000	15.100000
-154.797394	18.803101	1402.633000	163.120000	-11.010000	15.100000
-155.714996	18.000299	1370.817000	163.120000	-11.010000	15.100000
-157.227295	18.984800	1351.562000	163.120000	-11.010000	15.100000
-156.510101	19.477699	1374.712000	163.120000	-11.010000	15.100000
-156.932007	19.832701	1371.397000	163.120000	-11.010000	15.100000
-157.627594	20.346100	1363.743000	163.120000	-11.010000	15.100000
