-156.510101	19.477699	1233.704000	-109.240000	20.610000	16.000000	261.353717	261.053717	261.653717	3.935529	1.261174
-157.627594	20.346100	1259.776000	-109.240000	20.610000	16.000000	261.619343	260.619343	262.519343	3.981025	0.865694
-155.772995	19.079000	1215.423000	-109.240000	20.610000	16.000000	261.713164	261.413164	262.013164	3.970107	1.910292
-155.996994	20.771000	1214.395000	-109.240000	20.610000	16.000000	262.183173	261.883173	262.583173	3.948278	0.668188
-154.983002	19.601000	1193.398000	-109.240000	20.610000	16.000000	262.177574	261.877574	262.577574	3.964943	1.701916
-155.710999	20.046000	1210.398000	-109.240000	20.610000	16.000000	262.482706	262.182706	262.682706	3.964572	1.666205
-159.401001	21.971001	1296.424000	-109.240000	20.610000	16.000000	258.905245	258.305245	259.405245	3.897017	-3.009633
-156.658005	20.891001	1231.415000	-109.240000	20.610000	16.000000	262.186050	261.886050	262.586050	3.993231	0.687864
-156.755997	21.136000	1232.415000	-109.240000	20.610000	16.000000	261.652842	261.352842	262.052842	3.954768	-0.073161
-154.482803	21.001900	1175.381000	-109.240000	20.610000	16.000000	264.022468	263.822468	264.222468	3.969726	1.938906
-153.292099	20.892599	1145.389000	-109.240000	20.610000	16.000000	264.330669	264.230669	264.430669	4.039988	2.114295
-154.393997	19.262501	1179.444000	-109.240000	20.610000	16.000000	261.646639	261.246639	261.946639	3.981216	1.439648
-153.992294	18.797600	1170.177000	-109.240000	20.610000	16.000000	261.766552	261.566552	261.966552	3.973653	2.006546
-154.691299	17.180099	1196.391000	-109.240000	20.610000	16.000000	259.308590	259.108590	259.408590	3.951356	1.355130
-154.030502	17.988400	1175.049000	-109.240000	20.610000	16.000000	260.591233	260.391233	260.691233	3.980227	1.714914
-154.495895	18.401699	1184.419000	-109.240000	20.610000	16.000000	261.917298	261.617298	262.217298	3.976739	2.650064
-154.797394	18.803101	1190.376000	-109.240000	20.610000	16.000000	262.176464	261.776464	262.676464	3.982400	2.520858
-156.465103	18.775000	1235.207000	-109.240000	20.610000	16.000000	260.952907	260.752907	261.152907	3.946824	1.561783
-157.227295	18.984800	1254.403000	-109.240000	20.610000	16.000000	260.934189	260.734189	261.134189	3.936805	1.447511
-156.510101	19.477699	1233.380000	-109.240000	20.610000	16.000000	261.353717	261.053717	261.653717	3.935529	1.261174
-156.932007	19.832701	1243.942000	-109.240000	20.610000	16.000000	260.449767	259.649767	261.349767	3.936222	0.073389
-157.627594	20.346100	1260.376000	-109.240000	20.610000	16.000000	261.619343	260.619343	262.519343	3.981025	0.865694
