-155.772995	19.079000	1556.780000	142.380000	38.110000	34.000000	124.238330	123.438330	125.038330	3.992929	0.580965
-155.996994	20.771000	1525.795000	142.380000	38.110000	34.000000	121.367398	120.667398	122.167398	3.986540	-1.332863
-155.710999	20.046000	1543.791000	142.380000	38.110000	34.000000	121.928160	120.828160	122.928160	3.980936	-1.188132
-159.401001	21.971001	1431.796000	142.380000	38.110000	34.000000	120.213136	119.913136	120.613136	3.974108	-1.747268
-156.658005	20.891001	1508.799000	142.380000	38.110000	34.000000	121.850912	121.150912	122.550912	4.006439	-0.776671
-156.755997	21.136000	1502.807000	142.380000	38.110000	34.000000	121.658110	120.958110	122.358110	3.972144	-0.822783
-154.617798	20.088900	1565.781000	142.380000	38.110000	34.000000	122.011600	121.511600	122.511600	3.991787	-1.083144
-155.679398	21.205500	1525.791000	142.380000	38.110000	34.000000	121.728322	121.228322	122.228322	3.973365	-0.722439
-154.482803	21.001900	1556.773000	142.380000	38.110000	34.000000	120.910833	120.210833	121.510833	3.968256	-1.680585
-153.982697	21.519699	1554.776000	142.380000	38.110000	34.000000	125.986721	125.586721	126.386721	3.989487	3.669101
-153.292099	20.892599	1579.785000	142.380000	38.110000	34.000000	126.104887	125.804887	126.404887	4.039161	3.418504
-153.902405	19.979099	1582.776000	142.380000	38.110000	34.000000	122.583712	122.083712	123.083712	4.000127	-0.578158
-153.503204	19.495199	1598.769000	142.380000	38.110000	34.000000	123.118178	122.518178	123.718178	4.014050	-0.303703
-153.295898	18.800900	1614.775000	142.380000	38.110000	34.000000	122.970575	122.070575	123.770575	3.998097	-0.809712
-152.132401	18.481400	1643.771000	142.380000	38.110000	34.000000	124.463892	123.763892	125.163892	4.030524	0.520491
-153.700806	17.297501	1627.790000	142.380000	38.110000	34.000000	122.377310	121.777310	122.977310	3.991852	-2.161171
-154.691299	17.180099	1604.786000	142.380000	38.110000	34.000000	119.818630	119.218630	120.318630	4.051916	-4.811094
-154.030502	17.988400	1611.791000	142.380000	38.110000	34.000000	124.217769	123.317769	125.117769	3.986614	0.017579
-154.495895	18.401699	1594.771000	142.380000	38.110000	34.000000	124.006642	123.306642	124.806642	3.993244	0.010442
-154.797394	18.803101	1582.778000	142.380000	38.110000	34.000000	124.100754	123.200754	125.100754	3.995016	0.311020
-155.714996	18.000299	1570.781000	142.380000	38.110000	34.000000	120.271248	119.771248	120.771248	3.979355	-3.970456
-156.808197	18.404200	1540.779000	142.380000	38.110000	34.000000	120.969383	120.569383	121.269383	3.956398	-3.095060
-156.167007	18.301001	1556.771000	142.380000	38.110000	34.000000	121.062215	120.762215	121.362215	3.966840	-3.033745
-157.227295	18.984800	1523.777000	142.380000	38.110000	34.000000	121.454147	121.054147	121.954147	3.955024	-2.298282
-156.510101	19.477699	1533.775000	142.380000	38.110000	34.000000	123.101378	122.401378	123.801378	3.982321	-0.347752
-157.627594	20.346100	1494.781000	142.380000	38.110000	34.000000	120.516799	120.116799	121.016799	3.952473	-2.445784
-153.992294	18.797600	1600.770000	142.380000	38.110000	34.000000	122.904709	121.804709	124.004709	3.991705	-0.879385
-153.290604	17.906200	1628.769000	142.380000	38.110000	34.000000	123.834305	122.734305	124.934305	4.004629	-0.394957
