-153.982697	21.519699	3048.525000	94.070000	2.750000	12.000000
-156.510101	19.477699	2993.664000	94.070000	2.750000	12.000000
-155.772995	19.079000	3014.295000	94.070000	2.750000	12.000000
-155.996994	20.771000	3006.268000	94.070000	2.750000	12.000000
-154.983002	19.601000	3035.276000	94.070000	2.750000	12.000000
-159.401001	21.971001	2907.297000	94.070000	2.750000	12.000000
-156.658005	20.891001	2987.276000	94.070000	2.750000	12.000000
-157.270004	21.108999	2968.288000	94.070000	2.750000	12.000000
-156.755997	21.136000	2982.287000	94.070000	2.750000	12.000000
-154.617798	20.088900	3044.076000	94.070000	2.750000	12.000000
-154.482803	21.001900	3043.254000	94.070000	2.750000	12.000000
-153.982697	21.519699	3049.250000	94.070000	2.750000	12.000000
-153.992294	18.797600	3062.267000	94.070000	2.750000	12.000000
-153.290604	17.906200	3081.249000	94.070000	2.750000	12.000000
-154.797394	18.803101	3041.268000	94.070000	2.750000	12.000000
-157.227295	18.984800	2977.279000	94.070000	2.750000	12.000000
-156.510101	19.477699	2994.264000	94.070000	2.750000	12.000000
-157.627594	20.346100	2963.259000	94.070000	2.750000	12.000000
