-155.772995	19.079000	1693.006000	146.180000	-3.330000	14.000000	73.398205	73.098205	73.698205	3.998960	-1.562328
-154.983002	19.601000	1716.969000	146.180000	-3.330000	14.000000	73.644618	73.344618	73.844618	3.998333	-1.410011
-154.617798	20.088900	1729.882000	146.180000	-3.330000	14.000000	73.712918	73.512918	73.912918	3.997686	-1.265470
-153.292099	20.892599	1769.977000	146.180000	-3.330000	14.000000	73.001189	72.801189	73.201189	3.996787	-2.211442
-153.902405	19.979099	1746.970000	146.180000	-3.330000	14.000000	74.125316	73.825316	74.425316	3.992893	-1.240365
-153.503204	19.495199	1753.766000	146.180000	-3.330000	14.000000	74.454398	74.054398	74.754398	3.986159	-1.328351
-154.393997	19.262501	1730.027000	146.180000	-3.330000	14.000000	74.273471	73.473471	75.073471	3.997477	-1.222299
-153.992294	18.797600	1735.821000	146.180000	-3.330000	14.000000	74.185833	73.985833	74.385833	3.999740	-1.721569
-153.295898	18.800900	1752.969000	146.180000	-3.330000	14.000000	73.660226	73.360226	73.860226	3.996265	-2.550251
-154.495895	18.401699	1720.007000	146.180000	-3.330000	14.000000	74.087386	73.887386	74.287386	4.000020	-1.798281
-154.797394	18.803101	1715.341000	146.180000	-3.330000	14.000000	73.667963	73.367963	73.867963	4.000338	-1.879273
-155.714996	18.000299	1686.404000	146.180000	-3.330000	14.000000	74.504828	74.304828	74.704828	4.007389	-1.055699
-156.808197	18.404200	1661.965000	146.180000	-3.330000	14.000000	74.052385	73.552385	74.452385	4.002338	-0.797585
-156.167007	18.301001	1676.972000	146.180000	-3.330000	14.000000	73.647760	73.447760	73.947760	4.005797	-1.549703
-156.465103	18.775000	1672.974000	146.180000	-3.330000	14.000000	73.538615	73.038615	73.938615	4.006760	-1.265526
-157.227295	18.984800	1655.984000	146.180000	-3.330000	14.000000	72.584709	72.184709	72.884709	3.999588	-1.747686
-156.510101	19.477699	1677.221000	146.180000	-3.330000	14.000000	73.948458	73.648458	74.248458	4.008958	-0.453805
