-155.772995	19.079000	1559.183000	141.950000	34.010000	15.000000	115.985043	115.485043	116.485043	4.033306	-2.764715
-157.931000	21.646000	1474.171000	141.950000	34.010000	15.000000	120.079318	118.979318	121.179318	3.664868	2.994607
-155.996994	20.771000	1534.161000	141.950000	34.010000	15.000000	115.813824	114.613824	116.913824	3.944206	-1.932857
-154.983002	19.601000	1572.196000	141.950000	34.010000	15.000000	115.913227	115.013227	116.913227	4.040570	-2.569132
-156.658005	20.891001	1517.179000	141.950000	34.010000	15.000000	117.033173	115.733173	118.333173	3.934385	-0.602581
-156.755997	21.136000	1511.195000	141.950000	34.010000	15.000000	116.120027	115.020027	117.120027	3.928485	-1.358676
-154.617798	20.088900	1574.207000	141.950000	34.010000	15.000000	114.808808	114.008808	115.508808	4.019903	-3.416540
-155.679398	21.205500	1536.182000	141.950000	34.010000	15.000000	114.382610	113.582610	115.082610	3.925217	-3.123607
-154.994400	21.507000	1548.253000	141.950000	34.010000	15.000000	114.806086	114.506086	115.206086	3.940405	-2.572303
-154.482803	21.001900	1566.163000	141.950000	34.010000	15.000000	115.978237	115.778237	116.178237	4.010823	-1.735256
-153.982697	21.519699	1570.236000	141.950000	34.010000	15.000000	116.974273	116.774273	117.174273	4.035571	-0.483430
-153.503204	19.495199	1608.203000	141.950000	34.010000	15.000000	114.335922	113.535922	115.135922	3.990869	-4.281303
-154.393997	19.262501	1590.226000	141.950000	34.010000	15.000000	115.850450	114.750450	116.950450	4.033401	-2.847851
-153.992294	18.797600	1605.159000	141.950000	34.010000	15.000000	116.214291	115.114291	117.414291	4.039885	-2.754214
-153.295898	18.800900	1621.237000	141.950000	34.010000	15.000000	115.137143	114.237143	116.137143	3.994508	-3.859954
-152.132401	18.481400	1651.229000	141.950000	34.010000	15.000000	114.238899	113.338899	115.238899	4.068889	-4.979043
-153.290604	17.906200	1631.227000	141.950000	34.010000	15.000000	114.343013	113.443013	115.243013	4.072908	-5.119236
-154.691299	17.180099	1603.161000	141.950000	34.010000	15.000000	111.749025	111.249025	112.149025	4.065605	-8.065643
-154.495895	18.401699	1597.224000	141.950000	34.010000	15.000000	116.293415	115.693415	116.893415	4.036498	-2.871111
-154.797394	18.803101	1586.148000	141.950000	34.010000	15.000000	117.043208	116.343208	117.743208	4.056126	-1.892519
