-155.679398	21.205500	860.835000	-126.760000	40.640000	16.200000
-153.982697	21.519699	824.690000	-126.760000	40.640000	16.200000
-153.295898	18.800900	869.818000	-126.760000	40.640000	16.200000
-152.132401	18.481400	859.637000	-126.760000	40.640000	16.200000
-153.290604	17.906200	889.589000	-126.760000	40.640000	16.200000
-156.808197	18.404200	939.509000	-126.760000	40.640000	16.200000
-156.465103	18.775000	925.517000	-126.760000	40.640000	16.200000
-156.510101	19.477699	910.834000	-126.760000	40.640000	16.200000
-156.932007	19.832701	911.791000	-126.760000	40.640000	16.200000
-155.772995	19.079000	906.456000	-126.760000	40.640000	16.200000
-157.931000	21.646000	894.445000	-126.760000	40.640000	16.200000
-155.996994	20.771000	875.429000	-126.760000	40.640000	16.200000
-154.983002	19.601000	881.431000	-126.760000	40.640000	16.200000
-159.401001	21.971001	910.457000	-126.760000	40.640000	16.200000
-156.658005	20.891001	885.438000	-126.760000	40.640000	16.200000
-157.270004	21.108999	893.450000	-126.760000	40.640000	16.200000
-156.755997	21.136000	882.448000	-126.760000	40.640000	16.200000
-154.617798	20.088900	864.431000	-126.760000	40.640000	16.200000
-155.679398	21.205500	860.409000	-126.760000	40.640000	16.200000
-154.482803	21.001900	845.416000	-126.760000	40.640000	16.200000
-153.982697	21.519699	825.415000	-126.760000	40.640000	16.200000
-153.292099	20.892599	825.413000	-126.760000	40.640000	16.200000
-153.902405	19.979099	855.433000	-126.760000	40.640000	16.200000
-153.503204	19.495199	859.423000	-126.760000	40.640000	16.200000
-153.992294	18.797600	881.420000	-126.760000	40.640000	16.200000
-153.295898	18.800900	869.418000	-126.760000	40.640000	16.200000
-152.132401	18.481400	859.412000	-126.760000	40.640000	16.200000
-153.290604	17.906200	889.414000	-126.760000	40.640000	16.200000
-153.700806	17.297501	908.424000	-126.760000	40.640000	16.200000
-154.691299	17.180099	927.433000	-126.760000	40.640000	16.200000
-154.030502	17.988400	899.420000	-126.760000	40.640000	16.200000
-154.495895	18.401699	897.420000	-126.760000	40.640000	16.200000
-154.797394	18.803101	894.411000	-126.760000	40.640000	16.200000
-155.714996	18.000299	927.433000	-126.760000	40.640000	16.200000
-156.808197	18.404200	939.409000	-126.760000	40.640000	16.200000
-156.167007	18.301001	929.428000	-126.760000	40.640000	16.200000
-156.465103	18.775000	925.417000	-126.760000	40.640000	16.200000
-157.227295	18.984800	934.426000	-126.760000	40.640000	16.200000
-156.510101	19.477699	911.434000	-126.760000	40.640000	16.200000
-156.932007	19.832701	911.416000	-126.760000	40.640000	16.200000
-157.627594	20.346100	914.432000	-126.760000	40.640000	16.200000
