-155.772995	19.079000	1563.248000	142.050000	38.240000	37.000000	124.016597	123.416597	124.716597	3.921872	0.209990
-157.931000	21.646000	1477.236000	142.050000	38.240000	37.000000	116.141199	112.541199	119.741199	3.687235	-6.185485
-155.996994	20.771000	1532.221000	142.050000	38.240000	37.000000	122.054052	121.354052	122.654052	3.954918	-0.806122
-154.983002	19.601000	1573.218000	142.050000	38.240000	37.000000	122.804555	122.004555	123.704555	3.923579	-0.710766
-159.401001	21.971001	1430.250000	142.050000	38.240000	37.000000	113.008523	108.108523	118.208523	3.526608	-9.113837
-156.658005	20.891001	1516.221000	142.050000	38.240000	37.000000	121.038659	119.738659	122.338659	3.880653	-1.748374
-157.270004	21.108999	1499.242000	142.050000	38.240000	37.000000	120.792315	119.092315	122.392315	3.860748	-1.864140
-154.617798	20.088900	1573.206000	142.050000	38.240000	37.000000	122.493872	121.893872	123.093872	3.923641	-0.758954
-155.679398	21.205500	1532.210000	142.050000	38.240000	37.000000	122.416899	121.916899	122.916899	3.943217	-0.197200
-154.482803	21.001900	1562.208000	142.050000	38.240000	37.000000	122.797354	122.297354	123.197354	3.928558	0.041789
-153.982697	21.519699	1561.213000	142.050000	38.240000	37.000000	126.575258	126.175258	126.875258	3.940703	4.089274
-153.292099	20.892599	1587.210000	142.050000	38.240000	37.000000	125.989749	125.789749	126.289749	3.982502	3.137885
-154.393997	19.262501	1592.221000	142.050000	38.240000	37.000000	122.974274	121.874274	123.974274	3.890642	-0.720686
-153.992294	18.797600	1608.225000	142.050000	38.240000	37.000000	123.780566	122.880566	124.680566	3.862198	-0.154724
-154.030502	17.988400	1619.202000	142.050000	38.240000	37.000000	123.190057	122.590057	123.790057	3.833407	-1.156347
-154.495895	18.401699	1603.224000	142.050000	38.240000	37.000000	124.681044	123.881044	125.481044	3.858603	0.537072
-154.797394	18.803101	1590.208000	142.050000	38.240000	37.000000	124.477162	123.577162	125.377162	3.902000	0.537825
-155.714996	18.000299	1578.222000	142.050000	38.240000	37.000000	119.344458	118.844458	119.844458	3.889389	-5.039810
-156.808197	18.404200	1547.214000	142.050000	38.240000	37.000000	119.944919	119.644919	120.344919	3.878858	-4.262291
-156.167007	18.301001	1564.222000	142.050000	38.240000	37.000000	121.037010	120.637010	121.337010	3.890122	-3.202405
-157.227295	18.984800	1530.202000	142.050000	38.240000	37.000000	120.732655	120.432655	121.032655	3.903810	-3.165429
-156.510101	19.477699	1540.220000	142.050000	38.240000	37.000000	122.981967	122.281967	123.581967	3.932531	-0.617548
-156.932007	19.832701	1525.206000	142.050000	38.240000	37.000000	121.989058	120.989058	122.989058	3.838160	-1.416115
-157.627594	20.346100	1502.206000	142.050000	38.240000	37.000000	122.402355	121.002355	123.802355	3.850731	-0.714206
