-155.772995	19.079000	975.358000	-163.930000	53.750000	32.000000	174.760706	174.260706	175.260706	4.023394	3.122061
-155.996994	20.771000	927.362000	-163.930000	53.750000	32.000000	173.890438	173.490438	174.290438	4.013771	2.386151
-155.710999	20.046000	949.357000	-163.930000	53.750000	32.000000	174.508827	173.808827	175.208827	4.023771	3.138526
-159.401001	21.971001	882.364000	-163.930000	53.750000	32.000000	174.849090	174.449090	175.249090	3.818600	-0.091058
-156.658005	20.891001	922.372000	-163.930000	53.750000	32.000000	173.769606	173.169606	174.369606	3.930618	1.599697
-156.755997	21.136000	914.375000	-163.930000	53.750000	32.000000	173.174369	172.674369	173.674369	3.927641	0.952012
-154.617798	20.088900	949.342000	-163.930000	53.750000	32.000000	173.400139	173.000139	173.800139	4.023692	3.147980
-155.679398	21.205500	915.355000	-163.930000	53.750000	32.000000	173.237389	172.637389	173.837389	4.018345	2.164912
-154.482803	21.001900	928.341000	-163.930000	53.750000	32.000000	169.995450	169.095450	170.895450	4.081349	0.114453
-153.982697	21.519699	912.827000	-163.930000	53.750000	32.000000	172.490120	172.090120	172.790120	4.034414	3.267860
-153.292099	20.892599	933.358000	-163.930000	53.750000	32.000000	171.162220	170.762220	171.462220	4.077569	2.464188
-153.503204	19.495199	969.497000	-163.930000	53.750000	32.000000	173.076179	172.776179	173.376179	4.049982	3.780256
-153.992294	18.797600	986.688000	-163.930000	53.750000	32.000000	173.475646	173.075646	173.775646	4.054816	3.526273
-153.295898	18.800900	988.340000	-163.930000	53.750000	32.000000	173.967208	173.667208	174.267208	4.103363	4.692002
-154.691299	17.180099	1030.336000	-163.930000	53.750000	32.000000	174.127418	173.527418	174.827418	4.021447	3.146813
-154.030502	17.988400	1008.348000	-163.930000	53.750000	32.000000	173.672690	173.272690	174.072690	4.102686	3.495622
-154.495895	18.401699	996.340000	-163.930000	53.750000	32.000000	173.591466	173.091466	173.991466	4.050404	3.061262
-154.797394	18.803101	985.356000	-163.930000	53.750000	32.000000	172.961103	172.561103	173.461103	4.028611	2.227544
-155.714996	18.000299	1004.792000	-163.930000	53.750000	32.000000	175.233419	174.833419	175.533419	3.990353	3.436207
-156.808197	18.404200	990.424000	-163.930000	53.750000	32.000000	175.190520	174.990520	175.490520	4.000076	2.394792
-156.167007	18.301001	995.688000	-163.930000	53.750000	32.000000	175.583664	175.183664	175.983664	4.007188	3.402122
-157.227295	18.984800	972.354000	-163.930000	53.750000	32.000000	174.446913	174.146913	174.746913	4.022949	1.332328
-156.510101	19.477699	962.338000	-163.930000	53.750000	32.000000	175.665018	175.265018	175.965018	4.015237	3.364968
-157.627594	20.346100	934.337000	-163.930000	53.750000	32.000000	174.423775	174.023775	174.823775	3.942249	1.133176
