-154.797394	18.803101	1038.248000	-154.240000	56.160000	13.000000
-155.996994	20.771000	983.846000	-154.240000	56.160000	13.000000
-154.983002	19.601000	1015.842000	-154.240000	56.160000	13.000000
-155.710999	20.046000	1004.850000	-154.240000	56.160000	13.000000
-159.401001	21.971001	953.853000	-154.240000	56.160000	13.000000
-156.658005	20.891001	981.844000	-154.240000	56.160000	13.000000
-157.270004	21.108999	975.867000	-154.240000	56.160000	13.000000
-156.755997	21.136000	973.865000	-154.240000	56.160000	13.000000
-154.617798	20.088900	1000.829000	-154.240000	56.160000	13.000000
-155.679398	21.205500	970.829000	-154.240000	56.160000	13.000000
-154.994400	21.507000	960.841000	-154.240000	56.160000	13.000000
-154.482803	21.001900	975.834000	-154.240000	56.160000	13.000000
-153.902405	19.979099	1002.838000	-154.240000	56.160000	13.000000
-153.992294	18.797600	1035.846000	-154.240000	56.160000	13.000000
-153.295898	18.800900	1034.835000	-154.240000	56.160000	13.000000
-154.691299	17.180099	1081.850000	-154.240000	56.160000	13.000000
-154.030502	17.988400	1057.828000	-154.240000	56.160000	13.000000
-154.495895	18.401699	1047.877000	-154.240000	56.160000	13.000000
-154.797394	18.803101	1037.848000	-154.240000	56.160000	13.000000
-157.227295	18.984800	1036.828000	-154.240000	56.160000	13.000000
-156.932007	19.832701	1010.828000	-154.240000	56.160000	13.000000
-157.627594	20.346100	997.838000	-154.240000	56.160000	13.000000
