-155.772995	19.079000	1560.955000	142.210000	38.470000	36.000000
-155.710999	20.046000	1547.965000	142.210000	38.470000	36.000000
-155.679398	21.205500	1530.958000	142.210000	38.470000	36.000000
-153.992294	18.797600	1604.961000	142.210000	38.470000	36.000000
-153.295898	18.800900	1619.955000	142.210000	38.470000	36.000000
-152.132401	18.481400	1647.959000	142.210000	38.470000	36.000000
-153.700806	17.297501	1632.945000	142.210000	38.470000	36.000000
-154.691299	17.180099	1610.973000	142.210000	38.470000	36.000000
-154.030502	17.988400	1615.965000	142.210000	38.470000	36.000000
-154.797394	18.803101	1587.949000	142.210000	38.470000	36.000000
-155.714996	18.000299	1576.944000	142.210000	38.470000	36.000000
-156.808197	18.404200	1545.961000	142.210000	38.470000	36.000000
-156.167007	18.301001	1561.955000	142.210000	38.470000	36.000000
-157.227295	18.984800	1528.967000	142.210000	38.470000	36.000000
-156.510101	19.477699	1537.957000	142.210000	38.470000	36.000000
-157.627594	20.346100	1499.949000	142.210000	38.470000	36.000000
