-155.772995	19.079000	1044.777000	-172.730000	-15.220000	15.000000
-155.996994	20.771000	1084.750000	-172.730000	-15.220000	15.000000
-155.710999	20.046000	1069.754000	-172.730000	-15.220000	15.000000
-156.658005	20.891001	1078.774000	-172.730000	-15.220000	15.000000
-157.270004	21.108999	1076.770000	-172.730000	-15.220000	15.000000
-154.691299	17.180099	1012.733000	-172.730000	-15.220000	15.000000
-154.495895	18.401699	1043.773000	-172.730000	-15.220000	15.000000
-154.797394	18.803101	1049.742000	-172.730000	-15.220000	15.000000
-155.714996	18.000299	1019.744000	-172.730000	-15.220000	15.000000
-156.808197	18.404200	1016.025000	-172.730000	-15.220000	15.000000
-157.227295	18.984800	1024.757000	-172.730000	-15.220000	15.000000
-156.510101	19.477699	1046.082000	-172.730000	-15.220000	15.000000
-156.932007	19.832701	1048.752000	-172.730000	-15.220000	15.000000
-157.627594	20.346100	1052.736000	-172.730000	-15.220000	15.000000
-154.797394	18.803101	1049.393000	-172.730000	-15.220000	15.000000
-155.714996	18.000299	1020.344000	-172.730000	-15.220000	15.000000
-156.932007	19.832701	1049.252000	-172.730000	-15.220000	15.000000
