-155.772995	19.079000	1082.157000	-177.100000	-14.260000	12.000000	32.584704	32.284704	32.884704	3.977785	-1.146724
-155.996994	20.771000	1119.129000	-177.100000	-14.260000	12.000000	31.176799	30.876799	31.476799	3.977184	-1.170963
-154.983002	19.601000	1106.148000	-177.100000	-14.260000	12.000000	33.392500	33.092500	33.792500	3.976754	-0.990740
-157.270004	21.108999	1109.149000	-177.100000	-14.260000	12.000000	31.144751	30.844751	31.344751	3.974503	0.644257
-154.617798	20.088900	1123.127000	-177.100000	-14.260000	12.000000	33.703697	33.303697	34.203697	3.975437	-0.811946
-155.679398	21.205500	1135.128000	-177.100000	-14.260000	12.000000	30.203358	29.703358	30.603358	3.944942	-2.278184
-154.482803	21.001900	1147.114000	-177.100000	-14.260000	12.000000	32.581782	31.781782	33.481782	3.968252	-1.513717
-153.982697	21.519699	1164.133000	-177.100000	-14.260000	12.000000	33.122166	32.422166	33.722166	3.975613	-1.258982
-153.292099	20.892599	1159.124000	-177.100000	-14.260000	12.000000	32.440436	32.040436	32.940436	4.028413	-3.165653
-153.503204	19.495199	1124.123000	-177.100000	-14.260000	12.000000	33.734285	33.534285	34.034285	4.015978	-2.542293
-154.393997	19.262501	1107.129000	-177.100000	-14.260000	12.000000	34.396892	33.996892	34.896892	3.977131	-0.948600
-153.992294	18.797600	1100.129000	-177.100000	-14.260000	12.000000	33.394947	32.994947	33.794947	3.991429	-2.767229
-153.700806	17.297501	1072.116000	-177.100000	-14.260000	12.000000	35.954531	35.654531	36.154531	4.006525	-1.653453
-154.691299	17.180099	1054.127000	-177.100000	-14.260000	12.000000	35.061531	34.861531	35.361531	3.987870	-1.400844
-154.030502	17.988400	1082.115000	-177.100000	-14.260000	12.000000	34.700025	34.500025	35.000025	3.982128	-1.991870
-154.495895	18.401699	1085.110000	-177.100000	-14.260000	12.000000	34.455256	34.255256	34.755256	3.980568	-1.362304
-155.714996	18.000299	1058.116000	-177.100000	-14.260000	12.000000	33.619709	33.219709	34.019709	3.985226	-0.934982
-156.465103	18.775000	1066.124000	-177.100000	-14.260000	12.000000	31.183110	30.683110	31.583110	3.956371	-1.857022
-157.227295	18.984800	1059.108000	-177.100000	-14.260000	12.000000	31.129380	30.929380	31.329380	3.943533	-0.763512
-156.510101	19.477699	1081.132000	-177.100000	-14.260000	12.000000	31.422848	31.122848	31.722848	3.962270	-1.089967
-156.932007	19.832701	1083.129000	-177.100000	-14.260000	12.000000	31.595318	31.195318	31.895318	3.926196	-0.136055
-157.627594	20.346100	1086.113000	-177.100000	-14.260000	12.000000	30.998856	30.798856	31.098856	3.924456	0.506801
