-155.772995	19.079000	1505.269000	146.190000	15.880000	132.000000
-154.983002	19.601000	1526.281000	146.190000	15.880000	132.000000
-154.617798	20.088900	1535.267000	146.190000	15.880000	132.000000
-155.679398	21.205500	1504.200000	146.190000	15.880000	132.000000
-154.994400	21.507000	1522.265000	146.190000	15.880000	132.000000
-154.482803	21.001900	1537.250000	146.190000	15.880000	132.000000
-153.982697	21.519699	1547.246000	146.190000	15.880000	132.000000
-154.393997	19.262501	1543.261000	146.190000	15.880000	132.000000
-153.992294	18.797600	1553.257000	146.190000	15.880000	132.000000
-153.290604	17.906200	1571.252000	146.190000	15.880000	132.000000
-153.700806	17.297501	1561.146000	146.190000	15.880000	132.000000
-154.691299	17.180099	1537.256000	146.190000	15.880000	132.000000
-154.030502	17.988400	1552.242000	146.190000	15.880000	132.000000
-154.495895	18.401699	1540.306000	146.190000	15.880000	132.000000
-154.797394	18.803101	1532.255000	146.190000	15.880000	132.000000
-156.808197	18.404200	1479.249000	146.190000	15.880000	132.000000
-156.465103	18.775000	1487.428000	146.190000	15.880000	132.000000
-157.227295	18.984800	1466.272000	146.190000	15.880000	132.000000
