-156.510101	19.477699	1233.704000	-109.240000	20.610000	16.000000
-157.627594	20.346100	1259.776000	-109.240000	20.610000	16.000000
-155.772995	19.079000	1215.423000	-109.240000	20.610000	16.000000
-155.996994	20.771000	1214.395000	-109.240000	20.610000	16.000000
-154.983002	19.601000	1193.398000	-109.240000	20.610000	16.000000
-155.710999	20.046000	1210.398000	-109.240000	20.610000	16.000000
-159.401001	21.971001	1296.424000	-109.240000	20.610000	16.000000
-156.658005	20.891001	1231.415000	-109.240000	20.610000	16.000000
-156.755997	21.136000	1232.415000	-109.240000	20.610000	16.000000
-154.482803	21.001900	1175.381000	-109.240000	20.610000	16.000000
-153.292099	20.892599	1145.389000	-109.240000	20.610000	16.000000
-154.393997	19.262501	1179.444000	-109.240000	20.610000	16.000000
-153.992294	18.797600	1170.177000	-109.240000	20.610000	16.000000
-154.691299	17.180099	1196.391000	-109.240000	20.610000	16.000000
-154.030502	17.988400	1175.049000	-109.240000	20.610000	16.000000
-154.495895	18.401699	1184.419000	-109.240000	20.610000	16.000000
-154.797394	18.803101	1190.376000	-109.240000	20.610000	16.000000
-156.465103	18.775000	1235.207000	-109.240000	20.610000	16.000000
-157.227295	18.984800	1254.403000	-109.240000	20.610000	16.000000
-156.510101	19.477699	1233.380000	-109.240000	20.610000	16.000000
-156.932007	19.832701	1243.942000	-109.240000	20.610000	16.000000
-157.627594	20.346100	1260.376000	-109.240000	20.610000	16.000000
