-155.772995	19.079000	2125.564000	-81.390000	-1.220000	12.000000	278.252019	277.552019	278.852019	3.967602	1.846450
-157.931000	21.646000	2188.554000	-81.390000	-1.220000	12.000000	276.043894	275.343894	276.643894	4.034393	-0.155955
-155.996994	20.771000	2137.543000	-81.390000	-1.220000	12.000000	279.160400	278.660400	279.560400	3.997938	2.414327
-154.983002	19.601000	2106.553000	-81.390000	-1.220000	12.000000	279.576757	279.076757	279.976757	3.987095	2.751418
-156.755997	21.136000	2158.575000	-81.390000	-1.220000	12.000000	278.648959	278.148959	279.148959	4.017192	2.106771
-155.679398	21.205500	2130.527000	-81.390000	-1.220000	12.000000	278.341591	278.041591	278.741591	3.999610	1.365019
-154.994400	21.507000	2114.662000	-81.390000	-1.220000	12.000000	278.832534	278.532534	279.232534	3.995321	1.508907
-154.482803	21.001900	2099.545000	-81.390000	-1.220000	12.000000	279.277080	278.977080	279.677080	3.961180	1.886073
-153.503204	19.495199	2066.557000	-81.390000	-1.220000	12.000000	279.146299	278.746299	279.546299	3.976549	1.806971
-153.992294	18.797600	2077.569000	-81.390000	-1.220000	12.000000	279.465563	278.965563	280.065563	4.006833	2.504687
-153.290604	17.906200	2055.616000	-81.390000	-1.220000	12.000000	279.727191	278.027191	281.327191	3.991488	2.782283
-153.700806	17.297501	2062.507000	-81.390000	-1.220000	12.000000	279.548122	278.948122	280.248122	4.011065	2.921729
-154.691299	17.180099	2086.561000	-81.390000	-1.220000	12.000000	280.716233	280.216233	281.316233	3.996088	4.447370
-155.714996	18.000299	2116.653000	-81.390000	-1.220000	12.000000	280.951166	280.251166	281.651166	4.017879	4.801151
-156.808197	18.404200	2147.544000	-81.390000	-1.220000	12.000000	279.552901	279.152901	279.952901	4.009401	3.671602
-156.465103	18.775000	2141.668000	-81.390000	-1.220000	12.000000	277.767136	277.467136	278.167136	3.984030	1.679313
-157.227295	18.984800	2162.562000	-81.390000	-1.220000	12.000000	277.404352	276.904352	277.904352	3.962000	1.531476
-156.932007	19.832701	2156.569000	-81.390000	-1.220000	12.000000	278.699964	277.999964	279.399964	4.013982	2.526552
-157.627594	20.346100	2179.631000	-81.390000	-1.220000	12.000000	278.552221	277.152221	279.852221	3.996990	2.517581
