-156.510101	19.477699	2636.357000	-69.230000	-20.020000	94.500000
-155.772995	19.079000	2613.989000	-69.230000	-20.020000	94.500000
-154.482803	21.001900	2602.947000	-69.230000	-20.020000	94.500000
-153.982697	21.519699	2594.942000	-69.230000	-20.020000	94.500000
-153.292099	20.892599	2571.940000	-69.230000	-20.020000	94.500000
-153.992294	18.797600	2566.661000	-69.230000	-20.020000	94.500000
-152.132401	18.481400	2520.165000	-69.230000	-20.020000	94.500000
-153.290604	17.906200	2540.941000	-69.230000	-20.020000	94.500000
-153.700806	17.297501	2544.759000	-69.230000	-20.020000	94.500000
-154.691299	17.180099	2567.970000	-69.230000	-20.020000	94.500000
-154.030502	17.988400	2559.489000	-69.230000	-20.020000	94.500000
-154.495895	18.401699	2574.978000	-69.230000	-20.020000	94.500000
-154.797394	18.803101	2586.957000	-69.230000	-20.020000	94.500000
-155.714996	18.000299	2601.674000	-69.230000	-20.020000	94.500000
-156.808197	18.404200	2632.963000	-69.230000	-20.020000	94.500000
-156.167007	18.301001	2614.946000	-69.230000	-20.020000	94.500000
-156.465103	18.775000	2627.950000	-69.230000	-20.020000	94.500000
-157.227295	18.984800	2648.972000	-69.230000	-20.020000	94.500000
-156.510101	19.477699	2636.957000	-69.230000	-20.020000	94.500000
