-155.772995	19.079000	1629.372000	148.610000	-3.170000	13.000000
-155.996994	20.771000	1637.378000	148.610000	-3.170000	13.000000
-155.710999	20.046000	1638.372000	148.610000	-3.170000	13.000000
-159.401001	21.971001	1565.378000	148.610000	-3.170000	13.000000
-156.658005	20.891001	1622.382000	148.610000	-3.170000	13.000000
-159.664993	22.122999	1561.382000	148.610000	-3.170000	13.000000
-156.755997	21.136000	1622.390000	148.610000	-3.170000	13.000000
-154.617798	20.088900	1666.355000	148.610000	-3.170000	13.000000
-155.679398	21.205500	1649.357000	148.610000	-3.170000	13.000000
-154.482803	21.001900	1679.357000	148.610000	-3.170000	13.000000
-153.982697	21.519699	1693.371000	148.610000	-3.170000	13.000000
-153.902405	19.979099	1682.352000	148.610000	-3.170000	13.000000
-153.503204	19.495199	1688.354000	148.610000	-3.170000	13.000000
-153.992294	18.797600	1671.363000	148.610000	-3.170000	13.000000
-152.132401	18.481400	1714.374000	148.610000	-3.170000	13.000000
-153.290604	17.906200	1679.356000	148.610000	-3.170000	13.000000
-153.700806	17.297501	1666.375000	148.610000	-3.170000	13.000000
-154.691299	17.180099	1641.373000	148.610000	-3.170000	13.000000
-154.030502	17.988400	1663.367000	148.610000	-3.170000	13.000000
-154.495895	18.401699	1655.357000	148.610000	-3.170000	13.000000
-154.797394	18.803101	1651.665000	148.610000	-3.170000	13.000000
-155.714996	18.000299	1622.365000	148.610000	-3.170000	13.000000
-156.808197	18.404200	1597.537000	148.610000	-3.170000	13.000000
-156.167007	18.301001	1613.364000	148.610000	-3.170000	13.000000
-157.227295	18.984800	1591.356000	148.610000	-3.170000	13.000000
-156.932007	19.832701	1605.354000	148.610000	-3.170000	13.000000
-157.627594	20.346100	1592.305000	148.610000	-3.170000	13.000000
-156.510101	19.477699	1613.115000	148.610000	-3.170000	13.000000
