-155.772995	19.079000	1500.369000	144.970000	38.220000	18.000000
-155.996994	20.771000	1471.376000	144.970000	38.220000	18.000000
-155.710999	20.046000	1488.372000	144.970000	38.220000	18.000000
-156.658005	20.891001	1454.379000	144.970000	38.220000	18.000000
-156.755997	21.136000	1448.389000	144.970000	38.220000	18.000000
-154.617798	20.088900	1511.365000	144.970000	38.220000	18.000000
-153.982697	21.519699	1500.359000	144.970000	38.220000	18.000000
-153.902405	19.979099	1527.354000	144.970000	38.220000	18.000000
-153.503204	19.495199	1544.353000	144.970000	38.220000	18.000000
-153.992294	18.797600	1545.365000	144.970000	38.220000	18.000000
-153.295898	18.800900	1559.366000	144.970000	38.220000	18.000000
-152.132401	18.481400	1588.360000	144.970000	38.220000	18.000000
-153.290604	17.906200	1573.362000	144.970000	38.220000	18.000000
-153.700806	17.297501	1572.370000	144.970000	38.220000	18.000000
-154.691299	17.180099	1549.359000	144.970000	38.220000	18.000000
-154.030502	17.988400	1556.358000	144.970000	38.220000	18.000000
-154.495895	18.401699	1540.355000	144.970000	38.220000	18.000000
-154.797394	18.803101	1527.355000	144.970000	38.220000	18.000000
-157.227295	18.984800	1468.357000	144.970000	38.220000	18.000000
-156.510101	19.477699	1477.363000	144.970000	38.220000	18.000000
-156.932007	19.832701	1462.358000	144.970000	38.220000	18.000000
-157.627594	20.346100	1439.358000	144.970000	38.220000	18.000000
