-155.772995	19.079000	1505.269000	146.190000	15.880000	132.000000	93.016796	92.516796	93.416796	4.007289	-3.426775
-154.983002	19.601000	1526.281000	146.190000	15.880000	132.000000	92.387404	91.687404	92.987404	4.001636	-3.905127
-154.617798	20.088900	1535.267000	146.190000	15.880000	132.000000	91.657954	91.157954	92.257954	3.995545	-4.406889
-155.679398	21.205500	1504.200000	146.190000	15.880000	132.000000	92.827495	92.627495	93.027495	3.904643	-2.168264
-154.994400	21.507000	1522.265000	146.190000	15.880000	132.000000	92.595017	92.395017	92.795017	3.922498	-2.404562
-154.482803	21.001900	1537.250000	146.190000	15.880000	132.000000	92.049441	91.649441	92.449441	3.956845	-3.446032
-153.982697	21.519699	1547.246000	146.190000	15.880000	132.000000	94.278019	93.878019	94.578019	3.970712	-1.027395
-154.393997	19.262501	1543.261000	146.190000	15.880000	132.000000	92.816744	91.816744	93.916744	4.001901	-3.855092
-153.992294	18.797600	1553.257000	146.190000	15.880000	132.000000	93.914623	93.314623	94.514623	4.009433	-3.161507
-153.290604	17.906200	1571.252000	146.190000	15.880000	132.000000	92.062458	90.962458	93.162458	3.995754	-5.746736
-153.700806	17.297501	1561.146000	146.190000	15.880000	132.000000	91.541101	91.041101	92.041101	3.991375	-6.561978
-154.691299	17.180099	1537.256000	146.190000	15.880000	132.000000	94.037674	93.637674	94.437674	4.001961	-3.933780
-154.030502	17.988400	1552.242000	146.190000	15.880000	132.000000	92.377719	91.877719	92.877719	3.988257	-5.211717
-154.495895	18.401699	1540.306000	146.190000	15.880000	132.000000	94.055648	93.655648	94.555648	4.009646	-3.156844
-154.797394	18.803101	1532.255000	146.190000	15.880000	132.000000	93.919029	93.319029	94.519029	4.011892	-2.955249
-156.808197	18.404200	1479.249000	146.190000	15.880000	132.000000	93.174608	92.674608	93.674608	3.975776	-3.489089
-156.465103	18.775000	1487.428000	146.190000	15.880000	132.000000	92.676093	92.176093	93.076093	3.991345	-3.807129
-157.227295	18.984800	1466.272000	146.190000	15.880000	132.000000	92.216813	91.616813	92.816813	3.932369	-3.926579
