-155.679398	21.205500	860.835000	-126.760000	40.640000	16.200000	223.613486	223.413486	223.813486	3.979923	-1.385961
-153.982697	21.519699	824.690000	-126.760000	40.640000	16.200000	223.133756	222.933756	223.333756	4.018575	-0.951643
-153.295898	18.800900	869.818000	-126.760000	40.640000	16.200000	219.519509	219.319509	219.719509	4.029233	-0.920978
-152.132401	18.481400	859.637000	-126.760000	40.640000	16.200000	215.893608	215.793608	216.093608	4.103606	-3.187160
-153.290604	17.906200	889.589000	-126.760000	40.640000	16.200000	217.922930	217.722930	218.122930	4.017427	-1.587712
-156.808197	18.404200	939.509000	-126.760000	40.640000	16.200000	222.532231	222.332231	222.732231	3.945721	-0.247175
-156.465103	18.775000	925.517000	-126.760000	40.640000	16.200000	222.256900	222.156900	222.456900	3.986383	-0.652408
-156.510101	19.477699	910.834000	-126.760000	40.640000	16.200000	222.791350	222.591350	222.991350	3.990580	-0.884365
-156.932007	19.832701	911.791000	-126.760000	40.640000	16.200000	223.167531	222.867531	223.567531	3.982358	-1.184405
-155.772995	19.079000	906.456000	-126.760000	40.640000	16.200000	221.956972	221.856972	222.156972	3.991902	-0.758363
-157.931000	21.646000	894.445000	-126.760000	40.640000	16.200000	226.171510	225.771510	226.671510	3.965072	-0.857697
-155.996994	20.771000	875.429000	-126.760000	40.640000	16.200000	223.529220	223.329220	223.729220	3.985604	-1.199419
-154.983002	19.601000	881.431000	-126.760000	40.640000	16.200000	221.595176	221.395176	221.795176	4.002181	-1.076485
-159.401001	21.971001	910.457000	-126.760000	40.640000	16.200000	223.408645	222.908645	223.908645	4.172162	-4.869712
-156.658005	20.891001	885.438000	-126.760000	40.640000	16.200000	224.114628	223.814628	224.314628	3.992588	-1.214919
-157.270004	21.108999	893.450000	-126.760000	40.640000	16.200000	225.754893	225.354893	226.154893	3.990760	-0.235034
-156.755997	21.136000	882.448000	-126.760000	40.640000	16.200000	224.464410	224.164410	224.764410	3.991023	-1.211296
-154.617798	20.088900	864.431000	-126.760000	40.640000	16.200000	221.646453	221.346453	221.946453	4.000121	-1.277887
-155.679398	21.205500	860.409000	-126.760000	40.640000	16.200000	223.613486	223.413486	223.813486	3.979923	-1.385961
-154.482803	21.001900	845.416000	-126.760000	40.640000	16.200000	223.785931	223.385931	224.285931	4.006470	-0.076792
-153.982697	21.519699	825.415000	-126.760000	40.640000	16.200000	223.133756	222.933756	223.333756	4.018575	-0.951643
-153.292099	20.892599	825.413000	-126.760000	40.640000	16.200000	221.432859	221.132859	221.832859	4.047907	-1.341721
-153.902405	19.979099	855.433000	-126.760000	40.640000	16.200000	221.047295	220.847295	221.147295	4.006281	-1.181831
-153.503204	19.495199	859.423000	-126.760000	40.640000	16.200000	219.579132	219.379132	219.779132	4.026957	-1.784034
-153.992294	18.797600	881.420000	-126.760000	40.640000	16.200000	220.165447	219.965447	220.265447	4.006237	-0.855142
-153.295898	18.800900	869.418000	-126.760000	40.640000	16.200000	219.519509	219.319509	219.719509	4.029233	-0.920978
-152.132401	18.481400	859.412000	-126.760000	40.640000	16.200000	215.893608	215.793608	216.093608	4.103606	-3.187160
-153.290604	17.906200	889.414000	-126.760000	40.640000	16.200000	217.922930	217.722930	218.122930	4.017427	-1.587712
-153.700806	17.297501	908.424000	-126.760000	40.640000	16.200000	218.966801	218.766801	219.166801	4.043264	-0.288112
-154.691299	17.180099	927.433000	-126.760000	40.640000	16.200000	219.559369	219.459369	219.759369	4.040933	-0.399324
-154.030502	17.988400	899.420000	-126.760000	40.640000	16.200000	219.530038	219.330038	219.730038	4.022186	-0.687546
-154.495895	18.401699	897.420000	-126.760000	40.640000	16.200000	220.753381	220.453381	221.053381	4.011060	-0.265664
-154.797394	18.803101	894.411000	-126.760000	40.640000	16.200000	221.046237	220.846237	221.346237	4.007338	-0.629655
-155.714996	18.000299	927.433000	-126.760000	40.640000	16.200000	221.262106	221.062106	221.362106	3.997458	-0.305036
-156.808197	18.404200	939.409000	-126.760000	40.640000	16.200000	222.532231	222.332231	222.732231	3.945721	-0.247175
-156.167007	18.301001	929.428000	-126.760000	40.640000	16.200000	221.501473	221.401473	221.701473	3.985952	-0.706857
-156.465103	18.775000	925.417000	-126.760000	40.640000	16.200000	222.256900	222.156900	222.456900	3.986383	-0.652408
-157.227295	18.984800	934.426000	-126.760000	40.640000	16.200000	223.162478	223.062478	223.162478	3.934827	-0.503249
-156.510101	19.477699	911.434000	-126.760000	40.640000	16.200000	222.791350	222.591350	222.991350	3.990580	-0.884365
-156.932007	19.832701	911.416000	-126.760000	40.640000	16.200000	223.167531	222.867531	223.567531	3.982358	-1.184405
-157.627594	20.346100	914.432000	-126.760000	40.640000	16.200000	224.578152	224.278152	224.878152	3.975391	-0.800384
