-155.772995	19.079000	2125.564000	-81.390000	-1.220000	12.000000
-157.931000	21.646000	2188.554000	-81.390000	-1.220000	12.000000
-155.996994	20.771000	2137.543000	-81.390000	-1.220000	12.000000
-154.983002	19.601000	2106.553000	-81.390000	-1.220000	12.000000
-156.755997	21.136000	2158.575000	-81.390000	-1.220000	12.000000
-155.679398	21.205500	2130.527000	-81.390000	-1.220000	12.000000
-154.994400	21.507000	2114.662000	-81.390000	-1.220000	12.000000
-154.482803	21.001900	2099.545000	-81.390000	-1.220000	12.000000
-153.503204	19.495199	2066.557000	-81.390000	-1.220000	12.000000
-153.992294	18.797600	2077.569000	-81.390000	-1.220000	12.000000
-153.290604	17.906200	2055.616000	-81.390000	-1.220000	12.000000
-153.700806	17.297501	2062.507000	-81.390000	-1.220000	12.000000
-154.691299	17.180099	2086.561000	-81.390000	-1.220000	12.000000
-155.714996	18.000299	2116.653000	-81.390000	-1.220000	12.000000
-156.808197	18.404200	2147.544000	-81.390000	-1.220000	12.000000
-156.465103	18.775000	2141.668000	-81.390000	-1.220000	12.000000
-157.227295	18.984800	2162.562000	-81.390000	-1.220000	12.000000
-156.932007	19.832701	2156.569000	-81.390000	-1.220000	12.000000
-157.627594	20.346100	2179.631000	-81.390000	-1.220000	12.000000
