-155.772995	19.079000	1693.006000	146.180000	-3.330000	14.000000
-154.983002	19.601000	1716.969000	146.180000	-3.330000	14.000000
-154.617798	20.088900	1729.882000	146.180000	-3.330000	14.000000
-153.292099	20.892599	1769.977000	146.180000	-3.330000	14.000000
-153.902405	19.979099	1746.970000	146.180000	-3.330000	14.000000
-153.503204	19.495199	1753.766000	146.180000	-3.330000	14.000000
-154.393997	19.262501	1730.027000	146.180000	-3.330000	14.000000
-153.992294	18.797600	1735.821000	146.180000	-3.330000	14.000000
-153.295898	18.800900	1752.969000	146.180000	-3.330000	14.000000
-154.495895	18.401699	1720.007000	146.180000	-3.330000	14.000000
-154.797394	18.803101	1715.341000	146.180000	-3.330000	14.000000
-155.714996	18.000299	1686.404000	146.180000	-3.330000	14.000000
-156.808197	18.404200	1661.965000	146.180000	-3.330000	14.000000
-156.167007	18.301001	1676.972000	146.180000	-3.330000	14.000000
-156.465103	18.775000	1672.974000	146.180000	-3.330000	14.000000
-157.227295	18.984800	1655.984000	146.180000	-3.330000	14.000000
-156.510101	19.477699	1677.221000	146.180000	-3.330000	14.000000
