-155.772995	19.079000	1511.797000	153.950000	-5.200000	83.600000	66.784206	65.884206	67.684206	4.073204	-2.238012
-157.931000	21.646000	1486.783000	153.950000	-5.200000	83.600000	66.229195	65.929195	66.429195	4.046462	0.187772
-155.996994	20.771000	1523.776000	153.950000	-5.200000	83.600000	66.177059	65.877059	66.477059	4.002039	-1.627026
-154.983002	19.601000	1535.750000	153.950000	-5.200000	83.600000	65.715786	65.115786	66.315786	4.016142	-3.416200
-159.401001	21.971001	1456.777000	153.950000	-5.200000	83.600000	64.558539	64.158539	64.958539	4.072082	-0.302562
-156.658005	20.891001	1508.779000	153.950000	-5.200000	83.600000	66.555303	66.355303	66.755303	3.985236	-0.773551
-157.270004	21.108999	1495.789000	153.950000	-5.200000	83.600000	67.037196	66.737196	67.437196	4.020849	0.226351
-159.664993	22.122999	1452.775000	153.950000	-5.200000	83.600000	63.755791	63.055791	64.455791	4.034107	-0.824172
-154.617798	20.088900	1550.441000	153.950000	-5.200000	83.600000	64.815169	64.315169	65.315169	3.975841	-4.218332
-155.679398	21.205500	1535.759000	153.950000	-5.200000	83.600000	66.526334	66.226334	66.726334	4.018930	-1.194259
-153.992294	18.797600	1550.266000	153.950000	-5.200000	83.600000	67.012171	66.312171	67.612171	4.082862	-3.164994
-153.290604	17.906200	1555.763000	153.950000	-5.200000	83.600000	65.481585	65.281585	65.681585	4.058898	-5.612218
-153.700806	17.297501	1539.830000	153.950000	-5.200000	83.600000	66.320314	66.220314	66.520314	4.057639	-4.945636
-154.691299	17.180099	1514.754000	153.950000	-5.200000	83.600000	66.083470	65.983470	66.283470	4.039572	-4.756094
-154.030502	17.988400	1538.765000	153.950000	-5.200000	83.600000	64.912427	64.512427	65.412427	4.003897	-5.750272
-154.495895	18.401699	1532.767000	153.950000	-5.200000	83.600000	66.565137	66.165137	66.965137	4.071074	-3.591712
-154.797394	18.803101	1531.182000	153.950000	-5.200000	83.600000	67.091805	66.491805	67.691805	4.069784	-2.647859
-155.714996	18.000299	1499.754000	153.950000	-5.200000	83.600000	66.841107	66.441107	67.141107	4.055893	-2.921294
-156.808197	18.404200	1478.755000	153.950000	-5.200000	83.600000	67.125175	66.725175	67.525175	4.068056	-1.762194
-156.167007	18.301001	1492.773000	153.950000	-5.200000	83.600000	67.311562	66.911562	67.711562	4.084726	-2.003585
-157.227295	18.984800	1475.763000	153.950000	-5.200000	83.600000	67.376595	66.676595	68.076595	4.063956	-0.876229
-156.510101	19.477699	1497.376000	153.950000	-5.200000	83.600000	66.420764	65.920764	67.020764	4.023065	-1.918679
-156.932007	19.832701	1490.766000	153.950000	-5.200000	83.600000	66.734121	66.434121	67.134121	4.006670	-1.122791
-157.627594	20.346100	1479.527000	153.950000	-5.200000	83.600000	66.240618	65.940618	66.540618	3.981559	-0.854446
