-155.996994	20.771000	2118.595000	120.520000	21.810000	19.600000	109.672885	107.872885	111.472885	3.945182	1.096149
-159.401001	21.971001	2023.606000	120.520000	21.810000	19.600000	105.201846	103.401846	107.001846	3.893551	-2.089757
-156.658005	20.891001	2101.580000	120.520000	21.810000	19.600000	105.057154	102.757154	107.357154	3.993312	-3.304318
-159.664993	22.122999	2015.609000	120.520000	21.810000	19.600000	105.025897	103.225897	106.725897	3.892694	-2.144626
-156.755997	21.136000	2096.611000	120.520000	21.810000	19.600000	106.747064	104.947064	108.447064	3.960731	-1.528385
-158.903000	21.298401	2041.576000	120.520000	21.810000	19.600000	102.125846	100.225846	104.125846	3.980120	-5.497078
-160.047501	19.823400	2016.575000	120.520000	21.810000	19.600000	99.029406	98.429406	99.729406	3.879892	-8.699066
-161.314896	21.956301	1975.591000	120.520000	21.810000	19.600000	104.661401	102.261401	107.061401	3.940338	-2.082967
-161.095001	23.997200	1964.577000	120.520000	21.810000	19.600000	106.935866	106.535866	107.335866	3.956026	0.783085
-158.933105	24.573799	2011.574000	120.520000	21.810000	19.600000	108.569379	108.469379	108.669379	4.005534	1.886124
-155.765305	26.776699	2061.592000	120.520000	21.810000	19.600000	NaN	NaN	NaN	NaN	NaN
-156.964600	24.312099	2060.574000	120.520000	21.810000	19.600000	111.282780	110.582780	112.082780	4.054978	3.864697
-158.185394	22.620199	2047.572000	120.520000	21.810000	19.600000	108.206501	107.406501	108.906501	3.971392	0.732380
-155.636200	22.299900	2111.570000	120.520000	21.810000	19.600000	109.972843	109.072843	110.872843	3.936535	1.634388
-154.251801	21.168699	2156.585000	120.520000	21.810000	19.600000	112.349317	112.149317	112.449317	3.994657	3.349621
-150.914993	18.914200	2257.577000	120.520000	21.810000	19.600000	NaN	NaN	NaN	NaN	NaN
-149.000900	16.989000	2322.573000	120.520000	21.810000	19.600000	NaN	NaN	NaN	NaN	NaN
-151.686600	14.689100	2267.595000	120.520000	21.810000	19.600000	NaN	NaN	NaN	NaN	NaN
-156.206604	16.162001	2142.572000	120.520000	21.810000	19.600000	NaN	NaN	NaN	NaN	NaN
-158.760193	18.564699	2058.582000	120.520000	21.810000	19.600000	101.081629	100.681629	101.581629	3.881819	-7.303016
-158.179504	20.377800	2063.594000	120.520000	21.810000	19.600000	103.120491	101.920491	104.320491	3.944618	-4.946596
