-155.772995	19.079000	1154.967000	-111.360000	26.870000	22.900000	251.427896	251.227896	251.727896	3.990728	0.747953
-155.996994	20.771000	1145.969000	-111.360000	26.870000	22.900000	252.763831	252.563831	252.963831	3.968074	0.253367
-155.710999	20.046000	1144.963000	-111.360000	26.870000	22.900000	251.988210	251.988210	252.088210	3.982806	0.264406
-159.401001	21.971001	1213.987000	-111.360000	26.870000	22.900000	252.136495	248.936495	255.536495	4.002150	-1.402229
-157.270004	21.108999	1174.983000	-111.360000	26.870000	22.900000	251.983391	250.983391	252.983391	3.996375	-0.834589
-159.664993	22.122999	1225.953000	-111.360000	26.870000	22.900000	253.046636	251.846636	254.146636	4.017684	-0.616572
-156.755997	21.136000	1161.981000	-111.360000	26.870000	22.900000	252.110213	251.310213	252.910213	4.010684	-0.763989
-158.903000	21.298401	1214.947000	-111.360000	26.870000	22.900000	252.109738	250.409738	253.809738	4.017237	-0.797053
-160.047501	19.823400	1254.869000	-111.360000	26.870000	22.900000	249.568397	248.268397	250.768397	3.976660	-1.832304
-161.314896	21.956301	1266.671000	-111.360000	26.870000	22.900000	252.237118	250.337118	254.137118	3.956397	-1.084392
-161.095001	23.997200	1245.961000	-111.360000	26.870000	22.900000	256.134114	254.834114	257.534114	3.984718	0.822625
-158.933105	24.573799	1188.956000	-111.360000	26.870000	22.900000	257.243185	255.643185	258.743185	4.050149	0.963538
-156.964600	24.312099	1142.984000	-111.360000	26.870000	22.900000	255.825993	255.825993	255.825993	4.032959	-0.510202
-158.185394	22.620199	1184.964000	-111.360000	26.870000	22.900000	253.793704	252.993704	254.693704	4.035511	-0.539914
-155.636200	22.299900	1124.945000	-111.360000	26.870000	22.900000	254.263064	253.963064	254.563064	3.958162	0.028589
-154.251801	21.168699	1098.948000	-111.360000	26.870000	22.900000	253.004220	253.004220	253.104220	3.969811	-0.008874
-152.981201	18.301800	1093.011000	-111.360000	26.870000	22.900000	250.210805	249.710805	250.710805	4.072997	0.556027
-150.914993	18.914200	1037.964000	-111.360000	26.870000	22.900000	NaN	NaN	NaN	NaN	NaN
-151.686600	14.689100	1098.963000	-111.360000	26.870000	22.900000	NaN	NaN	NaN	NaN	NaN
-153.967499	14.731300	1152.950000	-111.360000	26.870000	22.900000	246.353812	246.253812	246.353812	4.107302	0.456284
-153.868195	17.315399	1123.954000	-111.360000	26.870000	22.900000	249.839689	249.439689	250.139689	4.051083	1.202730
-156.387695	17.614901	1183.947000	-111.360000	26.870000	22.900000	250.269965	249.569965	250.969965	4.023882	1.091222
-156.206604	16.162001	1191.973000	-111.360000	26.870000	22.900000	248.881664	248.581664	249.281664	4.115760	1.186243
-157.700806	16.348400	1226.239000	-111.360000	26.870000	22.900000	251.818340	251.318340	252.418340	4.130343	3.788799
-158.982498	15.574000	1264.947000	-111.360000	26.870000	22.900000	250.764291	250.464291	251.064291	4.134845	3.338355
-158.760193	18.564699	1234.962000	-111.360000	26.870000	22.900000	252.006995	251.006995	252.906995	4.031543	1.792794
-158.179504	20.377800	1203.855000	-111.360000	26.870000	22.900000	250.733599	249.733599	251.633599	3.997084	-1.284147
