-155.996994	20.771000	2269.251000	-122.410000	-56.180000	12.000000
-154.983002	19.601000	2229.229000	-122.410000	-56.180000	12.000000
-159.401001	21.971001	2324.242000	-122.410000	-56.180000	12.000000
-156.658005	20.891001	2277.261000	-122.410000	-56.180000	12.000000
-159.664993	22.122999	2331.272000	-122.410000	-56.180000	12.000000
-156.755997	21.136000	2285.266000	-122.410000	-56.180000	12.000000
-161.314896	21.956301	2340.246000	-122.410000	-56.180000	12.000000
-161.095001	23.997200	2392.234000	-122.410000	-56.180000	12.000000
-158.933105	24.573799	2392.246000	-122.410000	-56.180000	12.000000
-155.765305	26.776699	2427.244000	-122.410000	-56.180000	12.000000
-152.765793	25.592800	2375.248000	-122.410000	-56.180000	12.000000
-158.185394	22.620199	2334.229000	-122.410000	-56.180000	12.000000
-154.251801	21.168699	2264.255000	-122.410000	-56.180000	12.000000
-152.981201	18.301800	2181.245000	-122.410000	-56.180000	12.000000
-150.914993	18.914200	2186.244000	-122.410000	-56.180000	12.000000
-151.686600	14.689100	2078.240000	-122.410000	-56.180000	12.000000
-153.868195	17.315399	2160.228000	-122.410000	-56.180000	12.000000
-156.206604	16.162001	2146.243000	-122.410000	-56.180000	12.000000
-157.859100	14.659600	2119.238000	-122.410000	-56.180000	12.000000
-157.700806	16.348400	2161.244000	-122.410000	-56.180000	12.000000
-158.982498	15.574000	2152.239000	-122.410000	-56.180000	12.000000
-158.760193	18.564699	2227.226000	-122.410000	-56.180000	12.000000
-158.179504	20.377800	2272.250000	-122.410000	-56.180000	12.000000
