-155.772995	19.079000	1018.025000	-179.120000	51.040000	28.000000
-155.996994	20.771000	972.016000	-179.120000	51.040000	28.000000
-155.710999	20.046000	994.012000	-179.120000	51.040000	28.000000
-159.401001	21.971001	897.990000	-179.120000	51.040000	28.000000
-157.270004	21.108999	949.030000	-179.120000	51.040000	28.000000
-159.664993	22.122999	897.010000	-179.120000	51.040000	28.000000
-158.903000	21.298401	928.088000	-179.120000	51.040000	28.000000
-162.025604	19.986300	929.009000	-179.120000	51.040000	28.000000
-161.314896	21.956301	884.788000	-179.120000	51.040000	28.000000
-158.933105	24.573799	843.095000	-179.120000	51.040000	28.000000
-152.765793	25.592800	889.510000	-179.120000	51.040000	28.000000
-156.964600	24.312099	870.014000	-179.120000	51.040000	28.000000
-158.185394	22.620199	899.009000	-179.120000	51.040000	28.000000
-155.636200	22.299900	936.006000	-179.120000	51.040000	28.000000
-154.251801	21.168699	979.017000	-179.120000	51.040000	28.000000
-152.981201	18.301800	1065.059000	-179.120000	51.040000	28.000000
-149.000900	16.989000	1142.119000	-179.120000	51.040000	28.000000
-151.686600	14.689100	1168.325000	-179.120000	51.040000	28.000000
-153.967499	14.731300	1146.000000	-179.120000	51.040000	28.000000
-153.868195	17.315399	1082.072000	-179.120000	51.040000	28.000000
-156.206604	16.162001	1085.993000	-179.120000	51.040000	28.000000
-157.859100	14.659600	1106.125000	-179.120000	51.040000	28.000000
-157.700806	16.348400	1065.229000	-179.120000	51.040000	28.000000
-158.982498	15.574000	1070.001000	-179.120000	51.040000	28.000000
-158.760193	18.564699	998.003000	-179.120000	51.040000	28.000000
-158.179504	20.377800	958.944000	-179.120000	51.040000	28.000000
