-155.772995	19.079000	1359.420000	167.600000	60.510000	12.000000	153.125247	151.925247	154.225247	3.919336	-3.922294
-155.996994	20.771000	1313.410000	167.600000	60.510000	12.000000	158.189100	157.189100	159.189100	3.918472	1.643240
-155.710999	20.046000	1336.406000	167.600000	60.510000	12.000000	154.345607	152.845607	155.745607	3.864142	-2.338084
-159.401001	21.971001	1245.395000	167.600000	60.510000	12.000000	157.197009	156.197009	158.097009	3.928577	-0.473907
-156.658005	20.891001	1303.402000	167.600000	60.510000	12.000000	157.399270	156.299270	158.499270	3.889021	0.604572
-157.270004	21.108999	1290.424000	167.600000	60.510000	12.000000	157.204238	156.304238	158.104238	3.905320	0.213627
-159.664993	22.122999	1240.385000	167.600000	60.510000	12.000000	157.336615	156.736615	158.036615	3.927929	-0.405305
-156.755997	21.136000	1295.417000	167.600000	60.510000	12.000000	157.282011	156.382011	158.182011	3.905227	0.534226
-158.903000	21.298401	1273.459000	167.600000	60.510000	12.000000	159.853887	157.853887	161.653887	3.789039	2.170380
-160.047501	19.823400	1296.432000	167.600000	60.510000	12.000000	157.491991	156.391991	158.691991	3.999968	-1.270393
-162.025604	19.986300	1272.411000	167.600000	60.510000	12.000000	159.319605	158.819605	159.919605	4.033761	-0.379032
-161.314896	21.956301	1228.409000	167.600000	60.510000	12.000000	157.752865	156.952865	158.652865	3.908512	-0.880879
-161.095001	23.997200	1177.408000	167.600000	60.510000	12.000000	157.973195	157.573195	158.473195	3.959446	0.257317
-158.933105	24.573799	1183.458000	167.600000	60.510000	12.000000	156.456407	155.856407	157.156407	3.961665	0.074500
-155.765305	26.776699	1162.524000	167.600000	60.510000	12.000000	NaN	NaN	NaN	NaN	NaN
-152.765793	25.592800	1225.390000	167.600000	60.510000	12.000000	NaN	NaN	NaN	NaN	NaN
-156.964600	24.312099	1211.451000	167.600000	60.510000	12.000000	154.918439	154.718439	155.118439	3.939612	-0.644897
-158.185394	22.620199	1242.391000	167.600000	60.510000	12.000000	157.068765	156.468765	157.668765	3.907264	0.233922
-155.636200	22.299900	1277.398000	167.600000	60.510000	12.000000	156.916370	156.316370	157.516370	3.919344	1.112774
-161.367599	17.746901	1335.416000	167.600000	60.510000	12.000000	NaN	NaN	NaN	NaN	NaN
