-155.772995	19.079000	1367.252000	153.730000	46.140000	12.000000
-154.983002	19.601000	1370.253000	153.730000	46.140000	12.000000
-156.658005	20.891001	1313.244000	153.730000	46.140000	12.000000
-160.047501	19.823400	1272.209000	153.730000	46.140000	12.000000
-161.095001	23.997200	1168.232000	153.730000	46.140000	12.000000
-158.933105	24.573799	1194.353000	153.730000	46.140000	12.000000
-152.765793	25.592800	1289.231000	153.730000	46.140000	12.000000
-158.185394	22.620199	1248.226000	153.730000	46.140000	12.000000
-155.636200	22.299900	1301.738000	153.730000	46.140000	12.000000
-154.251801	21.168699	1347.232000	153.730000	46.140000	12.000000
-152.981201	18.301800	1429.276000	153.730000	46.140000	12.000000
-150.914993	18.914200	1449.784000	153.730000	46.140000	12.000000
-151.637604	16.737801	1487.230000	153.730000	46.140000	12.000000
-151.686600	14.689100	1526.207000	153.730000	46.140000	12.000000
-153.967499	14.731300	1481.206000	153.730000	46.140000	12.000000
-153.868195	17.315399	1437.309000	153.730000	46.140000	12.000000
-156.387695	17.614901	1383.627000	153.730000	46.140000	12.000000
-156.206604	16.162001	1412.222000	153.730000	46.140000	12.000000
-157.859100	14.659600	1409.446000	153.730000	46.140000	12.000000
-157.700806	16.348400	1380.708000	153.730000	46.140000	12.000000
-158.982498	15.574000	1370.217000	153.730000	46.140000	12.000000
-158.760193	18.564699	1319.218000	153.730000	46.140000	12.000000
-158.179504	20.377800	1296.224000	153.730000	46.140000	12.000000
