-155.996994	20.771000	2118.595000	120.520000	21.810000	19.600000
-159.401001	21.971001	2023.606000	120.520000	21.810000	19.600000
-156.658005	20.891001	2101.580000	120.520000	21.810000	19.600000
-159.664993	22.122999	2015.609000	120.520000	21.810000	19.600000
-156.755997	21.136000	2096.611000	120.520000	21.810000	19.600000
-158.903000	21.298401	2041.576000	120.520000	21.810000	19.600000
-160.047501	19.823400	2016.575000	120.520000	21.810000	19.600000
-161.314896	21.956301	1975.591000	120.520000	21.810000	19.600000
-161.095001	23.997200	1964.577000	120.520000	21.810000	19.600000
-158.933105	24.573799	2011.574000	120.520000	21.810000	19.600000
-155.765305	26.776699	2061.592000	120.520000	21.810000	19.600000
-156.964600	24.312099	2060.574000	120.520000	21.810000	19.600000
-158.185394	22.620199	2047.572000	120.520000	21.810000	19.600000
-155.636200	22.299900	2111.570000	120.520000	21.810000	19.600000
-154.251801	21.168699	2156.585000	120.520000	21.810000	19.600000
-150.914993	18.914200	2257.577000	120.520000	21.810000	19.600000
-149.000900	16.989000	2322.573000	120.520000	21.810000	19.600000
-151.686600	14.689100	2267.595000	120.520000	21.810000	19.600000
-156.206604	16.162001	2142.572000	120.520000	21.810000	19.600000
-158.760193	18.564699	2058.582000	120.520000	21.810000	19.600000
-158.179504	20.377800	2063.594000	120.520000	21.810000	19.600000
