-155.772995	19.079000	1359.420000	167.600000	60.510000	12.000000
-155.996994	20.771000	1313.410000	167.600000	60.510000	12.000000
-155.710999	20.046000	1336.406000	167.600000	60.510000	12.000000
-159.401001	21.971001	1245.395000	167.600000	60.510000	12.000000
-156.658005	20.891001	1303.402000	167.600000	60.510000	12.000000
-157.270004	21.108999	1290.424000	167.600000	60.510000	12.000000
-159.664993	22.122999	1240.385000	167.600000	60.510000	12.000000
-156.755997	21.136000	1295.417000	167.600000	60.510000	12.000000
-158.903000	21.298401	1273.459000	167.600000	60.510000	12.000000
-160.047501	19.823400	1296.432000	167.600000	60.510000	12.000000
-162.025604	19.986300	1272.411000	167.600000	60.510000	12.000000
-161.314896	21.956301	1228.409000	167.600000	60.510000	12.000000
-161.095001	23.997200	1177.408000	167.600000	60.510000	12.000000
-158.933105	24.573799	1183.458000	167.600000	60.510000	12.000000
-155.765305	26.776699	1162.524000	167.600000	60.510000	12.000000
-152.765793	25.592800	1225.390000	167.600000	60.510000	12.000000
-156.964600	24.312099	1211.451000	167.600000	60.510000	12.000000
-158.185394	22.620199	1242.391000	167.600000	60.510000	12.000000
-155.636200	22.299900	1277.398000	167.600000	60.510000	12.000000
-161.367599	17.746901	1335.416000	167.600000	60.510000	12.000000
