-155.772995	19.079000	1367.252000	153.730000	46.140000	12.000000	135.646200	133.546200	137.646200	4.015196	0.500892
-154.983002	19.601000	1370.253000	153.730000	46.140000	12.000000	137.565710	135.965710	139.165710	3.984586	2.927536
-156.658005	20.891001	1313.244000	153.730000	46.140000	12.000000	136.104836	134.504836	137.704836	3.904969	1.887662
-160.047501	19.823400	1272.209000	153.730000	46.140000	12.000000	NaN	NaN	NaN	NaN	NaN
-161.095001	23.997200	1168.232000	153.730000	46.140000	12.000000	NaN	NaN	NaN	NaN	NaN
-158.933105	24.573799	1194.353000	153.730000	46.140000	12.000000	NaN	NaN	NaN	NaN	NaN
-152.765793	25.592800	1289.231000	153.730000	46.140000	12.000000	NaN	NaN	NaN	NaN	NaN
-158.185394	22.620199	1248.226000	153.730000	46.140000	12.000000	137.237283	136.537283	137.937283	3.880220	3.840346
-155.636200	22.299900	1301.738000	153.730000	46.140000	12.000000	136.424494	135.524494	137.324494	3.918082	3.378378
-154.251801	21.168699	1347.232000	153.730000	46.140000	12.000000	140.446385	139.846385	141.146385	4.040425	6.939806
-152.981201	18.301800	1429.276000	153.730000	46.140000	12.000000	142.132295	141.232295	143.132295	3.998349	7.182728
-150.914993	18.914200	1449.784000	153.730000	46.140000	12.000000	NaN	NaN	NaN	NaN	NaN
-151.637604	16.737801	1487.230000	153.730000	46.140000	12.000000	136.273524	133.673524	139.073524	4.008069	0.773197
-151.686600	14.689100	1526.207000	153.730000	46.140000	12.000000	NaN	NaN	NaN	NaN	NaN
-153.967499	14.731300	1481.206000	153.730000	46.140000	12.000000	133.606796	132.706796	134.406796	4.130266	-3.473710
-153.868195	17.315399	1437.309000	153.730000	46.140000	12.000000	133.479847	130.979847	135.879847	4.123754	-2.218315
-156.387695	17.614901	1383.627000	153.730000	46.140000	12.000000	133.737609	132.337609	135.037609	4.013068	-2.439963
-156.206604	16.162001	1412.222000	153.730000	46.140000	12.000000	132.668861	132.268861	132.968861	4.100500	-4.280617
-157.859100	14.659600	1409.446000	153.730000	46.140000	12.000000	134.481464	134.181464	134.781464	4.052393	-3.794467
-157.700806	16.348400	1380.708000	153.730000	46.140000	12.000000	132.565957	132.065957	132.965957	4.061090	-4.725994
-158.982498	15.574000	1370.217000	153.730000	46.140000	12.000000	133.640017	133.340017	133.840017	4.068654	-4.507609
-158.760193	18.564699	1319.218000	153.730000	46.140000	12.000000	133.528993	132.728993	134.428993	4.050289	-2.762398
-158.179504	20.377800	1296.224000	153.730000	46.140000	12.000000	136.968321	135.768321	138.168321	3.866345	2.018747
