-155.996994	20.771000	2269.251000	-122.410000	-56.180000	12.000000	343.912650	342.012650	345.812650	3.929461	2.027217
-154.983002	19.601000	2229.229000	-122.410000	-56.180000	12.000000	343.965085	342.665085	345.265085	3.997235	1.646282
-159.401001	21.971001	2324.242000	-122.410000	-56.180000	12.000000	344.783018	343.883018	345.583018	3.927138	4.454584
-156.658005	20.891001	2277.261000	-122.410000	-56.180000	12.000000	345.158443	344.058443	346.158443	3.896591	3.583574
-159.664993	22.122999	2331.272000	-122.410000	-56.180000	12.000000	343.903116	343.403116	344.403116	3.949630	3.691666
-156.755997	21.136000	2285.266000	-122.410000	-56.180000	12.000000	345.449095	344.249095	346.649095	3.886168	3.910606
-161.314896	21.956301	2340.246000	-122.410000	-56.180000	12.000000	341.603412	341.103412	342.103412	3.981880	2.152562
-161.095001	23.997200	2392.234000	-122.410000	-56.180000	12.000000	343.009414	342.509414	343.509414	3.947133	3.404710
-158.933105	24.573799	2392.246000	-122.410000	-56.180000	12.000000	344.262300	343.862300	344.562300	3.932747	3.644837
-155.765305	26.776699	2427.244000	-122.410000	-56.180000	12.000000	NaN	NaN	NaN	NaN	NaN
-152.765793	25.592800	2375.248000	-122.410000	-56.180000	12.000000	NaN	NaN	NaN	NaN	NaN
-158.185394	22.620199	2334.229000	-122.410000	-56.180000	12.000000	344.465772	344.065772	344.965772	3.954539	3.548669
-154.251801	21.168699	2264.255000	-122.410000	-56.180000	12.000000	340.902668	340.502668	341.402668	4.119982	-1.843835
-152.981201	18.301800	2181.245000	-122.410000	-56.180000	12.000000	346.611965	345.811965	347.411965	4.081176	3.384434
-150.914993	18.914200	2186.244000	-122.410000	-56.180000	12.000000	NaN	NaN	NaN	NaN	NaN
-151.686600	14.689100	2078.240000	-122.410000	-56.180000	12.000000	NaN	NaN	NaN	NaN	NaN
-153.868195	17.315399	2160.228000	-122.410000	-56.180000	12.000000	344.993121	344.693121	345.293121	4.005007	2.260706
-156.206604	16.162001	2146.243000	-122.410000	-56.180000	12.000000	344.051520	343.751520	344.351520	4.121324	2.525242
-157.859100	14.659600	2119.238000	-122.410000	-56.180000	12.000000	342.906969	342.106969	343.706969	4.120319	2.271189
-157.700806	16.348400	2161.244000	-122.410000	-56.180000	12.000000	342.624999	341.624999	343.724999	4.111261	1.792327
-158.982498	15.574000	2152.239000	-122.410000	-56.180000	12.000000	341.874194	341.474194	342.174194	4.111229	1.691157
-158.760193	18.564699	2227.226000	-122.410000	-56.180000	12.000000	347.201924	345.801924	348.601924	4.117711	6.727571
-158.179504	20.377800	2272.250000	-122.410000	-56.180000	12.000000	345.431408	345.031408	345.831408	3.892094	4.597119
