-155.772995	19.079000	1172.407000	-110.650000	26.180000	19.100000
-155.996994	20.771000	1164.386000	-110.650000	26.180000	19.100000
-156.658005	20.891001	1180.395000	-110.650000	26.180000	19.100000
-159.664993	22.122999	1246.386000	-110.650000	26.180000	19.100000
-160.047501	19.823400	1275.385000	-110.650000	26.180000	19.100000
-161.314896	21.956301	1287.384000	-110.650000	26.180000	19.100000
-161.095001	23.997200	1265.374000	-110.650000	26.180000	19.100000
-158.933105	24.573799	1208.367000	-110.650000	26.180000	19.100000
-155.765305	26.776699	1120.370000	-110.650000	26.180000	19.100000
-152.765793	25.592800	1054.374000	-110.650000	26.180000	19.100000
-156.964600	24.312099	1163.373000	-110.650000	26.180000	19.100000
-158.185394	22.620199	1204.388000	-110.650000	26.180000	19.100000
-155.636200	22.299900	1143.366000	-110.650000	26.180000	19.100000
-154.251801	21.168699	1117.376000	-110.650000	26.180000	19.100000
-150.914993	18.914200	1055.379000	-110.650000	26.180000	19.100000
-151.637604	16.737801	1091.379000	-110.650000	26.180000	19.100000
-153.967499	14.731300	1167.380000	-110.650000	26.180000	19.100000
-153.868195	17.315399	1140.366000	-110.650000	26.180000	19.100000
-156.387695	17.614901	1201.377000	-110.650000	26.180000	19.100000
-156.206604	16.162001	1208.378000	-110.650000	26.180000	19.100000
-157.700806	16.348400	1243.378000	-110.650000	26.180000	19.100000
-158.982498	15.574000	1281.390000	-110.650000	26.180000	19.100000
-158.760193	18.564699	1253.363000	-110.650000	26.180000	19.100000
-158.179504	20.377800	1223.366000	-110.650000	26.180000	19.100000
