-155.772995	19.079000	1172.407000	-110.650000	26.180000	19.100000	252.826319	252.526319	253.126319	3.946014	1.099382
-155.996994	20.771000	1164.386000	-110.650000	26.180000	19.100000	253.438962	253.138962	253.738962	3.954574	-0.082197
-156.658005	20.891001	1180.395000	-110.650000	26.180000	19.100000	253.272045	252.972045	253.672045	3.938611	-0.335747
-159.664993	22.122999	1246.386000	-110.650000	26.180000	19.100000	252.908467	252.208467	253.508467	3.951789	-1.655558
-160.047501	19.823400	1275.385000	-110.650000	26.180000	19.100000	250.942620	250.242620	251.742620	3.984009	-1.392525
-161.314896	21.956301	1287.384000	-110.650000	26.180000	19.100000	251.961323	251.461323	252.461323	3.976766	-2.231298
-161.095001	23.997200	1265.374000	-110.650000	26.180000	19.100000	253.740648	253.340648	254.140648	3.979843	-2.405694
-158.933105	24.573799	1208.367000	-110.650000	26.180000	19.100000	254.591732	253.891732	255.191732	4.021266	-2.551802
-155.765305	26.776699	1120.370000	-110.650000	26.180000	19.100000	NaN	NaN	NaN	NaN	NaN
-152.765793	25.592800	1054.374000	-110.650000	26.180000	19.100000	NaN	NaN	NaN	NaN	NaN
-156.964600	24.312099	1163.373000	-110.650000	26.180000	19.100000	257.027211	256.327211	257.627211	4.059077	-0.220360
-158.185394	22.620199	1204.388000	-110.650000	26.180000	19.100000	253.986955	253.586955	254.386955	3.976469	-1.268935
-155.636200	22.299900	1143.366000	-110.650000	26.180000	19.100000	254.629907	254.329907	254.929907	3.943818	-0.592835
-154.251801	21.168699	1117.376000	-110.650000	26.180000	19.100000	254.027440	253.627440	254.427440	3.957798	-0.034000
-150.914993	18.914200	1055.379000	-110.650000	26.180000	19.100000	NaN	NaN	NaN	NaN	NaN
-151.637604	16.737801	1091.379000	-110.650000	26.180000	19.100000	250.300241	250.000241	250.500241	4.121507	1.424333
-153.967499	14.731300	1167.380000	-110.650000	26.180000	19.100000	248.233814	248.133814	248.333814	4.100481	1.180765
-153.868195	17.315399	1140.366000	-110.650000	26.180000	19.100000	251.011725	250.511725	251.511725	4.072621	1.248367
-156.387695	17.614901	1201.377000	-110.650000	26.180000	19.100000	251.460918	250.460918	252.360918	3.998258	1.227964
-156.206604	16.162001	1208.378000	-110.650000	26.180000	19.100000	250.285932	249.785932	250.685932	4.101846	1.511940
-157.700806	16.348400	1243.378000	-110.650000	26.180000	19.100000	253.077972	252.877972	253.277972	4.135730	4.009228
-158.982498	15.574000	1281.390000	-110.650000	26.180000	19.100000	252.191433	252.091433	252.291433	4.144916	3.746544
-158.760193	18.564699	1253.363000	-110.650000	26.180000	19.100000	254.024344	253.124344	255.024344	3.990214	2.827220
-158.179504	20.377800	1223.366000	-110.650000	26.180000	19.100000	252.551580	252.151580	252.951580	3.919169	-0.432031
