-158.933105	24.573799	1521.443000	168.740000	-20.810000	16.500000	39.811804	39.611804	40.011804	3.997887	2.317860
-150.914993	18.914200	1545.331000	168.740000	-20.810000	16.500000	NaN	NaN	NaN	NaN	NaN
-157.859100	14.659600	1333.651000	168.740000	-20.810000	16.500000	44.492009	44.392009	44.592009	4.003960	0.936266
-158.179504	20.377800	1445.656000	168.740000	-20.810000	16.500000	41.842948	41.642948	41.942948	3.974616	1.737148
-155.772995	19.079000	1462.267000	168.740000	-20.810000	16.500000	44.460448	44.360448	44.460448	3.955139	1.589252
-155.996994	20.771000	1492.248000	168.740000	-20.810000	16.500000	43.447890	43.347890	43.647890	3.961773	1.613298
-159.401001	21.971001	1458.245000	168.740000	-20.810000	16.500000	40.265660	40.065660	40.365660	4.011407	2.044176
-156.658005	20.891001	1483.269000	168.740000	-20.810000	16.500000	43.076520	42.976520	43.176520	3.959822	1.873071
-159.664993	22.122999	1457.266000	168.740000	-20.810000	16.500000	39.806498	39.706498	40.006498	4.015338	1.900916
-160.047501	19.823400	1402.223000	168.740000	-20.810000	16.500000	39.861863	39.561863	40.161863	4.011673	1.193900
-161.314896	21.956301	1427.151000	168.740000	-20.810000	16.500000	38.294023	38.094023	38.494023	4.033980	1.870857
-161.095001	23.997200	1474.228000	168.740000	-20.810000	16.500000	38.288938	38.188938	38.388938	4.017863	2.571104
-158.933105	24.573799	1521.243000	168.740000	-20.810000	16.500000	39.811804	39.611804	40.011804	3.997887	2.317860
-155.765305	26.776699	1617.224000	168.740000	-20.810000	16.500000	NaN	NaN	NaN	NaN	NaN
-152.765793	25.592800	1645.228000	168.740000	-20.810000	16.500000	NaN	NaN	NaN	NaN	NaN
-158.185394	22.620199	1492.240000	168.740000	-20.810000	16.500000	41.054631	40.954631	41.154631	3.997610	2.021512
-155.636200	22.299900	1530.223000	168.740000	-20.810000	16.500000	43.410709	43.110709	43.710709	3.965001	1.985342
-150.914993	18.914200	1545.231000	168.740000	-20.810000	16.500000	NaN	NaN	NaN	NaN	NaN
-153.967499	14.731300	1412.237000	168.740000	-20.810000	16.500000	NaN	NaN	NaN	NaN	NaN
-157.859100	14.659600	1333.226000	168.740000	-20.810000	16.500000	44.492009	44.392009	44.592009	4.003960	0.936266
-157.700806	16.348400	1370.192000	168.740000	-20.810000	16.500000	43.009545	42.809545	43.209545	4.015843	0.318888
-158.982498	15.574000	1331.239000	168.740000	-20.810000	16.500000	42.493488	42.393488	42.593488	4.003804	0.494181
-158.760193	18.564699	1397.225000	168.740000	-20.810000	16.500000	41.608099	41.408099	41.708099	3.949612	1.095066
-158.179504	20.377800	1445.231000	168.740000	-20.810000	16.500000	41.842948	41.642948	41.942948	3.974616	1.737148
