-155.772995	19.079000	1172.032000	-110.690000	26.250000	15.900000
-155.996994	20.771000	1163.012000	-110.690000	26.250000	15.900000
-156.658005	20.891001	1179.019000	-110.690000	26.250000	15.900000
-159.664993	22.122999	1245.017000	-110.690000	26.250000	15.900000
-160.047501	19.823400	1272.990000	-110.690000	26.250000	15.900000
-161.314896	21.956301	1286.010000	-110.690000	26.250000	15.900000
-161.095001	23.997200	1263.994000	-110.690000	26.250000	15.900000
-158.933105	24.573799	1206.999000	-110.690000	26.250000	15.900000
-158.185394	22.620199	1203.017000	-110.690000	26.250000	15.900000
-155.636200	22.299900	1142.182000	-110.690000	26.250000	15.900000
-154.251801	21.168699	1117.018000	-110.690000	26.250000	15.900000
-150.914993	18.914200	1054.004000	-110.690000	26.250000	15.900000
-151.637604	16.737801	1092.002000	-110.690000	26.250000	15.900000
-151.686600	14.689100	1112.994000	-110.690000	26.250000	15.900000
-153.967499	14.731300	1167.005000	-110.690000	26.250000	15.900000
-156.387695	17.614901	1199.988000	-110.690000	26.250000	15.900000
-156.206604	16.162001	1207.003000	-110.690000	26.250000	15.900000
-157.700806	16.348400	1241.996000	-110.690000	26.250000	15.900000
-158.982498	15.574000	1280.010000	-110.690000	26.250000	15.900000
-158.760193	18.564699	1252.008000	-110.690000	26.250000	15.900000
-158.179504	20.377800	1221.987000	-110.690000	26.250000	15.900000
-156.387695	17.614901	1199.738000	-110.690000	26.250000	15.900000
