-155.772995	19.079000	2032.587000	-78.340000	19.490000	12.600000	256.456998	255.456998	257.356998	3.922192	1.557198
-155.996994	20.771000	2025.567000	-78.340000	19.490000	12.600000	255.730806	254.930806	256.530806	3.879798	0.366618
-156.658005	20.891001	2042.557000	-78.340000	19.490000	12.600000	256.017120	255.717120	256.417120	3.923663	0.801550
-159.664993	22.122999	2110.549000	-78.340000	19.490000	12.600000	254.211519	253.611519	254.811519	3.951754	-0.454751
-160.047501	19.823400	2136.543000	-78.340000	19.490000	12.600000	254.824977	254.524977	255.024977	4.041689	0.840634
-161.314896	21.956301	2152.558000	-78.340000	19.490000	12.600000	253.970401	253.270401	254.570401	4.002139	-0.140033
-161.095001	23.997200	2130.558000	-78.340000	19.490000	12.600000	253.238039	253.138039	253.338039	3.958263	-1.426628
-158.933105	24.573799	2072.564000	-78.340000	19.490000	12.600000	252.890899	251.690899	254.190899	4.058531	-2.676865
-156.964600	24.312099	2029.560000	-78.340000	19.490000	12.600000	NaN	NaN	NaN	NaN	NaN
-158.185394	22.620199	2069.551000	-78.340000	19.490000	12.600000	255.541560	254.841560	256.241560	3.979470	0.276984
-154.251801	21.168699	1978.546000	-78.340000	19.490000	12.600000	256.111865	255.411865	256.811865	3.912591	0.129153
-150.914993	18.914200	1910.472000	-78.340000	19.490000	12.600000	NaN	NaN	NaN	NaN	NaN
-153.967499	14.731300	2017.564000	-78.340000	19.490000	12.600000	NaN	NaN	NaN	NaN	NaN
-156.206604	16.162001	2060.567000	-78.340000	19.490000	12.600000	255.334283	254.034283	256.634283	4.262182	1.393208
-157.700806	16.348400	2096.552000	-78.340000	19.490000	12.600000	259.235834	258.535834	260.035834	4.165900	5.549354
-158.982498	15.574000	2133.546000	-78.340000	19.490000	12.600000	258.431593	258.131593	258.731593	4.159582	5.198262
-158.760193	18.564699	2112.563000	-78.340000	19.490000	12.600000	258.330139	257.130139	259.430139	3.998905	4.318064
-158.179504	20.377800	2086.086000	-78.340000	19.490000	12.600000	255.286434	254.486434	256.186434	3.938741	0.644242
