-162.0256040	14.6596000	153.1900000	-4.5300000	1321.2998825	4.0698556
-162.0256040	15.1596000	153.1900000	-4.5300000	1325.9625251	4.0698556
-162.0256040	15.6596000	153.1900000	-4.5300000	1330.7170522	4.0698556
-162.0256040	16.1596000	153.1900000	-4.5300000	1335.5624368	4.0698556
-162.0256040	16.6596000	153.1900000	-4.5300000	1340.4976470	4.0698556
-162.0256040	17.1596000	153.1900000	-4.5300000	1345.3171841	4.0704742
-162.0256040	17.6596000	153.1900000	-4.5300000	1350.4281569	4.0704742
-162.0256040	18.1596000	153.1900000	-4.5300000	1355.4987953	4.0708556
-162.0256040	18.6596000	153.1900000	-4.5300000	1360.7816177	4.0708556
-162.0256040	19.1596000	153.1900000	-4.5300000	1366.1490368	4.0708556
-162.0256040	19.6596000	153.1900000	-4.5300000	1371.6000065	4.0708556
-162.0256040	20.1596000	153.1900000	-4.5300000	1377.2625368	4.0704742
-162.0256040	20.6596000	153.1900000	-4.5300000	1382.8779954	4.0704742
-162.0256040	21.1596000	153.1900000	-4.5300000	1388.7849122	4.0698556
-162.0256040	21.6596000	153.1900000	-4.5300000	1394.6917699	4.0694742
-162.0256040	22.1596000	153.1900000	-4.5300000	1400.7597126	4.0688556
-162.0256040	22.6596000	153.1900000	-4.5300000	1406.8248577	4.0684742
-162.0256040	23.1596000	153.1900000	-4.5300000	1413.0497990	4.0678556
-162.0256040	23.6596000	153.1900000	-4.5300000	1419.2691962	4.0674742
-162.0256040	24.1596000	153.1900000	-4.5300000	1425.7808659	4.0664742
-162.0256040	24.6596000	153.1900000	-4.5300000	1432.2346263	4.0658556
-162.0256040	25.1596000	153.1900000	-4.5300000	1438.6787058	4.0654742
-162.0256040	25.6596000	153.1900000	-4.5300000	1445.2795314	4.0648556
-162.0256040	26.1596000	153.1900000	-4.5300000	1451.7316783	4.0648556
-162.0256040	26.6596000	153.1900000	-4.5300000	1458.3899250	4.0644742
-161.5256040	14.6596000	153.1900000	-4.5300000	1333.7576919	4.0698556
-161.5256040	15.1596000	153.1900000	-4.5300000	1338.3593496	4.0698556
-161.5256040	15.6596000	153.1900000	-4.5300000	1343.0517522	4.0698556
-161.5256040	16.1596000	153.1900000	-4.5300000	1347.8339050	4.0698556
-161.5256040	16.6596000	153.1900000	-4.5300000	1352.7048085	4.0698556
-161.5256040	17.1596000	153.1900000	-4.5300000	1357.4571509	4.0704742
-161.5256040	17.6596000	153.1900000	-4.5300000	1362.5017733	4.0704742
-161.5256040	18.1596000	153.1900000	-4.5300000	1367.6321106	4.0704742
-161.5256040	18.6596000	153.1900000	-4.5300000	1372.7185075	4.0708556
-161.5256040	19.1596000	153.1900000	-4.5300000	1378.0167379	4.0708556
-161.5256040	19.6596000	153.1900000	-4.5300000	1383.5272755	4.0704742
-161.5256040	20.1596000	153.1900000	-4.5300000	1388.9903293	4.0704742
-161.5256040	20.6596000	153.1900000	-4.5300000	1394.7459648	4.0698556
-161.5256040	21.1596000	153.1900000	-4.5300000	1400.3701361	4.0698556
-161.5256040	21.6596000	153.1900000	-4.5300000	1406.2047293	4.0694742
-161.5256040	22.1596000	153.1900000	-4.5300000	1412.2003199	4.0688556
-161.5256040	22.6596000	153.1900000	-4.5300000	1418.1917153	4.0684742
-161.5256040	23.1596000	153.1900000	-4.5300000	1424.3428653	4.0678556
-161.5256040	23.6596000	153.1900000	-4.5300000	1430.7047031	4.0668556
-161.5256040	24.1596000	153.1900000	-4.5300000	1436.9247269	4.0664742
-161.5256040	24.6596000	153.1900000	-4.5300000	1443.3027266	4.0658556
-161.5256040	25.1596000	153.1900000	-4.5300000	1449.6697992	4.0654742
-161.5256040	25.6596000	153.1900000	-4.5300000	1456.1936828	4.0648556
-161.5256040	26.1596000	153.1900000	-4.5300000	1462.5666821	4.0648556
-161.5256040	26.6596000	153.1900000	-4.5300000	1469.1462812	4.0644742
-161.0256040	14.6596000	153.1900000	-4.5300000	1346.2362782	4.0698556
-161.0256040	15.1596000	153.1900000	-4.5300000	1350.7777792	4.0698556
-161.0256040	15.6596000	153.1900000	-4.5300000	1355.4088842	4.0698556
-161.0256040	16.1596000	153.1900000	-4.5300000	1360.1286303	4.0698556
-161.0256040	16.6596000	153.1900000	-4.5300000	1364.9360490	4.0698556
-161.0256040	17.1596000	153.1900000	-4.5300000	1369.8301674	4.0698556
-161.0256040	17.6596000	153.1900000	-4.5300000	1374.6010955	4.0704742
-161.0256040	18.1596000	153.1900000	-4.5300000	1379.6649097	4.0704742
-161.0256040	18.6596000	153.1900000	-4.5300000	1384.8124711	4.0704742
-161.0256040	19.1596000	153.1900000	-4.5300000	1390.0427949	4.0704742
-161.0256040	19.6596000	153.1900000	-4.5300000	1395.3548949	4.0704742
-161.0256040	20.1596000	153.1900000	-4.5300000	1400.7477842	4.0704742
-161.0256040	20.6596000	153.1900000	-4.5300000	1406.4341944	4.0698556
-161.0256040	21.1596000	153.1900000	-4.5300000	1411.9865446	4.0698556
-161.0256040	21.6596000	153.1900000	-4.5300000	1417.7496183	4.0694742
-161.0256040	22.1596000	153.1900000	-4.5300000	1423.6735914	4.0688556
-161.0256040	22.6596000	153.1900000	-4.5300000	1429.5919572	4.0684742
-161.0256040	23.1596000	153.1900000	-4.5300000	1435.6700248	4.0678556
-161.0256040	23.6596000	153.1900000	-4.5300000	1441.9591404	4.0668556
-161.0256040	24.1596000	153.1900000	-4.5300000	1448.1040581	4.0664742
-161.0256040	24.6596000	153.1900000	-4.5300000	1454.4069627	4.0658556
-161.0256040	25.1596000	153.1900000	-4.5300000	1460.6976770	4.0654742
-161.0256040	25.6596000	153.1900000	-4.5300000	1467.1452533	4.0648556
-161.0256040	26.1596000	153.1900000	-4.5300000	1473.5780033	4.0644742
-161.0256040	26.6596000	153.1900000	-4.5300000	1479.9412690	4.0644742
-160.5256040	14.6596000	153.1900000	-4.5300000	1358.7350566	4.0698556
-160.5256040	15.1596000	153.1900000	-4.5300000	1363.2172099	4.0698556
-160.5256040	15.6596000	153.1900000	-4.5300000	1367.7878260	4.0698556
-160.5256040	16.1596000	153.1900000	-4.5300000	1372.4459721	4.0698556
-160.5256040	16.6596000	153.1900000	-4.5300000	1377.1907102	4.0698556
-160.5256040	17.1596000	153.1900000	-4.5300000	1382.0210975	4.0698556
-160.5256040	17.6596000	153.1900000	-4.5300000	1386.9361871	4.0698556
-160.5256040	18.1596000	153.1900000	-4.5300000	1391.7235130	4.0704742
-160.5256040	18.6596000	153.1900000	-4.5300000	1396.8043806	4.0704742
-160.5256040	19.1596000	153.1900000	-4.5300000	1401.9670784	4.0704742
-160.5256040	19.6596000	153.1900000	-4.5300000	1407.2106492	4.0704742
-160.5256040	20.1596000	153.1900000	-4.5300000	1412.7488129	4.0698556
-160.5256040	20.6596000	153.1900000	-4.5300000	1418.1520749	4.0698556
-160.5256040	21.1596000	153.1900000	-4.5300000	1423.7667918	4.0694742
-160.5256040	21.6596000	153.1900000	-4.5300000	1429.5429158	4.0688556
-160.5256040	22.1596000	153.1900000	-4.5300000	1435.1787111	4.0688556
-160.5256040	22.6596000	153.1900000	-4.5300000	1441.0247568	4.0684742
-160.5256040	23.1596000	153.1900000	-4.5300000	1447.1661475	4.0674742
-160.5256040	23.6596000	153.1900000	-4.5300000	1453.2475232	4.0668556
-160.5256040	24.1596000	153.1900000	-4.5300000	1459.3180047	4.0664742
-160.5256040	24.6596000	153.1900000	-4.5300000	1465.5464724	4.0658556
-160.5256040	25.1596000	153.1900000	-4.5300000	1471.7614694	4.0654742
-160.5256040	25.6596000	153.1900000	-4.5300000	1478.1333666	4.0648556
-160.5256040	26.1596000	153.1900000	-4.5300000	1484.4892127	4.0644742
-160.5256040	26.6596000	153.1900000	-4.5300000	1490.7740010	4.0644742
-160.0256040	14.6596000	153.1900000	-4.5300000	1371.0450900	4.0704742
-160.0256040	15.1596000	153.1900000	-4.5300000	1375.6770587	4.0698556
-160.0256040	15.6596000	153.1900000	-4.5300000	1380.1879759	4.0698556
-160.0256040	16.1596000	153.1900000	-4.5300000	1384.7853109	4.0698556
-160.0256040	16.6596000	153.1900000	-4.5300000	1389.4681553	4.0698556
-160.0256040	17.1596000	153.1900000	-4.5300000	1394.2355952	4.0698556
-160.0256040	17.6596000	153.1900000	-4.5300000	1399.0867129	4.0698556
-160.0256040	18.1596000	153.1900000	-4.5300000	1404.0205865	4.0698556
-160.0256040	18.6596000	153.1900000	-4.5300000	1409.0362914	4.0698556
-160.0256040	19.1596000	153.1900000	-4.5300000	1414.1329001	4.0698556
-160.0256040	19.6596000	153.1900000	-4.5300000	1419.3094833	4.0698556
-160.0256040	20.1596000	153.1900000	-4.5300000	1424.5651103	4.0698556
-160.0256040	20.6596000	153.1900000	-4.5300000	1429.8988491	4.0698556
-160.0256040	21.1596000	153.1900000	-4.5300000	1435.4443089	4.0694742
-160.0256040	21.6596000	153.1900000	-4.5300000	1441.1510373	4.0688556
-160.0256040	22.1596000	153.1900000	-4.5300000	1446.8505299	4.0684742
-160.0256040	22.6596000	153.1900000	-4.5300000	1452.7101700	4.0678556
-160.0256040	23.1596000	153.1900000	-4.5300000	1458.5600752	4.0674742
-160.0256040	23.6596000	153.1900000	-4.5300000	1464.5690285	4.0668556
-160.0256040	24.1596000	153.1900000	-4.5300000	1470.5657354	4.0664742
-160.0256040	24.6596000	153.1900000	-4.5300000	1476.7204158	4.0658556
-160.0256040	25.1596000	153.1900000	-4.5300000	1482.8603293	4.0654742
-160.0256040	25.6596000	153.1900000	-4.5300000	1489.1571688	4.0648556
-160.0256040	26.1596000	153.1900000	-4.5300000	1495.4367153	4.0644742
-160.0256040	26.6596000	153.1900000	-4.5300000	1501.6436117	4.0644742
-159.5256040	14.6596000	153.1900000	-4.5300000	1383.5806734	4.0704742
-159.5256040	15.1596000	153.1900000	-4.5300000	1388.1567622	4.0698556
-159.5256040	15.6596000	153.1900000	-4.5300000	1392.6087527	4.0698556
-159.5256040	16.1596000	153.1900000	-4.5300000	1397.1460482	4.0698556
-159.5256040	16.6596000	153.1900000	-4.5300000	1401.7677685	4.0698556
-159.5256040	17.1596000	153.1900000	-4.5300000	1406.4730281	4.0698556
-159.5256040	17.6596000	153.1900000	-4.5300000	1411.2609373	4.0698556
-159.5256040	18.1596000	153.1900000	-4.5300000	1416.1306023	4.0698556
-159.5256040	18.6596000	153.1900000	-4.5300000	1421.0811261	4.0698556
-159.5256040	19.1596000	153.1900000	-4.5300000	1426.1116089	4.0698556
-159.5256040	19.6596000	153.1900000	-4.5300000	1431.2211487	4.0698556
-159.5256040	20.1596000	153.1900000	-4.5300000	1436.4088415	4.0698556
-159.5256040	20.6596000	153.1900000	-4.5300000	1441.8089202	4.0694742
-159.5256040	21.1596000	153.1900000	-4.5300000	1447.1507038	4.0694742
-159.5256040	21.6596000	153.1900000	-4.5300000	1452.7887476	4.0688556
-159.5256040	22.1596000	153.1900000	-4.5300000	1458.4180746	4.0684742
-159.5256040	22.6596000	153.1900000	-4.5300000	1464.2074453	4.0678556
-159.5256040	23.1596000	153.1900000	-4.5300000	1469.9856578	4.0674742
-159.5256040	23.6596000	153.1900000	-4.5300000	1475.9228558	4.0668556
-159.5256040	24.1596000	153.1900000	-4.5300000	1481.8464406	4.0664742
-159.5256040	24.6596000	153.1900000	-4.5300000	1487.9279753	4.0658556
-159.5256040	25.1596000	153.1900000	-4.5300000	1493.9934315	4.0654742
-159.5256040	25.6596000	153.1900000	-4.5300000	1500.2158275	4.0648556
-159.5256040	26.1596000	153.1900000	-4.5300000	1506.2783051	4.0648556
-159.5256040	26.6596000	153.1900000	-4.5300000	1512.5492568	4.0644742
-159.0256040	14.6596000	153.1900000	-4.5300000	1396.1348101	4.0704742
-159.0256040	15.1596000	153.1900000	-4.5300000	1400.4429353	4.0704742
-159.0256040	15.6596000	153.1900000	-4.5300000	1405.0495946	4.0698556
-159.0256040	16.1596000	153.1900000	-4.5300000	1409.5276049	4.0698556
-159.0256040	16.6596000	153.1900000	-4.5300000	1414.0889540	4.0698556
-159.0256040	17.1596000	153.1900000	-4.5300000	1418.7327840	4.0698556
-159.0256040	17.6596000	153.1900000	-4.5300000	1423.4582323	4.0698556
-159.0256040	18.1596000	153.1900000	-4.5300000	1428.2644324	4.0698556
-159.0256040	18.6596000	153.1900000	-4.5300000	1433.1505141	4.0698556
-159.0256040	19.1596000	153.1900000	-4.5300000	1438.1156044	4.0698556
-159.0256040	19.6596000	153.1900000	-4.5300000	1443.2941047	4.0694742
-159.0256040	20.1596000	153.1900000	-4.5300000	1448.4150634	4.0694742
-159.0256040	20.6596000	153.1900000	-4.5300000	1453.6124056	4.0694742
-159.0256040	21.1596000	153.1900000	-4.5300000	1459.1070284	4.0688556
-159.0256040	21.6596000	153.1900000	-4.5300000	1464.4553094	4.0688556
-159.0256040	22.1596000	153.1900000	-4.5300000	1470.0151586	4.0684742
-159.0256040	22.6596000	153.1900000	-4.5300000	1475.7349393	4.0678556
-159.0256040	23.1596000	153.1900000	-4.5300000	1481.4421262	4.0674742
-159.0256040	23.6596000	153.1900000	-4.5300000	1487.3082261	4.0668556
-159.0256040	24.1596000	153.1900000	-4.5300000	1493.1593325	4.0664742
-159.0256040	24.6596000	153.1900000	-4.5300000	1499.1683547	4.0658556
-159.0256040	25.1596000	153.1900000	-4.5300000	1505.1599720	4.0654742
-159.0256040	25.6596000	153.1900000	-4.5300000	1511.3085316	4.0648556
-159.0256040	26.1596000	153.1900000	-4.5300000	1517.2948652	4.0648556
-159.0256040	26.6596000	153.1900000	-4.5300000	1523.4901127	4.0644742
-158.5256040	14.6596000	153.1900000	-4.5300000	1408.7069912	4.0704742
-158.5256040	15.1596000	153.1900000	-4.5300000	1412.9588310	4.0704742
-158.5256040	15.6596000	153.1900000	-4.5300000	1417.5099583	4.0698556
-158.5256040	16.1596000	153.1900000	-4.5300000	1421.9294209	4.0698556
-158.5256040	16.6596000	153.1900000	-4.5300000	1426.4311355	4.0698556
-158.5256040	17.1596000	153.1900000	-4.5300000	1431.0142705	4.0698556
-158.5256040	17.6596000	153.1900000	-4.5300000	1435.6779899	4.0698556
-158.5256040	18.1596000	153.1900000	-4.5300000	1440.5564740	4.0694742
-158.5256040	18.6596000	153.1900000	-4.5300000	1445.3792898	4.0694742
-158.5256040	19.1596000	153.1900000	-4.5300000	1450.2801659	4.0694742
-158.5256040	19.6596000	153.1900000	-4.5300000	1455.2582526	4.0694742
-158.5256040	20.1596000	153.1900000	-4.5300000	1460.5346919	4.0688556
-158.5256040	20.6596000	153.1900000	-4.5300000	1465.6654213	4.0688556
-158.5256040	21.1596000	153.1900000	-4.5300000	1470.8708115	4.0688556
-158.5256040	21.6596000	153.1900000	-4.5300000	1476.2884098	4.0684742
-158.5256040	22.1596000	153.1900000	-4.5300000	1481.8663463	4.0678556
-158.5256040	22.6596000	153.1900000	-4.5300000	1487.2919138	4.0678556
-158.5256040	23.1596000	153.1900000	-4.5300000	1492.9287318	4.0674742
-158.5256040	23.6596000	153.1900000	-4.5300000	1498.7243814	4.0668556
-158.5256040	24.1596000	153.1900000	-4.5300000	1504.5036441	4.0664742
-158.5256040	24.6596000	153.1900000	-4.5300000	1510.4407785	4.0658556
-158.5256040	25.1596000	153.1900000	-4.5300000	1516.3591676	4.0654742
-158.5256040	25.6596000	153.1900000	-4.5300000	1522.4344907	4.0648556
-158.5256040	26.1596000	153.1900000	-4.5300000	1528.3452618	4.0648556
-158.5256040	26.6596000	153.1900000	-4.5300000	1534.4653762	4.0644742
-158.0256040	14.6596000	153.1900000	-4.5300000	1421.1635427	4.0708556
-158.0256040	15.1596000	153.1900000	-4.5300000	1425.4929994	4.0704742
-158.0256040	15.6596000	153.1900000	-4.5300000	1429.9893184	4.0698556
-158.0256040	16.1596000	153.1900000	-4.5300000	1434.3509545	4.0698556
-158.0256040	16.6596000	153.1900000	-4.5300000	1438.7937548	4.0698556
-158.0256040	17.1596000	153.1900000	-4.5300000	1443.3169138	4.0698556
-158.0256040	17.6596000	153.1900000	-4.5300000	1448.0553444	4.0694742
-158.0256040	18.1596000	153.1900000	-4.5300000	1452.7372238	4.0694742
-158.0256040	18.6596000	153.1900000	-4.5300000	1457.4970253	4.0694742
-158.0256040	19.1596000	153.1900000	-4.5300000	1462.5562286	4.0688556
-158.0256040	19.6596000	153.1900000	-4.5300000	1467.4701525	4.0688556
-158.0256040	20.1596000	153.1900000	-4.5300000	1472.4595359	4.0688556
-158.0256040	20.6596000	153.1900000	-4.5300000	1477.5235495	4.0688556
-158.0256040	21.1596000	153.1900000	-4.5300000	1482.8003763	4.0684742
-158.0256040	21.6596000	153.1900000	-4.5300000	1488.0116450	4.0684742
-158.0256040	22.1596000	153.1900000	-4.5300000	1493.5221188	4.0678556
-158.0256040	22.6596000	153.1900000	-4.5300000	1499.0182200	4.0674742
-158.0256040	23.1596000	153.1900000	-4.5300000	1504.4447466	4.0674742
-158.0256040	23.6596000	153.1900000	-4.5300000	1510.1705842	4.0668556
-158.0256040	24.1596000	153.1900000	-4.5300000	1515.8786287	4.0664742
-158.0256040	24.6596000	153.1900000	-4.5300000	1521.7444916	4.0658556
-158.0256040	25.1596000	153.1900000	-4.5300000	1527.5902551	4.0654742
-158.0256040	25.6596000	153.1900000	-4.5300000	1533.3596058	4.0654742
-158.0256040	26.1596000	153.1900000	-4.5300000	1539.4287173	4.0648556
-158.0256040	26.6596000	153.1900000	-4.5300000	1545.3292311	4.0648556
-157.5256040	14.6596000	153.1900000	-4.5300000	1433.7691730	4.0708556
-157.5256040	15.1596000	153.1900000	-4.5300000	1438.0449486	4.0704742
-157.5256040	15.6596000	153.1900000	-4.5300000	1442.4871667	4.0698556
-157.5256040	16.1596000	153.1900000	-4.5300000	1446.7916811	4.0698556
-157.5256040	16.6596000	153.1900000	-4.5300000	1451.1762720	4.0698556
-157.5256040	17.1596000	153.1900000	-4.5300000	1455.7766056	4.0694742
-157.5256040	17.6596000	153.1900000	-4.5300000	1460.3194279	4.0694742
-157.5256040	18.1596000	153.1900000	-4.5300000	1465.1626751	4.0688556
-157.5256040	18.6596000	153.1900000	-4.5300000	1469.8608720	4.0688556
-157.5256040	19.1596000	153.1900000	-4.5300000	1474.6352161	4.0688556
-157.5256040	19.6596000	153.1900000	-4.5300000	1479.4849068	4.0688556
-157.5256040	20.1596000	153.1900000	-4.5300000	1484.5483189	4.0684742
-157.5256040	20.6596000	153.1900000	-4.5300000	1489.5467596	4.0684742
-157.5256040	21.1596000	153.1900000	-4.5300000	1494.6181380	4.0684742
-157.5256040	21.6596000	153.1900000	-4.5300000	1499.9896927	4.0678556
-157.5256040	22.1596000	153.1900000	-4.5300000	1505.2053126	4.0678556
-157.5256040	22.6596000	153.1900000	-4.5300000	1510.6331107	4.0674742
-157.5256040	23.1596000	153.1900000	-4.5300000	1516.2200339	4.0668556
-157.5256040	23.6596000	153.1900000	-4.5300000	1521.6461163	4.0668556
-157.5256040	24.1596000	153.1900000	-4.5300000	1527.2835594	4.0664742
-157.5256040	24.6596000	153.1900000	-4.5300000	1533.0787583	4.0658556
-157.5256040	25.1596000	153.1900000	-4.5300000	1538.8524908	4.0654742
-157.5256040	25.6596000	153.1900000	-4.5300000	1544.5480796	4.0654742
-157.5256040	26.1596000	153.1900000	-4.5300000	1550.5444736	4.0648556
-157.5256040	26.6596000	153.1900000	-4.5300000	1556.3699414	4.0648556
-157.0256040	14.6596000	153.1900000	-4.5300000	1446.3914200	4.0708556
-157.0256040	15.1596000	153.1900000	-4.5300000	1450.6142029	4.0704742
-157.0256040	15.6596000	153.1900000	-4.5300000	1455.0030112	4.0698556
-157.0256040	16.1596000	153.1900000	-4.5300000	1459.2510935	4.0698556
-157.0256040	16.6596000	153.1900000	-4.5300000	1463.5781641	4.0698556
-157.0256040	17.1596000	153.1900000	-4.5300000	1468.1210706	4.0694742
-157.0256040	17.6596000	153.1900000	-4.5300000	1472.8281262	4.0688556
-157.0256040	18.1596000	153.1900000	-4.5300000	1477.3887234	4.0688556
-157.0256040	18.6596000	153.1900000	-4.5300000	1482.0252734	4.0688556
-157.0256040	19.1596000	153.1900000	-4.5300000	1486.7370022	4.0688556
-157.0256040	19.6596000	153.1900000	-4.5300000	1491.6629778	4.0684742
-157.0256040	20.1596000	153.1900000	-4.5300000	1496.5231862	4.0684742
-157.0256040	20.6596000	153.1900000	-4.5300000	1501.6845463	4.0678556
-157.0256040	21.1596000	153.1900000	-4.5300000	1506.6904252	4.0678556
-157.0256040	21.6596000	153.1900000	-4.5300000	1511.7675918	4.0678556
-157.0256040	22.1596000	153.1900000	-4.5300000	1517.0575199	4.0674742
-157.0256040	22.6596000	153.1900000	-4.5300000	1522.2753895	4.0674742
-157.0256040	23.1596000	153.1900000	-4.5300000	1527.7945217	4.0668556
-157.0256040	23.6596000	153.1900000	-4.5300000	1533.2940977	4.0664742
-157.0256040	24.1596000	153.1900000	-4.5300000	1538.7177280	4.0664742
-157.0256040	24.6596000	153.1900000	-4.5300000	1544.4428618	4.0658556
-157.0256040	25.1596000	153.1900000	-4.5300000	1550.1451498	4.0654742
-157.0256040	25.6596000	153.1900000	-4.5300000	1555.7675491	4.0654742
-157.0256040	26.1596000	153.1900000	-4.5300000	1561.6917914	4.0648556
-157.0256040	26.6596000	153.1900000	-4.5300000	1567.4427617	4.0648556
-156.5256040	14.6596000	153.1900000	-4.5300000	1459.0298392	4.0708556
-156.5256040	15.1596000	153.1900000	-4.5300000	1463.2003022	4.0704742
-156.5256040	15.6596000	153.1900000	-4.5300000	1467.5363762	4.0698556
-156.5256040	16.1596000	153.1900000	-4.5300000	1471.7287002	4.0698556
-156.5256040	16.6596000	153.1900000	-4.5300000	1476.1372801	4.0694742
-156.5256040	17.1596000	153.1900000	-4.5300000	1480.4850794	4.0694742
-156.5256040	17.6596000	153.1900000	-4.5300000	1485.1350483	4.0688556
-156.5256040	18.1596000	153.1900000	-4.5300000	1489.6356612	4.0688556
-156.5256040	18.6596000	153.1900000	-4.5300000	1494.3513288	4.0684742
-156.5256040	19.1596000	153.1900000	-4.5300000	1499.0015424	4.0684742
-156.5256040	19.6596000	153.1900000	-4.5300000	1503.7252158	4.0684742
-156.5256040	20.1596000	153.1900000	-4.5300000	1508.7509713	4.0678556
-156.5256040	20.6596000	153.1900000	-4.5300000	1513.6200309	4.0678556
-156.5256040	21.1596000	153.1900000	-4.5300000	1518.5602830	4.0678556
-156.5256040	21.6596000	153.1900000	-4.5300000	1523.7138487	4.0674742
-156.5256040	22.1596000	153.1900000	-4.5300000	1528.7946700	4.0674742
-156.5256040	22.6596000	153.1900000	-4.5300000	1534.1776979	4.0668556
-156.5256040	23.1596000	153.1900000	-4.5300000	1539.3963547	4.0668556
-156.5256040	23.6596000	153.1900000	-4.5300000	1544.8272925	4.0664742
-156.5256040	24.1596000	153.1900000	-4.5300000	1550.1804452	4.0664742
-156.5256040	24.6596000	153.1900000	-4.5300000	1555.8361041	4.0658556
-156.5256040	25.1596000	153.1900000	-4.5300000	1561.4675259	4.0654742
-156.5256040	25.6596000	153.1900000	-4.5300000	1567.0173004	4.0654742
-156.5256040	26.1596000	153.1900000	-4.5300000	1572.8699491	4.0648556
-156.5256040	26.6596000	153.1900000	-4.5300000	1578.5469641	4.0648556
-156.0256040	14.6596000	153.1900000	-4.5300000	1471.6840010	4.0708556
-156.0256040	15.1596000	153.1900000	-4.5300000	1475.6645110	4.0708556
-156.0256040	15.6596000	153.1900000	-4.5300000	1480.0868009	4.0698556
-156.0256040	16.1596000	153.1900000	-4.5300000	1484.2240254	4.0698556
-156.0256040	16.6596000	153.1900000	-4.5300000	1488.5775844	4.0694742
-156.0256040	17.1596000	153.1900000	-4.5300000	1493.0950701	4.0688556
-156.0256040	17.6596000	153.1900000	-4.5300000	1497.4616700	4.0688556
-156.0256040	18.1596000	153.1900000	-4.5300000	1501.9029550	4.0688556
-156.0256040	18.6596000	153.1900000	-4.5300000	1506.5594417	4.0684742
-156.0256040	19.1596000	153.1900000	-4.5300000	1511.3781279	4.0678556
-156.0256040	19.6596000	153.1900000	-4.5300000	1516.0402512	4.0678556
-156.0256040	20.1596000	153.1900000	-4.5300000	1520.7741575	4.0678556
-156.0256040	20.6596000	153.1900000	-4.5300000	1525.7221825	4.0674742
-156.0256040	21.1596000	153.1900000	-4.5300000	1530.5978970	4.0674742
-156.0256040	21.6596000	153.1900000	-4.5300000	1535.5431817	4.0674742
-156.0256040	22.1596000	153.1900000	-4.5300000	1540.7916012	4.0668556
-156.0256040	22.6596000	153.1900000	-4.5300000	1545.8745675	4.0668556
-156.0256040	23.1596000	153.1900000	-4.5300000	1551.0248802	4.0668556
-156.0256040	23.6596000	153.1900000	-4.5300000	1556.3877777	4.0664742
-156.0256040	24.1596000	153.1900000	-4.5300000	1561.6710392	4.0664742
-156.0256040	24.6596000	153.1900000	-4.5300000	1567.2578048	4.0658556
-156.0256040	25.1596000	153.1900000	-4.5300000	1572.6713682	4.0658556
-156.0256040	25.6596000	153.1900000	-4.5300000	1578.2966372	4.0654742
-156.0256040	26.1596000	153.1900000	-4.5300000	1583.8372341	4.0654742
-156.0256040	26.6596000	153.1900000	-4.5300000	1589.6818382	4.0648556
-155.5256040	14.6596000	153.1900000	-4.5300000	1484.3534892	4.0708556
-155.5256040	15.1596000	153.1900000	-4.5300000	1488.2817958	4.0708556
-155.5256040	15.6596000	153.1900000	-4.5300000	1492.4270188	4.0704742
-155.5256040	16.1596000	153.1900000	-4.5300000	1496.7366084	4.0698556
-155.5256040	16.6596000	153.1900000	-4.5300000	1501.0357930	4.0694742
-155.5256040	17.1596000	153.1900000	-4.5300000	1505.4985517	4.0688556
-155.5256040	17.6596000	153.1900000	-4.5300000	1509.8074876	4.0688556
-155.5256040	18.1596000	153.1900000	-4.5300000	1514.3320574	4.0684742
-155.5256040	18.6596000	153.1900000	-4.5300000	1519.0189760	4.0678556
-155.5256040	19.1596000	153.1900000	-4.5300000	1523.5479037	4.0678556
-155.5256040	19.6596000	153.1900000	-4.5300000	1528.1483930	4.0678556
-155.5256040	20.1596000	153.1900000	-4.5300000	1532.9634828	4.0674742
-155.5256040	20.6596000	153.1900000	-4.5300000	1537.7053971	4.0674742
-155.5256040	21.1596000	153.1900000	-4.5300000	1542.5167312	4.0674742
-155.5256040	21.6596000	153.1900000	-4.5300000	1547.6321128	4.0668556
-155.5256040	22.1596000	153.1900000	-4.5300000	1552.5808751	4.0668556
-155.5256040	22.6596000	153.1900000	-4.5300000	1557.5969002	4.0668556
-155.5256040	23.1596000	153.1900000	-4.5300000	1562.8260514	4.0664742
-155.5256040	23.6596000	153.1900000	-4.5300000	1567.9749083	4.0664742
-155.5256040	24.1596000	153.1900000	-4.5300000	1573.1888561	4.0664742
-155.5256040	24.6596000	153.1900000	-4.5300000	1578.7073008	4.0658556
-155.5256040	25.1596000	153.1900000	-4.5300000	1584.0500622	4.0658556
-155.5256040	25.6596000	153.1900000	-4.5300000	1589.6048805	4.0654742
-155.5256040	26.1596000	153.1900000	-4.5300000	1595.0732685	4.0654742
-155.5256040	26.6596000	153.1900000	-4.5300000	1600.6031304	4.0654742
-155.0256040	14.6596000	153.1900000	-4.5300000	1497.0379015	4.0708556
-155.0256040	15.1596000	153.1900000	-4.5300000	1500.9146304	4.0708556
-155.0256040	15.6596000	153.1900000	-4.5300000	1505.0083266	4.0704742
-155.0256040	16.1596000	153.1900000	-4.5300000	1509.2660026	4.0698556
-155.0256040	16.6596000	153.1900000	-4.5300000	1513.5114451	4.0694742
-155.0256040	17.1596000	153.1900000	-4.5300000	1517.9201103	4.0688556
-155.0256040	17.6596000	153.1900000	-4.5300000	1522.1720126	4.0688556
-155.0256040	18.1596000	153.1900000	-4.5300000	1526.6396801	4.0684742
-155.0256040	18.6596000	153.1900000	-4.5300000	1531.2693981	4.0678556
-155.0256040	19.1596000	153.1900000	-4.5300000	1535.7382733	4.0678556
-155.0256040	19.6596000	153.1900000	-4.5300000	1540.4222023	4.0674742
-155.0256040	20.1596000	153.1900000	-4.5300000	1545.0320216	4.0674742
-155.0256040	20.6596000	153.1900000	-4.5300000	1549.9467619	4.0668556
-155.0256040	21.1596000	153.1900000	-4.5300000	1554.6950467	4.0668556
-155.0256040	21.6596000	153.1900000	-4.5300000	1559.5111644	4.0668556
-155.0256040	22.1596000	153.1900000	-4.5300000	1564.5411620	4.0664742
-155.0256040	22.6596000	153.1900000	-4.5300000	1569.4913012	4.0664742
-155.0256040	23.1596000	153.1900000	-4.5300000	1574.5071679	4.0664742
-155.0256040	23.6596000	153.1900000	-4.5300000	1579.5880560	4.0664742
-155.0256040	24.1596000	153.1900000	-4.5300000	1584.9743446	4.0658556
-155.0256040	24.6596000	153.1900000	-4.5300000	1590.1839461	4.0658556
-155.0256040	25.1596000	153.1900000	-4.5300000	1595.4564563	4.0658556
-155.0256040	25.6596000	153.1900000	-4.5300000	1600.9413680	4.0654742
-155.0256040	26.1596000	153.1900000	-4.5300000	1606.3380787	4.0654742
-155.0256040	26.6596000	153.1900000	-4.5300000	1611.7955815	4.0654742
-154.5256040	14.6596000	153.1900000	-4.5300000	1509.7368480	4.0708556
-154.5256040	15.1596000	153.1900000	-4.5300000	1513.5626105	4.0708556
-154.5256040	15.6596000	153.1900000	-4.5300000	1517.6053952	4.0704742
-154.5256040	16.1596000	153.1900000	-4.5300000	1521.8117756	4.0698556
-154.5256040	16.6596000	153.1900000	-4.5300000	1526.0040941	4.0694742
-154.5256040	17.1596000	153.1900000	-4.5300000	1530.3592857	4.0688556
-154.5256040	17.6596000	153.1900000	-4.5300000	1534.5547712	4.0688556
-154.5256040	18.1596000	153.1900000	-4.5300000	1538.9661541	4.0684742
-154.5256040	18.6596000	153.1900000	-4.5300000	1543.5392889	4.0678556
-154.5256040	19.1596000	153.1900000	-4.5300000	1548.0938950	4.0674742
-154.5256040	19.6596000	153.1900000	-4.5300000	1552.5733899	4.0674742
-154.5256040	20.1596000	153.1900000	-4.5300000	1557.3586864	4.0668556
-154.5256040	20.6596000	153.1900000	-4.5300000	1561.9761566	4.0668556
-154.5256040	21.1596000	153.1900000	-4.5300000	1566.6612580	4.0668556
-154.5256040	21.6596000	153.1900000	-4.5300000	1571.5607183	4.0664742
-154.5256040	22.1596000	153.1900000	-4.5300000	1576.3794912	4.0664742
-154.5256040	22.6596000	153.1900000	-4.5300000	1581.2638546	4.0664742
-154.5256040	23.1596000	153.1900000	-4.5300000	1586.2131228	4.0664742
-154.5256040	23.6596000	153.1900000	-4.5300000	1591.2266089	4.0664742
-154.5256040	24.1596000	153.1900000	-4.5300000	1596.5464714	4.0658556
-154.5256040	24.6596000	153.1900000	-4.5300000	1601.6871110	4.0658556
-154.5256040	25.1596000	153.1900000	-4.5300000	1606.8899125	4.0658556
-154.5256040	25.6596000	153.1900000	-4.5300000	1612.3054537	4.0654742
-154.5256040	26.1596000	153.1900000	-4.5300000	1617.6310114	4.0654742
-154.5256040	26.6596000	153.1900000	-4.5300000	1623.0166695	4.0654742
-154.0256040	14.6596000	153.1900000	-4.5300000	1522.2186600	4.0714742
-154.0256040	15.1596000	153.1900000	-4.5300000	1526.2253448	4.0708556
-154.0256040	15.6596000	153.1900000	-4.5300000	1530.2178191	4.0704742
-154.0256040	16.1596000	153.1900000	-4.5300000	1534.3735081	4.0698556
-154.0256040	16.6596000	153.1900000	-4.5300000	1538.5133071	4.0694742
-154.0256040	17.1596000	153.1900000	-4.5300000	1542.8156313	4.0688556
-154.0256040	17.6596000	153.1900000	-4.5300000	1547.1003460	4.0684742
-154.0256040	18.1596000	153.1900000	-4.5300000	1551.5468924	4.0678556
-154.0256040	18.6596000	153.1900000	-4.5300000	1555.8281630	4.0678556
-154.0256040	19.1596000	153.1900000	-4.5300000	1560.3250757	4.0674742
-154.0256040	19.6596000	153.1900000	-4.5300000	1564.9827467	4.0668556
-154.0256040	20.1596000	153.1900000	-4.5300000	1569.4711423	4.0668556
-154.0256040	20.6596000	153.1900000	-4.5300000	1574.1745747	4.0664742
-154.0256040	21.1596000	153.1900000	-4.5300000	1578.7975128	4.0664742
-154.0256040	21.6596000	153.1900000	-4.5300000	1583.4865214	4.0664742
-154.0256040	22.1596000	153.1900000	-4.5300000	1588.2409374	4.0664742
-154.0256040	22.6596000	153.1900000	-4.5300000	1593.0600956	4.0664742
-154.0256040	23.1596000	153.1900000	-4.5300000	1598.1864254	4.0658556
-154.0256040	23.6596000	153.1900000	-4.5300000	1603.1338194	4.0658556
-154.0256040	24.1596000	153.1900000	-4.5300000	1608.1439614	4.0658556
-154.0256040	24.6596000	153.1900000	-4.5300000	1613.2161813	4.0658556
-154.0256040	25.1596000	153.1900000	-4.5300000	1618.3498085	4.0658556
-154.0256040	25.6596000	153.1900000	-4.5300000	1623.5441718	4.0658556
-154.0256040	26.1596000	153.1900000	-4.5300000	1628.9514287	4.0654742
-154.0256040	26.6596000	153.1900000	-4.5300000	1634.2657494	4.0654742
-153.5256040	14.6596000	153.1900000	-4.5300000	1534.9436215	4.0714742
-153.5256040	15.1596000	153.1900000	-4.5300000	1538.9024539	4.0708556
-153.5256040	15.6596000	153.1900000	-4.5300000	1542.8452054	4.0704742
-153.5256040	16.1596000	153.1900000	-4.5300000	1546.9507935	4.0698556
-153.5256040	16.6596000	153.1900000	-4.5300000	1551.0386643	4.0694742
-153.5256040	17.1596000	153.1900000	-4.5300000	1555.2887141	4.0688556
-153.5256040	17.6596000	153.1900000	-4.5300000	1559.5193707	4.0684742
-153.5256040	18.1596000	153.1900000	-4.5300000	1563.9115447	4.0678556
-153.5256040	18.6596000	153.1900000	-4.5300000	1568.1355488	4.0678556
-153.5256040	19.1596000	153.1900000	-4.5300000	1572.5753575	4.0674742
-153.5256040	19.6596000	153.1900000	-4.5300000	1577.1756573	4.0668556
-153.5256040	20.1596000	153.1900000	-4.5300000	1581.6038705	4.0668556
-153.5256040	20.6596000	153.1900000	-4.5300000	1586.2473236	4.0664742
-153.5256040	21.1596000	153.1900000	-4.5300000	1590.8082343	4.0664742
-153.5256040	21.6596000	153.1900000	-4.5300000	1595.4343242	4.0664742
-153.5256040	22.1596000	153.1900000	-4.5300000	1600.3683769	4.0658556
-153.5256040	22.6596000	153.1900000	-4.5300000	1605.1236137	4.0658556
-153.5256040	23.1596000	153.1900000	-4.5300000	1609.9421006	4.0658556
-153.5256040	23.6596000	153.1900000	-4.5300000	1614.8231879	4.0658556
-153.5256040	24.1596000	153.1900000	-4.5300000	1619.7662246	4.0658556
-153.5256040	24.6596000	153.1900000	-4.5300000	1624.7705586	4.0658556
-153.5256040	25.1596000	153.1900000	-4.5300000	1629.8355374	4.0658556
-153.5256040	25.6596000	153.1900000	-4.5300000	1634.9605074	4.0658556
-153.5256040	26.1596000	153.1900000	-4.5300000	1640.1448151	4.0658556
-153.5256040	26.6596000	153.1900000	-4.5300000	1645.5421918	4.0654742
-153.0256040	14.6596000	153.1900000	-4.5300000	1547.6820183	4.0714742
-153.0256040	15.1596000	153.1900000	-4.5300000	1551.5935705	4.0708556
-153.0256040	15.6596000	153.1900000	-4.5300000	1555.4871733	4.0704742
-153.0256040	16.1596000	153.1900000	-4.5300000	1559.5432378	4.0698556
-153.0256040	16.6596000	153.1900000	-4.5300000	1563.5797584	4.0694742
-153.0256040	17.1596000	153.1900000	-4.5300000	1567.7781139	4.0688556
-153.0256040	17.6596000	153.1900000	-4.5300000	1571.9552920	4.0684742
-153.0256040	18.1596000	153.1900000	-4.5300000	1576.2936739	4.0678556
-153.0256040	18.6596000	153.1900000	-4.5300000	1580.4609886	4.0678556
-153.0256040	19.1596000	153.1900000	-4.5300000	1584.8442707	4.0674742
-153.0256040	19.6596000	153.1900000	-4.5300000	1589.3877757	4.0668556
-153.0256040	20.1596000	153.1900000	-4.5300000	1593.9058812	4.0664742
-153.0256040	20.6596000	153.1900000	-4.5300000	1598.3404212	4.0664742
-153.0256040	21.1596000	153.1900000	-4.5300000	1602.8398688	4.0664742
-153.0256040	21.6596000	153.1900000	-4.5300000	1607.6481354	4.0658556
-153.0256040	22.1596000	153.1900000	-4.5300000	1612.2762287	4.0658556
-153.0256040	22.6596000	153.1900000	-4.5300000	1616.9673614	4.0658556
-153.0256040	23.1596000	153.1900000	-4.5300000	1621.7209032	4.0658556
-153.0256040	23.6596000	153.1900000	-4.5300000	1626.5362224	4.0658556
-153.0256040	24.1596000	153.1900000	-4.5300000	1631.4126859	4.0658556
-153.0256040	24.6596000	153.1900000	-4.5300000	1636.3496592	4.0658556
-153.0256040	25.1596000	153.1900000	-4.5300000	1641.3465072	4.0658556
-153.0256040	25.6596000	153.1900000	-4.5300000	1646.4025937	4.0658556
-153.0256040	26.1596000	153.1900000	-4.5300000	1651.5172824	4.0658556
-153.0256040	26.6596000	153.1900000	-4.5300000	1656.6899363	4.0658556
-152.5256040	14.6596000	153.1900000	-4.5300000	1560.4335074	4.0714742
-152.5256040	15.1596000	153.1900000	-4.5300000	1564.2983383	4.0708556
-152.5256040	15.6596000	153.1900000	-4.5300000	1567.9964107	4.0708556
-152.5256040	16.1596000	153.1900000	-4.5300000	1572.1504587	4.0698556
-152.5256040	16.6596000	153.1900000	-4.5300000	1575.9884664	4.0698556
-152.5256040	17.1596000	153.1900000	-4.5300000	1580.2834229	4.0688556
-152.5256040	17.6596000	153.1900000	-4.5300000	1584.2591497	4.0688556
-152.5256040	18.1596000	153.1900000	-4.5300000	1588.6928475	4.0678556
-152.5256040	18.6596000	153.1900000	-4.5300000	1592.8040377	4.0678556
-152.5256040	19.1596000	153.1900000	-4.5300000	1597.1313584	4.0674742
-152.5256040	19.6596000	153.1900000	-4.5300000	1601.6186336	4.0668556
-152.5256040	20.1596000	153.1900000	-4.5300000	1606.0788291	4.0664742
-152.5256040	20.6596000	153.1900000	-4.5300000	1610.4533767	4.0664742
-152.5256040	21.1596000	153.1900000	-4.5300000	1615.1375890	4.0658556
-152.5256040	21.6596000	153.1900000	-4.5300000	1619.6401965	4.0658556
-152.5256040	22.1596000	153.1900000	-4.5300000	1624.2055901	4.0658556
-152.5256040	22.6596000	153.1900000	-4.5300000	1628.8331591	4.0658556
-152.5256040	23.1596000	153.1900000	-4.5300000	1633.5222910	4.0658556
-152.5256040	23.6596000	153.1900000	-4.5300000	1638.2723715	4.0658556
-152.5256040	24.1596000	153.1900000	-4.5300000	1643.0827849	4.0658556
-152.5256040	24.6596000	153.1900000	-4.5300000	1647.9529139	4.0658556
-152.5256040	25.1596000	153.1900000	-4.5300000	1652.8821404	4.0658556
-152.5256040	25.6596000	153.1900000	-4.5300000	1657.8698454	4.0658556
-152.5256040	26.1596000	153.1900000	-4.5300000	1662.9154089	4.0658556
-152.5256040	26.6596000	153.1900000	-4.5300000	1668.0182109	4.0658556
-152.0256040	14.6596000	153.1900000	-4.5300000	1573.0503761	4.0718556
-152.0256040	15.1596000	153.1900000	-4.5300000	1577.0164119	4.0708556
-152.0256040	15.6596000	153.1900000	-4.5300000	1580.6652578	4.0708556
-152.0256040	16.1596000	153.1900000	-4.5300000	1584.5312669	4.0704742
-152.0256040	16.6596000	153.1900000	-4.5300000	1588.5586826	4.0698556
-152.0256040	17.1596000	153.1900000	-4.5300000	1592.5621468	4.0694742
-152.0256040	17.6596000	153.1900000	-4.5300000	1596.7264466	4.0688556
-152.0256040	18.1596000	153.1900000	-4.5300000	1601.1086454	4.0678556
-152.0256040	18.6596000	153.1900000	-4.5300000	1605.1642640	4.0678556
-152.0256040	19.1596000	153.1900000	-4.5300000	1609.4361770	4.0674742
-152.0256040	19.6596000	153.1900000	-4.5300000	1613.8677755	4.0668556
-152.0256040	20.1596000	153.1900000	-4.5300000	1618.2706113	4.0664742
-152.0256040	20.6596000	153.1900000	-4.5300000	1622.5857124	4.0664742
-152.0256040	21.1596000	153.1900000	-4.5300000	1627.2113945	4.0658556
-152.0256040	21.6596000	153.1900000	-4.5300000	1631.6527231	4.0658556
-152.0256040	22.1596000	153.1900000	-4.5300000	1636.1559521	4.0658556
-152.0256040	22.6596000	153.1900000	-4.5300000	1640.7204880	4.0658556
-152.0256040	23.1596000	153.1900000	-4.5300000	1645.3457356	4.0658556
-152.0256040	23.6596000	153.1900000	-4.5300000	1650.0310975	4.0658556
-152.0256040	24.1596000	153.1900000	-4.5300000	1654.7759750	4.0658556
-152.0256040	24.6596000	153.1900000	-4.5300000	1659.5797675	4.0658556
-152.0256040	25.1596000	153.1900000	-4.5300000	1664.4418737	4.0658556
-152.0256040	25.6596000	153.1900000	-4.5300000	1669.3616909	4.0658556
-152.0256040	26.1596000	153.1900000	-4.5300000	1674.3386157	4.0658556
-152.0256040	26.6596000	153.1900000	-4.5300000	1679.3720441	4.0658556
-151.5256040	14.6596000	153.1900000	-4.5300000	1585.8258655	4.0718556
-151.5256040	15.1596000	153.1900000	-4.5300000	1589.5059411	4.0714742
-151.5256040	15.6596000	153.1900000	-4.5300000	1593.3476105	4.0708556
-151.5256040	16.1596000	153.1900000	-4.5300000	1597.1650196	4.0704742
-151.5256040	16.6596000	153.1900000	-4.5300000	1601.1434840	4.0698556
-151.5256040	17.1596000	153.1900000	-4.5300000	1605.0961931	4.0694742
-151.5256040	17.6596000	153.1900000	-4.5300000	1609.2094140	4.0688556
-151.5256040	18.1596000	153.1900000	-4.5300000	1613.2953484	4.0684742
-151.5256040	18.6596000	153.1900000	-4.5300000	1617.5412476	4.0678556
-151.5256040	19.1596000	153.1900000	-4.5300000	1621.7582951	4.0674742
-151.5256040	19.6596000	153.1900000	-4.5300000	1626.1347589	4.0668556
-151.5256040	20.1596000	153.1900000	-4.5300000	1630.4807741	4.0664742
-151.5256040	20.6596000	153.1900000	-4.5300000	1634.7369638	4.0664742
-151.5256040	21.1596000	153.1900000	-4.5300000	1639.3046509	4.0658556
-151.5256040	21.6596000	153.1900000	-4.5300000	1643.6852296	4.0658556
-151.5256040	22.1596000	153.1900000	-4.5300000	1648.1268190	4.0658556
-151.5256040	22.6596000	153.1900000	-4.5300000	1652.7839073	4.0654742
-151.5256040	23.1596000	153.1900000	-4.5300000	1657.3462147	4.0654742
-151.5256040	23.6596000	153.1900000	-4.5300000	1661.8118763	4.0658556
-151.5256040	24.1596000	153.1900000	-4.5300000	1666.4917231	4.0658556
-151.5256040	24.6596000	153.1900000	-4.5300000	1671.2296784	4.0658556
-151.5256040	25.1596000	153.1900000	-4.5300000	1676.0251570	4.0658556
-151.5256040	25.6596000	153.1900000	-4.5300000	1680.8775724	4.0658556
-151.5256040	26.1596000	153.1900000	-4.5300000	1685.7863373	4.0658556
-151.5256040	26.6596000	153.1900000	-4.5300000	1690.7508634	4.0658556
-151.0256040	14.6596000	153.1900000	-4.5300000	1598.6134787	4.0718556
-151.0256040	15.1596000	153.1900000	-4.5300000	1602.2476957	4.0714742
-151.0256040	15.6596000	153.1900000	-4.5300000	1606.0431316	4.0708556
-151.0256040	16.1596000	153.1900000	-4.5300000	1609.8124670	4.0704742
-151.0256040	16.6596000	153.1900000	-4.5300000	1613.7425092	4.0698556
-151.0256040	17.1596000	153.1900000	-4.5300000	1617.6449932	4.0694742
-151.0256040	17.6596000	153.1900000	-4.5300000	1621.7076670	4.0688556
-151.0256040	18.1596000	153.1900000	-4.5300000	1625.7412891	4.0684742
-151.0256040	18.6596000	153.1900000	-4.5300000	1629.9345805	4.0678556
-151.0256040	19.1596000	153.1900000	-4.5300000	1634.0972934	4.0674742
-151.0256040	19.6596000	153.1900000	-4.5300000	1638.4191532	4.0668556
-151.0256040	20.1596000	153.1900000	-4.5300000	1642.7088760	4.0664742
-151.0256040	20.6596000	153.1900000	-4.5300000	1646.9066789	4.0664742
-151.0256040	21.1596000	153.1900000	-4.5300000	1651.4168956	4.0658556
-151.0256040	21.6596000	153.1900000	-4.5300000	1655.7372430	4.0658556
-151.0256040	22.1596000	153.1900000	-4.5300000	1660.2734754	4.0654742
-151.0256040	22.6596000	153.1900000	-4.5300000	1664.7139147	4.0654742
-151.0256040	23.1596000	153.1900000	-4.5300000	1669.2133546	4.0654742
-151.0256040	23.6596000	153.1900000	-4.5300000	1673.6141970	4.0658556
-151.0256040	24.1596000	153.1900000	-4.5300000	1678.2295095	4.0658556
-151.0256040	24.6596000	153.1900000	-4.5300000	1682.9021183	4.0658556
-151.0256040	25.1596000	153.1900000	-4.5300000	1687.6314539	4.0658556
-151.0256040	25.6596000	153.1900000	-4.5300000	1692.4169456	4.0658556
-151.0256040	26.1596000	153.1900000	-4.5300000	1696.9998562	4.0664742
-151.0256040	26.6596000	153.1900000	-4.5300000	1701.8951991	4.0664742
-150.5256040	14.6596000	153.1900000	-4.5300000	1611.4129125	4.0718556
-150.5256040	15.1596000	153.1900000	-4.5300000	1615.0017794	4.0714742
-150.5256040	15.6596000	153.1900000	-4.5300000	1618.7514943	4.0708556
-150.5256040	16.1596000	153.1900000	-4.5300000	1622.3212364	4.0708556
-150.5256040	16.6596000	153.1900000	-4.5300000	1626.3554077	4.0698556
-150.5256040	17.1596000	153.1900000	-4.5300000	1630.0553886	4.0698556
-150.5256040	17.6596000	153.1900000	-4.5300000	1634.2208316	4.0688556
-150.5256040	18.1596000	153.1900000	-4.5300000	1638.2026614	4.0684742
-150.5256040	18.6596000	153.1900000	-4.5300000	1642.3438660	4.0678556
-150.5256040	19.1596000	153.1900000	-4.5300000	1646.4527639	4.0674742
-150.5256040	19.6596000	153.1900000	-4.5300000	1650.7205396	4.0668556
-150.5256040	20.1596000	153.1900000	-4.5300000	1654.9544876	4.0664742
-150.5256040	20.6596000	153.1900000	-4.5300000	1659.0944174	4.0664742
-150.5256040	21.1596000	153.1900000	-4.5300000	1663.5476780	4.0658556
-150.5256040	21.6596000	153.1900000	-4.5300000	1667.8083030	4.0658556
-150.5256040	22.1596000	153.1900000	-4.5300000	1672.2850434	4.0654742
-150.5256040	22.6596000	153.1900000	-4.5300000	1676.6639774	4.0654742
-150.5256040	23.1596000	153.1900000	-4.5300000	1681.1010472	4.0654742
-150.5256040	23.6596000	153.1900000	-4.5300000	1685.4375611	4.0658556
-150.5256040	24.1596000	153.1900000	-4.5300000	1689.9888271	4.0658556
-150.5256040	24.6596000	153.1900000	-4.5300000	1694.5965715	4.0658556
-150.5256040	25.1596000	153.1900000	-4.5300000	1699.2602405	4.0658556
-150.5256040	25.6596000	153.1900000	-4.5300000	1703.7200908	4.0664742
-150.5256040	26.1596000	153.1900000	-4.5300000	1708.4932154	4.0664742
-150.5256040	26.6596000	153.1900000	-4.5300000	1713.3205867	4.0664742
-150.0256040	14.6596000	153.1900000	-4.5300000	1624.2238728	4.0718556
-150.0256040	15.1596000	153.1900000	-4.5300000	1627.6153938	4.0718556
-150.0256040	15.6596000	153.1900000	-4.5300000	1631.2245267	4.0714742
-150.0256040	16.1596000	153.1900000	-4.5300000	1634.9938789	4.0708556
-150.0256040	16.6596000	153.1900000	-4.5300000	1638.7327825	4.0704742
-150.0256040	17.1596000	153.1900000	-4.5300000	1642.6314405	4.0698556
-150.0256040	17.6596000	153.1900000	-4.5300000	1646.4982464	4.0694742
-150.0256040	18.1596000	153.1900000	-4.5300000	1650.5243378	4.0688556
-150.0256040	18.6596000	153.1900000	-4.5300000	1654.7687184	4.0678556
-150.0256040	19.1596000	153.1900000	-4.5300000	1658.6687553	4.0678556
-150.0256040	19.6596000	153.1900000	-4.5300000	1663.0385106	4.0668556
-150.0256040	20.1596000	153.1900000	-4.5300000	1667.0608104	4.0668556
-150.0256040	20.6596000	153.1900000	-4.5300000	1671.2997510	4.0664742
-150.0256040	21.1596000	153.1900000	-4.5300000	1675.6965597	4.0658556
-150.0256040	21.6596000	153.1900000	-4.5300000	1679.8979609	4.0658556
-150.0256040	22.1596000	153.1900000	-4.5300000	1684.1576839	4.0658556
-150.0256040	22.6596000	153.1900000	-4.5300000	1688.6336276	4.0654742
-150.0256040	23.1596000	153.1900000	-4.5300000	1693.0088155	4.0654742
-150.0256040	23.6596000	153.1900000	-4.5300000	1697.2814827	4.0658556
-150.0256040	24.1596000	153.1900000	-4.5300000	1701.7691811	4.0658556
-150.0256040	24.6596000	153.1900000	-4.5300000	1706.3125350	4.0658556
-150.0256040	25.1596000	153.1900000	-4.5300000	1710.9110054	4.0658556
-150.0256040	25.6596000	153.1900000	-4.5300000	1715.3031023	4.0664742
-150.0256040	26.1596000	153.1900000	-4.5300000	1720.0094676	4.0664742
-150.0256040	26.6596000	153.1900000	-4.5300000	1724.7693165	4.0664742
-149.5256040	14.6596000	153.1900000	-4.5300000	1637.0460741	4.0718556
-149.5256040	15.1596000	153.1900000	-4.5300000	1640.3920301	4.0718556
-149.5256040	15.6596000	153.1900000	-4.5300000	1643.9556946	4.0714742
-149.5256040	16.1596000	153.1900000	-4.5300000	1647.6792273	4.0708556
-149.5256040	16.6596000	153.1900000	-4.5300000	1651.3704944	4.0704742
-149.5256040	17.1596000	153.1900000	-4.5300000	1655.2211885	4.0698556
-149.5256040	17.6596000	153.1900000	-4.5300000	1659.0382478	4.0694742
-149.5256040	18.1596000	153.1900000	-4.5300000	1663.0142887	4.0688556
-149.5256040	18.6596000	153.1900000	-4.5300000	1666.9552924	4.0684742
-149.5256040	19.1596000	153.1900000	-4.5300000	1671.0548297	4.0678556
-149.5256040	19.6596000	153.1900000	-4.5300000	1675.1178960	4.0674742
-149.5256040	20.1596000	153.1900000	-4.5300000	1679.3390464	4.0668556
-149.5256040	20.6596000	153.1900000	-4.5300000	1683.5222626	4.0664742
-149.5256040	21.1596000	153.1900000	-4.5300000	1687.8631134	4.0658556
-149.5256040	21.6596000	153.1900000	-4.5300000	1692.0057798	4.0658556
-149.5256040	22.1596000	153.1900000	-4.5300000	1696.2058655	4.0658556
-149.5256040	22.6596000	153.1900000	-4.5300000	1700.4628566	4.0658556
-149.5256040	23.1596000	153.1900000	-4.5300000	1704.7762369	4.0658556
-149.5256040	23.6596000	153.1900000	-4.5300000	1709.1454878	4.0658556
-149.5256040	24.1596000	153.1900000	-4.5300000	1713.5700889	4.0658556
-149.5256040	24.6596000	153.1900000	-4.5300000	1718.0495175	4.0658556
-149.5256040	25.1596000	153.1900000	-4.5300000	1722.3212320	4.0664742
-149.5256040	25.6596000	153.1900000	-4.5300000	1726.9080439	4.0664742
-149.5256040	26.1596000	153.1900000	-4.5300000	1731.5480982	4.0664742
-149.5256040	26.6596000	153.1900000	-4.5300000	1736.2408666	4.0664742
-149.0256040	14.6596000	153.1900000	-4.5300000	1649.8792396	4.0718556
-149.0256040	15.1596000	153.1900000	-4.5300000	1653.1801035	4.0718556
-149.0256040	15.6596000	153.1900000	-4.5300000	1656.5435744	4.0718556
-149.0256040	16.1596000	153.1900000	-4.5300000	1660.3769713	4.0708556
-149.0256040	16.6596000	153.1900000	-4.5300000	1663.8651576	4.0708556
-149.0256040	17.1596000	153.1900000	-4.5300000	1667.8242999	4.0698556
-149.0256040	17.6596000	153.1900000	-4.5300000	1671.4354237	4.0698556
-149.0256040	18.1596000	153.1900000	-4.5300000	1675.5185767	4.0688556
-149.0256040	18.6596000	153.1900000	-4.5300000	1679.2508235	4.0688556
-149.0256040	19.1596000	153.1900000	-4.5300000	1683.4562168	4.0678556
-149.0256040	19.6596000	153.1900000	-4.5300000	1687.4659794	4.0674742
-149.0256040	20.1596000	153.1900000	-4.5300000	1691.6335693	4.0668556
-149.0256040	20.6596000	153.1900000	-4.5300000	1695.6024884	4.0668556
-149.0256040	21.1596000	153.1900000	-4.5300000	1699.7883333	4.0664742
-149.0256040	21.6596000	153.1900000	-4.5300000	1704.1313337	4.0658556
-149.0256040	22.1596000	153.1900000	-4.5300000	1708.2722587	4.0658556
-149.0256040	22.6596000	153.1900000	-4.5300000	1712.4691985	4.0658556
-149.0256040	23.1596000	153.1900000	-4.5300000	1716.7216516	4.0658556
-149.0256040	23.6596000	153.1900000	-4.5300000	1721.0291139	4.0658556
-149.0256040	24.1596000	153.1900000	-4.5300000	1725.3910793	4.0658556
-149.0256040	24.6596000	153.1900000	-4.5300000	1729.8070397	4.0658556
-149.0256040	25.1596000	153.1900000	-4.5300000	1734.0126891	4.0664742
-149.0256040	25.6596000	153.1900000	-4.5300000	1738.5344204	4.0664742
-149.0256040	26.1596000	153.1900000	-4.5300000	1743.1086044	4.0664742
-149.0256040	26.6596000	153.1900000	-4.5300000	1747.5707944	4.0668556
-162.0256040	19.9863000	153.1900000	-4.5300000	1375.3351771	4.0704742
-161.3675990	17.7469010	153.1900000	-4.5300000	1367.2084910	4.0704742
-161.3148960	21.9563010	153.1900000	-4.5300000	1414.6838739	4.0688556
-161.0950010	23.9972000	153.1900000	-4.5300000	1444.4515376	4.0668556
-160.0475010	19.8234000	153.1900000	-4.5300000	1420.5024879	4.0698556
-159.6649930	22.1229990	153.1900000	-4.5300000	1454.7842237	4.0684742
-159.4010010	21.9710010	153.1900000	-4.5300000	1459.2313921	4.0684742
-158.9824980	15.5740000	153.1900000	-4.5300000	1405.3657074	4.0698556
-158.9331050	24.5737990	153.1900000	-4.5300000	1500.2566157	4.0658556
-158.9030000	21.2984010	153.1900000	-4.5300000	1463.4616359	4.0688556
-158.7601930	18.5646990	153.1900000	-4.5300000	1438.6399535	4.0698556
-158.1853940	22.6201990	153.1900000	-4.5300000	1494.7456337	4.0678556
-158.1795040	20.3778000	153.1900000	-4.5300000	1470.9961051	4.0688556
-157.9310000	21.6460000	153.1900000	-4.5300000	1490.0904537	4.0684742
-157.8591000	14.6596000	153.1900000	-4.5300000	1425.3594450	4.0708556
-157.7008060	16.3484000	153.1900000	-4.5300000	1444.0841299	4.0698556
-157.6275940	20.3461000	153.1900000	-4.5300000	1483.9694520	4.0684742
-157.2700040	21.1089990	153.1900000	-4.5300000	1500.3842876	4.0678556
-157.2272950	18.9848000	153.1900000	-4.5300000	1480.1880887	4.0688556
-156.9646000	24.3120990	153.1900000	-4.5300000	1541.7795890	4.0664742
-156.9320070	19.8327010	153.1900000	-4.5300000	1495.5894192	4.0684742
-156.8081970	18.4042000	153.1900000	-4.5300000	1484.9571295	4.0688556
-156.7559970	21.1360000	153.1900000	-4.5300000	1512.8515704	4.0678556
-156.6580050	20.8910010	153.1900000	-4.5300000	1512.7427100	4.0678556
-156.5101010	19.4776990	153.1900000	-4.5300000	1502.3733510	4.0684742
-156.4651030	18.7750000	153.1900000	-4.5300000	1496.8924276	4.0684742
-156.3876950	17.6149010	153.1900000	-4.5300000	1488.1357915	4.0688556
-156.2066040	16.1620010	153.1900000	-4.5300000	1479.7188501	4.0698556
-156.1670070	18.3010010	153.1900000	-4.5300000	1499.8464980	4.0684742
-155.9969940	20.7710000	153.1900000	-4.5300000	1527.4866743	4.0674742
-155.7729950	19.0790000	153.1900000	-4.5300000	1516.7841322	4.0678556
-155.7653050	26.7766990	153.1900000	-4.5300000	1596.8028422	4.0648556
-155.7149960	18.0002990	153.1900000	-4.5300000	1508.2636593	4.0684742
-155.7109990	20.0460000	153.1900000	-4.5300000	1527.2779814	4.0678556
-155.6793980	21.2055000	153.1900000	-4.5300000	1539.2951185	4.0674742
-155.6362000	22.2999000	153.1900000	-4.5300000	1551.3759324	4.0668556
-154.9944000	21.5070000	153.1900000	-4.5300000	1558.7774858	4.0668556
-154.9830020	19.6010000	153.1900000	-4.5300000	1540.9216362	4.0674742
-154.7973940	18.8031010	153.1900000	-4.5300000	1538.1347858	4.0678556
-154.6912990	17.1800990	153.1900000	-4.5300000	1526.4064906	4.0688556
-154.6177980	20.0889000	153.1900000	-4.5300000	1554.4785312	4.0668556
-154.4958950	18.4016990	153.1900000	-4.5300000	1542.0237808	4.0678556
-154.4828030	21.0019000	153.1900000	-4.5300000	1566.2033816	4.0668556
-154.3939970	19.2625010	153.1900000	-4.5300000	1552.2244220	4.0674742
-154.2518010	21.1686990	153.1900000	-4.5300000	1573.4562031	4.0664742
-154.0305020	17.9884000	153.1900000	-4.5300000	1549.7401594	4.0684742
-153.9922940	18.7976000	153.1900000	-4.5300000	1557.8403063	4.0678556
-153.9826970	21.5196990	153.1900000	-4.5300000	1583.1938666	4.0664742
-153.9674990	14.7313000	153.1900000	-4.5300000	1524.4642589	4.0708556
-153.9024050	19.9790990	153.1900000	-4.5300000	1570.8360324	4.0668556
-153.8681950	17.3153990	153.1900000	-4.5300000	1548.0174992	4.0688556
-153.7008060	17.2975010	153.1900000	-4.5300000	1552.0410162	4.0688556
-153.5032040	19.4951990	153.1900000	-4.5300000	1576.2818458	4.0668556
-153.2958980	18.8009000	153.1900000	-4.5300000	1575.1421497	4.0674742
-153.2920990	20.8925990	153.1900000	-4.5300000	1593.9962875	4.0664742
-153.2906040	17.9062000	153.1900000	-4.5300000	1567.3895916	4.0684742
-152.9812010	18.3018000	153.1900000	-4.5300000	1578.5709921	4.0678556
-152.7657930	25.5928000	153.1900000	-4.5300000	1651.6840048	4.0658556
-152.1324010	18.4814000	153.1900000	-4.5300000	1601.0655843	4.0678556
-151.6866000	14.6891000	153.1900000	-4.5300000	1581.9182513	4.0718556
-151.6376040	16.7378010	153.1900000	-4.5300000	1598.9153423	4.0698556
-150.9149930	18.9142000	153.1900000	-4.5300000	1634.7059778	4.0678556
-149.0009000	16.9890000	153.1900000	-4.5300000	1666.9765953	4.0704742
