-162.025604	14.659600	153.190000	-4.530000	1327.449952	4.051000	70.483498	70.483498	70.483498	4.065532	0.474757
-162.025604	15.159600	153.190000	-4.530000	1332.134297	4.051000	70.056383	70.056383	70.056383	4.066422	0.463710
-162.025604	15.659600	153.190000	-4.530000	1336.581016	4.052000	69.432632	69.432632	69.432632	4.061982	0.252264
-162.025604	16.159600	153.190000	-4.530000	1341.447752	4.052000	69.112270	69.112270	69.112270	4.059291	0.340621
-162.025604	16.659600	153.190000	-4.530000	1346.404710	4.052000	68.695321	68.695321	68.695321	4.057069	0.328681
-162.025604	17.159600	153.190000	-4.530000	1351.450848	4.052000	68.281805	68.281805	68.281805	4.054821	0.316327
-162.025604	17.659600	153.190000	-4.530000	1356.585124	4.052000	67.771741	67.771741	67.771741	4.054588	0.203747
-162.025604	18.159600	153.190000	-4.530000	1361.806488	4.052000	67.365144	67.365144	67.365144	4.046874	0.190848
-162.025604	18.659600	153.190000	-4.530000	1367.113894	4.052000	66.862028	66.862028	66.862028	4.042469	0.077521
-162.025604	19.159600	153.190000	-4.530000	1372.506290	4.052000	66.462405	66.362405	66.462405	4.033642	0.063937
-162.025604	19.659600	153.190000	-4.530000	1378.322784	4.051000	65.766285	65.766285	65.766285	4.038032	-0.249987
-162.025604	20.159600	153.190000	-4.530000	1383.883380	4.051000	65.373673	65.373673	65.373673	4.028573	-0.264355
-162.025604	20.659600	153.190000	-4.530000	1389.868926	4.050000	64.784577	64.784577	64.784577	4.030681	-0.479010
-162.025604	21.159600	153.190000	-4.530000	1395.938277	4.049000	64.198998	64.198998	64.198998	4.031413	-0.694026
-162.025604	21.659600	153.190000	-4.530000	1402.090445	4.048000	63.716939	63.716939	63.716939	4.030601	-0.809503
-162.025604	22.159600	153.190000	-4.530000	1408.324446	4.047000	63.238399	63.238399	63.238399	4.030796	-0.925297
-162.025604	22.659600	153.190000	-4.530000	1414.289742	4.047000	63.063376	63.063376	63.063376	4.022143	-0.741476
-162.025604	23.159600	153.190000	-4.530000	1420.682790	4.046000	62.591866	62.591866	62.591866	4.027662	-0.858131
-162.025604	23.659600	153.190000	-4.530000	1427.154706	4.045000	62.223864	62.223864	62.223864	4.031827	-0.875134
-162.025604	24.159600	153.190000	-4.530000	1433.704514	4.044000	61.859361	61.859361	61.859361	4.036140	-0.892544
-162.025604	24.659600	153.190000	-4.530000	1440.331241	4.043000	61.398349	61.398349	61.398349	4.041350	-1.010448
-162.025604	25.159600	153.190000	-4.530000	1446.676009	4.043000	61.340818	61.340818	61.340818	4.035248	-0.728732
-162.025604	25.659600	153.190000	-4.530000	1453.092414	4.043000	61.286756	61.186756	61.286756	4.031311	-0.447445
-162.025604	26.159600	153.190000	-4.530000	1459.940543	4.042000	60.836150	60.836150	60.836150	4.039906	-0.566670
-162.025604	26.659600	153.190000	-4.530000	1466.498805	4.042000	60.688985	60.688985	60.688985	4.041965	-0.386306
-161.525604	14.659600	153.190000	-4.530000	1339.965747	4.051000	70.802588	70.802588	70.802588	4.065541	0.522408
-161.525604	15.159600	153.190000	-4.530000	1344.588823	4.051000	70.378736	70.378736	70.378736	4.062732	0.508670
-161.525604	15.659600	153.190000	-4.530000	1348.970070	4.052000	69.758136	69.758136	69.758136	4.058036	0.294649
-161.525604	16.159600	153.190000	-4.530000	1353.773296	4.052000	69.340812	69.340812	69.340812	4.056599	0.280425
-161.525604	16.659600	153.190000	-4.530000	1358.665664	4.052000	68.926787	68.926787	68.926787	4.055884	0.265790
-161.525604	17.159600	153.190000	-4.530000	1363.646165	4.052000	68.516083	68.516083	68.516083	4.054121	0.250850
-161.525604	17.659600	153.190000	-4.530000	1368.713787	4.052000	68.108717	68.108717	68.108717	4.050687	0.235678
-161.525604	18.159600	153.190000	-4.530000	1373.867515	4.052000	67.604707	67.604707	67.604707	4.047958	0.120079
-161.525604	18.659600	153.190000	-4.530000	1379.106331	4.052000	67.104065	67.104065	67.104065	4.044135	0.004154
-161.525604	19.159600	153.190000	-4.530000	1384.429216	4.052000	66.706805	66.706805	66.706805	4.036979	-0.012032
-161.525604	19.659600	153.190000	-4.530000	1390.178234	4.051000	66.012936	66.012936	66.012936	4.039380	-0.328662
-161.525604	20.159600	153.190000	-4.530000	1395.667551	4.051000	65.722467	65.622467	65.722467	4.028437	-0.245640
-161.525604	20.659600	153.190000	-4.530000	1401.583878	4.050000	65.135403	65.135403	65.135403	4.029995	-0.462909
-161.525604	21.159600	153.190000	-4.530000	1407.583174	4.049000	64.551749	64.551749	64.551749	4.030726	-0.680637
-161.525604	21.659600	153.190000	-4.530000	1413.315340	4.049000	64.271507	64.271507	64.271507	4.022022	-0.598736
-161.525604	22.159600	153.190000	-4.530000	1419.476090	4.048000	63.794677	63.794677	63.794677	4.022360	-0.717156
-161.525604	22.659600	153.190000	-4.530000	1425.716914	4.047000	63.321258	63.321258	63.321258	4.027181	-0.836053
-161.525604	23.159600	153.190000	-4.530000	1432.036859	4.046000	62.951248	62.951248	62.951248	4.028473	-0.855342
-161.525604	23.659600	153.190000	-4.530000	1438.434973	4.045000	62.584642	62.584642	62.584642	4.032865	-0.874984
-161.525604	24.159600	153.190000	-4.530000	1444.910306	4.044000	62.121434	62.121434	62.121434	4.038601	-0.995120
-161.525604	24.659600	153.190000	-4.530000	1451.102993	4.044000	62.061616	62.061616	62.061616	4.031920	-0.715672
-161.525604	25.159600	153.190000	-4.530000	1457.728200	4.043000	61.605179	61.605179	61.605179	4.038963	-0.836606
-161.525604	25.659600	153.190000	-4.530000	1464.065565	4.043000	61.552113	61.552113	61.552113	4.035873	-0.558053
-161.525604	26.159600	153.190000	-4.530000	1470.836814	4.042000	61.102405	61.102405	61.102405	4.041530	-0.679939
-161.525604	26.659600	153.190000	-4.530000	1477.314968	4.042000	60.956043	60.956043	60.956043	4.044031	-0.502239
-161.025604	14.659600	153.190000	-4.530000	1352.502415	4.051000	71.117324	71.117324	71.117324	4.069975	0.569672
-161.025604	15.159600	153.190000	-4.530000	1356.730143	4.052000	70.396690	70.396690	70.396690	4.060140	0.253353
-161.025604	15.659600	153.190000	-4.530000	1361.381655	4.052000	69.979198	69.979198	69.979198	4.057576	0.236747
-161.025604	16.159600	153.190000	-4.530000	1366.122200	4.052000	69.664873	69.664873	69.664873	4.055832	0.319823
-161.025604	16.659600	153.190000	-4.530000	1370.950803	4.052000	69.253738	69.253738	69.253738	4.054353	0.302597
-161.025604	17.159600	153.190000	-4.530000	1375.866488	4.052000	68.745814	68.745814	68.745814	4.053331	0.185061
-161.025604	17.659600	153.190000	-4.530000	1380.868273	4.052000	68.341119	68.341119	68.341119	4.050963	0.167184
-161.025604	18.159600	153.190000	-4.530000	1385.955175	4.052000	67.839670	67.839670	67.839670	4.047725	0.048983
-161.025604	18.659600	153.190000	-4.530000	1391.126205	4.052000	67.441482	67.441482	67.441482	4.041021	0.030452
-161.025604	19.159600	153.190000	-4.530000	1396.380375	4.052000	66.946567	66.946567	66.946567	4.037772	-0.088445
-161.025604	19.659600	153.190000	-4.530000	1401.716695	4.052000	66.554936	66.454936	66.554936	4.031163	-0.107688
-161.025604	20.159600	153.190000	-4.530000	1407.481526	4.051000	65.966597	65.966597	65.966597	4.030974	-0.327284
-161.025604	20.659600	153.190000	-4.530000	1413.329411	4.050000	65.381558	65.381558	65.381558	4.031443	-0.547269
-161.025604	21.159600	153.190000	-4.530000	1418.908982	4.050000	64.999822	64.999822	65.099822	4.026949	-0.567622
-161.025604	21.659600	153.190000	-4.530000	1424.918607	4.049000	64.521394	64.521394	64.521394	4.024902	-0.688351
-161.025604	22.159600	153.190000	-4.530000	1431.008472	4.048000	64.146275	64.146275	64.146275	4.023738	-0.709494
-161.025604	22.659600	153.190000	-4.530000	1437.177648	4.047000	63.674464	63.674464	63.674464	4.026960	-0.831028
-161.025604	23.159600	153.190000	-4.530000	1443.425205	4.046000	63.305959	63.305959	63.305959	4.029298	-0.852960
-161.025604	23.659600	153.190000	-4.530000	1449.750219	4.045000	62.940758	62.940758	62.940758	4.032713	-0.875331
-161.025604	24.159600	153.190000	-4.530000	1456.151765	4.044000	62.478855	62.478855	62.478855	4.037095	-0.998116
-161.025604	24.659600	153.190000	-4.530000	1462.267242	4.044000	62.320243	62.320243	62.320243	4.035957	-0.821323
-161.025604	25.159600	153.190000	-4.530000	1468.817379	4.043000	61.964915	61.864915	61.964915	4.038588	-0.844994
-161.025604	25.659600	153.190000	-4.530000	1475.076337	4.043000	61.812862	61.812862	61.812862	4.038400	-0.669104
-161.025604	26.159600	153.190000	-4.530000	1481.404828	4.043000	61.764072	61.764072	61.764072	4.040304	-0.393658
-161.025604	26.659600	153.190000	-4.530000	1488.169978	4.042000	61.218535	61.218535	61.318535	4.043221	-0.618703
-160.525604	14.659600	153.190000	-4.530000	1364.722485	4.052000	71.027816	71.027816	71.027816	4.061150	0.217020
-160.525604	15.159600	153.190000	-4.530000	1369.224389	4.052000	70.610353	70.610353	70.610353	4.058016	0.198108
-160.525604	15.659600	153.190000	-4.530000	1373.815146	4.052000	70.295927	70.295927	70.295927	4.057710	0.278791
-160.525604	16.159600	153.190000	-4.530000	1378.493819	4.052000	69.884561	69.884561	69.884561	4.055611	0.259266
-160.525604	16.659600	153.190000	-4.530000	1383.259466	4.052000	69.476280	69.476280	69.476280	4.053918	0.239436
-160.525604	17.159600	153.190000	-4.530000	1387.768649	4.053000	69.071104	69.071104	69.071104	4.051055	0.219184
-160.525604	17.659600	153.190000	-4.530000	1392.704179	4.053000	68.669051	68.669051	68.669051	4.047808	0.198697
-160.525604	18.159600	153.190000	-4.530000	1398.068756	4.052000	68.170139	68.170139	68.170139	4.043536	0.077881
-160.525604	18.659600	153.190000	-4.530000	1403.172789	4.052000	67.674382	67.674382	67.674382	4.040662	-0.043373
-160.525604	19.159600	153.190000	-4.530000	1408.359025	4.052000	67.181794	67.181794	67.281794	4.036615	-0.164891
-160.525604	19.659600	153.190000	-4.530000	1413.626503	4.052000	66.792384	66.792384	66.792384	4.031181	-0.186760
-160.525604	20.159600	153.190000	-4.530000	1419.324537	4.051000	66.206164	66.206164	66.306164	4.030101	-0.409084
-160.525604	20.659600	153.190000	-4.530000	1425.104739	4.050000	65.723139	65.723139	65.723139	4.028416	-0.531702
-160.525604	21.159600	153.190000	-4.530000	1430.612882	4.050000	65.343315	65.343315	65.343315	4.024458	-0.554693
-160.525604	21.659600	153.190000	-4.530000	1436.553156	4.049000	64.866697	64.866697	64.866697	4.023792	-0.678156
-160.525604	22.159600	153.190000	-4.530000	1442.572867	4.048000	64.393287	64.393287	64.393287	4.025864	-0.801944
-160.525604	22.659600	153.190000	-4.530000	1448.671112	4.047000	64.023084	64.023084	64.023084	4.026475	-0.826128
-160.525604	23.159600	153.190000	-4.530000	1454.846988	4.046000	63.656089	63.656089	63.656089	4.029773	-0.850801
-160.525604	23.659600	153.190000	-4.530000	1460.738472	4.046000	63.392299	63.392299	63.492299	4.030838	-0.775829
-160.525604	24.159600	153.190000	-4.530000	1467.065256	4.045000	63.031709	63.031709	63.031709	4.033395	-0.801277
-160.525604	24.659600	153.190000	-4.530000	1473.466954	4.044000	62.674315	62.674315	62.674315	4.036276	-0.827232
-160.525604	25.159600	153.190000	-4.530000	1479.942673	4.043000	62.220110	62.220110	62.220110	4.039257	-0.953573
-160.525604	25.659600	153.190000	-4.530000	1486.123850	4.043000	62.069084	62.069084	62.069084	4.040753	-0.780357
-160.525604	26.159600	153.190000	-4.530000	1492.373992	4.043000	62.021230	62.021230	62.021230	4.044062	-0.507668
-160.525604	26.659600	153.190000	-4.530000	1498.692162	4.043000	61.876536	61.876536	61.876536	4.047297	-0.335396
-160.025604	14.659600	153.190000	-4.530000	1377.296055	4.052000	71.334168	71.334168	71.334168	4.060695	0.264093
-160.025604	15.159600	153.190000	-4.530000	1381.739144	4.052000	70.919831	70.919831	70.919831	4.058112	0.242464
-160.025604	15.659600	153.190000	-4.530000	1386.269939	4.052000	70.508427	70.508427	70.508427	4.056156	0.220542
-160.025604	16.159600	153.190000	-4.530000	1390.887533	4.052000	70.099982	70.099982	70.099982	4.054665	0.198409
-160.025604	16.659600	153.190000	-4.530000	1395.591013	4.052000	69.694518	69.694518	69.694518	4.052713	0.175856
-160.025604	17.159600	153.190000	-4.530000	1400.033944	4.053000	69.292057	69.292057	69.292057	4.050373	0.152989
-160.025604	17.659600	153.190000	-4.530000	1404.905237	4.053000	68.892617	68.892617	68.992617	4.045803	0.129882
-160.025604	18.159600	153.190000	-4.530000	1410.207571	4.052000	68.496215	68.496215	68.496215	4.039936	0.106340
-160.025604	18.659600	153.190000	-4.530000	1415.245378	4.052000	68.002866	68.002866	68.002866	4.037432	-0.017540
-160.025604	19.159600	153.190000	-4.530000	1420.364446	4.052000	67.512584	67.512584	67.512584	4.033459	-0.141689
-160.025604	19.659600	153.190000	-4.530000	1425.563840	4.052000	67.025380	67.025380	67.025380	4.030303	-0.266291
-160.025604	20.159600	153.190000	-4.530000	1431.195834	4.051000	66.541263	66.541263	66.541263	4.027867	-0.391252
-160.025604	20.659600	153.190000	-4.530000	1436.909104	4.050000	66.060241	66.060241	66.060241	4.025569	-0.516511
-160.025604	21.159600	153.190000	-4.530000	1442.346550	4.050000	65.682321	65.682321	65.682321	4.022877	-0.542241
-160.025604	21.659600	153.190000	-4.530000	1448.218202	4.049000	65.207508	65.207508	65.207508	4.022990	-0.668354
-160.025604	22.159600	153.190000	-4.530000	1454.168478	4.048000	64.835803	64.835803	64.835803	4.023112	-0.694795
-160.025604	22.659600	153.190000	-4.530000	1460.196499	4.047000	64.367209	64.367209	64.367209	4.026049	-0.821723
-160.025604	23.159600	153.190000	-4.530000	1465.939071	4.047000	64.101726	64.101726	64.101726	4.027832	-0.749058
-160.025604	23.659600	153.190000	-4.530000	1472.118336	4.046000	63.739351	63.739351	63.739351	4.031177	-0.776751
-160.025604	24.159600	153.190000	-4.530000	1478.372699	4.045000	63.380082	63.380082	63.380082	4.032933	-0.804951
-160.025604	24.659600	153.190000	-4.530000	1484.701287	4.044000	63.023914	63.023914	63.023914	4.036357	-0.833580
-160.025604	25.159600	153.190000	-4.530000	1490.734509	4.044000	62.870842	62.870842	62.870842	4.039056	-0.662599
-160.025604	25.659600	153.190000	-4.530000	1497.207244	4.043000	62.420859	62.420859	62.420859	4.040774	-0.792143
-160.025604	26.159600	153.190000	-4.530000	1503.379642	4.043000	62.273955	62.273955	62.273955	4.044583	-0.622140
-160.025604	26.659600	153.190000	-4.530000	1509.619506	4.043000	62.230122	62.130122	62.230122	4.049193	-0.352558
-159.525604	14.659600	153.190000	-4.530000	1389.888791	4.052000	71.636484	71.636484	71.636484	4.060741	0.310776
-159.525604	15.159600	153.190000	-4.530000	1394.273841	4.052000	71.225224	71.225224	71.225224	4.058149	0.286536
-159.525604	15.659600	153.190000	-4.530000	1398.745449	4.052000	70.816800	70.816800	70.816800	4.056110	0.262000
-159.525604	16.159600	153.190000	-4.530000	1403.302739	4.052000	70.411235	70.411235	70.411235	4.054228	0.237139
-159.525604	16.659600	153.190000	-4.530000	1407.944825	4.052000	70.008553	70.008553	70.008553	4.050250	0.211966
-159.525604	17.159600	153.190000	-4.530000	1412.322270	4.053000	69.608773	69.508773	69.608773	4.047071	0.186475
-159.525604	17.659600	153.190000	-4.530000	1417.479827	4.052000	69.111915	69.111915	69.111915	4.042715	0.060635
-159.525604	18.159600	153.190000	-4.530000	1422.370951	4.052000	68.717996	68.717996	68.717996	4.038210	0.034462
-159.525604	18.659600	153.190000	-4.530000	1427.343290	4.052000	68.327032	68.327032	68.327032	4.034922	0.007947
-159.525604	19.159600	153.190000	-4.530000	1432.395940	4.052000	67.839035	67.839035	67.839035	4.030540	-0.118940
-159.525604	19.659600	153.190000	-4.530000	1437.527996	4.052000	67.354017	67.354017	67.354017	4.027549	-0.246183
-159.525604	20.159600	153.190000	-4.530000	1443.094692	4.051000	66.871989	66.871989	66.871989	4.025268	-0.373791
-159.525604	20.659600	153.190000	-4.530000	1448.741765	4.050000	66.392958	66.392958	66.392958	4.023003	-0.501794
-159.525604	21.159600	153.190000	-4.530000	1454.109234	4.050000	66.016932	66.016932	66.016932	4.021980	-0.530177
-159.525604	21.659600	153.190000	-4.530000	1459.912982	4.049000	65.543916	65.543916	65.543916	4.021980	-0.658947
-159.525604	22.159600	153.190000	-4.530000	1465.794529	4.048000	65.173913	65.173913	65.173913	4.022820	-0.688138
-159.525604	22.659600	153.190000	-4.530000	1471.389449	4.048000	64.806926	64.806926	64.806926	4.024844	-0.717732
-159.525604	23.159600	153.190000	-4.530000	1477.422457	4.047000	64.442954	64.442954	64.442954	4.028171	-0.747735
-159.525604	23.659600	153.190000	-4.530000	1483.530688	4.046000	64.181998	64.181998	64.181998	4.030798	-0.678186
-159.525604	24.159600	153.190000	-4.530000	1489.713291	4.045000	63.824055	63.824055	63.824055	4.033534	-0.709062
-159.525604	24.659600	153.190000	-4.530000	1495.599586	4.045000	63.569122	63.569122	63.569122	4.036365	-0.640373
-159.525604	25.159600	153.190000	-4.530000	1501.926730	4.044000	63.117193	63.117193	63.117193	4.039739	-0.772156
-159.525604	25.659600	153.190000	-4.530000	1507.952705	4.044000	62.968262	62.968262	62.968262	4.043194	-0.604389
-159.525604	26.159600	153.190000	-4.530000	1514.420934	4.043000	62.522323	62.522323	62.522323	4.044066	-0.737080
-159.525604	26.659600	153.190000	-4.530000	1520.583075	4.043000	62.479366	62.479366	62.479366	4.048690	-0.470270
-159.025604	14.659600	153.190000	-4.530000	1402.500166	4.052000	71.834861	71.834861	71.834861	4.058922	0.257525
-159.025604	15.159600	153.190000	-4.530000	1406.827933	4.052000	71.426633	71.426633	71.426633	4.056401	0.230662
-159.025604	15.659600	153.190000	-4.530000	1411.241113	4.052000	71.021145	71.021145	71.021145	4.054461	0.203387
-159.025604	16.159600	153.190000	-4.530000	1415.738857	4.052000	70.618420	70.618420	70.618420	4.051002	0.175897
-159.025604	16.659600	153.190000	-4.530000	1420.320306	4.052000	70.218481	70.218481	70.218481	4.047421	0.148091
-159.025604	17.159600	153.190000	-4.530000	1424.984599	4.052000	69.821349	69.821349	69.821349	4.044323	0.119855
-159.025604	17.659600	153.190000	-4.530000	1429.730871	4.052000	69.427043	69.427043	69.427043	4.039013	0.091376
-159.025604	18.159600	153.190000	-4.530000	1434.558250	4.052000	69.035579	69.035579	69.035579	4.035962	0.062558
-159.025604	18.659600	153.190000	-4.530000	1439.465863	4.052000	68.546974	68.546974	68.546974	4.031839	-0.066706
-159.025604	19.159600	153.190000	-4.530000	1444.452833	4.052000	68.061240	68.061240	68.061240	4.027807	-0.196243
-159.025604	19.659600	153.190000	-4.530000	1449.876097	4.051000	67.678390	67.678390	67.678390	4.024884	-0.226141
-159.025604	20.159600	153.190000	-4.530000	1455.020409	4.051000	67.198434	67.198434	67.198434	4.022121	-0.356503
-159.025604	20.659600	153.190000	-4.530000	1460.602007	4.050000	66.821381	66.821381	66.821381	4.021048	-0.387169
-159.025604	21.159600	153.190000	-4.530000	1465.900206	4.050000	66.347238	66.347238	66.347238	4.020343	-0.518218
-159.025604	21.659600	153.190000	-4.530000	1471.636754	4.049000	65.976011	65.976011	65.976011	4.020171	-0.549749
-159.025604	22.159600	153.190000	-4.530000	1477.450270	4.048000	65.507704	65.507704	65.507704	4.021769	-0.681613
-159.025604	22.659600	153.190000	-4.530000	1482.973485	4.048000	65.242319	65.142319	65.242319	4.024790	-0.613884
-159.025604	23.159600	153.190000	-4.530000	1488.936884	4.047000	64.879859	64.879859	64.879859	4.028090	-0.646656
-159.025604	23.659600	153.190000	-4.530000	1494.974746	4.046000	64.520323	64.520323	64.520323	4.031662	-0.679791
-159.025604	24.159600	153.190000	-4.530000	1501.086241	4.045000	64.163709	64.163709	64.163709	4.035168	-0.713357
-159.025604	24.659600	153.190000	-4.530000	1506.897919	4.045000	63.910015	63.910015	63.910015	4.038551	-0.647443
-159.025604	25.159600	153.190000	-4.530000	1513.152566	4.044000	63.559238	63.459238	63.559238	4.041327	-0.681922
-159.025604	25.659600	153.190000	-4.530000	1519.102617	4.044000	63.311370	63.311370	63.311370	4.044881	-0.616857
-159.025604	26.159600	153.190000	-4.530000	1525.497048	4.043000	62.866407	62.866407	62.866407	4.044947	-0.752331
-159.025604	26.659600	153.190000	-4.530000	1531.582043	4.043000	62.724341	62.724341	62.724341	4.049132	-0.588230
-158.525604	14.659600	153.190000	-4.530000	1415.129667	4.052000	72.129396	72.129396	72.129396	4.058387	0.303992
-158.525604	15.159600	153.190000	-4.530000	1419.400892	4.052000	71.724153	71.724153	71.724153	4.055270	0.274384
-158.525604	15.659600	153.190000	-4.530000	1423.756385	4.052000	71.321557	71.321557	71.321557	4.052690	0.244474
-158.525604	16.159600	153.190000	-4.530000	1428.195323	4.052000	70.821631	70.821631	70.821631	4.047721	0.114345
-158.525604	16.659600	153.190000	-4.530000	1432.716875	4.052000	70.424399	70.424399	70.424399	4.044628	0.083789
-158.525604	17.159600	153.190000	-4.530000	1437.320206	4.052000	70.029880	70.029880	70.029880	4.041052	0.052909
-158.525604	17.659600	153.190000	-4.530000	1442.004476	4.052000	69.638094	69.638094	69.638094	4.037418	0.021780
-158.525604	18.159600	153.190000	-4.530000	1446.768843	4.052000	69.249057	69.249057	69.249057	4.033474	-0.009792
-158.525604	18.659600	153.190000	-4.530000	1451.612457	4.052000	68.862785	68.862785	68.862785	4.028605	-0.041712
-158.525604	19.159600	153.190000	-4.530000	1456.534468	4.052000	68.379291	68.379291	68.379291	4.025222	-0.173909
-158.525604	19.659600	153.190000	-4.530000	1461.894806	4.051000	67.998588	67.998588	67.998588	4.021770	-0.206568
-158.525604	20.159600	153.190000	-4.530000	1466.972301	4.051000	67.520687	67.520687	67.520687	4.019815	-0.339597
-158.525604	20.659600	153.190000	-4.530000	1472.489133	4.050000	67.145597	67.145597	67.145597	4.019161	-0.372932
-158.525604	21.159600	153.190000	-4.530000	1477.718758	4.050000	66.773325	66.773325	66.773325	4.018668	-0.406748
-158.525604	21.659600	153.190000	-4.530000	1483.388800	4.049000	66.303878	66.303878	66.303878	4.018709	-0.540957
-158.525604	22.159600	153.190000	-4.530000	1489.134967	4.048000	65.937259	65.937259	65.937259	4.021198	-0.575502
-158.525604	22.659600	153.190000	-4.530000	1494.587147	4.048000	65.573473	65.573473	65.573473	4.024390	-0.610547
-158.525604	23.159600	153.190000	-4.530000	1500.481602	4.047000	65.212522	65.212522	65.212522	4.027463	-0.646008
-158.525604	23.659600	153.190000	-4.530000	1506.449747	4.046000	64.854405	64.854405	64.854405	4.032080	-0.681836
-158.525604	24.159600	153.190000	-4.530000	1512.116954	4.046000	64.599123	64.599123	64.599123	4.036515	-0.618182
-158.525604	24.659600	153.190000	-4.530000	1518.228462	4.045000	64.246674	64.246674	64.246674	4.040461	-0.654969
-158.525604	25.159600	153.190000	-4.530000	1524.034368	4.045000	63.997053	63.997053	63.997053	4.044073	-0.592153
-158.525604	25.659600	153.190000	-4.530000	1530.285954	4.044000	63.650258	63.550258	63.650258	4.045262	-0.629876
-158.525604	26.159600	153.190000	-4.530000	1536.227208	4.044000	63.506281	63.506281	63.506281	4.050085	-0.468063
-158.525604	26.659600	153.190000	-4.530000	1542.234143	4.044000	63.365118	63.365118	63.365118	4.056499	-0.306679
-158.025604	14.659600	153.190000	-4.530000	1427.424524	4.053000	71.920182	71.920182	72.020182	4.050114	-0.149935
-158.025604	15.159600	153.190000	-4.530000	1431.638890	4.053000	71.617876	71.617876	71.617876	4.049410	-0.082184
-158.025604	15.659600	153.190000	-4.530000	1435.936360	4.053000	71.218128	71.218128	71.218128	4.046780	-0.114738
-158.025604	16.159600	153.190000	-4.530000	1440.671593	4.052000	71.120961	71.120961	71.120961	4.045190	0.152376
-158.025604	16.659600	153.190000	-4.530000	1445.133971	4.052000	70.726397	70.726397	70.726397	4.042698	0.119169
-158.025604	17.159600	153.190000	-4.530000	1449.677062	4.052000	70.334457	70.334457	70.334457	4.038772	0.085634
-158.025604	17.659600	153.190000	-4.530000	1454.300052	4.052000	69.945158	69.945158	69.945158	4.035151	0.051744
-158.025604	18.159600	153.190000	-4.530000	1459.002122	4.052000	69.558519	69.558519	69.558519	4.030007	0.017510
-158.025604	18.659600	153.190000	-4.530000	1463.782450	4.052000	69.074553	69.074553	69.074553	4.025733	-0.117074
-158.025604	19.159600	153.190000	-4.530000	1469.002748	4.051000	68.693277	68.693277	68.693277	4.022082	-0.152038
-158.025604	19.659600	153.190000	-4.530000	1473.938331	4.051000	68.314701	68.314701	68.314701	4.019311	-0.187369
-158.025604	20.159600	153.190000	-4.530000	1478.949706	4.051000	67.838836	67.838836	67.938836	4.017650	-0.323073
-158.025604	20.659600	153.190000	-4.530000	1484.402469	4.050000	67.465693	67.465693	67.465693	4.016771	-0.359181
-158.025604	21.159600	153.190000	-4.530000	1489.564202	4.050000	67.095278	67.095278	67.095278	4.016993	-0.395680
-158.025604	21.659600	153.190000	-4.530000	1495.168420	4.049000	66.727600	66.727600	66.727600	4.018143	-0.432575
-158.025604	22.159600	153.190000	-4.530000	1500.847912	4.048000	66.262662	66.262662	66.262662	4.020584	-0.569899
-158.025604	22.659600	153.190000	-4.530000	1506.229713	4.048000	66.000468	66.000468	66.000468	4.024301	-0.507637
-158.025604	23.159600	153.190000	-4.530000	1512.055877	4.047000	65.641022	65.641022	65.641022	4.028409	-0.545796
-158.025604	23.659600	153.190000	-4.530000	1517.579869	4.047000	65.284324	65.284324	65.284324	4.033180	-0.584410
-158.025604	24.159600	153.190000	-4.530000	1523.549500	4.046000	64.930374	64.930374	64.930374	4.037584	-0.623461
-158.025604	24.659600	153.190000	-4.530000	1529.590456	4.045000	64.579171	64.579171	64.579171	4.041393	-0.662957
-158.025604	25.159600	153.190000	-4.530000	1535.322302	4.045000	64.330713	64.330713	64.330713	4.045247	-0.602934
-158.025604	25.659600	153.190000	-4.530000	1541.501943	4.044000	63.884996	63.884996	63.884996	4.044562	-0.743373
-158.025604	26.159600	153.190000	-4.530000	1547.367823	4.044000	63.742015	63.742015	63.742015	4.049537	-0.584282
-158.025604	26.659600	153.190000	-4.530000	1553.298767	4.044000	63.601765	63.601765	63.601765	4.055014	-0.425698
-157.525604	14.659600	153.190000	-4.530000	1440.085689	4.053000	72.207307	72.207307	72.207307	4.049944	-0.103814
-157.525604	15.159600	153.190000	-4.530000	1444.244956	4.053000	71.807892	71.807892	71.807892	4.047838	-0.138717
-157.525604	15.659600	153.190000	-4.530000	1448.486184	4.053000	71.410949	71.410949	71.410949	4.044523	-0.174039
-157.525604	16.159600	153.190000	-4.530000	1453.167141	4.052000	71.316499	71.316499	71.316499	4.043810	0.090415
-157.525604	16.659600	153.190000	-4.530000	1457.571054	4.052000	70.924566	70.924566	70.924566	4.040458	0.054544
-157.525604	17.159600	153.190000	-4.530000	1462.054611	4.052000	70.535168	70.535168	70.535168	4.036219	0.018236
-157.525604	17.659600	153.190000	-4.530000	1466.617024	4.052000	70.148325	70.148325	70.148325	4.032844	-0.018324
-157.525604	18.159600	153.190000	-4.530000	1471.257499	4.052000	69.764053	69.764053	69.764053	4.027576	-0.055232
-157.525604	18.659600	153.190000	-4.530000	1475.975240	4.052000	69.382368	69.382368	69.382368	4.023895	-0.092595
-157.525604	19.159600	153.190000	-4.530000	1481.134976	4.051000	69.003283	69.003283	69.003283	4.020882	-0.130239
-157.525604	19.659600	153.190000	-4.530000	1486.006043	4.051000	68.526812	68.526812	68.526812	4.017921	-0.268254
-157.525604	20.159600	153.190000	-4.530000	1491.320118	4.050000	68.152965	68.152965	68.152965	4.016380	-0.306742
-157.525604	20.659600	153.190000	-4.530000	1496.341359	4.050000	67.781752	67.781752	67.781752	4.015354	-0.345542
-157.525604	21.159600	153.190000	-4.530000	1501.806687	4.049000	67.413181	67.413181	67.413181	4.015580	-0.384735
-157.525604	21.659600	153.190000	-4.530000	1506.974933	4.049000	67.047259	67.047259	67.047259	4.017269	-0.424421
-157.525604	22.159600	153.190000	-4.530000	1512.588412	4.048000	66.683992	66.683992	66.683992	4.020214	-0.464447
-157.525604	22.659600	153.190000	-4.530000	1517.900481	4.048000	66.323384	66.323384	66.323384	4.024049	-0.504891
-157.525604	23.159600	153.190000	-4.530000	1523.658999	4.047000	65.965437	65.965437	65.965437	4.028457	-0.545847
-157.525604	23.659600	153.190000	-4.530000	1529.111703	4.047000	65.710155	65.710155	65.710155	4.033427	-0.487174
-157.525604	24.159600	153.190000	-4.530000	1535.012144	4.046000	65.357537	65.357537	65.357537	4.038753	-0.528943
-157.525604	24.659600	153.190000	-4.530000	1540.602296	4.046000	65.107583	65.107583	65.107583	4.042596	-0.471243
-157.525604	25.159600	153.190000	-4.530000	1546.641543	4.045000	64.760290	64.660290	64.760290	4.046039	-0.513945
-157.525604	25.659600	153.190000	-4.530000	1552.365961	4.045000	64.515657	64.515657	64.515657	4.050310	-0.457113
-157.525604	26.159600	153.190000	-4.530000	1558.540905	4.044000	64.073679	63.973679	64.073679	4.052141	-0.600833
-157.525604	26.659600	153.190000	-4.530000	1564.396416	4.044000	63.834351	63.834351	63.834351	4.054550	-0.544985
-157.025604	14.659600	153.190000	-4.530000	1452.763544	4.053000	72.390859	72.390859	72.490859	4.048534	-0.157981
-157.025604	15.159600	153.190000	-4.530000	1456.868402	4.053000	71.994288	71.994288	71.994288	4.046213	-0.195658
-157.025604	15.659600	153.190000	-4.530000	1461.054080	4.053000	71.600105	71.600105	71.700105	4.043923	-0.233647
-157.025604	16.159600	153.190000	-4.530000	1465.681458	4.052000	71.508333	71.508333	71.508333	4.043310	0.028137
-157.025604	16.659600	153.190000	-4.530000	1470.027596	4.052000	71.118991	71.118991	71.118991	4.038933	-0.010514
-157.025604	17.159600	153.190000	-4.530000	1474.452311	4.052000	70.732101	70.732101	70.732101	4.035887	-0.049498
-157.025604	17.659600	153.190000	-4.530000	1478.954837	4.052000	70.347680	70.347680	70.347680	4.031857	-0.088738
-157.025604	18.159600	153.190000	-4.530000	1483.534406	4.052000	69.965745	69.965745	69.965745	4.026863	-0.128431
-157.025604	18.659600	153.190000	-4.530000	1488.557607	4.051000	69.586312	69.586312	69.686312	4.023216	-0.168480
-157.025604	19.159600	153.190000	-4.530000	1493.290104	4.051000	69.209394	69.209394	69.209394	4.020065	-0.208814
-157.025604	19.659600	153.190000	-4.530000	1498.097330	4.051000	68.835005	68.835005	68.835005	4.017060	-0.249619
-157.025604	20.159600	153.190000	-4.530000	1503.349609	4.050000	68.463156	68.463156	68.463156	4.015368	-0.290804
-157.025604	20.659600	153.190000	-4.530000	1508.305166	4.050000	68.093855	68.093855	68.093855	4.014880	-0.332304
-157.025604	21.159600	153.190000	-4.530000	1513.706870	4.049000	67.727112	67.727112	67.727112	4.015435	-0.374294
-157.025604	21.659600	153.190000	-4.530000	1518.807680	4.049000	67.462935	67.462935	67.462935	4.017450	-0.316687
-157.025604	22.159600	153.190000	-4.530000	1524.355797	4.048000	67.101328	67.101328	67.101328	4.020722	-0.359425
-157.025604	22.659600	153.190000	-4.530000	1529.598769	4.048000	66.742297	66.742297	66.742297	4.023781	-0.402672
-157.025604	23.159600	153.190000	-4.530000	1535.290274	4.047000	66.385845	66.385845	66.385845	4.028904	-0.446346
-157.025604	23.659600	153.190000	-4.530000	1540.672308	4.047000	66.031974	66.031974	66.131974	4.034081	-0.490395
-157.025604	24.159600	153.190000	-4.530000	1546.504173	4.046000	65.780686	65.780686	65.780686	4.039563	-0.434973
-157.025604	24.659600	153.190000	-4.530000	1552.022168	4.046000	65.431980	65.431980	65.431980	4.044129	-0.480003
-157.025604	25.159600	153.190000	-4.530000	1557.991361	4.045000	65.085856	65.085856	65.085856	4.048189	-0.525438
-157.025604	25.659600	153.190000	-4.530000	1563.642218	4.045000	64.842310	64.842310	64.842310	4.052485	-0.471423
-157.025604	26.159600	153.190000	-4.530000	1569.357641	4.045000	64.701341	64.701341	64.701341	4.058579	-0.317884
-157.025604	26.659600	153.190000	-4.530000	1575.136841	4.045000	64.462942	64.462942	64.462942	4.061182	-0.264781
-156.525604	14.659600	153.190000	-4.530000	1465.457642	4.053000	72.670921	72.670921	72.670921	4.048685	-0.112546
-156.525604	15.159600	153.190000	-4.530000	1469.508765	4.053000	72.277149	72.277149	72.277149	4.046184	-0.152898
-156.525604	15.659600	153.190000	-4.530000	1473.639568	4.053000	71.885682	71.885682	71.885682	4.043901	-0.193563
-156.525604	16.159600	153.190000	-4.530000	1478.214048	4.052000	71.696545	71.696545	71.696545	4.041754	-0.034566
-156.525604	16.659600	153.190000	-4.530000	1482.503090	4.052000	71.309756	71.309756	71.309756	4.038819	-0.075899
-156.525604	17.159600	153.190000	-4.530000	1486.869639	4.052000	70.925337	70.925337	70.925337	4.035122	-0.117570
-156.525604	17.659600	153.190000	-4.530000	1491.312954	4.052000	70.543305	70.543305	70.543305	4.031245	-0.159602
-156.525604	18.159600	153.190000	-4.530000	1496.201539	4.051000	70.263677	70.263677	70.263677	4.026323	-0.101987
-156.525604	18.659600	153.190000	-4.530000	1500.797278	4.051000	69.886468	69.886468	69.886468	4.023306	-0.144732
-156.525604	19.159600	153.190000	-4.530000	1505.467550	4.051000	69.511692	69.511692	69.511692	4.019963	-0.187864
-156.525604	19.659600	153.190000	-4.530000	1510.584491	4.050000	69.139362	69.139362	69.139362	4.016871	-0.231372
-156.525604	20.159600	153.190000	-4.530000	1515.402746	4.050000	68.769489	68.769489	68.769489	4.015210	-0.275263
-156.525604	20.659600	153.190000	-4.530000	1520.293272	4.050000	68.402082	68.402082	68.502082	4.015054	-0.319566
-156.525604	21.159600	153.190000	-4.530000	1525.632004	4.049000	68.137152	68.137152	68.137152	4.016160	-0.264269
-156.525604	21.659600	153.190000	-4.530000	1530.666019	4.049000	67.774704	67.774704	67.774704	4.017857	-0.309378
-156.525604	22.159600	153.190000	-4.530000	1536.149412	4.048000	67.414746	67.414746	67.414746	4.021128	-0.354925
-156.525604	22.659600	153.190000	-4.530000	1541.323912	4.048000	67.157283	67.057283	67.157283	4.024617	-0.300895
-156.525604	23.159600	153.190000	-4.530000	1546.949029	4.047000	66.802318	66.802318	66.802318	4.029143	-0.347297
-156.525604	23.659600	153.190000	-4.530000	1552.261001	4.047000	66.449854	66.449854	66.449854	4.035449	-0.394162
-156.525604	24.159600	153.190000	-4.530000	1558.024895	4.046000	66.099892	66.099892	66.099892	4.041311	-0.441474
-156.525604	24.659600	153.190000	-4.530000	1563.471322	4.046000	65.852434	65.852434	65.852434	4.046258	-0.389243
-156.525604	25.159600	153.190000	-4.530000	1568.983164	4.046000	65.607478	65.607478	65.607478	4.050436	-0.337500
-156.525604	25.659600	153.190000	-4.530000	1574.948911	4.045000	65.165023	65.165023	65.165023	4.053036	-0.486230
-156.525604	26.159600	153.190000	-4.530000	1580.590669	4.045000	64.925067	64.925067	64.925067	4.056771	-0.435441
-156.525604	26.659600	153.190000	-4.530000	1586.295550	4.045000	64.787605	64.787605	64.787605	4.061787	-0.285168
-156.025604	14.659600	153.190000	-4.530000	1478.167552	4.053000	72.947576	72.947576	72.947576	4.047973	-0.067083
-156.025604	15.159600	153.190000	-4.530000	1482.165598	4.053000	72.456555	72.456555	72.456555	4.044517	-0.210120
-156.025604	15.659600	153.190000	-4.530000	1486.242188	4.053000	72.067761	72.067761	72.067761	4.042260	-0.253584
-156.025604	16.159600	153.190000	-4.530000	1490.764436	4.052000	71.881217	71.881217	71.881217	4.040757	-0.097280
-156.025604	16.659600	153.190000	-4.530000	1494.997043	4.052000	71.496944	71.496944	71.496944	4.038018	-0.141309
-156.025604	17.159600	153.190000	-4.530000	1499.306088	4.052000	71.114960	71.114960	71.114960	4.034277	-0.185782
-156.025604	17.659600	153.190000	-4.530000	1503.690853	4.052000	70.735283	70.735283	70.835283	4.030424	-0.230516
-156.025604	18.159600	153.190000	-4.530000	1508.522903	4.051000	70.457930	70.457930	70.457930	4.026986	-0.175607
-156.025604	18.659600	153.190000	-4.530000	1513.058051	4.051000	70.082917	70.082917	70.082917	4.023717	-0.221161
-156.025604	19.159600	153.190000	-4.530000	1517.666753	4.051000	69.710256	69.710256	69.710256	4.019963	-0.267004
-156.025604	19.659600	153.190000	-4.530000	1522.724163	4.050000	69.439961	69.439961	69.439961	4.017548	-0.213228
-156.025604	20.159600	153.190000	-4.530000	1527.478940	4.050000	69.072042	69.072042	69.072042	4.016102	-0.259934
-156.025604	20.659600	153.190000	-4.530000	1532.683516	4.049000	68.706511	68.706511	68.706511	4.016345	-0.306959
-156.025604	21.159600	153.190000	-4.530000	1537.581477	4.049000	68.443375	68.443375	68.443375	4.017689	-0.254387
-156.025604	21.659600	153.190000	-4.530000	1542.930390	4.048000	68.082644	68.082644	68.082644	4.019140	-0.302317
-156.025604	22.159600	153.190000	-4.530000	1547.968623	4.048000	67.724322	67.724322	67.724322	4.021559	-0.350596
-156.025604	22.659600	153.190000	-4.530000	1553.075266	4.048000	67.468416	67.468416	67.468416	4.025523	-0.299303
-156.025604	23.159600	153.190000	-4.530000	1558.634607	4.047000	67.114929	67.114929	67.114929	4.031532	-0.348532
-156.025604	23.659600	153.190000	-4.530000	1563.877115	4.047000	66.863865	66.863865	66.863865	4.037163	-0.298140
-156.025604	24.159600	153.190000	-4.530000	1569.185800	4.047000	66.515226	66.515226	66.515226	4.042515	-0.348199
-156.025604	24.659600	153.190000	-4.530000	1574.949075	4.046000	66.169013	66.169013	66.269013	4.046762	-0.398801
-156.025604	25.159600	153.190000	-4.530000	1580.389205	4.046000	65.925226	65.925226	65.925226	4.051838	-0.349813
-156.025604	25.659600	153.190000	-4.530000	1585.893277	4.046000	65.783863	65.783863	65.783863	4.057854	-0.201301
-156.025604	26.159600	153.190000	-4.530000	1591.853981	4.045000	65.244922	65.244922	65.244922	4.057524	-0.453353
-156.025604	26.659600	153.190000	-4.530000	1597.485082	4.045000	65.008402	65.008402	65.008402	4.061441	-0.405845
-155.525604	14.659600	153.190000	-4.530000	1490.892856	4.053000	73.120902	73.120902	73.120902	4.045180	-0.121914
-155.525604	15.159600	153.190000	-4.530000	1494.838469	4.053000	72.732586	72.732586	72.732586	4.043142	-0.167757
-155.525604	15.659600	153.190000	-4.530000	1498.861490	4.053000	72.246421	72.246421	72.246421	4.041155	-0.313920
-155.525604	16.159600	153.190000	-4.530000	1503.332157	4.052000	72.162429	72.162429	72.162429	4.040197	-0.060319
-155.525604	16.659600	153.190000	-4.530000	1507.508977	4.052000	71.680632	71.680632	71.680632	4.037112	-0.207158
-155.525604	17.159600	153.190000	-4.530000	1511.761166	4.052000	71.301046	71.301046	71.301046	4.034332	-0.254340
-155.525604	17.659600	153.190000	-4.530000	1516.088027	4.052000	71.023691	71.023691	71.023691	4.031320	-0.201787
-155.525604	18.159600	153.190000	-4.530000	1520.864194	4.051000	70.648582	70.648582	70.648582	4.027738	-0.249694
-155.525604	18.659600	153.190000	-4.530000	1525.339393	4.051000	70.275735	70.275735	70.275735	4.024296	-0.297966
-155.525604	19.159600	153.190000	-4.530000	1530.264915	4.050000	70.005162	70.005162	70.005162	4.020815	-0.246531
-155.525604	19.659600	153.190000	-4.530000	1534.885687	4.050000	69.636877	69.636877	69.636877	4.018839	-0.295576
-155.525604	20.159600	153.190000	-4.530000	1539.577619	4.050000	69.370892	69.370892	69.370892	4.017799	-0.245010
-155.525604	20.659600	153.190000	-4.530000	1544.721406	4.049000	69.007216	69.007216	69.007216	4.018243	-0.294767
-155.525604	21.159600	153.190000	-4.530000	1549.554692	4.049000	68.745858	68.745858	68.745858	4.019582	-0.245023
-155.525604	21.659600	153.190000	-4.530000	1554.840998	4.048000	68.386826	68.386826	68.386826	4.021004	-0.295692
-155.525604	22.159600	153.190000	-4.530000	1559.812811	4.048000	68.130127	68.130127	68.130127	4.023902	-0.246713
-155.525604	22.659600	153.190000	-4.530000	1564.852201	4.048000	67.875767	67.875767	67.875767	4.027737	-0.198253
-155.525604	23.159600	153.190000	-4.530000	1570.346370	4.047000	67.523749	67.523749	67.523749	4.032370	-0.250231
-155.525604	23.659600	153.190000	-4.530000	1575.520003	4.047000	67.174079	67.174079	67.274079	4.039124	-0.302591
-155.525604	24.159600	153.190000	-4.530000	1580.759040	4.047000	66.926757	66.926757	66.926757	4.045429	-0.255491
-155.525604	24.659600	153.190000	-4.530000	1586.454759	4.046000	66.581785	66.581785	66.581785	4.049451	-0.308852
-155.525604	25.159600	153.190000	-4.530000	1591.823740	4.046000	66.339165	66.339165	66.339165	4.053867	-0.262627
-155.525604	25.659600	153.190000	-4.530000	1597.255949	4.046000	66.098894	66.098894	66.098894	4.058576	-0.216962
-155.525604	26.159600	153.190000	-4.530000	1602.750657	4.046000	65.860972	65.860972	65.860972	4.064354	-0.171784
-155.525604	26.659600	153.190000	-4.530000	1608.307136	4.046000	65.725396	65.625396	65.725396	4.070547	-0.027050
-155.025604	14.659600	153.190000	-4.530000	1503.633150	4.053000	73.390976	73.390976	73.390976	4.044451	-0.077149
-155.025604	15.159600	153.190000	-4.530000	1507.526958	4.053000	72.905318	72.905318	72.905318	4.041937	-0.225700
-155.025604	15.659600	153.190000	-4.530000	1511.497041	4.053000	72.521738	72.521738	72.521738	4.040962	-0.274572
-155.025604	16.159600	153.190000	-4.530000	1515.916763	4.052000	72.340258	72.340258	72.340258	4.039633	-0.123790
-155.025604	16.659600	153.190000	-4.530000	1520.038431	4.052000	71.960897	71.960897	71.960897	4.037621	-0.173346
-155.025604	17.159600	153.190000	-4.530000	1524.234396	4.052000	71.583674	71.583674	71.583674	4.035585	-0.223247
-155.025604	17.659600	153.190000	-4.530000	1528.881301	4.051000	71.208606	71.208606	71.208606	4.033119	-0.273518
-155.025604	18.159600	153.190000	-4.530000	1533.224906	4.051000	70.835709	70.835709	70.835709	4.029672	-0.324149
-155.025604	18.659600	153.190000	-4.530000	1537.640787	4.051000	70.564998	70.564998	70.564998	4.026108	-0.275150
-155.025604	19.159600	153.190000	-4.530000	1542.509029	4.050000	70.196486	70.196486	70.196486	4.022960	-0.326545
-155.025604	19.659600	153.190000	-4.530000	1547.068520	4.050000	69.930187	69.930187	69.930187	4.021078	-0.278325
-155.025604	20.159600	153.190000	-4.530000	1552.081459	4.049000	69.566112	69.566112	69.566112	4.020143	-0.330497
-155.025604	20.659600	153.190000	-4.530000	1556.781848	4.049000	69.304270	69.304270	69.304270	4.020696	-0.283089
-155.025604	21.159600	153.190000	-4.530000	1561.551072	4.049000	69.044671	69.044671	69.044671	4.021828	-0.236089
-155.025604	21.659600	153.190000	-4.530000	1566.775382	4.048000	68.687323	68.687323	68.687323	4.023575	-0.289507
-155.025604	22.159600	153.190000	-4.530000	1571.681376	4.048000	68.432233	68.432233	68.432233	4.026725	-0.243368
-155.025604	22.659600	153.190000	-4.530000	1576.654107	4.048000	68.179406	68.179406	68.179406	4.030528	-0.197663
-155.025604	23.159600	153.190000	-4.530000	1582.083696	4.047000	67.828848	67.828848	67.828848	4.036359	-0.252400
-155.025604	23.659600	153.190000	-4.530000	1587.189033	4.047000	67.580562	67.580562	67.580562	4.042217	-0.207606
-155.025604	24.159600	153.190000	-4.530000	1592.358994	4.047000	67.334551	67.334551	67.334551	4.048330	-0.163271
-155.025604	24.659600	153.190000	-4.530000	1597.592868	4.047000	66.990816	66.990816	67.090816	4.053700	-0.219402
-155.025604	25.159600	153.190000	-4.530000	1603.286110	4.046000	66.649360	66.649360	66.649360	4.056144	-0.276029
-155.025604	25.659600	153.190000	-4.530000	1608.647001	4.046000	66.410180	66.410180	66.410180	4.060487	-0.233140
-155.025604	26.159600	153.190000	-4.530000	1614.069687	4.046000	66.173278	66.173278	66.173278	4.064874	-0.190742
-155.025604	26.659600	153.190000	-4.530000	1619.553458	4.046000	65.938649	65.938649	65.938649	4.067960	-0.148868
-154.525604	14.659600	153.190000	-4.530000	1516.388042	4.053000	73.557871	73.557871	73.557871	4.044326	-0.132374
-154.525604	15.159600	153.190000	-4.530000	1520.230659	4.053000	73.174826	73.174826	73.174826	4.043446	-0.183644
-154.525604	15.659600	153.190000	-4.530000	1524.148421	4.053000	72.693787	72.693787	72.693787	4.041305	-0.335347
-154.525604	16.159600	153.190000	-4.530000	1528.517821	4.052000	72.514777	72.514777	72.514777	4.041883	-0.187291
-154.525604	16.659600	153.190000	-4.530000	1532.584954	4.052000	72.137814	72.137814	72.137814	4.040160	-0.239576
-154.525604	17.159600	153.190000	-4.530000	1536.725317	4.052000	71.762916	71.762916	71.762916	4.038000	-0.292312
-154.525604	17.659600	153.190000	-4.530000	1541.318639	4.051000	71.490101	71.490101	71.490101	4.035260	-0.245318
-154.525604	18.159600	153.190000	-4.530000	1545.604551	4.051000	71.119384	71.119384	71.119384	4.031991	-0.298688
-154.525604	18.659600	153.190000	-4.530000	1549.961731	4.051000	70.750779	70.750779	70.750779	4.028502	-0.352530
-154.525604	19.159600	153.190000	-4.530000	1554.773313	4.050000	70.484301	70.484301	70.484301	4.025829	-0.306669
-154.525604	19.659600	153.190000	-4.530000	1559.272136	4.050000	70.119962	70.119962	70.119962	4.024799	-0.361197
-154.525604	20.159600	153.190000	-4.530000	1564.226458	4.049000	69.857773	69.857773	69.857773	4.024286	-0.316216
-154.525604	20.659600	153.190000	-4.530000	1568.864291	4.049000	69.597745	69.597745	69.597745	4.024910	-0.271562
-154.525604	21.159600	153.190000	-4.530000	1573.958781	4.048000	69.239886	69.239886	69.239886	4.025176	-0.327320
-154.525604	21.659600	153.190000	-4.530000	1578.732968	4.048000	68.984204	68.984204	68.984204	4.027168	-0.283589
-154.525604	22.159600	153.190000	-4.530000	1583.573733	4.048000	68.730708	68.730708	68.730708	4.031175	-0.240215
-154.525604	22.659600	153.190000	-4.530000	1588.480388	4.048000	68.479402	68.479402	68.479402	4.034747	-0.197278
-154.525604	23.159600	153.190000	-4.530000	1593.845980	4.047000	68.230291	68.230291	68.230291	4.040003	-0.154873
-154.525604	23.659600	153.190000	-4.530000	1598.883591	4.047000	67.983381	67.983381	67.983381	4.045770	-0.112854
-154.525604	24.159600	153.190000	-4.530000	1603.985037	4.047000	67.638673	67.638673	67.638673	4.051160	-0.171297
-154.525604	24.659600	153.190000	-4.530000	1609.149628	4.047000	67.396171	67.396171	67.396171	4.056037	-0.130292
-154.525604	25.159600	153.190000	-4.530000	1614.376670	4.047000	67.155874	67.155874	67.155874	4.059433	-0.089704
-154.525604	25.659600	153.190000	-4.530000	1620.065785	4.046000	66.717785	66.717785	66.717785	4.061676	-0.249604
-154.525604	26.159600	153.190000	-4.530000	1625.416975	4.046000	66.481900	66.481900	66.481900	4.064979	-0.210077
-154.525604	26.659600	153.190000	-4.530000	1630.828555	4.046000	66.248221	66.248221	66.248221	4.068124	-0.170998
-154.025604	14.659600	153.190000	-4.530000	1529.157154	4.053000	73.821660	73.821660	73.821660	4.048095	-0.087900
-154.025604	15.159600	153.190000	-4.530000	1532.949180	4.053000	73.341181	73.341181	73.341181	4.046337	-0.242009
-154.025604	15.659600	153.190000	-4.530000	1536.815222	4.053000	72.962640	72.962640	72.962640	4.045038	-0.296445
-154.025604	16.159600	153.190000	-4.530000	1540.754663	4.053000	72.586059	72.486059	72.586059	4.043944	-0.351126
-154.025604	16.659600	153.190000	-4.530000	1545.148113	4.052000	72.411454	72.311454	72.411454	4.043269	-0.206255
-154.025604	17.159600	153.190000	-4.530000	1549.233479	4.052000	71.938845	71.938845	71.938845	4.041009	-0.361734
-154.025604	17.659600	153.190000	-4.530000	1553.773830	4.051000	71.668248	71.668248	71.668248	4.038800	-0.317486
-154.025604	18.159600	153.190000	-4.530000	1558.002653	4.051000	71.299678	71.299678	71.299678	4.035949	-0.373705
-154.025604	18.659600	153.190000	-4.530000	1562.301738	4.051000	70.933151	70.933151	70.933151	4.032307	-0.430298
-154.025604	19.159600	153.190000	-4.530000	1567.057267	4.050000	70.668678	70.668678	70.668678	4.030050	-0.387193
-154.025604	19.659600	153.190000	-4.530000	1571.496020	4.050000	70.406273	70.406273	70.406273	4.028889	-0.344575
-154.025604	20.159600	153.190000	-4.530000	1576.392329	4.049000	70.045947	70.045947	70.145947	4.028385	-0.402355
-154.025604	20.659600	153.190000	-4.530000	1580.968198	4.049000	69.787710	69.787710	69.787710	4.028610	-0.360465
-154.025604	21.159600	153.190000	-4.530000	1586.002790	4.048000	69.531571	69.531571	69.531571	4.028895	-0.319083
-154.025604	21.659600	153.190000	-4.530000	1590.713198	4.048000	69.277538	69.277538	69.277538	4.031128	-0.278124
-154.025604	22.159600	153.190000	-4.530000	1595.489312	4.048000	69.025619	69.025619	69.025619	4.034412	-0.237524
-154.025604	22.659600	153.190000	-4.530000	1600.330464	4.048000	68.775820	68.775820	68.775820	4.038527	-0.197452
-154.025604	23.159600	153.190000	-4.530000	1605.632632	4.047000	68.528146	68.528146	68.528146	4.044039	-0.157828
-154.025604	23.659600	153.190000	-4.530000	1610.603077	4.047000	68.282601	68.282601	68.282601	4.048535	-0.118593
-154.025604	24.159600	153.190000	-4.530000	1615.636562	4.047000	68.039189	68.039189	68.039189	4.053894	-0.079908
-154.025604	24.659600	153.190000	-4.530000	1620.732414	4.047000	67.697912	67.697912	67.697912	4.056991	-0.141694
-154.025604	25.159600	153.190000	-4.530000	1625.889960	4.047000	67.458771	67.458771	67.458771	4.060553	-0.103901
-154.025604	25.659600	153.190000	-4.530000	1631.108524	4.047000	67.321767	67.221767	67.321767	4.067087	0.033322
-154.025604	26.159600	153.190000	-4.530000	1636.387434	4.047000	67.086901	67.086901	67.086901	4.072028	0.070047
-154.025604	26.659600	153.190000	-4.530000	1641.726014	4.047000	66.854170	66.854170	66.854170	4.075037	0.106322
-153.525604	14.659600	153.190000	-4.530000	1541.940117	4.053000	74.082411	74.082411	74.082411	4.052013	-0.043837
-153.525604	15.159600	153.190000	-4.530000	1545.682138	4.053000	73.604453	73.604453	73.604453	4.049604	-0.200688
-153.525604	15.659600	153.190000	-4.530000	1549.497050	4.053000	73.228368	73.128368	73.228368	4.049302	-0.257869
-153.525604	16.159600	153.190000	-4.530000	1553.384254	4.053000	72.754173	72.754173	72.754173	4.046976	-0.415402
-153.525604	16.659600	153.190000	-4.530000	1557.727485	4.052000	72.581889	72.581889	72.581889	4.047322	-0.273282
-153.525604	17.159600	153.190000	-4.530000	1561.758447	4.052000	72.211531	72.211531	72.211531	4.045672	-0.331514
-153.525604	17.659600	153.190000	-4.530000	1566.246424	4.051000	71.843118	71.843118	71.943118	4.043467	-0.390123
-153.525604	18.159600	153.190000	-4.530000	1570.418753	4.051000	71.476663	71.476663	71.476663	4.039177	-0.449102
-153.525604	18.659600	153.190000	-4.530000	1574.660333	4.051000	71.112181	71.112181	71.112181	4.036956	-0.508458
-153.525604	19.159600	153.190000	-4.530000	1579.360404	4.050000	70.849685	70.849685	70.849685	4.035027	-0.468215
-153.525604	19.659600	153.190000	-4.530000	1583.739676	4.050000	70.589188	70.589188	70.589188	4.033930	-0.428366
-153.525604	20.159600	153.190000	-4.530000	1588.578561	4.049000	70.330700	70.330700	70.330700	4.032875	-0.388918
-153.525604	20.659600	153.190000	-4.530000	1593.093049	4.049000	70.074232	70.074232	70.074232	4.032858	-0.349896
-153.525604	21.159600	153.190000	-4.530000	1598.068326	4.048000	69.819793	69.819793	69.819793	4.033460	-0.311292
-153.525604	21.659600	153.190000	-4.530000	1602.715528	4.048000	69.567391	69.567391	69.567391	4.035485	-0.273114
-153.525604	22.159600	153.190000	-4.530000	1607.427560	4.048000	69.317034	69.317034	69.417034	4.038000	-0.235387
-153.525604	22.659600	153.190000	-4.530000	1612.203772	4.048000	69.168727	69.168727	69.168727	4.041931	-0.098103
-153.525604	23.159600	153.190000	-4.530000	1617.443079	4.047000	68.922476	68.922476	68.922476	4.046240	-0.061270
-153.525604	23.659600	153.190000	-4.530000	1622.346908	4.047000	68.678286	68.678286	68.678286	4.049952	-0.024914
-153.525604	24.159600	153.190000	-4.530000	1627.312975	4.047000	68.336159	68.336159	68.436159	4.055477	-0.089026
-153.525604	24.659600	153.190000	-4.530000	1632.340625	4.047000	68.096100	68.096100	68.096100	4.059453	-0.053614
-153.525604	25.159600	153.190000	-4.530000	1637.429202	4.047000	67.858109	67.758109	67.858109	4.064119	-0.018705
-153.525604	25.659600	153.190000	-4.530000	1642.578051	4.047000	67.622188	67.522188	67.622188	4.068353	0.015711
-153.525604	26.159600	153.190000	-4.530000	1647.786513	4.047000	67.388336	67.388336	67.388336	4.072056	0.049625
-153.525604	26.659600	153.190000	-4.530000	1653.053932	4.047000	67.156554	67.156554	67.156554	4.074969	0.083009
-153.025604	14.659600	153.190000	-4.530000	1554.736578	4.053000	74.340193	74.340193	74.340193	4.056488	0.000219
-153.025604	15.159600	153.190000	-4.530000	1558.429166	4.053000	73.864711	73.864711	73.864711	4.054636	-0.159388
-153.025604	15.659600	153.190000	-4.530000	1562.193523	4.053000	73.391036	73.391036	73.391036	4.052531	-0.319432
-153.025604	16.159600	153.190000	-4.530000	1566.029068	4.053000	73.019188	73.019188	73.019188	4.051980	-0.379727
-153.025604	16.659600	153.190000	-4.530000	1570.322662	4.052000	72.849184	72.749184	72.849184	4.051918	-0.240370
-153.025604	17.159600	153.190000	-4.530000	1574.299801	4.052000	72.381042	72.381042	72.381042	4.050197	-0.401471
-153.025604	17.659600	153.190000	-4.530000	1578.346370	4.052000	72.014777	72.014777	72.014777	4.048440	-0.462851
-153.025604	18.159600	153.190000	-4.530000	1582.852403	4.051000	71.750404	71.750404	71.750404	4.044801	-0.424603
-153.025604	18.659600	153.190000	-4.530000	1587.037057	4.051000	71.387937	71.387937	71.387937	4.042648	-0.486832
-153.025604	19.159600	153.190000	-4.530000	1591.682252	4.050000	71.127390	71.127390	71.127390	4.040931	-0.449368
-153.025604	19.659600	153.190000	-4.530000	1596.002620	4.050000	70.768774	70.768774	70.868774	4.040079	-0.512301
-153.025604	20.159600	153.190000	-4.530000	1600.784659	4.049000	70.512100	70.512100	70.612100	4.039429	-0.475733
-153.025604	20.659600	153.190000	-4.530000	1605.238337	4.049000	70.257378	70.257378	70.257378	4.038897	-0.439499
-153.025604	21.159600	153.190000	-4.530000	1610.154870	4.048000	70.004618	70.004618	70.104618	4.039963	-0.403687
-153.025604	21.659600	153.190000	-4.530000	1614.739429	4.048000	69.853827	69.853827	69.853827	4.040808	-0.268394
-153.025604	22.159600	153.190000	-4.530000	1619.387937	4.048000	69.605014	69.605014	69.605014	4.042986	-0.233465
-153.025604	22.659600	153.190000	-4.530000	1624.099762	4.048000	69.458184	69.458184	69.458184	4.045836	-0.098982
-153.025604	23.159600	153.190000	-4.530000	1629.276761	4.047000	69.213343	69.213343	69.213343	4.049411	-0.065039
-153.025604	23.659600	153.190000	-4.530000	1634.114515	4.047000	68.970496	68.970496	68.970496	4.054007	-0.031490
-153.025604	24.159600	153.190000	-4.530000	1639.013699	4.047000	68.729646	68.729646	68.729646	4.058307	0.001587
-153.025604	24.659600	153.190000	-4.530000	1643.973675	4.047000	68.390796	68.390796	68.490796	4.061742	-0.065897
-153.025604	25.159600	153.190000	-4.530000	1648.993804	4.047000	68.153949	68.153949	68.153949	4.065367	-0.033805
-153.025604	25.659600	153.190000	-4.530000	1654.073447	4.047000	67.819105	67.819105	67.819105	4.068302	-0.102210
-153.025604	26.159600	153.190000	-4.530000	1659.211966	4.047000	67.586265	67.586265	67.586265	4.071791	-0.071199
-153.025604	26.659600	153.190000	-4.530000	1664.408720	4.047000	67.355430	67.355430	67.355430	4.073700	-0.040642
-152.525604	14.659600	153.190000	-4.530000	1567.546190	4.053000	74.595069	74.595069	74.595069	4.059823	0.043964
-152.525604	15.159600	153.190000	-4.530000	1571.189905	4.053000	74.122019	74.122019	74.122019	4.058908	-0.118515
-152.525604	15.659600	153.190000	-4.530000	1574.904269	4.053000	73.650712	73.650712	73.650712	4.056939	-0.281329
-152.525604	16.159600	153.190000	-4.530000	1578.688720	4.053000	73.281170	73.281170	73.281170	4.056213	-0.344396
-152.525604	16.659600	153.190000	-4.530000	1582.542689	4.053000	72.913408	72.913408	72.913408	4.055320	-0.407917
-152.525604	17.159600	153.190000	-4.530000	1586.857130	4.052000	72.647443	72.647443	72.647443	4.054757	-0.371797
-152.525604	17.659600	153.190000	-4.530000	1590.849395	4.052000	72.283292	72.283292	72.283292	4.053266	-0.435957
-152.525604	18.159600	153.190000	-4.530000	1595.303167	4.051000	71.920968	71.920968	71.920968	4.051285	-0.500592
-152.525604	18.659600	153.190000	-4.530000	1599.431464	4.051000	71.560485	71.560485	71.560485	4.048664	-0.565608
-152.525604	19.159600	153.190000	-4.530000	1604.022354	4.050000	71.301857	71.301857	71.301857	4.047240	-0.530935
-152.525604	19.659600	153.190000	-4.530000	1608.284381	4.050000	71.045095	71.045095	71.045095	4.045789	-0.496756
-152.525604	20.159600	153.190000	-4.530000	1613.010141	4.049000	70.790209	70.790209	70.790209	4.044939	-0.462983
-152.525604	20.659600	153.190000	-4.530000	1617.403568	4.049000	70.537211	70.537211	70.537211	4.044584	-0.429549
-152.525604	21.159600	153.190000	-4.530000	1622.261919	4.048000	70.286108	70.286108	70.286108	4.044625	-0.396629
-152.525604	21.659600	153.190000	-4.530000	1626.784387	4.048000	70.036910	70.036910	70.136910	4.046012	-0.364141
-152.525604	22.159600	153.190000	-4.530000	1631.369918	4.048000	69.889623	69.889623	69.889623	4.048174	-0.232021
-152.525604	22.659600	153.190000	-4.530000	1636.017899	4.048000	69.744254	69.744254	69.744254	4.050573	-0.100436
-152.525604	23.159600	153.190000	-4.530000	1640.727715	4.048000	69.500809	69.500809	69.500809	4.054556	-0.069308
-152.525604	23.659600	153.190000	-4.530000	1645.905345	4.047000	69.259292	69.259292	69.259292	4.058685	-0.038577
-152.525604	24.159600	153.190000	-4.530000	1650.738171	4.047000	69.019707	69.019707	69.019707	4.062330	-0.008404
-152.525604	24.659600	153.190000	-4.530000	1655.630991	4.047000	68.782058	68.782058	68.782058	4.065436	0.021288
-152.525604	25.159600	153.190000	-4.530000	1660.172960	4.048000	68.646347	68.646347	68.646347	4.068823	0.150553
-152.525604	25.659600	153.190000	-4.530000	1665.182666	4.048000	68.412575	68.412575	68.412575	4.073042	0.179238
-152.525604	26.159600	153.190000	-4.530000	1670.250485	4.048000	68.280743	68.280743	68.280743	4.079108	0.307416
-152.525604	26.659600	153.190000	-4.530000	1675.375795	4.048000	68.050851	67.950851	68.050851	4.082459	0.335137
-152.025604	14.659600	153.190000	-4.530000	1580.368620	4.053000	74.847105	74.847105	74.847105	4.063964	0.087293
-152.025604	15.159600	153.190000	-4.530000	1583.964008	4.053000	74.376440	74.376440	74.376440	4.063053	-0.077965
-152.025604	15.659600	153.190000	-4.530000	1587.628929	4.053000	74.007460	74.007460	74.007460	4.064110	-0.143561
-152.025604	16.159600	153.190000	-4.530000	1591.362838	4.053000	73.540181	73.540181	73.540181	4.062202	-0.309515
-152.025604	16.659600	153.190000	-4.530000	1595.165183	4.053000	73.174622	73.074622	73.174622	4.061663	-0.375823
-152.025604	17.159600	153.190000	-4.530000	1599.430037	4.052000	72.910799	72.810799	72.910799	4.061250	-0.342492
-152.025604	17.659600	153.190000	-4.530000	1603.368553	4.052000	72.448726	72.448726	72.448726	4.059397	-0.509545
-152.025604	18.159600	153.190000	-4.530000	1607.373841	4.052000	72.088418	72.088418	72.088418	4.057158	-0.576974
-152.025604	18.659600	153.190000	-4.530000	1611.843119	4.051000	71.829889	71.729889	71.829889	4.055057	-0.544790
-152.025604	19.159600	153.190000	-4.530000	1616.380263	4.050000	71.473150	71.473150	71.473150	4.053880	-0.613013
-152.025604	19.659600	153.190000	-4.530000	1620.584503	4.050000	71.218215	71.218215	71.218215	4.051926	-0.581638
-152.025604	20.159600	153.190000	-4.530000	1625.254539	4.049000	70.965092	70.965092	70.965092	4.051256	-0.550672
-152.025604	20.659600	153.190000	-4.530000	1629.588263	4.049000	70.713793	70.713793	70.713793	4.050452	-0.520140
-152.025604	21.159600	153.190000	-4.530000	1634.388981	4.048000	70.464326	70.464326	70.564326	4.050467	-0.490033
-152.025604	21.659600	153.190000	-4.530000	1638.849901	4.048000	70.316700	70.316700	70.316700	4.051845	-0.360362
-152.025604	22.159600	153.190000	-4.530000	1643.372993	4.048000	70.170921	70.170921	70.170921	4.053185	-0.231148
-152.025604	22.659600	153.190000	-4.530000	1647.957663	4.048000	70.026997	70.026997	70.026997	4.055428	-0.102386
-152.025604	23.159600	153.190000	-4.530000	1652.603312	4.048000	69.784933	69.784933	69.784933	4.058511	-0.074083
-152.025604	23.659600	153.190000	-4.530000	1657.309341	4.048000	69.644733	69.644733	69.644733	4.061635	0.053736
-152.025604	24.159600	153.190000	-4.530000	1662.075148	4.048000	69.406402	69.406402	69.406402	4.064632	0.081078
-152.025604	24.659600	153.190000	-4.530000	1666.900130	4.048000	69.169944	69.169944	69.169944	4.068007	0.107936
-152.025604	25.159600	153.190000	-4.530000	1671.783683	4.048000	68.935361	68.935361	68.935361	4.071104	0.134283
-152.025604	25.659600	153.190000	-4.530000	1676.725201	4.048000	68.702654	68.702654	68.702654	4.073683	0.160127
-152.025604	26.159600	153.190000	-4.530000	1681.724079	4.048000	68.471824	68.471824	68.471824	4.076224	0.185462
-152.025604	26.659600	153.190000	-4.530000	1686.779710	4.048000	68.242873	68.242873	68.242873	4.078932	0.210258
-151.525604	14.659600	153.190000	-4.530000	1593.203544	4.053000	75.196361	75.196361	75.196361	4.068042	0.230597
-151.525604	15.159600	153.190000	-4.530000	1596.751140	4.053000	74.728038	74.728038	74.728038	4.068669	0.062546
-151.525604	15.659600	153.190000	-4.530000	1600.367155	4.053000	74.261340	74.261340	74.261340	4.067181	-0.105948
-151.525604	16.159600	153.190000	-4.530000	1604.051060	4.053000	73.796285	73.796285	73.796285	4.064966	-0.274701
-151.525604	16.659600	153.190000	-4.530000	1607.802322	4.053000	73.432891	73.332891	73.432891	4.063970	-0.343810
-151.525604	17.159600	153.190000	-4.530000	1611.620401	4.053000	73.071171	73.071171	73.071171	4.063230	-0.413383
-151.525604	17.659600	153.190000	-4.530000	1615.903448	4.052000	72.711142	72.711142	72.711142	4.061868	-0.483241
-151.525604	18.159600	153.190000	-4.530000	1619.854502	4.052000	72.352817	72.352817	72.352817	4.060139	-0.553481
-151.525604	18.659600	153.190000	-4.530000	1624.271602	4.051000	71.996209	71.996209	71.996209	4.059436	-0.624205
-151.525604	19.159600	153.190000	-4.530000	1628.353484	4.051000	71.641331	71.641331	71.641331	4.056734	-0.695243
-151.525604	19.659600	153.190000	-4.530000	1632.902540	4.050000	71.488194	71.388194	71.488194	4.055050	-0.566686
-151.525604	20.159600	153.190000	-4.530000	1637.113072	4.050000	71.236809	71.236809	71.236809	4.054889	-0.538634
-151.525604	20.659600	153.190000	-4.530000	1641.791955	4.049000	70.987185	70.987185	70.987185	4.053983	-0.510925
-151.525604	21.159600	153.190000	-4.530000	1646.128928	4.049000	70.739332	70.739332	70.739332	4.054754	-0.483646
-151.525604	21.659600	153.190000	-4.530000	1650.935482	4.048000	70.593257	70.593257	70.593257	4.055788	-0.356893
-151.525604	22.159600	153.190000	-4.530000	1655.396663	4.048000	70.448968	70.448968	70.448968	4.057615	-0.230512
-151.525604	22.659600	153.190000	-4.530000	1659.918545	4.048000	70.306471	70.306471	70.306471	4.060218	-0.104585
-151.525604	23.159600	153.190000	-4.530000	1664.500547	4.048000	70.065772	70.065772	70.065772	4.062770	-0.079207
-151.525604	23.659600	153.190000	-4.530000	1669.142085	4.048000	69.926876	69.926876	69.926876	4.064524	0.045771
-151.525604	24.159600	153.190000	-4.530000	1673.842574	4.048000	69.689787	69.689787	69.689787	4.066726	0.070268
-151.525604	24.659600	153.190000	-4.530000	1678.601429	4.048000	69.454509	69.454509	69.454509	4.069687	0.094196
-151.525604	25.159600	153.190000	-4.530000	1683.418060	4.048000	69.221045	69.221045	69.221045	4.072514	0.117692
-151.525604	25.659600	153.190000	-4.530000	1688.291879	4.048000	68.989395	68.989395	68.989395	4.074794	0.140683
-151.525604	26.159600	153.190000	-4.530000	1693.222297	4.048000	68.759563	68.759563	68.759563	4.076797	0.163082
-151.525604	26.659600	153.190000	-4.530000	1698.208721	4.048000	68.431547	68.431547	68.431547	4.076745	0.085019
-151.025604	14.659600	153.190000	-4.530000	1606.050649	4.053000	75.442896	75.442896	75.442896	4.071044	0.273580
-151.025604	15.159600	153.190000	-4.530000	1609.153945	4.054000	74.676870	74.676870	74.676870	4.069042	-0.197379
-151.025604	15.659600	153.190000	-4.530000	1612.720698	4.054000	74.212413	74.212413	74.212413	4.068241	-0.368680
-151.025604	16.159600	153.190000	-4.530000	1616.354231	4.054000	73.849542	73.849542	73.849542	4.067183	-0.440243
-151.025604	16.659600	153.190000	-4.530000	1620.453744	4.053000	73.688273	73.588273	73.688273	4.066348	-0.312265
-151.025604	17.159600	153.190000	-4.530000	1624.220208	4.053000	73.328620	73.228620	73.328620	4.065504	-0.384653
-151.025604	17.659600	153.190000	-4.530000	1628.051902	4.053000	72.970599	72.870599	72.970599	4.064773	-0.457330
-151.025604	18.159600	153.190000	-4.530000	1632.351044	4.052000	72.614224	72.514224	72.614224	4.063341	-0.530488
-151.025604	18.659600	153.190000	-4.530000	1636.312573	4.052000	72.159507	72.159507	72.159507	4.062482	-0.704035
-151.025604	19.159600	153.190000	-4.530000	1640.742661	4.051000	71.906460	71.906460	71.906460	4.060191	-0.677900
-151.025604	19.659600	153.190000	-4.530000	1645.238060	4.050000	71.655094	71.655094	71.655094	4.059494	-0.652266
-151.025604	20.159600	153.190000	-4.530000	1649.390914	4.050000	71.405419	71.405419	71.405419	4.058225	-0.627047
-151.025604	20.659600	153.190000	-4.530000	1654.014191	4.049000	71.257447	71.257447	71.257447	4.057264	-0.502173
-151.025604	21.159600	153.190000	-4.530000	1658.291595	4.049000	71.011184	71.011184	71.011184	4.058180	-0.477821
-151.025604	21.659600	153.190000	-4.530000	1662.629928	4.049000	70.866639	70.866639	70.866639	4.059874	-0.353909
-151.025604	22.159600	153.190000	-4.530000	1667.440444	4.048000	70.723820	70.723820	70.723820	4.061682	-0.230372
-151.025604	22.659600	153.190000	-4.530000	1671.900051	4.048000	70.582733	70.582733	70.582733	4.063826	-0.107379
-151.025604	23.159600	153.190000	-4.530000	1676.418914	4.048000	70.343384	70.343384	70.343384	4.066168	-0.084850
-151.025604	23.659600	153.190000	-4.530000	1680.996465	4.048000	70.205777	70.205777	70.205777	4.067797	0.037275
-151.025604	24.159600	153.190000	-4.530000	1685.632136	4.048000	69.969918	69.969918	69.969918	4.069896	0.058834
-151.025604	24.659600	153.190000	-4.530000	1690.325355	4.048000	69.735809	69.735809	69.735809	4.071455	0.079904
-151.025604	25.159600	153.190000	-4.530000	1695.075552	4.048000	69.503453	69.503453	69.503453	4.073108	0.100539
-151.025604	25.659600	153.190000	-4.530000	1699.882152	4.048000	69.272853	69.272853	69.272853	4.075714	0.120586
-151.025604	26.159600	153.190000	-4.530000	1704.744582	4.048000	68.944010	68.944010	68.944010	4.075339	0.040118
-151.025604	26.659600	153.190000	-4.530000	1709.662266	4.048000	68.716925	68.716925	68.716925	4.075787	0.059185
-150.525604	14.659600	153.190000	-4.530000	1618.909629	4.053000	75.686768	75.686768	75.786768	4.073626	0.316140
-150.525604	15.159600	153.190000	-4.530000	1621.963004	4.054000	74.922996	74.922996	74.922996	4.072267	-0.157636
-150.525604	15.659600	153.190000	-4.530000	1625.481900	4.054000	74.560738	74.460738	74.560738	4.071695	-0.231757
-150.525604	16.159600	153.190000	-4.530000	1629.066484	4.054000	74.100009	74.100009	74.100009	4.070945	-0.406243
-150.525604	16.659600	153.190000	-4.530000	1632.716255	4.054000	73.740827	73.740827	73.740827	4.070363	-0.481090
-150.525604	17.159600	153.190000	-4.530000	1636.834465	4.053000	73.483205	73.483205	73.483205	4.068298	-0.456306
-150.525604	17.659600	153.190000	-4.530000	1640.614019	4.053000	73.127158	73.127158	73.127158	4.068613	-0.531911
-150.525604	18.159600	153.190000	-4.530000	1644.457242	4.053000	72.772698	72.772698	72.772698	4.066419	-0.607902
-150.525604	18.659600	153.190000	-4.530000	1648.770417	4.052000	72.419840	72.419840	72.419840	4.065215	-0.684285
-150.525604	19.159600	153.190000	-4.530000	1653.148377	4.051000	72.168593	72.168593	72.168593	4.062710	-0.661083
-150.525604	19.659600	153.190000	-4.530000	1657.181463	4.051000	71.818970	71.818970	71.818970	4.063182	-0.738290
-150.525604	20.159600	153.190000	-4.530000	1661.686337	4.050000	71.670981	71.670981	71.670981	4.061144	-0.615914
-150.525604	20.659600	153.190000	-4.530000	1665.843106	4.050000	71.424634	71.424634	71.424634	4.061484	-0.593978
-150.525604	21.159600	153.190000	-4.530000	1670.472877	4.049000	71.279939	71.279939	71.279939	4.061669	-0.472476
-150.525604	21.659600	153.190000	-4.530000	1674.751238	4.049000	71.136904	71.136904	71.136904	4.063591	-0.351416
-150.525604	22.159600	153.190000	-4.530000	1679.503863	4.048000	70.995535	70.995535	70.995535	4.064744	-0.230821
-150.525604	22.659600	153.190000	-4.530000	1683.901699	4.048000	70.855840	70.855840	70.855840	4.066866	-0.110686
-150.525604	23.159600	153.190000	-4.530000	1688.357923	4.048000	70.717823	70.717823	70.717823	4.067498	0.008983
-150.525604	23.659600	153.190000	-4.530000	1692.871982	4.048000	70.481491	70.481491	70.481491	4.070398	0.028160
-150.525604	24.159600	153.190000	-4.530000	1697.443323	4.048000	70.246847	70.246847	70.346847	4.072218	0.046853
-150.525604	24.659600	153.190000	-4.530000	1702.071393	4.048000	70.013895	70.013895	70.013895	4.073838	0.065053
-150.525604	25.159600	153.190000	-4.530000	1706.755633	4.048000	69.782638	69.782638	69.782638	4.075378	0.082736
-150.525604	25.659600	153.190000	-4.530000	1711.072791	4.049000	69.753079	69.753079	69.753079	4.078485	0.299909
-150.525604	26.159600	153.190000	-4.530000	1715.866514	4.049000	69.625219	69.525219	69.625219	4.082662	0.416562
-150.525604	26.659600	153.190000	-4.530000	1720.714719	4.049000	69.299058	69.299058	69.299058	4.082144	0.332672
-150.025604	14.659600	153.190000	-4.530000	1631.377678	4.054000	75.628034	75.628034	75.628034	4.075834	0.058656
-150.025604	15.159600	153.190000	-4.530000	1634.784137	4.054000	75.266472	75.266472	75.266472	4.074523	-0.017952
-150.025604	15.659600	153.190000	-4.530000	1638.255677	4.054000	74.806370	74.806370	74.806370	4.074025	-0.195008
-150.025604	16.159600	153.190000	-4.530000	1641.791816	4.054000	74.347744	74.347744	74.347744	4.074550	-0.372330
-150.025604	16.659600	153.190000	-4.530000	1645.392070	4.054000	73.990610	73.990610	73.990610	4.073790	-0.450017
-150.025604	17.159600	153.190000	-4.530000	1649.055946	4.054000	73.634982	73.634982	73.634982	4.073785	-0.528173
-150.025604	17.659600	153.190000	-4.530000	1653.190741	4.053000	73.380873	73.380873	73.380873	4.069673	-0.506622
-150.025604	18.159600	153.190000	-4.530000	1656.981305	4.053000	72.928296	72.928296	72.928296	4.069210	-0.685460
-150.025604	18.659600	153.190000	-4.530000	1661.243888	4.052000	72.677265	72.677265	72.677265	4.066679	-0.664789
-150.025604	19.159600	153.190000	-4.530000	1665.159186	4.052000	72.327790	72.327790	72.327790	4.066832	-0.744439
-150.025604	19.659600	153.190000	-4.530000	1669.547647	4.051000	72.079881	72.079881	72.079881	4.066333	-0.724501
-150.025604	20.159600	153.190000	-4.530000	1673.585690	4.051000	71.833549	71.833549	71.833549	4.066770	-0.705075
-150.025604	20.659600	153.190000	-4.530000	1678.098088	4.050000	71.688804	71.688804	71.688804	4.064929	-0.586000
-150.025604	21.159600	153.190000	-4.530000	1682.256859	4.050000	71.445653	71.445653	71.445653	4.067447	-0.567361
-150.025604	21.659600	153.190000	-4.530000	1686.891225	4.049000	71.404105	71.404105	71.404105	4.066432	-0.349257
-150.025604	22.159600	153.190000	-4.530000	1691.168680	4.049000	71.164167	71.164167	71.264167	4.070207	-0.331530
-150.025604	22.659600	153.190000	-4.530000	1695.504170	4.049000	71.025844	71.025844	71.025844	4.071880	-0.214266
-150.025604	23.159600	153.190000	-4.530000	1700.317094	4.048000	70.989144	70.989144	71.089144	4.069914	0.002442
-150.025604	23.659600	153.190000	-4.530000	1704.768147	4.048000	70.854070	70.854070	70.854070	4.071037	0.118742
-150.025604	24.159600	153.190000	-4.530000	1709.275640	4.048000	70.620628	70.620628	70.620628	4.073121	0.134555
-150.025604	24.659600	153.190000	-4.530000	1713.415760	4.049000	70.388821	70.388821	70.388821	4.075153	0.149790
-150.025604	25.159600	153.190000	-4.530000	1718.033374	4.049000	70.158652	70.158652	70.158652	4.076822	0.164588
-150.025604	25.659600	153.190000	-4.530000	1722.705791	4.049000	70.030123	70.030123	70.030123	4.079686	0.278872
-150.025604	26.159600	153.190000	-4.530000	1727.432467	4.049000	69.803237	69.803237	69.803237	4.081120	0.292555
-150.025604	26.659600	153.190000	-4.530000	1732.212858	4.049000	69.477995	69.477995	69.477995	4.079470	0.205772
-149.525604	14.659600	153.190000	-4.530000	1644.256354	4.054000	75.966747	75.866747	75.966747	4.077332	0.200843
-149.525604	15.159600	153.190000	-4.530000	1647.617047	4.054000	75.507351	75.507351	75.507351	4.077179	0.021290
-149.525604	15.659600	153.190000	-4.530000	1651.041721	4.054000	75.149364	75.149364	75.149364	4.074239	-0.058613
-149.525604	16.159600	153.190000	-4.530000	1654.529908	4.054000	74.692802	74.692802	74.692802	4.074612	-0.238785
-149.525604	16.659600	153.190000	-4.530000	1658.081137	4.054000	74.237677	74.237677	74.237677	4.076298	-0.419422
-149.525604	17.159600	153.190000	-4.530000	1661.694933	4.054000	73.884006	73.884006	73.884006	4.075631	-0.500432
-149.525604	17.659600	153.190000	-4.530000	1665.370815	4.054000	73.531801	73.431801	73.531801	4.073914	-0.581739
-149.525604	18.159600	153.190000	-4.530000	1669.520118	4.053000	73.181074	73.181074	73.181074	4.072805	-0.663532
-149.525604	18.659600	153.190000	-4.530000	1673.319649	4.053000	72.731837	72.731837	72.831837	4.074953	-0.845722
-149.525604	19.159600	153.190000	-4.530000	1677.593727	4.052000	72.584103	72.584103	72.584103	4.069688	-0.728237
-149.525604	19.659600	153.190000	-4.530000	1681.514995	4.052000	72.237880	72.237880	72.237880	4.071114	-0.811259
-149.525604	20.159600	153.190000	-4.530000	1685.911983	4.051000	72.093180	72.093180	72.093180	4.069038	-0.694704
-149.525604	20.659600	153.190000	-4.530000	1689.953044	4.051000	71.750010	71.750010	71.750010	4.074227	-0.778501
-149.525604	21.159600	153.190000	-4.530000	1694.471044	4.050000	71.708380	71.708380	71.708380	4.070287	-0.562827
-149.525604	21.659600	153.190000	-4.530000	1699.049447	4.049000	71.768297	71.768297	71.768297	4.064225	-0.247600
-149.525604	22.159600	153.190000	-4.530000	1703.267018	4.049000	71.529768	71.529768	71.529768	4.069271	-0.232755
-149.525604	22.659600	153.190000	-4.530000	1707.541730	4.049000	71.392800	71.392800	71.392800	4.070017	-0.118460
-149.525604	23.159600	153.190000	-4.530000	1711.873067	4.049000	71.157398	71.157398	71.157398	4.074461	-0.104638
-149.525604	23.659600	153.190000	-4.530000	1716.260506	4.049000	71.023567	71.023567	71.023567	4.074118	0.008774
-149.525604	24.159600	153.190000	-4.530000	1720.703527	4.049000	70.791312	70.791312	70.891312	4.075676	0.021613
-149.525604	24.659600	153.190000	-4.530000	1725.201603	4.049000	70.660636	70.660636	70.660636	4.075371	0.133954
-149.525604	25.159600	153.190000	-4.530000	1729.754208	4.049000	70.431543	70.431543	70.431543	4.076693	0.145855
-149.525604	25.659600	153.190000	-4.530000	1734.360815	4.049000	70.204036	70.204036	70.204036	4.077253	0.157160
-149.525604	26.159600	153.190000	-4.530000	1739.020895	4.049000	69.978115	69.978115	69.978115	4.077950	0.167941
-149.525604	26.659600	153.190000	-4.530000	1743.733915	4.049000	69.753783	69.753783	69.753783	4.077376	0.178253
-149.025604	14.659600	153.190000	-4.530000	1657.146043	4.054000	76.202960	76.202960	76.202960	4.078715	0.242598
-149.025604	15.159600	153.190000	-4.530000	1660.461445	4.054000	75.845688	75.845688	75.845688	4.076267	0.160188
-149.025604	15.659600	153.190000	-4.530000	1663.429412	4.055000	75.089775	75.089775	75.089775	4.083246	-0.322575
-149.025604	16.159600	153.190000	-4.530000	1666.869279	4.055000	74.635235	74.635235	74.735235	4.085961	-0.505708
-149.025604	16.659600	153.190000	-4.530000	1670.371105	4.055000	74.282083	74.182083	74.282083	4.084697	-0.589210
-149.025604	17.159600	153.190000	-4.530000	1673.934427	4.055000	73.830331	73.830331	73.930331	4.088186	-0.773087
-149.025604	17.659600	153.190000	-4.530000	1677.972584	4.054000	73.679994	73.679994	73.779994	4.077600	-0.657360
-149.025604	18.159600	153.190000	-4.530000	1681.658407	4.054000	73.231084	73.231084	73.231084	4.080865	-0.842024
-149.025604	18.659600	153.190000	-4.530000	1685.820171	4.053000	73.083611	73.083611	73.083611	4.072310	-0.727090
-149.025604	19.159600	153.190000	-4.530000	1689.626656	4.053000	72.637587	72.637587	72.637587	4.077272	-0.912575
-149.025604	19.659600	153.190000	-4.530000	1693.910235	4.052000	72.493022	72.493022	72.493022	4.074186	-0.798477
-149.025604	20.159600	153.190000	-4.530000	1697.835511	4.052000	72.149925	72.149925	72.149925	4.078640	-0.884804
-149.025604	20.659600	153.190000	-4.530000	1702.239080	4.051000	72.108306	72.108306	72.108306	4.073548	-0.671576
-149.025604	21.159600	153.190000	-4.530000	1706.702553	4.050000	72.068173	72.068173	72.068173	4.067844	-0.458789
-149.025604	21.659600	153.190000	-4.530000	1710.802954	4.050000	71.829532	71.829532	71.829532	4.074542	-0.446452
-149.025604	22.159600	153.190000	-4.530000	1715.383642	4.049000	71.892392	71.892392	71.992392	4.065762	-0.134586
-149.025604	22.659600	153.190000	-4.530000	1719.598053	4.049000	71.756758	71.756758	71.756758	4.066750	-0.023187
-149.025604	23.159600	153.190000	-4.530000	1723.868209	4.049000	71.522636	71.522636	71.522636	4.070462	-0.012262
-149.025604	23.659600	153.190000	-4.530000	1728.193603	4.049000	71.390032	71.390032	71.390032	4.071604	0.098166
-149.025604	24.159600	153.190000	-4.530000	1732.573727	4.049000	71.158949	71.158949	71.158949	4.074541	0.108102
-149.025604	24.659600	153.190000	-4.530000	1737.008070	4.049000	71.029391	70.929391	71.029391	4.074910	0.217537
-149.025604	25.159600	153.190000	-4.530000	1741.496122	4.049000	70.801362	70.801362	70.801362	4.074401	0.226450
-149.025604	25.659600	153.190000	-4.530000	1746.037368	4.049000	70.474864	70.474864	70.474864	4.075523	0.134844
-149.025604	26.159600	153.190000	-4.530000	1750.631292	4.049000	70.249899	70.249899	70.249899	4.075470	0.142713
-149.025604	26.659600	153.190000	-4.530000	1754.843978	4.050000	70.426469	70.426469	70.426469	4.085891	0.550031
-162.025604	19.986300	153.190000	-4.530000	1381.946755	4.051000	65.478675	65.478675	65.478675	4.032273	-0.290006
-161.367599	17.746901	153.190000	-4.530000	1373.441964	4.052000	68.077088	68.077088	68.077088	4.051783	0.176264
-161.314896	21.956301	153.190000	-4.530000	1421.972439	4.048000	64.035108	64.035108	64.035108	4.024847	-0.766738
-161.095001	23.997200	153.190000	-4.530000	1452.256083	4.045000	62.725604	62.725604	62.725604	4.032445	-0.811409
-160.047501	19.823400	153.190000	-4.530000	1427.114302	4.051000	66.823540	66.823540	66.823540	4.029604	-0.336419
-159.664993	22.122999	153.190000	-4.530000	1462.142299	4.048000	65.049628	65.049628	65.049628	4.022008	-0.745337
-159.401001	21.971001	153.190000	-4.530000	1466.249744	4.049000	65.447069	65.447069	65.447069	4.021583	-0.624593
-158.982498	15.574000	153.190000	-4.530000	1411.558619	4.052000	71.141998	71.141998	71.141998	4.055223	0.237357
-158.933105	24.573799	153.190000	-4.530000	1507.991791	4.045000	64.048883	64.048883	64.048883	4.038689	-0.627078
-158.903000	21.298401	153.190000	-4.530000	1470.275087	4.050000	66.344321	66.344321	66.344321	4.019801	-0.504370
-158.760193	18.564699	153.190000	-4.530000	1444.979492	4.052000	68.773306	68.773306	68.773306	4.030196	-0.062714
-158.185394	22.620199	153.190000	-4.530000	1502.077428	4.048000	65.872614	65.872614	65.872614	4.023626	-0.557884
-158.179504	20.377800	153.190000	-4.530000	1477.844635	4.050000	67.621403	67.621403	67.621403	4.017784	-0.299976
-157.931000	21.646000	153.190000	-4.530000	1497.257227	4.049000	66.784866	66.784866	66.784866	4.017816	-0.443410
-157.859100	14.659600	153.190000	-4.530000	1431.638912	4.053000	71.982898	71.982898	71.982898	4.050656	-0.167836
-157.700806	16.348400	153.190000	-4.530000	1450.447659	4.052000	71.124247	71.024247	71.124247	4.043463	0.123476
-157.627594	20.346100	153.190000	-4.530000	1490.738611	4.050000	67.996090	67.996090	67.996090	4.015648	-0.278425
-157.270004	21.108999	153.190000	-4.530000	1507.371365	4.049000	67.580361	67.580361	67.680361	4.014964	-0.406189
-157.227295	18.984800	153.190000	-4.530000	1486.712324	4.051000	69.328421	69.328421	69.328421	4.021908	-0.093424
-156.964600	24.312099	153.190000	-4.530000	1549.581528	4.046000	65.740060	65.740060	65.740060	4.041320	-0.422762
-156.932007	19.832701	153.190000	-4.530000	1502.411583	4.050000	68.775416	68.775416	68.775416	4.015846	-0.248489
-156.808197	18.404200	153.190000	-4.530000	1491.502386	4.051000	69.968973	69.968973	69.968973	4.025122	-0.078361
-156.755997	21.136000	153.190000	-4.530000	1519.896707	4.049000	67.967495	67.967495	67.967495	4.015378	-0.311163
-156.658005	20.891001	153.190000	-4.530000	1519.787339	4.049000	68.185333	68.185333	68.185333	4.015277	-0.309242
-156.510101	19.477699	153.190000	-4.530000	1508.853903	4.051000	69.253546	69.253546	69.253546	4.017456	-0.245218
-156.465103	18.775000	153.190000	-4.530000	1503.349337	4.051000	69.777620	69.777620	69.777620	4.021859	-0.210017
-156.387695	17.614901	153.190000	-4.530000	1494.326180	4.052000	70.648495	70.648495	70.648495	4.030852	-0.157383
-156.206604	16.162001	153.190000	-4.530000	1486.239408	4.052000	71.811954	71.811954	71.811954	4.042050	-0.075744
-156.167007	18.301001	153.190000	-4.530000	1506.316150	4.051000	70.240333	70.240333	70.340333	4.026662	-0.223889
-155.996994	20.771000	153.190000	-4.530000	1534.456059	4.049000	68.692444	68.692444	68.692444	4.016568	-0.267130
-155.772995	19.079000	153.190000	-4.530000	1523.095250	4.051000	69.901164	69.901164	69.901164	4.020576	-0.267343
-155.765305	26.776699	153.190000	-4.530000	1604.641041	4.045000	65.096646	65.096646	65.096646	4.062106	-0.428493
-155.714996	18.000299	153.190000	-4.530000	1514.769619	4.051000	70.660038	70.660038	70.760038	4.028581	-0.242867
-155.710999	20.046000	153.190000	-4.530000	1534.011438	4.050000	69.326137	69.326137	69.326137	4.017294	-0.256927
-155.679398	21.205500	153.190000	-4.530000	1546.318381	4.049000	68.632506	68.632506	68.632506	4.018739	-0.240048
-155.636200	22.299900	153.190000	-4.530000	1558.602256	4.048000	67.929039	67.929039	67.929039	4.023974	-0.295867
-154.994400	21.507000	153.190000	-4.530000	1566.038286	4.048000	68.769547	68.769547	68.769547	4.022415	-0.317869
-154.983002	19.601000	153.190000	-4.530000	1547.570109	4.050000	69.912730	69.912730	70.012730	4.021652	-0.355760
-154.797394	18.803101	153.190000	-4.530000	1544.916107	4.050000	70.587101	70.587101	70.587101	4.026348	-0.282861
-154.691299	17.180099	153.190000	-4.530000	1532.756079	4.052000	71.680331	71.680331	71.680331	4.037861	-0.279723
-154.617798	20.088900	153.190000	-4.530000	1561.333602	4.049000	69.802108	69.802108	69.802108	4.023836	-0.364350
-154.495895	18.401699	153.190000	-4.530000	1548.439917	4.051000	70.954669	70.954669	70.954669	4.030294	-0.326076
-154.482803	21.001900	153.190000	-4.530000	1573.110157	4.049000	69.432100	69.432100	69.432100	4.024708	-0.254382
-154.393997	19.262501	153.190000	-4.530000	1558.921662	4.050000	70.416952	70.416952	70.416952	4.026206	-0.380402
-154.251801	21.168699	153.190000	-4.530000	1580.637104	4.048000	69.435172	69.435172	69.435172	4.026890	-0.282239
-154.030502	17.988400	153.190000	-4.530000	1556.425030	4.051000	71.392385	71.392385	71.392385	4.037075	-0.385206
-153.992294	18.797600	153.190000	-4.530000	1564.708506	4.050000	70.889217	70.889217	70.889217	4.031533	-0.406444
-153.982697	21.519699	153.190000	-4.530000	1590.419208	4.048000	69.448734	69.348734	69.448734	4.030548	-0.213686
-153.967499	14.731300	153.190000	-4.530000	1531.180335	4.053000	73.757179	73.757179	73.757179	4.048443	-0.130902
-153.902405	19.979099	153.190000	-4.530000	1577.763238	4.049000	70.293661	70.193661	70.293661	4.029859	-0.330267
-153.868195	17.315399	153.190000	-4.530000	1554.456985	4.052000	71.915761	71.915761	71.915761	4.041345	-0.363593
-153.700806	17.297501	153.190000	-4.530000	1558.497239	4.052000	71.994210	71.994210	71.994210	4.043867	-0.378021
-153.503204	19.495199	153.190000	-4.530000	1582.842145	4.050000	70.681348	70.681348	70.681348	4.034899	-0.446456
-153.295898	18.800900	153.190000	-4.530000	1581.938271	4.050000	71.234422	71.234422	71.234422	4.038745	-0.418115
-153.292099	20.892599	153.190000	-4.530000	1601.270928	4.048000	70.001929	70.001929	70.101929	4.035502	-0.414033
-153.290604	17.906200	153.190000	-4.530000	1574.150594	4.051000	71.745060	71.745060	71.845060	4.043585	-0.452575
-152.981201	18.301800	153.190000	-4.530000	1585.139196	4.051000	71.605570	71.605570	71.605570	4.044003	-0.505952
-152.765793	25.592800	153.190000	-4.530000	1659.379465	4.047000	68.091329	68.091329	68.091329	4.069186	-0.027721
-152.132401	18.481400	153.190000	-4.530000	1607.727385	4.051000	71.792968	71.792968	71.892968	4.054663	-0.632491
-151.686600	14.689100	153.190000	-4.530000	1589.277751	4.053000	75.014981	75.014981	75.014981	4.066408	0.133141
-151.637604	16.737801	153.190000	-4.530000	1605.564914	4.053000	73.309652	73.309652	73.309652	4.063612	-0.370592
-150.914993	18.914200	153.190000	-4.530000	1641.507752	4.051000	72.113614	72.113614	72.113614	4.061201	-0.661435
-149.000900	16.989000	153.190000	-4.530000	1673.337894	4.055000	74.025559	74.025559	74.025559	4.085233	-0.679651
