-162.0256040	14.6596000	153.1900000	-4.5300000	1327.4499518	4.0510000
-162.0256040	15.1596000	153.1900000	-4.5300000	1332.1342970	4.0510000
-162.0256040	15.6596000	153.1900000	-4.5300000	1336.5810158	4.0520000
-162.0256040	16.1596000	153.1900000	-4.5300000	1341.4477521	4.0520000
-162.0256040	16.6596000	153.1900000	-4.5300000	1346.4047099	4.0520000
-162.0256040	17.1596000	153.1900000	-4.5300000	1351.4508485	4.0520000
-162.0256040	17.6596000	153.1900000	-4.5300000	1356.5851236	4.0520000
-162.0256040	18.1596000	153.1900000	-4.5300000	1361.8064884	4.0520000
-162.0256040	18.6596000	153.1900000	-4.5300000	1367.1138940	4.0520000
-162.0256040	19.1596000	153.1900000	-4.5300000	1372.5062899	4.0520000
-162.0256040	19.6596000	153.1900000	-4.5300000	1378.3227838	4.0510000
-162.0256040	20.1596000	153.1900000	-4.5300000	1383.8833796	4.0510000
-162.0256040	20.6596000	153.1900000	-4.5300000	1389.8689260	4.0500000
-162.0256040	21.1596000	153.1900000	-4.5300000	1395.9382768	4.0490000
-162.0256040	21.6596000	153.1900000	-4.5300000	1402.0904452	4.0480000
-162.0256040	22.1596000	153.1900000	-4.5300000	1408.3244456	4.0470000
-162.0256040	22.6596000	153.1900000	-4.5300000	1414.2897417	4.0470000
-162.0256040	23.1596000	153.1900000	-4.5300000	1420.6827901	4.0460000
-162.0256040	23.6596000	153.1900000	-4.5300000	1427.1547059	4.0450000
-162.0256040	24.1596000	153.1900000	-4.5300000	1433.7045135	4.0440000
-162.0256040	24.6596000	153.1900000	-4.5300000	1440.3312410	4.0430000
-162.0256040	25.1596000	153.1900000	-4.5300000	1446.6760095	4.0430000
-162.0256040	25.6596000	153.1900000	-4.5300000	1453.0924136	4.0430000
-162.0256040	26.1596000	153.1900000	-4.5300000	1459.9405427	4.0420000
-162.0256040	26.6596000	153.1900000	-4.5300000	1466.4988047	4.0420000
-161.5256040	14.6596000	153.1900000	-4.5300000	1339.9657468	4.0510000
-161.5256040	15.1596000	153.1900000	-4.5300000	1344.5888233	4.0510000
-161.5256040	15.6596000	153.1900000	-4.5300000	1348.9700701	4.0520000
-161.5256040	16.1596000	153.1900000	-4.5300000	1353.7732960	4.0520000
-161.5256040	16.6596000	153.1900000	-4.5300000	1358.6656637	4.0520000
-161.5256040	17.1596000	153.1900000	-4.5300000	1363.6461647	4.0520000
-161.5256040	17.6596000	153.1900000	-4.5300000	1368.7137868	4.0520000
-161.5256040	18.1596000	153.1900000	-4.5300000	1373.8675148	4.0520000
-161.5256040	18.6596000	153.1900000	-4.5300000	1379.1063311	4.0520000
-161.5256040	19.1596000	153.1900000	-4.5300000	1384.4292163	4.0520000
-161.5256040	19.6596000	153.1900000	-4.5300000	1390.1782344	4.0510000
-161.5256040	20.1596000	153.1900000	-4.5300000	1395.6675505	4.0510000
-161.5256040	20.6596000	153.1900000	-4.5300000	1401.5838780	4.0500000
-161.5256040	21.1596000	153.1900000	-4.5300000	1407.5831738	4.0490000
-161.5256040	21.6596000	153.1900000	-4.5300000	1413.3153403	4.0490000
-161.5256040	22.1596000	153.1900000	-4.5300000	1419.4760896	4.0480000
-161.5256040	22.6596000	153.1900000	-4.5300000	1425.7169140	4.0470000
-161.5256040	23.1596000	153.1900000	-4.5300000	1432.0368591	4.0460000
-161.5256040	23.6596000	153.1900000	-4.5300000	1438.4349728	4.0450000
-161.5256040	24.1596000	153.1900000	-4.5300000	1444.9103055	4.0440000
-161.5256040	24.6596000	153.1900000	-4.5300000	1451.1029933	4.0440000
-161.5256040	25.1596000	153.1900000	-4.5300000	1457.7282000	4.0430000
-161.5256040	25.6596000	153.1900000	-4.5300000	1464.0655647	4.0430000
-161.5256040	26.1596000	153.1900000	-4.5300000	1470.8368135	4.0420000
-161.5256040	26.6596000	153.1900000	-4.5300000	1477.3149680	4.0420000
-161.0256040	14.6596000	153.1900000	-4.5300000	1352.5024154	4.0510000
-161.0256040	15.1596000	153.1900000	-4.5300000	1356.7301428	4.0520000
-161.0256040	15.6596000	153.1900000	-4.5300000	1361.3816553	4.0520000
-161.0256040	16.1596000	153.1900000	-4.5300000	1366.1221995	4.0520000
-161.0256040	16.6596000	153.1900000	-4.5300000	1370.9508027	4.0520000
-161.0256040	17.1596000	153.1900000	-4.5300000	1375.8664876	4.0520000
-161.0256040	17.6596000	153.1900000	-4.5300000	1380.8682731	4.0520000
-161.0256040	18.1596000	153.1900000	-4.5300000	1385.9551747	4.0520000
-161.0256040	18.6596000	153.1900000	-4.5300000	1391.1262052	4.0520000
-161.0256040	19.1596000	153.1900000	-4.5300000	1396.3803754	4.0520000
-161.0256040	19.6596000	153.1900000	-4.5300000	1401.7166947	4.0520000
-161.0256040	20.1596000	153.1900000	-4.5300000	1407.4815265	4.0510000
-161.0256040	20.6596000	153.1900000	-4.5300000	1413.3294106	4.0500000
-161.0256040	21.1596000	153.1900000	-4.5300000	1418.9089819	4.0500000
-161.0256040	21.6596000	153.1900000	-4.5300000	1424.9186072	4.0490000
-161.0256040	22.1596000	153.1900000	-4.5300000	1431.0084723	4.0480000
-161.0256040	22.6596000	153.1900000	-4.5300000	1437.1776478	4.0470000
-161.0256040	23.1596000	153.1900000	-4.5300000	1443.4252055	4.0460000
-161.0256040	23.6596000	153.1900000	-4.5300000	1449.7502192	4.0450000
-161.0256040	24.1596000	153.1900000	-4.5300000	1456.1517647	4.0440000
-161.0256040	24.6596000	153.1900000	-4.5300000	1462.2672418	4.0440000
-161.0256040	25.1596000	153.1900000	-4.5300000	1468.8173794	4.0430000
-161.0256040	25.6596000	153.1900000	-4.5300000	1475.0763371	4.0430000
-161.0256040	26.1596000	153.1900000	-4.5300000	1481.4048283	4.0430000
-161.0256040	26.6596000	153.1900000	-4.5300000	1488.1699777	4.0420000
-160.5256040	14.6596000	153.1900000	-4.5300000	1364.7224849	4.0520000
-160.5256040	15.1596000	153.1900000	-4.5300000	1369.2243893	4.0520000
-160.5256040	15.6596000	153.1900000	-4.5300000	1373.8151463	4.0520000
-160.5256040	16.1596000	153.1900000	-4.5300000	1378.4938191	4.0520000
-160.5256040	16.6596000	153.1900000	-4.5300000	1383.2594655	4.0520000
-160.5256040	17.1596000	153.1900000	-4.5300000	1387.7686487	4.0530000
-160.5256040	17.6596000	153.1900000	-4.5300000	1392.7041792	4.0530000
-160.5256040	18.1596000	153.1900000	-4.5300000	1398.0687564	4.0520000
-160.5256040	18.6596000	153.1900000	-4.5300000	1403.1727890	4.0520000
-160.5256040	19.1596000	153.1900000	-4.5300000	1408.3590250	4.0520000
-160.5256040	19.6596000	153.1900000	-4.5300000	1413.6265027	4.0520000
-160.5256040	20.1596000	153.1900000	-4.5300000	1419.3245368	4.0510000
-160.5256040	20.6596000	153.1900000	-4.5300000	1425.1047394	4.0500000
-160.5256040	21.1596000	153.1900000	-4.5300000	1430.6128821	4.0500000
-160.5256040	21.6596000	153.1900000	-4.5300000	1436.5531563	4.0490000
-160.5256040	22.1596000	153.1900000	-4.5300000	1442.5728673	4.0480000
-160.5256040	22.6596000	153.1900000	-4.5300000	1448.6711120	4.0470000
-160.5256040	23.1596000	153.1900000	-4.5300000	1454.8469881	4.0460000
-160.5256040	23.6596000	153.1900000	-4.5300000	1460.7384725	4.0460000
-160.5256040	24.1596000	153.1900000	-4.5300000	1467.0652561	4.0450000
-160.5256040	24.6596000	153.1900000	-4.5300000	1473.4669544	4.0440000
-160.5256040	25.1596000	153.1900000	-4.5300000	1479.9426730	4.0430000
-160.5256040	25.6596000	153.1900000	-4.5300000	1486.1238499	4.0430000
-160.5256040	26.1596000	153.1900000	-4.5300000	1492.3739920	4.0430000
-160.5256040	26.6596000	153.1900000	-4.5300000	1498.6921616	4.0430000
-160.0256040	14.6596000	153.1900000	-4.5300000	1377.2960548	4.0520000
-160.0256040	15.1596000	153.1900000	-4.5300000	1381.7391440	4.0520000
-160.0256040	15.6596000	153.1900000	-4.5300000	1386.2699390	4.0520000
-160.0256040	16.1596000	153.1900000	-4.5300000	1390.8875328	4.0520000
-160.0256040	16.6596000	153.1900000	-4.5300000	1395.5910126	4.0520000
-160.0256040	17.1596000	153.1900000	-4.5300000	1400.0339441	4.0530000
-160.0256040	17.6596000	153.1900000	-4.5300000	1404.9052366	4.0530000
-160.0256040	18.1596000	153.1900000	-4.5300000	1410.2075709	4.0520000
-160.0256040	18.6596000	153.1900000	-4.5300000	1415.2453780	4.0520000
-160.0256040	19.1596000	153.1900000	-4.5300000	1420.3644456	4.0520000
-160.0256040	19.6596000	153.1900000	-4.5300000	1425.5638400	4.0520000
-160.0256040	20.1596000	153.1900000	-4.5300000	1431.1958338	4.0510000
-160.0256040	20.6596000	153.1900000	-4.5300000	1436.9091036	4.0500000
-160.0256040	21.1596000	153.1900000	-4.5300000	1442.3465498	4.0500000
-160.0256040	21.6596000	153.1900000	-4.5300000	1448.2182020	4.0490000
-160.0256040	22.1596000	153.1900000	-4.5300000	1454.1684777	4.0480000
-160.0256040	22.6596000	153.1900000	-4.5300000	1460.1964991	4.0470000
-160.0256040	23.1596000	153.1900000	-4.5300000	1465.9390709	4.0470000
-160.0256040	23.6596000	153.1900000	-4.5300000	1472.1183359	4.0460000
-160.0256040	24.1596000	153.1900000	-4.5300000	1478.3726989	4.0450000
-160.0256040	24.6596000	153.1900000	-4.5300000	1484.7012869	4.0440000
-160.0256040	25.1596000	153.1900000	-4.5300000	1490.7345092	4.0440000
-160.0256040	25.6596000	153.1900000	-4.5300000	1497.2072444	4.0430000
-160.0256040	26.1596000	153.1900000	-4.5300000	1503.3796416	4.0430000
-160.0256040	26.6596000	153.1900000	-4.5300000	1509.6195056	4.0430000
-159.5256040	14.6596000	153.1900000	-4.5300000	1389.8887914	4.0520000
-159.5256040	15.1596000	153.1900000	-4.5300000	1394.2738407	4.0520000
-159.5256040	15.6596000	153.1900000	-4.5300000	1398.7454495	4.0520000
-159.5256040	16.1596000	153.1900000	-4.5300000	1403.3027391	4.0520000
-159.5256040	16.6596000	153.1900000	-4.5300000	1407.9448255	4.0520000
-159.5256040	17.1596000	153.1900000	-4.5300000	1412.3222700	4.0530000
-159.5256040	17.6596000	153.1900000	-4.5300000	1417.4798271	4.0520000
-159.5256040	18.1596000	153.1900000	-4.5300000	1422.3709509	4.0520000
-159.5256040	18.6596000	153.1900000	-4.5300000	1427.3432898	4.0520000
-159.5256040	19.1596000	153.1900000	-4.5300000	1432.3959400	4.0520000
-159.5256040	19.6596000	153.1900000	-4.5300000	1437.5279955	4.0520000
-159.5256040	20.1596000	153.1900000	-4.5300000	1443.0946923	4.0510000
-159.5256040	20.6596000	153.1900000	-4.5300000	1448.7417649	4.0500000
-159.5256040	21.1596000	153.1900000	-4.5300000	1454.1092342	4.0500000
-159.5256040	21.6596000	153.1900000	-4.5300000	1459.9129817	4.0490000
-159.5256040	22.1596000	153.1900000	-4.5300000	1465.7945293	4.0480000
-159.5256040	22.6596000	153.1900000	-4.5300000	1471.3894486	4.0480000
-159.5256040	23.1596000	153.1900000	-4.5300000	1477.4224567	4.0470000
-159.5256040	23.6596000	153.1900000	-4.5300000	1483.5306880	4.0460000
-159.5256040	24.1596000	153.1900000	-4.5300000	1489.7132913	4.0450000
-159.5256040	24.6596000	153.1900000	-4.5300000	1495.5995855	4.0450000
-159.5256040	25.1596000	153.1900000	-4.5300000	1501.9267296	4.0440000
-159.5256040	25.6596000	153.1900000	-4.5300000	1507.9527053	4.0440000
-159.5256040	26.1596000	153.1900000	-4.5300000	1514.4209341	4.0430000
-159.5256040	26.6596000	153.1900000	-4.5300000	1520.5830753	4.0430000
-159.0256040	14.6596000	153.1900000	-4.5300000	1402.5001658	4.0520000
-159.0256040	15.1596000	153.1900000	-4.5300000	1406.8279329	4.0520000
-159.0256040	15.6596000	153.1900000	-4.5300000	1411.2411134	4.0520000
-159.0256040	16.1596000	153.1900000	-4.5300000	1415.7388566	4.0520000
-159.0256040	16.6596000	153.1900000	-4.5300000	1420.3203059	4.0520000
-159.0256040	17.1596000	153.1900000	-4.5300000	1424.9845994	4.0520000
-159.0256040	17.6596000	153.1900000	-4.5300000	1429.7308710	4.0520000
-159.0256040	18.1596000	153.1900000	-4.5300000	1434.5582502	4.0520000
-159.0256040	18.6596000	153.1900000	-4.5300000	1439.4658630	4.0520000
-159.0256040	19.1596000	153.1900000	-4.5300000	1444.4528325	4.0520000
-159.0256040	19.6596000	153.1900000	-4.5300000	1449.8760967	4.0510000
-159.0256040	20.1596000	153.1900000	-4.5300000	1455.0204090	4.0510000
-159.0256040	20.6596000	153.1900000	-4.5300000	1460.6020066	4.0500000
-159.0256040	21.1596000	153.1900000	-4.5300000	1465.9002063	4.0500000
-159.0256040	21.6596000	153.1900000	-4.5300000	1471.6367544	4.0490000
-159.0256040	22.1596000	153.1900000	-4.5300000	1477.4502695	4.0480000
-159.0256040	22.6596000	153.1900000	-4.5300000	1482.9734855	4.0480000
-159.0256040	23.1596000	153.1900000	-4.5300000	1488.9368844	4.0470000
-159.0256040	23.6596000	153.1900000	-4.5300000	1494.9747456	4.0460000
-159.0256040	24.1596000	153.1900000	-4.5300000	1501.0862413	4.0450000
-159.0256040	24.6596000	153.1900000	-4.5300000	1506.8979191	4.0450000
-159.0256040	25.1596000	153.1900000	-4.5300000	1513.1525659	4.0440000
-159.0256040	25.6596000	153.1900000	-4.5300000	1519.1026165	4.0440000
-159.0256040	26.1596000	153.1900000	-4.5300000	1525.4970475	4.0430000
-159.0256040	26.6596000	153.1900000	-4.5300000	1531.5820430	4.0430000
-158.5256040	14.6596000	153.1900000	-4.5300000	1415.1296669	4.0520000
-158.5256040	15.1596000	153.1900000	-4.5300000	1419.4008920	4.0520000
-158.5256040	15.6596000	153.1900000	-4.5300000	1423.7563852	4.0520000
-158.5256040	16.1596000	153.1900000	-4.5300000	1428.1953227	4.0520000
-158.5256040	16.6596000	153.1900000	-4.5300000	1432.7168746	4.0520000
-158.5256040	17.1596000	153.1900000	-4.5300000	1437.3202057	4.0520000
-158.5256040	17.6596000	153.1900000	-4.5300000	1442.0044764	4.0520000
-158.5256040	18.1596000	153.1900000	-4.5300000	1446.7688426	4.0520000
-158.5256040	18.6596000	153.1900000	-4.5300000	1451.6124567	4.0520000
-158.5256040	19.1596000	153.1900000	-4.5300000	1456.5344678	4.0520000
-158.5256040	19.6596000	153.1900000	-4.5300000	1461.8948058	4.0510000
-158.5256040	20.1596000	153.1900000	-4.5300000	1466.9723011	4.0510000
-158.5256040	20.6596000	153.1900000	-4.5300000	1472.4891332	4.0500000
-158.5256040	21.1596000	153.1900000	-4.5300000	1477.7187581	4.0500000
-158.5256040	21.6596000	153.1900000	-4.5300000	1483.3888001	4.0490000
-158.5256040	22.1596000	153.1900000	-4.5300000	1489.1349673	4.0480000
-158.5256040	22.6596000	153.1900000	-4.5300000	1494.5871475	4.0480000
-158.5256040	23.1596000	153.1900000	-4.5300000	1500.4816019	4.0470000
-158.5256040	23.6596000	153.1900000	-4.5300000	1506.4497470	4.0460000
-158.5256040	24.1596000	153.1900000	-4.5300000	1512.1169540	4.0460000
-158.5256040	24.6596000	153.1900000	-4.5300000	1518.2284625	4.0450000
-158.5256040	25.1596000	153.1900000	-4.5300000	1524.0343676	4.0450000
-158.5256040	25.6596000	153.1900000	-4.5300000	1530.2859541	4.0440000
-158.5256040	26.1596000	153.1900000	-4.5300000	1536.2272080	4.0440000
-158.5256040	26.6596000	153.1900000	-4.5300000	1542.2341431	4.0440000
-158.0256040	14.6596000	153.1900000	-4.5300000	1427.4245243	4.0530000
-158.0256040	15.1596000	153.1900000	-4.5300000	1431.6388904	4.0530000
-158.0256040	15.6596000	153.1900000	-4.5300000	1435.9363599	4.0530000
-158.0256040	16.1596000	153.1900000	-4.5300000	1440.6715932	4.0520000
-158.0256040	16.6596000	153.1900000	-4.5300000	1445.1339713	4.0520000
-158.0256040	17.1596000	153.1900000	-4.5300000	1449.6770622	4.0520000
-158.0256040	17.6596000	153.1900000	-4.5300000	1454.3000517	4.0520000
-158.0256040	18.1596000	153.1900000	-4.5300000	1459.0021217	4.0520000
-158.0256040	18.6596000	153.1900000	-4.5300000	1463.7824498	4.0520000
-158.0256040	19.1596000	153.1900000	-4.5300000	1469.0027482	4.0510000
-158.0256040	19.6596000	153.1900000	-4.5300000	1473.9383312	4.0510000
-158.0256040	20.1596000	153.1900000	-4.5300000	1478.9497064	4.0510000
-158.0256040	20.6596000	153.1900000	-4.5300000	1484.4024693	4.0500000
-158.0256040	21.1596000	153.1900000	-4.5300000	1489.5642023	4.0500000
-158.0256040	21.6596000	153.1900000	-4.5300000	1495.1684196	4.0490000
-158.0256040	22.1596000	153.1900000	-4.5300000	1500.8479119	4.0480000
-158.0256040	22.6596000	153.1900000	-4.5300000	1506.2297131	4.0480000
-158.0256040	23.1596000	153.1900000	-4.5300000	1512.0558774	4.0470000
-158.0256040	23.6596000	153.1900000	-4.5300000	1517.5798691	4.0470000
-158.0256040	24.1596000	153.1900000	-4.5300000	1523.5495000	4.0460000
-158.0256040	24.6596000	153.1900000	-4.5300000	1529.5904564	4.0450000
-158.0256040	25.1596000	153.1900000	-4.5300000	1535.3223023	4.0450000
-158.0256040	25.6596000	153.1900000	-4.5300000	1541.5019434	4.0440000
-158.0256040	26.1596000	153.1900000	-4.5300000	1547.3678229	4.0440000
-158.0256040	26.6596000	153.1900000	-4.5300000	1553.2987667	4.0440000
-157.5256040	14.6596000	153.1900000	-4.5300000	1440.0856892	4.0530000
-157.5256040	15.1596000	153.1900000	-4.5300000	1444.2449562	4.0530000
-157.5256040	15.6596000	153.1900000	-4.5300000	1448.4861842	4.0530000
-157.5256040	16.1596000	153.1900000	-4.5300000	1453.1671414	4.0520000
-157.5256040	16.6596000	153.1900000	-4.5300000	1457.5710535	4.0520000
-157.5256040	17.1596000	153.1900000	-4.5300000	1462.0546107	4.0520000
-157.5256040	17.6596000	153.1900000	-4.5300000	1466.6170238	4.0520000
-157.5256040	18.1596000	153.1900000	-4.5300000	1471.2574994	4.0520000
-157.5256040	18.6596000	153.1900000	-4.5300000	1475.9752399	4.0520000
-157.5256040	19.1596000	153.1900000	-4.5300000	1481.1349763	4.0510000
-157.5256040	19.6596000	153.1900000	-4.5300000	1486.0060431	4.0510000
-157.5256040	20.1596000	153.1900000	-4.5300000	1491.3201181	4.0500000
-157.5256040	20.6596000	153.1900000	-4.5300000	1496.3413593	4.0500000
-157.5256040	21.1596000	153.1900000	-4.5300000	1501.8066874	4.0490000
-157.5256040	21.6596000	153.1900000	-4.5300000	1506.9749331	4.0490000
-157.5256040	22.1596000	153.1900000	-4.5300000	1512.5884123	4.0480000
-157.5256040	22.6596000	153.1900000	-4.5300000	1517.9004809	4.0480000
-157.5256040	23.1596000	153.1900000	-4.5300000	1523.6589990	4.0470000
-157.5256040	23.6596000	153.1900000	-4.5300000	1529.1117031	4.0470000
-157.5256040	24.1596000	153.1900000	-4.5300000	1535.0121436	4.0460000
-157.5256040	24.6596000	153.1900000	-4.5300000	1540.6022956	4.0460000
-157.5256040	25.1596000	153.1900000	-4.5300000	1546.6415429	4.0450000
-157.5256040	25.6596000	153.1900000	-4.5300000	1552.3659605	4.0450000
-157.5256040	26.1596000	153.1900000	-4.5300000	1558.5409052	4.0440000
-157.5256040	26.6596000	153.1900000	-4.5300000	1564.3964159	4.0440000
-157.0256040	14.6596000	153.1900000	-4.5300000	1452.7635439	4.0530000
-157.0256040	15.1596000	153.1900000	-4.5300000	1456.8684019	4.0530000
-157.0256040	15.6596000	153.1900000	-4.5300000	1461.0540797	4.0530000
-157.0256040	16.1596000	153.1900000	-4.5300000	1465.6814577	4.0520000
-157.0256040	16.6596000	153.1900000	-4.5300000	1470.0275961	4.0520000
-157.0256040	17.1596000	153.1900000	-4.5300000	1474.4523110	4.0520000
-157.0256040	17.6596000	153.1900000	-4.5300000	1478.9548374	4.0520000
-157.0256040	18.1596000	153.1900000	-4.5300000	1483.5344060	4.0520000
-157.0256040	18.6596000	153.1900000	-4.5300000	1488.5576068	4.0510000
-157.0256040	19.1596000	153.1900000	-4.5300000	1493.2901036	4.0510000
-157.0256040	19.6596000	153.1900000	-4.5300000	1498.0973301	4.0510000
-157.0256040	20.1596000	153.1900000	-4.5300000	1503.3496090	4.0500000
-157.0256040	20.6596000	153.1900000	-4.5300000	1508.3051664	4.0500000
-157.0256040	21.1596000	153.1900000	-4.5300000	1513.7068700	4.0490000
-157.0256040	21.6596000	153.1900000	-4.5300000	1518.8076803	4.0490000
-157.0256040	22.1596000	153.1900000	-4.5300000	1524.3557967	4.0480000
-157.0256040	22.6596000	153.1900000	-4.5300000	1529.5987685	4.0480000
-157.0256040	23.1596000	153.1900000	-4.5300000	1535.2902742	4.0470000
-157.0256040	23.6596000	153.1900000	-4.5300000	1540.6723083	4.0470000
-157.0256040	24.1596000	153.1900000	-4.5300000	1546.5041731	4.0460000
-157.0256040	24.6596000	153.1900000	-4.5300000	1552.0221682	4.0460000
-157.0256040	25.1596000	153.1900000	-4.5300000	1557.9913609	4.0450000
-157.0256040	25.6596000	153.1900000	-4.5300000	1563.6422184	4.0450000
-157.0256040	26.1596000	153.1900000	-4.5300000	1569.3576409	4.0450000
-157.0256040	26.6596000	153.1900000	-4.5300000	1575.1368409	4.0450000
-156.5256040	14.6596000	153.1900000	-4.5300000	1465.4576421	4.0530000
-156.5256040	15.1596000	153.1900000	-4.5300000	1469.5087650	4.0530000
-156.5256040	15.6596000	153.1900000	-4.5300000	1473.6395685	4.0530000
-156.5256040	16.1596000	153.1900000	-4.5300000	1478.2140484	4.0520000
-156.5256040	16.6596000	153.1900000	-4.5300000	1482.5030902	4.0520000
-156.5256040	17.1596000	153.1900000	-4.5300000	1486.8696393	4.0520000
-156.5256040	17.6596000	153.1900000	-4.5300000	1491.3129542	4.0520000
-156.5256040	18.1596000	153.1900000	-4.5300000	1496.2015390	4.0510000
-156.5256040	18.6596000	153.1900000	-4.5300000	1500.7972775	4.0510000
-156.5256040	19.1596000	153.1900000	-4.5300000	1505.4675499	4.0510000
-156.5256040	19.6596000	153.1900000	-4.5300000	1510.5844909	4.0500000
-156.5256040	20.1596000	153.1900000	-4.5300000	1515.4027458	4.0500000
-156.5256040	20.6596000	153.1900000	-4.5300000	1520.2932721	4.0500000
-156.5256040	21.1596000	153.1900000	-4.5300000	1525.6320040	4.0490000
-156.5256040	21.6596000	153.1900000	-4.5300000	1530.6660189	4.0490000
-156.5256040	22.1596000	153.1900000	-4.5300000	1536.1494120	4.0480000
-156.5256040	22.6596000	153.1900000	-4.5300000	1541.3239120	4.0480000
-156.5256040	23.1596000	153.1900000	-4.5300000	1546.9490288	4.0470000
-156.5256040	23.6596000	153.1900000	-4.5300000	1552.2610008	4.0470000
-156.5256040	24.1596000	153.1900000	-4.5300000	1558.0248955	4.0460000
-156.5256040	24.6596000	153.1900000	-4.5300000	1563.4713224	4.0460000
-156.5256040	25.1596000	153.1900000	-4.5300000	1568.9831641	4.0460000
-156.5256040	25.6596000	153.1900000	-4.5300000	1574.9489115	4.0450000
-156.5256040	26.1596000	153.1900000	-4.5300000	1580.5906687	4.0450000
-156.5256040	26.6596000	153.1900000	-4.5300000	1586.2955504	4.0450000
-156.0256040	14.6596000	153.1900000	-4.5300000	1478.1675522	4.0530000
-156.0256040	15.1596000	153.1900000	-4.5300000	1482.1655984	4.0530000
-156.0256040	15.6596000	153.1900000	-4.5300000	1486.2421879	4.0530000
-156.0256040	16.1596000	153.1900000	-4.5300000	1490.7644358	4.0520000
-156.0256040	16.6596000	153.1900000	-4.5300000	1494.9970431	4.0520000
-156.0256040	17.1596000	153.1900000	-4.5300000	1499.3060883	4.0520000
-156.0256040	17.6596000	153.1900000	-4.5300000	1503.6908526	4.0520000
-156.0256040	18.1596000	153.1900000	-4.5300000	1508.5229034	4.0510000
-156.0256040	18.6596000	153.1900000	-4.5300000	1513.0580506	4.0510000
-156.0256040	19.1596000	153.1900000	-4.5300000	1517.6667525	4.0510000
-156.0256040	19.6596000	153.1900000	-4.5300000	1522.7241626	4.0500000
-156.0256040	20.1596000	153.1900000	-4.5300000	1527.4789398	4.0500000
-156.0256040	20.6596000	153.1900000	-4.5300000	1532.6835160	4.0490000
-156.0256040	21.1596000	153.1900000	-4.5300000	1537.5814767	4.0490000
-156.0256040	21.6596000	153.1900000	-4.5300000	1542.9303895	4.0480000
-156.0256040	22.1596000	153.1900000	-4.5300000	1547.9686229	4.0480000
-156.0256040	22.6596000	153.1900000	-4.5300000	1553.0752657	4.0480000
-156.0256040	23.1596000	153.1900000	-4.5300000	1558.6346068	4.0470000
-156.0256040	23.6596000	153.1900000	-4.5300000	1563.8771151	4.0470000
-156.0256040	24.1596000	153.1900000	-4.5300000	1569.1857997	4.0470000
-156.0256040	24.6596000	153.1900000	-4.5300000	1574.9490747	4.0460000
-156.0256040	25.1596000	153.1900000	-4.5300000	1580.3892051	4.0460000
-156.0256040	25.6596000	153.1900000	-4.5300000	1585.8932771	4.0460000
-156.0256040	26.1596000	153.1900000	-4.5300000	1591.8539809	4.0450000
-156.0256040	26.6596000	153.1900000	-4.5300000	1597.4850821	4.0450000
-155.5256040	14.6596000	153.1900000	-4.5300000	1490.8928562	4.0530000
-155.5256040	15.1596000	153.1900000	-4.5300000	1494.8384691	4.0530000
-155.5256040	15.6596000	153.1900000	-4.5300000	1498.8614900	4.0530000
-155.5256040	16.1596000	153.1900000	-4.5300000	1503.3321569	4.0520000
-155.5256040	16.6596000	153.1900000	-4.5300000	1507.5089774	4.0520000
-155.5256040	17.1596000	153.1900000	-4.5300000	1511.7611663	4.0520000
-155.5256040	17.6596000	153.1900000	-4.5300000	1516.0880266	4.0520000
-155.5256040	18.1596000	153.1900000	-4.5300000	1520.8641938	4.0510000
-155.5256040	18.6596000	153.1900000	-4.5300000	1525.3393930	4.0510000
-155.5256040	19.1596000	153.1900000	-4.5300000	1530.2649148	4.0500000
-155.5256040	19.6596000	153.1900000	-4.5300000	1534.8856868	4.0500000
-155.5256040	20.1596000	153.1900000	-4.5300000	1539.5776194	4.0500000
-155.5256040	20.6596000	153.1900000	-4.5300000	1544.7214058	4.0490000
-155.5256040	21.1596000	153.1900000	-4.5300000	1549.5546924	4.0490000
-155.5256040	21.6596000	153.1900000	-4.5300000	1554.8409977	4.0480000
-155.5256040	22.1596000	153.1900000	-4.5300000	1559.8128113	4.0480000
-155.5256040	22.6596000	153.1900000	-4.5300000	1564.8522011	4.0480000
-155.5256040	23.1596000	153.1900000	-4.5300000	1570.3463697	4.0470000
-155.5256040	23.6596000	153.1900000	-4.5300000	1575.5200029	4.0470000
-155.5256040	24.1596000	153.1900000	-4.5300000	1580.7590403	4.0470000
-155.5256040	24.6596000	153.1900000	-4.5300000	1586.4547588	4.0460000
-155.5256040	25.1596000	153.1900000	-4.5300000	1591.8237397	4.0460000
-155.5256040	25.6596000	153.1900000	-4.5300000	1597.2559492	4.0460000
-155.5256040	26.1596000	153.1900000	-4.5300000	1602.7506575	4.0460000
-155.5256040	26.6596000	153.1900000	-4.5300000	1608.3071357	4.0460000
-155.0256040	14.6596000	153.1900000	-4.5300000	1503.6331501	4.0530000
-155.0256040	15.1596000	153.1900000	-4.5300000	1507.5269581	4.0530000
-155.0256040	15.6596000	153.1900000	-4.5300000	1511.4970411	4.0530000
-155.0256040	16.1596000	153.1900000	-4.5300000	1515.9167635	4.0520000
-155.0256040	16.6596000	153.1900000	-4.5300000	1520.0384305	4.0520000
-155.0256040	17.1596000	153.1900000	-4.5300000	1524.2343964	4.0520000
-155.0256040	17.6596000	153.1900000	-4.5300000	1528.8813012	4.0510000
-155.0256040	18.1596000	153.1900000	-4.5300000	1533.2249059	4.0510000
-155.0256040	18.6596000	153.1900000	-4.5300000	1537.6407873	4.0510000
-155.0256040	19.1596000	153.1900000	-4.5300000	1542.5090293	4.0500000
-155.0256040	19.6596000	153.1900000	-4.5300000	1547.0685202	4.0500000
-155.0256040	20.1596000	153.1900000	-4.5300000	1552.0814591	4.0490000
-155.0256040	20.6596000	153.1900000	-4.5300000	1556.7818479	4.0490000
-155.0256040	21.1596000	153.1900000	-4.5300000	1561.5510721	4.0490000
-155.0256040	21.6596000	153.1900000	-4.5300000	1566.7753820	4.0480000
-155.0256040	22.1596000	153.1900000	-4.5300000	1571.6813763	4.0480000
-155.0256040	22.6596000	153.1900000	-4.5300000	1576.6541068	4.0480000
-155.0256040	23.1596000	153.1900000	-4.5300000	1582.0836958	4.0470000
-155.0256040	23.6596000	153.1900000	-4.5300000	1587.1890331	4.0470000
-155.0256040	24.1596000	153.1900000	-4.5300000	1592.3589942	4.0470000
-155.0256040	24.6596000	153.1900000	-4.5300000	1597.5928681	4.0470000
-155.0256040	25.1596000	153.1900000	-4.5300000	1603.2861103	4.0460000
-155.0256040	25.6596000	153.1900000	-4.5300000	1608.6470013	4.0460000
-155.0256040	26.1596000	153.1900000	-4.5300000	1614.0696874	4.0460000
-155.0256040	26.6596000	153.1900000	-4.5300000	1619.5534582	4.0460000
-154.5256040	14.6596000	153.1900000	-4.5300000	1516.3880422	4.0530000
-154.5256040	15.1596000	153.1900000	-4.5300000	1520.2306593	4.0530000
-154.5256040	15.6596000	153.1900000	-4.5300000	1524.1484209	4.0530000
-154.5256040	16.1596000	153.1900000	-4.5300000	1528.5178209	4.0520000
-154.5256040	16.6596000	153.1900000	-4.5300000	1532.5849537	4.0520000
-154.5256040	17.1596000	153.1900000	-4.5300000	1536.7253166	4.0520000
-154.5256040	17.6596000	153.1900000	-4.5300000	1541.3186393	4.0510000
-154.5256040	18.1596000	153.1900000	-4.5300000	1545.6045507	4.0510000
-154.5256040	18.6596000	153.1900000	-4.5300000	1549.9617314	4.0510000
-154.5256040	19.1596000	153.1900000	-4.5300000	1554.7733133	4.0500000
-154.5256040	19.6596000	153.1900000	-4.5300000	1559.2721355	4.0500000
-154.5256040	20.1596000	153.1900000	-4.5300000	1564.2264581	4.0490000
-154.5256040	20.6596000	153.1900000	-4.5300000	1568.8642908	4.0490000
-154.5256040	21.1596000	153.1900000	-4.5300000	1573.9587808	4.0480000
-154.5256040	21.6596000	153.1900000	-4.5300000	1578.7329683	4.0480000
-154.5256040	22.1596000	153.1900000	-4.5300000	1583.5737330	4.0480000
-154.5256040	22.6596000	153.1900000	-4.5300000	1588.4803875	4.0480000
-154.5256040	23.1596000	153.1900000	-4.5300000	1593.8459797	4.0470000
-154.5256040	23.6596000	153.1900000	-4.5300000	1598.8835907	4.0470000
-154.5256040	24.1596000	153.1900000	-4.5300000	1603.9850374	4.0470000
-154.5256040	24.6596000	153.1900000	-4.5300000	1609.1496280	4.0470000
-154.5256040	25.1596000	153.1900000	-4.5300000	1614.3766702	4.0470000
-154.5256040	25.6596000	153.1900000	-4.5300000	1620.0657845	4.0460000
-154.5256040	26.1596000	153.1900000	-4.5300000	1625.4169750	4.0460000
-154.5256040	26.6596000	153.1900000	-4.5300000	1630.8285553	4.0460000
-154.0256040	14.6596000	153.1900000	-4.5300000	1529.1571537	4.0530000
-154.0256040	15.1596000	153.1900000	-4.5300000	1532.9491796	4.0530000
-154.0256040	15.6596000	153.1900000	-4.5300000	1536.8152222	4.0530000
-154.0256040	16.1596000	153.1900000	-4.5300000	1540.7546627	4.0530000
-154.0256040	16.6596000	153.1900000	-4.5300000	1545.1481125	4.0520000
-154.0256040	17.1596000	153.1900000	-4.5300000	1549.2334785	4.0520000
-154.0256040	17.6596000	153.1900000	-4.5300000	1553.7738297	4.0510000
-154.0256040	18.1596000	153.1900000	-4.5300000	1558.0026534	4.0510000
-154.0256040	18.6596000	153.1900000	-4.5300000	1562.3017377	4.0510000
-154.0256040	19.1596000	153.1900000	-4.5300000	1567.0572667	4.0500000
-154.0256040	19.6596000	153.1900000	-4.5300000	1571.4960201	4.0500000
-154.0256040	20.1596000	153.1900000	-4.5300000	1576.3923286	4.0490000
-154.0256040	20.6596000	153.1900000	-4.5300000	1580.9681984	4.0490000
-154.0256040	21.1596000	153.1900000	-4.5300000	1586.0027899	4.0480000
-154.0256040	21.6596000	153.1900000	-4.5300000	1590.7131981	4.0480000
-154.0256040	22.1596000	153.1900000	-4.5300000	1595.4893121	4.0480000
-154.0256040	22.6596000	153.1900000	-4.5300000	1600.3304639	4.0480000
-154.0256040	23.1596000	153.1900000	-4.5300000	1605.6326322	4.0470000
-154.0256040	23.6596000	153.1900000	-4.5300000	1610.6030769	4.0470000
-154.0256040	24.1596000	153.1900000	-4.5300000	1615.6365619	4.0470000
-154.0256040	24.6596000	153.1900000	-4.5300000	1620.7324142	4.0470000
-154.0256040	25.1596000	153.1900000	-4.5300000	1625.8899597	4.0470000
-154.0256040	25.6596000	153.1900000	-4.5300000	1631.1085244	4.0470000
-154.0256040	26.1596000	153.1900000	-4.5300000	1636.3874339	4.0470000
-154.0256040	26.6596000	153.1900000	-4.5300000	1641.7260140	4.0470000
-153.5256040	14.6596000	153.1900000	-4.5300000	1541.9401174	4.0530000
-153.5256040	15.1596000	153.1900000	-4.5300000	1545.6821382	4.0530000
-153.5256040	15.6596000	153.1900000	-4.5300000	1549.4970504	4.0530000
-153.5256040	16.1596000	153.1900000	-4.5300000	1553.3842545	4.0530000
-153.5256040	16.6596000	153.1900000	-4.5300000	1557.7274850	4.0520000
-153.5256040	17.1596000	153.1900000	-4.5300000	1561.7584471	4.0520000
-153.5256040	17.6596000	153.1900000	-4.5300000	1566.2464244	4.0510000
-153.5256040	18.1596000	153.1900000	-4.5300000	1570.4187532	4.0510000
-153.5256040	18.6596000	153.1900000	-4.5300000	1574.6603328	4.0510000
-153.5256040	19.1596000	153.1900000	-4.5300000	1579.3604038	4.0500000
-153.5256040	19.6596000	153.1900000	-4.5300000	1583.7396762	4.0500000
-153.5256040	20.1596000	153.1900000	-4.5300000	1588.5785606	4.0490000
-153.5256040	20.6596000	153.1900000	-4.5300000	1593.0930493	4.0490000
-153.5256040	21.1596000	153.1900000	-4.5300000	1598.0683256	4.0480000
-153.5256040	21.6596000	153.1900000	-4.5300000	1602.7155280	4.0480000
-153.5256040	22.1596000	153.1900000	-4.5300000	1607.4275598	4.0480000
-153.5256040	22.6596000	153.1900000	-4.5300000	1612.2037718	4.0480000
-153.5256040	23.1596000	153.1900000	-4.5300000	1617.4430789	4.0470000
-153.5256040	23.6596000	153.1900000	-4.5300000	1622.3469080	4.0470000
-153.5256040	24.1596000	153.1900000	-4.5300000	1627.3129751	4.0470000
-153.5256040	24.6596000	153.1900000	-4.5300000	1632.3406252	4.0470000
-153.5256040	25.1596000	153.1900000	-4.5300000	1637.4292024	4.0470000
-153.5256040	25.6596000	153.1900000	-4.5300000	1642.5780505	4.0470000
-153.5256040	26.1596000	153.1900000	-4.5300000	1647.7865127	4.0470000
-153.5256040	26.6596000	153.1900000	-4.5300000	1653.0539323	4.0470000
-153.0256040	14.6596000	153.1900000	-4.5300000	1554.7365776	4.0530000
-153.0256040	15.1596000	153.1900000	-4.5300000	1558.4291659	4.0530000
-153.0256040	15.6596000	153.1900000	-4.5300000	1562.1935230	4.0530000
-153.0256040	16.1596000	153.1900000	-4.5300000	1566.0290683	4.0530000
-153.0256040	16.6596000	153.1900000	-4.5300000	1570.3226623	4.0520000
-153.0256040	17.1596000	153.1900000	-4.5300000	1574.2998007	4.0520000
-153.0256040	17.6596000	153.1900000	-4.5300000	1578.3463697	4.0520000
-153.0256040	18.1596000	153.1900000	-4.5300000	1582.8524026	4.0510000
-153.0256040	18.6596000	153.1900000	-4.5300000	1587.0370569	4.0510000
-153.0256040	19.1596000	153.1900000	-4.5300000	1591.6822524	4.0500000
-153.0256040	19.6596000	153.1900000	-4.5300000	1596.0026200	4.0500000
-153.0256040	20.1596000	153.1900000	-4.5300000	1600.7846587	4.0490000
-153.0256040	20.6596000	153.1900000	-4.5300000	1605.2383368	4.0490000
-153.0256040	21.1596000	153.1900000	-4.5300000	1610.1548698	4.0480000
-153.0256040	21.6596000	153.1900000	-4.5300000	1614.7394291	4.0480000
-153.0256040	22.1596000	153.1900000	-4.5300000	1619.3879369	4.0480000
-153.0256040	22.6596000	153.1900000	-4.5300000	1624.0997620	4.0480000
-153.0256040	23.1596000	153.1900000	-4.5300000	1629.2767609	4.0470000
-153.0256040	23.6596000	153.1900000	-4.5300000	1634.1145155	4.0470000
-153.0256040	24.1596000	153.1900000	-4.5300000	1639.0136992	4.0470000
-153.0256040	24.6596000	153.1900000	-4.5300000	1643.9736747	4.0470000
-153.0256040	25.1596000	153.1900000	-4.5300000	1648.9938037	4.0470000
-153.0256040	25.6596000	153.1900000	-4.5300000	1654.0734474	4.0470000
-153.0256040	26.1596000	153.1900000	-4.5300000	1659.2119662	4.0470000
-153.0256040	26.6596000	153.1900000	-4.5300000	1664.4087203	4.0470000
-152.5256040	14.6596000	153.1900000	-4.5300000	1567.5461899	4.0530000
-152.5256040	15.1596000	153.1900000	-4.5300000	1571.1899049	4.0530000
-152.5256040	15.6596000	153.1900000	-4.5300000	1574.9042693	4.0530000
-152.5256040	16.1596000	153.1900000	-4.5300000	1578.6887202	4.0530000
-152.5256040	16.6596000	153.1900000	-4.5300000	1582.5426893	4.0530000
-152.5256040	17.1596000	153.1900000	-4.5300000	1586.8571297	4.0520000
-152.5256040	17.6596000	153.1900000	-4.5300000	1590.8493948	4.0520000
-152.5256040	18.1596000	153.1900000	-4.5300000	1595.3031674	4.0510000
-152.5256040	18.6596000	153.1900000	-4.5300000	1599.4314636	4.0510000
-152.5256040	19.1596000	153.1900000	-4.5300000	1604.0223541	4.0500000
-152.5256040	19.6596000	153.1900000	-4.5300000	1608.2843812	4.0500000
-152.5256040	20.1596000	153.1900000	-4.5300000	1613.0101411	4.0490000
-152.5256040	20.6596000	153.1900000	-4.5300000	1617.4035678	4.0490000
-152.5256040	21.1596000	153.1900000	-4.5300000	1622.2619185	4.0480000
-152.5256040	21.6596000	153.1900000	-4.5300000	1626.7843870	4.0480000
-152.5256040	22.1596000	153.1900000	-4.5300000	1631.3699184	4.0480000
-152.5256040	22.6596000	153.1900000	-4.5300000	1636.0178994	4.0480000
-152.5256040	23.1596000	153.1900000	-4.5300000	1640.7277150	4.0480000
-152.5256040	23.6596000	153.1900000	-4.5300000	1645.9053452	4.0470000
-152.5256040	24.1596000	153.1900000	-4.5300000	1650.7381710	4.0470000
-152.5256040	24.6596000	153.1900000	-4.5300000	1655.6309908	4.0470000
-152.5256040	25.1596000	153.1900000	-4.5300000	1660.1729602	4.0480000
-152.5256040	25.6596000	153.1900000	-4.5300000	1665.1826658	4.0480000
-152.5256040	26.1596000	153.1900000	-4.5300000	1670.2504852	4.0480000
-152.5256040	26.6596000	153.1900000	-4.5300000	1675.3757954	4.0480000
-152.0256040	14.6596000	153.1900000	-4.5300000	1580.3686201	4.0530000
-152.0256040	15.1596000	153.1900000	-4.5300000	1583.9640084	4.0530000
-152.0256040	15.6596000	153.1900000	-4.5300000	1587.6289294	4.0530000
-152.0256040	16.1596000	153.1900000	-4.5300000	1591.3628378	4.0530000
-152.0256040	16.6596000	153.1900000	-4.5300000	1595.1651826	4.0530000
-152.0256040	17.1596000	153.1900000	-4.5300000	1599.4300367	4.0520000
-152.0256040	17.6596000	153.1900000	-4.5300000	1603.3685535	4.0520000
-152.0256040	18.1596000	153.1900000	-4.5300000	1607.3738411	4.0520000
-152.0256040	18.6596000	153.1900000	-4.5300000	1611.8431190	4.0510000
-152.0256040	19.1596000	153.1900000	-4.5300000	1616.3802632	4.0500000
-152.0256040	19.6596000	153.1900000	-4.5300000	1620.5845026	4.0500000
-152.0256040	20.1596000	153.1900000	-4.5300000	1625.2545390	4.0490000
-152.0256040	20.6596000	153.1900000	-4.5300000	1629.5882627	4.0490000
-152.0256040	21.1596000	153.1900000	-4.5300000	1634.3889813	4.0480000
-152.0256040	21.6596000	153.1900000	-4.5300000	1638.8499005	4.0480000
-152.0256040	22.1596000	153.1900000	-4.5300000	1643.3729931	4.0480000
-152.0256040	22.6596000	153.1900000	-4.5300000	1647.9576631	4.0480000
-152.0256040	23.1596000	153.1900000	-4.5300000	1652.6033125	4.0480000
-152.0256040	23.6596000	153.1900000	-4.5300000	1657.3093414	4.0480000
-152.0256040	24.1596000	153.1900000	-4.5300000	1662.0751484	4.0480000
-152.0256040	24.6596000	153.1900000	-4.5300000	1666.9001303	4.0480000
-152.0256040	25.1596000	153.1900000	-4.5300000	1671.7836831	4.0480000
-152.0256040	25.6596000	153.1900000	-4.5300000	1676.7252015	4.0480000
-152.0256040	26.1596000	153.1900000	-4.5300000	1681.7240794	4.0480000
-152.0256040	26.6596000	153.1900000	-4.5300000	1686.7797102	4.0480000
-151.5256040	14.6596000	153.1900000	-4.5300000	1593.2035445	4.0530000
-151.5256040	15.1596000	153.1900000	-4.5300000	1596.7511400	4.0530000
-151.5256040	15.6596000	153.1900000	-4.5300000	1600.3671546	4.0530000
-151.5256040	16.1596000	153.1900000	-4.5300000	1604.0510598	4.0530000
-151.5256040	16.6596000	153.1900000	-4.5300000	1607.8023216	4.0530000
-151.5256040	17.1596000	153.1900000	-4.5300000	1611.6204012	4.0530000
-151.5256040	17.6596000	153.1900000	-4.5300000	1615.9034479	4.0520000
-151.5256040	18.1596000	153.1900000	-4.5300000	1619.8545018	4.0520000
-151.5256040	18.6596000	153.1900000	-4.5300000	1624.2716015	4.0510000
-151.5256040	19.1596000	153.1900000	-4.5300000	1628.3534839	4.0510000
-151.5256040	19.6596000	153.1900000	-4.5300000	1632.9025398	4.0500000
-151.5256040	20.1596000	153.1900000	-4.5300000	1637.1130717	4.0500000
-151.5256040	20.6596000	153.1900000	-4.5300000	1641.7919550	4.0490000
-151.5256040	21.1596000	153.1900000	-4.5300000	1646.1289283	4.0490000
-151.5256040	21.6596000	153.1900000	-4.5300000	1650.9354820	4.0480000
-151.5256040	22.1596000	153.1900000	-4.5300000	1655.3966632	4.0480000
-151.5256040	22.6596000	153.1900000	-4.5300000	1659.9185453	4.0480000
-151.5256040	23.1596000	153.1900000	-4.5300000	1664.5005469	4.0480000
-151.5256040	23.6596000	153.1900000	-4.5300000	1669.1420849	4.0480000
-151.5256040	24.1596000	153.1900000	-4.5300000	1673.8425744	4.0480000
-151.5256040	24.6596000	153.1900000	-4.5300000	1678.6014287	4.0480000
-151.5256040	25.1596000	153.1900000	-4.5300000	1683.4180600	4.0480000
-151.5256040	25.6596000	153.1900000	-4.5300000	1688.2918793	4.0480000
-151.5256040	26.1596000	153.1900000	-4.5300000	1693.2222966	4.0480000
-151.5256040	26.6596000	153.1900000	-4.5300000	1698.2087211	4.0480000
-151.0256040	14.6596000	153.1900000	-4.5300000	1606.0506490	4.0530000
-151.0256040	15.1596000	153.1900000	-4.5300000	1609.1539455	4.0540000
-151.0256040	15.6596000	153.1900000	-4.5300000	1612.7206984	4.0540000
-151.0256040	16.1596000	153.1900000	-4.5300000	1616.3542312	4.0540000
-151.0256040	16.6596000	153.1900000	-4.5300000	1620.4537437	4.0530000
-151.0256040	17.1596000	153.1900000	-4.5300000	1624.2202082	4.0530000
-151.0256040	17.6596000	153.1900000	-4.5300000	1628.0519018	4.0530000
-151.0256040	18.1596000	153.1900000	-4.5300000	1632.3510438	4.0520000
-151.0256040	18.6596000	153.1900000	-4.5300000	1636.3125732	4.0520000
-151.0256040	19.1596000	153.1900000	-4.5300000	1640.7426610	4.0510000
-151.0256040	19.6596000	153.1900000	-4.5300000	1645.2380603	4.0500000
-151.0256040	20.1596000	153.1900000	-4.5300000	1649.3909138	4.0500000
-151.0256040	20.6596000	153.1900000	-4.5300000	1654.0141905	4.0490000
-151.0256040	21.1596000	153.1900000	-4.5300000	1658.2915951	4.0490000
-151.0256040	21.6596000	153.1900000	-4.5300000	1662.6299278	4.0490000
-151.0256040	22.1596000	153.1900000	-4.5300000	1667.4404439	4.0480000
-151.0256040	22.6596000	153.1900000	-4.5300000	1671.9000514	4.0480000
-151.0256040	23.1596000	153.1900000	-4.5300000	1676.4189142	4.0480000
-151.0256040	23.6596000	153.1900000	-4.5300000	1680.9964653	4.0480000
-151.0256040	24.1596000	153.1900000	-4.5300000	1685.6321358	4.0480000
-151.0256040	24.6596000	153.1900000	-4.5300000	1690.3253554	4.0480000
-151.0256040	25.1596000	153.1900000	-4.5300000	1695.0755520	4.0480000
-151.0256040	25.6596000	153.1900000	-4.5300000	1699.8821523	4.0480000
-151.0256040	26.1596000	153.1900000	-4.5300000	1704.7445822	4.0480000
-151.0256040	26.6596000	153.1900000	-4.5300000	1709.6622663	4.0480000
-150.5256040	14.6596000	153.1900000	-4.5300000	1618.9096291	4.0530000
-150.5256040	15.1596000	153.1900000	-4.5300000	1621.9630037	4.0540000
-150.5256040	15.6596000	153.1900000	-4.5300000	1625.4818995	4.0540000
-150.5256040	16.1596000	153.1900000	-4.5300000	1629.0664839	4.0540000
-150.5256040	16.6596000	153.1900000	-4.5300000	1632.7162553	4.0540000
-150.5256040	17.1596000	153.1900000	-4.5300000	1636.8344651	4.0530000
-150.5256040	17.6596000	153.1900000	-4.5300000	1640.6140187	4.0530000
-150.5256040	18.1596000	153.1900000	-4.5300000	1644.4572418	4.0530000
-150.5256040	18.6596000	153.1900000	-4.5300000	1648.7704167	4.0520000
-150.5256040	19.1596000	153.1900000	-4.5300000	1653.1483774	4.0510000
-150.5256040	19.6596000	153.1900000	-4.5300000	1657.1814629	4.0510000
-150.5256040	20.1596000	153.1900000	-4.5300000	1661.6863367	4.0500000
-150.5256040	20.6596000	153.1900000	-4.5300000	1665.8431065	4.0500000
-150.5256040	21.1596000	153.1900000	-4.5300000	1670.4728770	4.0490000
-150.5256040	21.6596000	153.1900000	-4.5300000	1674.7512385	4.0490000
-150.5256040	22.1596000	153.1900000	-4.5300000	1679.5038626	4.0480000
-150.5256040	22.6596000	153.1900000	-4.5300000	1683.9016994	4.0480000
-150.5256040	23.1596000	153.1900000	-4.5300000	1688.3579229	4.0480000
-150.5256040	23.6596000	153.1900000	-4.5300000	1692.8719819	4.0480000
-150.5256040	24.1596000	153.1900000	-4.5300000	1697.4433234	4.0480000
-150.5256040	24.6596000	153.1900000	-4.5300000	1702.0713925	4.0480000
-150.5256040	25.1596000	153.1900000	-4.5300000	1706.7556328	4.0480000
-150.5256040	25.6596000	153.1900000	-4.5300000	1711.0727906	4.0490000
-150.5256040	26.1596000	153.1900000	-4.5300000	1715.8665144	4.0490000
-150.5256040	26.6596000	153.1900000	-4.5300000	1720.7147191	4.0490000
-150.0256040	14.6596000	153.1900000	-4.5300000	1631.3776782	4.0540000
-150.0256040	15.1596000	153.1900000	-4.5300000	1634.7841370	4.0540000
-150.0256040	15.6596000	153.1900000	-4.5300000	1638.2556768	4.0540000
-150.0256040	16.1596000	153.1900000	-4.5300000	1641.7918163	4.0540000
-150.0256040	16.6596000	153.1900000	-4.5300000	1645.3920696	4.0540000
-150.0256040	17.1596000	153.1900000	-4.5300000	1649.0559455	4.0540000
-150.0256040	17.6596000	153.1900000	-4.5300000	1653.1907408	4.0530000
-150.0256040	18.1596000	153.1900000	-4.5300000	1656.9813054	4.0530000
-150.0256040	18.6596000	153.1900000	-4.5300000	1661.2438879	4.0520000
-150.0256040	19.1596000	153.1900000	-4.5300000	1665.1591859	4.0520000
-150.0256040	19.6596000	153.1900000	-4.5300000	1669.5476466	4.0510000
-150.0256040	20.1596000	153.1900000	-4.5300000	1673.5856897	4.0510000
-150.0256040	20.6596000	153.1900000	-4.5300000	1678.0980877	4.0500000
-150.0256040	21.1596000	153.1900000	-4.5300000	1682.2568587	4.0500000
-150.0256040	21.6596000	153.1900000	-4.5300000	1686.8912246	4.0490000
-150.0256040	22.1596000	153.1900000	-4.5300000	1691.1686804	4.0490000
-150.0256040	22.6596000	153.1900000	-4.5300000	1695.5041696	4.0490000
-150.0256040	23.1596000	153.1900000	-4.5300000	1700.3170939	4.0480000
-150.0256040	23.6596000	153.1900000	-4.5300000	1704.7681468	4.0480000
-150.0256040	24.1596000	153.1900000	-4.5300000	1709.2756403	4.0480000
-150.0256040	24.6596000	153.1900000	-4.5300000	1713.4157601	4.0490000
-150.0256040	25.1596000	153.1900000	-4.5300000	1718.0333737	4.0490000
-150.0256040	25.6596000	153.1900000	-4.5300000	1722.7057906	4.0490000
-150.0256040	26.1596000	153.1900000	-4.5300000	1727.4324670	4.0490000
-150.0256040	26.6596000	153.1900000	-4.5300000	1732.2128579	4.0490000
-149.5256040	14.6596000	153.1900000	-4.5300000	1644.2563542	4.0540000
-149.5256040	15.1596000	153.1900000	-4.5300000	1647.6170473	4.0540000
-149.5256040	15.6596000	153.1900000	-4.5300000	1651.0417205	4.0540000
-149.5256040	16.1596000	153.1900000	-4.5300000	1654.5299076	4.0540000
-149.5256040	16.6596000	153.1900000	-4.5300000	1658.0811372	4.0540000
-149.5256040	17.1596000	153.1900000	-4.5300000	1661.6949332	4.0540000
-149.5256040	17.6596000	153.1900000	-4.5300000	1665.3708150	4.0540000
-149.5256040	18.1596000	153.1900000	-4.5300000	1669.5201179	4.0530000
-149.5256040	18.6596000	153.1900000	-4.5300000	1673.3196490	4.0530000
-149.5256040	19.1596000	153.1900000	-4.5300000	1677.5937273	4.0520000
-149.5256040	19.6596000	153.1900000	-4.5300000	1681.5149953	4.0520000
-149.5256040	20.1596000	153.1900000	-4.5300000	1685.9119826	4.0510000
-149.5256040	20.6596000	153.1900000	-4.5300000	1689.9530444	4.0510000
-149.5256040	21.1596000	153.1900000	-4.5300000	1694.4710441	4.0500000
-149.5256040	21.6596000	153.1900000	-4.5300000	1699.0494472	4.0490000
-149.5256040	22.1596000	153.1900000	-4.5300000	1703.2670175	4.0490000
-149.5256040	22.6596000	153.1900000	-4.5300000	1707.5417301	4.0490000
-149.5256040	23.1596000	153.1900000	-4.5300000	1711.8730666	4.0490000
-149.5256040	23.6596000	153.1900000	-4.5300000	1716.2605063	4.0490000
-149.5256040	24.1596000	153.1900000	-4.5300000	1720.7035266	4.0490000
-149.5256040	24.6596000	153.1900000	-4.5300000	1725.2016027	4.0490000
-149.5256040	25.1596000	153.1900000	-4.5300000	1729.7542083	4.0490000
-149.5256040	25.6596000	153.1900000	-4.5300000	1734.3608154	4.0490000
-149.5256040	26.1596000	153.1900000	-4.5300000	1739.0208947	4.0490000
-149.5256040	26.6596000	153.1900000	-4.5300000	1743.7339155	4.0490000
-149.0256040	14.6596000	153.1900000	-4.5300000	1657.1460427	4.0540000
-149.0256040	15.1596000	153.1900000	-4.5300000	1660.4614451	4.0540000
-149.0256040	15.6596000	153.1900000	-4.5300000	1663.4294121	4.0550000
-149.0256040	16.1596000	153.1900000	-4.5300000	1666.8692794	4.0550000
-149.0256040	16.6596000	153.1900000	-4.5300000	1670.3711050	4.0550000
-149.0256040	17.1596000	153.1900000	-4.5300000	1673.9344274	4.0550000
-149.0256040	17.6596000	153.1900000	-4.5300000	1677.9725840	4.0540000
-149.0256040	18.1596000	153.1900000	-4.5300000	1681.6584066	4.0540000
-149.0256040	18.6596000	153.1900000	-4.5300000	1685.8201712	4.0530000
-149.0256040	19.1596000	153.1900000	-4.5300000	1689.6266558	4.0530000
-149.0256040	19.6596000	153.1900000	-4.5300000	1693.9102348	4.0520000
-149.0256040	20.1596000	153.1900000	-4.5300000	1697.8355112	4.0520000
-149.0256040	20.6596000	153.1900000	-4.5300000	1702.2390798	4.0510000
-149.0256040	21.1596000	153.1900000	-4.5300000	1706.7025529	4.0500000
-149.0256040	21.6596000	153.1900000	-4.5300000	1710.8029540	4.0500000
-149.0256040	22.1596000	153.1900000	-4.5300000	1715.3836420	4.0490000
-149.0256040	22.6596000	153.1900000	-4.5300000	1719.5980534	4.0490000
-149.0256040	23.1596000	153.1900000	-4.5300000	1723.8682090	4.0490000
-149.0256040	23.6596000	153.1900000	-4.5300000	1728.1936029	4.0490000
-149.0256040	24.1596000	153.1900000	-4.5300000	1732.5737267	4.0490000
-149.0256040	24.6596000	153.1900000	-4.5300000	1737.0080704	4.0490000
-149.0256040	25.1596000	153.1900000	-4.5300000	1741.4961219	4.0490000
-149.0256040	25.6596000	153.1900000	-4.5300000	1746.0373675	4.0490000
-149.0256040	26.1596000	153.1900000	-4.5300000	1750.6312922	4.0490000
-149.0256040	26.6596000	153.1900000	-4.5300000	1754.8439777	4.0500000
-162.0256040	19.9863000	153.1900000	-4.5300000	1381.9467546	4.0510000
-161.3675990	17.7469010	153.1900000	-4.5300000	1373.4419638	4.0520000
-161.3148960	21.9563010	153.1900000	-4.5300000	1421.9724390	4.0480000
-161.0950010	23.9972000	153.1900000	-4.5300000	1452.2560831	4.0450000
-160.0475010	19.8234000	153.1900000	-4.5300000	1427.1143017	4.0510000
-159.6649930	22.1229990	153.1900000	-4.5300000	1462.1422989	4.0480000
-159.4010010	21.9710010	153.1900000	-4.5300000	1466.2497445	4.0490000
-158.9824980	15.5740000	153.1900000	-4.5300000	1411.5586192	4.0520000
-158.9331050	24.5737990	153.1900000	-4.5300000	1507.9917912	4.0450000
-158.9030000	21.2984010	153.1900000	-4.5300000	1470.2750875	4.0500000
-158.7601930	18.5646990	153.1900000	-4.5300000	1444.9794923	4.0520000
-158.1853940	22.6201990	153.1900000	-4.5300000	1502.0774282	4.0480000
-158.1795040	20.3778000	153.1900000	-4.5300000	1477.8446351	4.0500000
-157.9310000	21.6460000	153.1900000	-4.5300000	1497.2572266	4.0490000
-157.8591000	14.6596000	153.1900000	-4.5300000	1431.6389118	4.0530000
-157.7008060	16.3484000	153.1900000	-4.5300000	1450.4476590	4.0520000
-157.6275940	20.3461000	153.1900000	-4.5300000	1490.7386107	4.0500000
-157.2700040	21.1089990	153.1900000	-4.5300000	1507.3713655	4.0490000
-157.2272950	18.9848000	153.1900000	-4.5300000	1486.7123244	4.0510000
-156.9646000	24.3120990	153.1900000	-4.5300000	1549.5815282	4.0460000
-156.9320070	19.8327010	153.1900000	-4.5300000	1502.4115826	4.0500000
-156.8081970	18.4042000	153.1900000	-4.5300000	1491.5023858	4.0510000
-156.7559970	21.1360000	153.1900000	-4.5300000	1519.8967068	4.0490000
-156.6580050	20.8910010	153.1900000	-4.5300000	1519.7873394	4.0490000
-156.5101010	19.4776990	153.1900000	-4.5300000	1508.8539030	4.0510000
-156.4651030	18.7750000	153.1900000	-4.5300000	1503.3493373	4.0510000
-156.3876950	17.6149010	153.1900000	-4.5300000	1494.3261799	4.0520000
-156.2066040	16.1620010	153.1900000	-4.5300000	1486.2394079	4.0520000
-156.1670070	18.3010010	153.1900000	-4.5300000	1506.3161503	4.0510000
-155.9969940	20.7710000	153.1900000	-4.5300000	1534.4560586	4.0490000
-155.7729950	19.0790000	153.1900000	-4.5300000	1523.0952504	4.0510000
-155.7653050	26.7766990	153.1900000	-4.5300000	1604.6410408	4.0450000
-155.7149960	18.0002990	153.1900000	-4.5300000	1514.7696194	4.0510000
-155.7109990	20.0460000	153.1900000	-4.5300000	1534.0114377	4.0500000
-155.6793980	21.2055000	153.1900000	-4.5300000	1546.3183806	4.0490000
-155.6362000	22.2999000	153.1900000	-4.5300000	1558.6022560	4.0480000
-154.9944000	21.5070000	153.1900000	-4.5300000	1566.0382859	4.0480000
-154.9830020	19.6010000	153.1900000	-4.5300000	1547.5701090	4.0500000
-154.7973940	18.8031010	153.1900000	-4.5300000	1544.9161075	4.0500000
-154.6912990	17.1800990	153.1900000	-4.5300000	1532.7560786	4.0520000
-154.6177980	20.0889000	153.1900000	-4.5300000	1561.3336018	4.0490000
-154.4958950	18.4016990	153.1900000	-4.5300000	1548.4399174	4.0510000
-154.4828030	21.0019000	153.1900000	-4.5300000	1573.1101574	4.0490000
-154.3939970	19.2625010	153.1900000	-4.5300000	1558.9216619	4.0500000
-154.2518010	21.1686990	153.1900000	-4.5300000	1580.6371037	4.0480000
-154.0305020	17.9884000	153.1900000	-4.5300000	1556.4250302	4.0510000
-153.9922940	18.7976000	153.1900000	-4.5300000	1564.7085057	4.0500000
-153.9826970	21.5196990	153.1900000	-4.5300000	1590.4192077	4.0480000
-153.9674990	14.7313000	153.1900000	-4.5300000	1531.1803352	4.0530000
-153.9024050	19.9790990	153.1900000	-4.5300000	1577.7632377	4.0490000
-153.8681950	17.3153990	153.1900000	-4.5300000	1554.4569852	4.0520000
-153.7008060	17.2975010	153.1900000	-4.5300000	1558.4972394	4.0520000
-153.5032040	19.4951990	153.1900000	-4.5300000	1582.8421447	4.0500000
-153.2958980	18.8009000	153.1900000	-4.5300000	1581.9382706	4.0500000
-153.2920990	20.8925990	153.1900000	-4.5300000	1601.2709284	4.0480000
-153.2906040	17.9062000	153.1900000	-4.5300000	1574.1505939	4.0510000
-152.9812010	18.3018000	153.1900000	-4.5300000	1585.1391964	4.0510000
-152.7657930	25.5928000	153.1900000	-4.5300000	1659.3794654	4.0470000
-152.1324010	18.4814000	153.1900000	-4.5300000	1607.7273853	4.0510000
-151.6866000	14.6891000	153.1900000	-4.5300000	1589.2777510	4.0530000
-151.6376040	16.7378010	153.1900000	-4.5300000	1605.5649135	4.0530000
-150.9149930	18.9142000	153.1900000	-4.5300000	1641.5077516	4.0510000
-149.0009000	16.9890000	153.1900000	-4.5300000	1673.3378941	4.0550000
