-162.025604	14.659600	153.190000	-4.530000	1325.813549	4.056000	70.483498	70.483498	70.483498	4.061715	0.474757
-162.025604	15.159600	153.190000	-4.530000	1330.492120	4.056000	70.156383	70.056383	70.156383	4.060002	0.563710
-162.025604	15.659600	153.190000	-4.530000	1335.036599	4.056687	69.532632	69.532632	69.532632	4.056520	0.352264
-162.025604	16.159600	153.190000	-4.530000	1339.897712	4.056687	69.112270	69.112270	69.112270	4.055055	0.340621
-162.025604	16.659600	153.190000	-4.530000	1344.848942	4.056687	68.695321	68.695321	68.695321	4.053754	0.328681
-162.025604	17.159600	153.190000	-4.530000	1349.785269	4.057000	68.281805	68.281805	68.381805	4.052871	0.316327
-162.025604	17.659600	153.190000	-4.530000	1354.913217	4.057000	67.971741	67.971741	67.971741	4.047854	0.403747
-162.025604	18.159600	153.190000	-4.530000	1359.897700	4.057688	67.665144	67.665144	67.665144	4.037280	0.490848
-162.025604	18.659600	153.190000	-4.530000	1365.197666	4.057688	67.162028	67.162028	67.262028	4.036360	0.377521
-162.025604	19.159600	153.190000	-4.530000	1370.582504	4.057688	66.762405	66.762405	66.762405	4.029633	0.363937
-162.025604	19.659600	153.190000	-4.530000	1376.284347	4.057000	66.166285	66.166285	66.166285	4.031195	0.150013
-162.025604	20.159600	153.190000	-4.530000	1381.943168	4.056687	65.673673	65.673673	65.673673	4.027188	0.035645
-162.025604	20.659600	153.190000	-4.530000	1387.577711	4.056687	65.284577	65.284577	65.284577	4.020235	0.020990
-162.025604	21.159600	153.190000	-4.530000	1393.636489	4.055688	64.698998	64.598998	64.698998	4.020824	-0.194026
-162.025604	21.659600	153.190000	-4.530000	1399.432804	4.055688	64.316939	64.316939	64.316939	4.014621	-0.209503
-162.025604	22.159600	153.190000	-4.530000	1405.654329	4.054688	63.738399	63.738399	63.838399	4.019556	-0.425297
-162.025604	22.659600	153.190000	-4.530000	1411.956544	4.053687	63.263376	63.263376	63.263376	4.020715	-0.541476
-162.025604	23.159600	153.190000	-4.530000	1418.338467	4.052688	62.791866	62.791866	62.791866	4.023563	-0.658131
-162.025604	23.659600	153.190000	-4.530000	1424.447553	4.052688	62.623864	62.623864	62.623864	4.014210	-0.475134
-162.025604	24.159600	153.190000	-4.530000	1430.984265	4.051687	62.159361	62.159361	62.159361	4.021629	-0.592544
-162.025604	24.659600	153.190000	-4.530000	1437.597745	4.050688	61.698349	61.698349	61.698349	4.025951	-0.710448
-162.025604	25.159600	153.190000	-4.530000	1443.930472	4.050688	61.640818	61.640818	61.640818	4.020746	-0.428732
-162.025604	25.659600	153.190000	-4.530000	1450.692834	4.049688	61.186756	61.186756	61.186756	4.025566	-0.547445
-162.025604	26.159600	153.190000	-4.530000	1457.169147	4.049688	61.036150	61.036150	61.036150	4.024395	-0.366670
-162.025604	26.659600	153.190000	-4.530000	1463.714960	4.049688	60.888985	60.888985	60.888985	4.023655	-0.186306
-161.525604	14.659600	153.190000	-4.530000	1338.313915	4.056000	70.802588	70.802588	70.802588	4.061953	0.522408
-161.525604	15.159600	153.190000	-4.530000	1342.703703	4.056687	70.178736	70.178736	70.178736	4.056510	0.308670
-161.525604	15.659600	153.190000	-4.530000	1347.411337	4.056687	69.858136	69.858136	69.858136	4.055838	0.394649
-161.525604	16.159600	153.190000	-4.530000	1352.209013	4.056687	69.440812	69.440812	69.440812	4.053847	0.380425
-161.525604	16.659600	153.190000	-4.530000	1357.095728	4.056687	69.026787	69.026787	69.026787	4.052458	0.365790
-161.525604	17.159600	153.190000	-4.530000	1361.965556	4.057000	68.616083	68.616083	68.616083	4.049328	0.350850
-161.525604	17.659600	153.190000	-4.530000	1367.026932	4.057000	68.208717	68.208717	68.208717	4.047117	0.335678
-161.525604	18.159600	153.190000	-4.530000	1372.174309	4.057000	67.804707	67.804707	67.804707	4.042430	0.320079
-161.525604	18.659600	153.190000	-4.530000	1377.173294	4.057688	67.504065	67.504065	67.504065	4.034470	0.404154
-161.525604	19.159600	153.190000	-4.530000	1382.722993	4.057000	66.906805	66.906805	66.906805	4.035099	0.187968
-161.525604	19.659600	153.190000	-4.530000	1388.122265	4.057000	66.512936	66.512936	66.512936	4.028570	0.171338
-161.525604	20.159600	153.190000	-4.530000	1393.710818	4.056687	66.022467	66.022467	66.022467	4.025867	0.054360
-161.525604	20.659600	153.190000	-4.530000	1399.273351	4.056687	65.635403	65.635403	65.635403	4.020014	0.037091
-161.525604	21.159600	153.190000	-4.530000	1405.262185	4.055688	65.051749	65.051749	65.051749	4.020343	-0.180637
-161.525604	21.659600	153.190000	-4.530000	1410.984899	4.055688	64.671507	64.671507	64.671507	4.015258	-0.198736
-161.525604	22.159600	153.190000	-4.530000	1417.134913	4.054688	64.194677	64.194677	64.194677	4.015584	-0.317156
-161.525604	22.659600	153.190000	-4.530000	1423.364864	4.053687	63.621258	63.621258	63.621258	4.020005	-0.536053
-161.525604	23.159600	153.190000	-4.530000	1429.673800	4.052688	63.151248	63.151248	63.151248	4.021182	-0.655342
-161.525604	23.659600	153.190000	-4.530000	1435.706422	4.052688	62.984642	62.984642	62.984642	4.014960	-0.474984
-161.525604	24.159600	153.190000	-4.530000	1442.168796	4.051687	62.521434	62.521434	62.521434	4.021432	-0.595120
-161.525604	24.659600	153.190000	-4.530000	1448.707290	4.050688	62.061616	62.061616	62.161616	4.025114	-0.715672
-161.525604	25.159600	153.190000	-4.530000	1454.961687	4.050688	62.005179	62.005179	62.005179	4.020892	-0.436606
-161.525604	25.659600	153.190000	-4.530000	1461.647864	4.049688	61.552113	61.552113	61.552113	4.025146	-0.558053
-161.525604	26.159600	153.190000	-4.530000	1468.044733	4.049688	61.402405	61.402405	61.402405	4.024607	-0.379939
-161.525604	26.659600	153.190000	-4.530000	1474.510591	4.049688	61.256043	61.256043	61.256043	4.024610	-0.202239
-161.025604	14.659600	153.190000	-4.530000	1350.606201	4.056687	70.817324	70.817324	70.817324	4.056898	0.269672
-161.025604	15.159600	153.190000	-4.530000	1355.162443	4.056687	70.496690	70.496690	70.496690	4.057247	0.353353
-161.025604	15.659600	153.190000	-4.530000	1359.808581	4.056687	70.079198	70.079198	70.079198	4.055100	0.336747
-161.025604	16.159600	153.190000	-4.530000	1364.543648	4.056687	69.664873	69.664873	69.664873	4.052969	0.319823
-161.025604	16.659600	153.190000	-4.530000	1369.366671	4.056687	69.253738	69.253738	69.253738	4.050052	0.302597
-161.025604	17.159600	153.190000	-4.530000	1374.170818	4.057000	68.845814	68.845814	68.845814	4.048741	0.285061
-161.025604	17.659600	153.190000	-4.530000	1379.166439	4.057000	68.541119	68.541119	68.541119	4.043865	0.367184
-161.025604	18.159600	153.190000	-4.530000	1384.247071	4.057000	68.039670	68.039670	68.039670	4.042541	0.248983
-161.025604	18.659600	153.190000	-4.530000	1389.411729	4.057000	67.641482	67.641482	67.641482	4.037309	0.230452
-161.025604	19.159600	153.190000	-4.530000	1394.659424	4.057000	67.246567	67.246567	67.246567	4.031621	0.211555
-161.025604	19.659600	153.190000	-4.530000	1400.097014	4.056687	66.754936	66.754936	66.754936	4.029905	0.092312
-161.025604	20.159600	153.190000	-4.530000	1405.508231	4.056687	66.366597	66.366597	66.366597	4.024179	0.072716
-161.025604	20.659600	153.190000	-4.530000	1410.999521	4.056687	65.981558	65.881558	65.981558	4.019803	0.052731
-161.025604	21.159600	153.190000	-4.530000	1416.919174	4.055688	65.399822	65.399822	65.399822	4.019737	-0.167622
-161.025604	21.659600	153.190000	-4.530000	1422.810220	4.055000	64.921394	64.921394	64.921394	4.017880	-0.288351
-161.025604	22.159600	153.190000	-4.530000	1428.648275	4.054688	64.546275	64.546275	64.546275	4.014983	-0.309494
-161.025604	22.659600	153.190000	-4.530000	1434.806691	4.053687	64.074464	64.074464	64.074464	4.015873	-0.431028
-161.025604	23.159600	153.190000	-4.530000	1441.043354	4.052688	63.605959	63.605959	63.605959	4.017310	-0.552960
-161.025604	23.659600	153.190000	-4.530000	1447.000205	4.052688	63.340758	63.340758	63.340758	4.016170	-0.475331
-161.025604	24.159600	153.190000	-4.530000	1453.388926	4.051687	62.978855	62.978855	62.978855	4.018640	-0.498116
-161.025604	24.659600	153.190000	-4.530000	1459.853107	4.050688	62.520243	62.520243	62.520243	4.022205	-0.621323
-161.025604	25.159600	153.190000	-4.530000	1466.029821	4.050688	62.364915	62.364915	62.364915	4.021302	-0.444994
-161.025604	25.659600	153.190000	-4.530000	1472.640454	4.049688	61.912862	61.912862	61.912862	4.025347	-0.569104
-161.025604	26.159600	153.190000	-4.530000	1478.958494	4.049688	61.764072	61.764072	61.764072	4.025774	-0.393658
-161.025604	26.659600	153.190000	-4.530000	1485.344994	4.049688	61.618535	61.618535	61.618535	4.025266	-0.218703
-160.525604	14.659600	153.190000	-4.530000	1363.145550	4.056687	71.027816	71.027816	71.027816	4.055463	0.217020
-160.525604	15.159600	153.190000	-4.530000	1367.642253	4.056687	70.710353	70.710353	70.710353	4.056192	0.298108
-160.525604	15.659600	153.190000	-4.530000	1372.227705	4.056687	70.295927	70.295927	70.295927	4.053623	0.278791
-160.525604	16.159600	153.190000	-4.530000	1376.900972	4.056687	69.984561	69.984561	69.984561	4.051360	0.359266
-160.525604	16.659600	153.190000	-4.530000	1381.661112	4.056687	69.576280	69.576280	69.576280	4.048442	0.339436
-160.525604	17.159600	153.190000	-4.530000	1386.507179	4.056687	69.171104	69.171104	69.171104	4.046055	0.319184
-160.525604	17.659600	153.190000	-4.530000	1391.331042	4.057000	68.769051	68.769051	68.769051	4.043106	0.298697
-160.525604	18.159600	153.190000	-4.530000	1396.345724	4.057000	68.370139	68.370139	68.370139	4.038276	0.277881
-160.525604	18.659600	153.190000	-4.530000	1401.443466	4.057000	67.974382	67.974382	67.974382	4.033431	0.256627
-160.525604	19.159600	153.190000	-4.530000	1406.731669	4.056687	67.481794	67.481794	67.481794	4.030955	0.135109
-160.525604	19.659600	153.190000	-4.530000	1411.993060	4.056687	67.092384	67.092384	67.092384	4.026165	0.113240
-160.525604	20.159600	153.190000	-4.530000	1417.334637	4.056687	66.606164	66.606164	66.606164	4.023707	-0.009084
-160.525604	20.659600	153.190000	-4.530000	1422.996596	4.056000	66.123139	66.123139	66.223139	4.021967	-0.131702
-160.525604	21.159600	153.190000	-4.530000	1428.606661	4.055688	65.743315	65.743315	65.743315	4.018006	-0.154693
-160.525604	21.659600	153.190000	-4.530000	1434.427554	4.055000	65.266697	65.266697	65.266697	4.016496	-0.278156
-160.525604	22.159600	153.190000	-4.530000	1440.193597	4.054688	64.893287	64.893287	64.893287	4.014766	-0.301944
-160.525604	22.659600	153.190000	-4.530000	1446.281194	4.053687	64.423084	64.423084	64.423084	4.015314	-0.426128
-160.525604	23.159600	153.190000	-4.530000	1452.446289	4.052688	63.956089	63.956089	63.956089	4.016949	-0.550801
-160.525604	23.659600	153.190000	-4.530000	1458.328052	4.052688	63.692299	63.692299	63.692299	4.017067	-0.475829
-160.525604	24.159600	153.190000	-4.530000	1464.643798	4.051687	63.331709	63.331709	63.331709	4.019436	-0.501277
-160.525604	24.659600	153.190000	-4.530000	1471.034330	4.050688	62.874315	62.874315	62.874315	4.022591	-0.627232
-160.525604	25.159600	153.190000	-4.530000	1477.134001	4.050688	62.720110	62.720110	62.720110	4.022338	-0.453573
-160.525604	25.659600	153.190000	-4.530000	1483.669723	4.049688	62.269084	62.269084	62.269084	4.025576	-0.580357
-160.525604	26.159600	153.190000	-4.530000	1489.909544	4.049688	62.121230	62.121230	62.121230	4.026566	-0.407668
-160.525604	26.659600	153.190000	-4.530000	1496.217280	4.049688	61.976536	61.976536	62.076536	4.027783	-0.235396
-160.025604	14.659600	153.190000	-4.530000	1375.704592	4.056687	71.334168	71.334168	71.334168	4.056541	0.264093
-160.025604	15.159600	153.190000	-4.530000	1380.142547	4.056687	70.919831	70.919831	70.919831	4.054188	0.242464
-160.025604	15.659600	153.190000	-4.530000	1384.668107	4.056687	70.608427	70.608427	70.608427	4.052531	0.320542
-160.025604	16.159600	153.190000	-4.530000	1389.280365	4.056687	70.199982	70.199982	70.199982	4.049266	0.298409
-160.025604	16.659600	153.190000	-4.530000	1393.978410	4.056687	69.794518	69.794518	69.794518	4.046845	0.275856
-160.025604	17.159600	153.190000	-4.530000	1398.761325	4.056687	69.392057	69.392057	69.392057	4.044844	0.252989
-160.025604	17.659600	153.190000	-4.530000	1403.628189	4.056687	68.992617	68.992617	68.992617	4.040821	0.229882
-160.025604	18.159600	153.190000	-4.530000	1408.578078	4.056687	68.596215	68.596215	68.596215	4.036361	0.206340
-160.025604	18.659600	153.190000	-4.530000	1413.610064	4.056687	68.202866	68.202866	68.202866	4.032402	0.182460
-160.025604	19.159600	153.190000	-4.530000	1418.723217	4.056687	67.812584	67.812584	67.812584	4.028101	0.158311
-160.025604	19.659600	153.190000	-4.530000	1423.916604	4.056687	67.325380	67.325380	67.425380	4.025047	0.033709
-160.025604	20.159600	153.190000	-4.530000	1429.189290	4.056687	66.941263	66.941263	66.941263	4.021489	0.008748
-160.025604	20.659600	153.190000	-4.530000	1434.894053	4.055688	66.460241	66.460241	66.460241	4.019394	-0.116511
-160.025604	21.159600	153.190000	-4.530000	1440.323874	4.055688	66.082321	66.082321	66.082321	4.016273	-0.142241
-160.025604	21.659600	153.190000	-4.530000	1446.186792	4.054688	65.607508	65.607508	65.607508	4.015240	-0.268354
-160.025604	22.159600	153.190000	-4.530000	1451.770082	4.054688	65.235803	65.235803	65.235803	4.014124	-0.294795
-160.025604	22.659600	153.190000	-4.530000	1457.787567	4.053687	64.767209	64.767209	64.767209	4.014474	-0.421723
-160.025604	23.159600	153.190000	-4.530000	1463.881789	4.052688	64.401726	64.401726	64.401726	4.015429	-0.449058
-160.025604	23.659600	153.190000	-4.530000	1469.689137	4.052688	64.039351	64.039351	64.039351	4.018057	-0.476751
-160.025604	24.159600	153.190000	-4.530000	1475.932577	4.051687	63.680082	63.680082	63.680082	4.019975	-0.504951
-160.025604	24.659600	153.190000	-4.530000	1482.250115	4.050688	63.323914	63.323914	63.323914	4.022077	-0.533580
-160.025604	25.159600	153.190000	-4.530000	1488.273376	4.050688	63.070842	63.070842	63.070842	4.023296	-0.462599
-160.025604	25.659600	153.190000	-4.530000	1494.734815	4.049688	62.620859	62.620859	62.620859	4.025873	-0.592143
-160.025604	26.159600	153.190000	-4.530000	1500.897019	4.049688	62.473955	62.473955	62.473955	4.027854	-0.422140
-160.025604	26.659600	153.190000	-4.530000	1507.126579	4.049688	62.330122	62.330122	62.330122	4.030547	-0.252558
-159.525604	14.659600	153.190000	-4.530000	1388.282777	4.056687	71.536484	71.536484	71.536484	4.055227	0.210776
-159.525604	15.159600	153.190000	-4.530000	1392.662760	4.056687	71.225224	71.225224	71.225224	4.054166	0.286536
-159.525604	15.659600	153.190000	-4.530000	1397.129201	4.056687	70.816800	70.816800	70.816800	4.051162	0.262000
-159.525604	16.159600	153.190000	-4.530000	1401.681225	4.056687	70.411235	70.411235	70.411235	4.048009	0.237139
-159.525604	16.659600	153.190000	-4.530000	1406.317948	4.056687	70.008553	70.008553	70.008553	4.044747	0.211966
-159.525604	17.159600	153.190000	-4.530000	1411.038481	4.056687	69.708773	69.708773	69.708773	4.042058	0.286475
-159.525604	17.659600	153.190000	-4.530000	1415.841932	4.056687	69.311915	69.311915	69.311915	4.037201	0.260635
-159.525604	18.159600	153.190000	-4.530000	1420.727404	4.056687	68.917996	68.917996	68.917996	4.032956	0.234462
-159.525604	18.659600	153.190000	-4.530000	1425.693997	4.056687	68.527032	68.527032	68.527032	4.029841	0.207947
-159.525604	19.159600	153.190000	-4.530000	1430.740809	4.056687	68.039035	68.039035	68.039035	4.025691	0.081060
-159.525604	19.659600	153.190000	-4.530000	1435.866934	4.056687	67.654017	67.654017	67.654017	4.022246	0.053817
-159.525604	20.159600	153.190000	-4.530000	1441.315730	4.056000	67.271989	67.271989	67.271989	4.019383	0.026209
-159.525604	20.659600	153.190000	-4.530000	1446.710121	4.055688	66.792958	66.792958	66.792958	4.017145	-0.101794
-159.525604	21.159600	153.190000	-4.530000	1452.070063	4.055688	66.416932	66.416932	66.416932	4.015375	-0.130177
-159.525604	21.659600	153.190000	-4.530000	1457.865167	4.054688	65.943916	65.943916	65.943916	4.014361	-0.258947
-159.525604	22.159600	153.190000	-4.530000	1463.376958	4.054688	65.573913	65.573913	65.573913	4.014019	-0.288138
-159.525604	22.659600	153.190000	-4.530000	1469.325027	4.053687	65.106926	65.106926	65.106926	4.014263	-0.417732
-159.525604	23.159600	153.190000	-4.530000	1475.349059	4.052688	64.742954	64.742954	64.742954	4.016097	-0.447735
-159.525604	23.659600	153.190000	-4.530000	1481.082657	4.052688	64.481998	64.381998	64.481998	4.018002	-0.378186
-159.525604	24.159600	153.190000	-4.530000	1487.254451	4.051687	64.124055	64.124055	64.124055	4.020401	-0.409062
-159.525604	24.659600	153.190000	-4.530000	1493.499642	4.050688	63.669122	63.669122	63.669122	4.022795	-0.540373
-159.525604	25.159600	153.190000	-4.530000	1499.447119	4.050688	63.417193	63.417193	63.417193	4.024452	-0.472156
-159.525604	25.659600	153.190000	-4.530000	1505.834894	4.049688	62.968262	62.968262	62.968262	4.025827	-0.604389
-159.525604	26.159600	153.190000	-4.530000	1511.920079	4.049688	62.822323	62.822323	62.822323	4.028871	-0.437080
-159.525604	26.659600	153.190000	-4.530000	1518.072044	4.049688	62.679366	62.679366	62.679366	4.032453	-0.270270
-159.025604	14.659600	153.190000	-4.530000	1400.879579	4.056687	71.834861	71.834861	71.834861	4.055552	0.257525
-159.025604	15.159600	153.190000	-4.530000	1405.202346	4.056687	71.426633	71.426633	71.426633	4.052787	0.230662
-159.025604	15.659600	153.190000	-4.530000	1409.610427	4.056687	71.021145	71.021145	71.021145	4.049667	0.203387
-159.025604	16.159600	153.190000	-4.530000	1414.102973	4.056687	70.618420	70.618420	70.618420	4.046481	0.175897
-159.025604	16.659600	153.190000	-4.530000	1418.679128	4.056687	70.218481	70.218481	70.218481	4.042982	0.148091
-159.025604	17.159600	153.190000	-4.530000	1423.338032	4.056687	69.921349	69.921349	69.921349	4.039312	0.219855
-159.025604	17.659600	153.190000	-4.530000	1428.078820	4.056687	69.527043	69.527043	69.527043	4.034696	0.191376
-159.025604	18.159600	153.190000	-4.530000	1432.900621	4.056687	69.135579	69.135579	69.135579	4.030776	0.162558
-159.025604	18.659600	153.190000	-4.530000	1437.802563	4.056687	68.746974	68.746974	68.746974	4.026323	0.133294
-159.025604	19.159600	153.190000	-4.530000	1443.028323	4.056000	68.361240	68.361240	68.361240	4.022547	0.103757
-159.025604	19.659600	153.190000	-4.530000	1448.088774	4.056000	67.978390	67.978390	67.978390	4.020056	0.073859
-159.025604	20.159600	153.190000	-4.530000	1453.338721	4.055688	67.498434	67.498434	67.498434	4.017092	-0.056503
-159.025604	20.659600	153.190000	-4.530000	1458.553731	4.055688	67.121381	67.121381	67.121381	4.015172	-0.087169
-159.025604	21.159600	153.190000	-4.530000	1464.092684	4.055000	66.747238	66.747238	66.747238	4.014416	-0.118218
-159.025604	21.659600	153.190000	-4.530000	1469.572495	4.054688	66.276011	66.276011	66.276011	4.013074	-0.249749
-159.025604	22.159600	153.190000	-4.530000	1475.263614	4.054000	65.907704	65.907704	65.907704	4.013295	-0.281613
-159.025604	22.659600	153.190000	-4.530000	1480.892811	4.053687	65.542319	65.542319	65.542319	4.014040	-0.313884
-159.025604	23.159600	153.190000	-4.530000	1486.847327	4.052688	65.179859	65.179859	65.179859	4.016020	-0.346656
-159.025604	23.659600	153.190000	-4.530000	1492.507830	4.052688	64.820323	64.820323	64.820323	4.019015	-0.379791
-159.025604	24.159600	153.190000	-4.530000	1498.608630	4.051687	64.463709	64.463709	64.463709	4.021931	-0.413357
-159.025604	24.659600	153.190000	-4.530000	1504.782112	4.050688	64.110015	64.110015	64.110015	4.023928	-0.447443
-159.025604	25.159600	153.190000	-4.530000	1510.654422	4.050688	63.859238	63.859238	63.859238	4.026107	-0.381922
-159.025604	25.659600	153.190000	-4.530000	1516.969146	4.049688	63.411370	63.411370	63.411370	4.027986	-0.516857
-159.025604	26.159600	153.190000	-4.530000	1522.977901	4.049688	63.166407	63.166407	63.166407	4.030763	-0.452331
-159.025604	26.659600	153.190000	-4.530000	1529.052848	4.049688	63.024341	63.024341	63.024341	4.035091	-0.288230
-158.525604	14.659600	153.190000	-4.530000	1413.494487	4.056687	72.029396	72.029396	72.029396	4.053203	0.203992
-158.525604	15.159600	153.190000	-4.530000	1417.760777	4.056687	71.624153	71.624153	71.624153	4.050036	0.174384
-158.525604	15.659600	153.190000	-4.530000	1422.111237	4.056687	71.221557	71.221557	71.221557	4.047625	0.144474
-158.525604	16.159600	153.190000	-4.530000	1426.545046	4.056687	70.821631	70.821631	70.821631	4.043375	0.114345
-158.525604	16.659600	153.190000	-4.530000	1431.061373	4.056687	70.424399	70.424399	70.424399	4.039943	0.083789
-158.525604	17.159600	153.190000	-4.530000	1435.659385	4.056687	70.129880	70.129880	70.129880	4.036640	0.152909
-158.525604	17.659600	153.190000	-4.530000	1440.338243	4.056687	69.738094	69.738094	69.738094	4.032532	0.121780
-158.525604	18.159600	153.190000	-4.530000	1445.342049	4.056000	69.349057	69.349057	69.349057	4.028347	0.090208
-158.525604	18.659600	153.190000	-4.530000	1450.180886	4.056000	69.062785	69.062785	69.062785	4.023257	0.158288
-158.525604	19.159600	153.190000	-4.530000	1455.098043	4.056000	68.679291	68.679291	68.679291	4.020539	0.126091
-158.525604	19.659600	153.190000	-4.530000	1460.205172	4.055688	68.198588	68.198588	68.298588	4.017395	-0.006568
-158.525604	20.159600	153.190000	-4.530000	1465.276799	4.055688	67.820687	67.820687	67.820687	4.015049	-0.039597
-158.525604	20.659600	153.190000	-4.530000	1470.673487	4.055000	67.445597	67.445597	67.445597	4.013930	-0.072932
-158.525604	21.159600	153.190000	-4.530000	1476.010414	4.054688	67.073325	67.073325	67.073325	4.012800	-0.106748
-158.525604	21.659600	153.190000	-4.530000	1481.308056	4.054688	66.703878	66.703878	66.703878	4.012186	-0.140957
-158.525604	22.159600	153.190000	-4.530000	1487.045648	4.053687	66.237259	66.237259	66.237259	4.012641	-0.275502
-158.525604	22.659600	153.190000	-4.530000	1492.490178	4.053687	65.873473	65.873473	65.873473	4.013932	-0.310547
-158.525604	23.159600	153.190000	-4.530000	1498.375843	4.052688	65.512522	65.512522	65.512522	4.016687	-0.346008
-158.525604	23.659600	153.190000	-4.530000	1504.219071	4.052000	65.154405	65.154405	65.154405	4.019604	-0.381836
-158.525604	24.159600	153.190000	-4.530000	1509.994343	4.051687	64.799123	64.799123	64.799123	4.022938	-0.418182
-158.525604	24.659600	153.190000	-4.530000	1516.096746	4.050688	64.446674	64.446674	64.446674	4.024752	-0.454969
-158.525604	25.159600	153.190000	-4.530000	1521.894499	4.050688	64.197053	64.197053	64.197053	4.028305	-0.392153
-158.525604	25.659600	153.190000	-4.530000	1528.018864	4.050000	63.850258	63.850258	63.850258	4.030301	-0.429876
-158.525604	26.159600	153.190000	-4.530000	1534.069687	4.049688	63.606281	63.606281	63.606281	4.033021	-0.368063
-158.525604	26.659600	153.190000	-4.530000	1540.068186	4.049688	63.365118	63.365118	63.365118	4.035892	-0.306679
-158.025604	14.659600	153.190000	-4.530000	1426.017155	4.057000	72.120182	72.120182	72.120182	4.049724	0.050065
-158.025604	15.159600	153.190000	-4.530000	1430.337542	4.056687	71.817876	71.817876	71.817876	4.048547	0.117816
-158.025604	15.659600	153.190000	-4.530000	1434.631106	4.056687	71.418128	71.418128	71.418128	4.045339	0.085262
-158.025604	16.159600	153.190000	-4.530000	1439.006900	4.056687	71.020961	71.020961	71.020961	4.041169	0.052376
-158.025604	16.659600	153.190000	-4.530000	1443.464121	4.056687	70.626397	70.626397	70.626397	4.038312	0.019169
-158.025604	17.159600	153.190000	-4.530000	1448.001963	4.056687	70.334457	70.334457	70.334457	4.034836	0.085634
-158.025604	17.659600	153.190000	-4.530000	1452.865831	4.056000	69.945158	69.945158	70.045158	4.030574	0.051744
-158.025604	18.159600	153.190000	-4.530000	1457.563264	4.056000	69.658519	69.658519	69.658519	4.025324	0.117510
-158.025604	18.659600	153.190000	-4.530000	1462.451556	4.055688	69.274553	69.274553	69.274553	4.021533	0.082926
-158.025604	19.159600	153.190000	-4.530000	1467.304899	4.055688	68.893277	68.893277	68.893277	4.018051	0.047962
-158.025604	19.659600	153.190000	-4.530000	1472.234778	4.055688	68.514701	68.514701	68.514701	4.015254	0.012631
-158.025604	20.159600	153.190000	-4.530000	1477.490816	4.055000	68.138836	68.138836	68.138836	4.013551	-0.023073
-158.025604	20.659600	153.190000	-4.530000	1482.686399	4.054688	67.765693	67.765693	67.765693	4.012596	-0.059181
-158.025604	21.159600	153.190000	-4.530000	1487.842164	4.054688	67.395278	67.395278	67.395278	4.011855	-0.095680
-158.025604	21.659600	153.190000	-4.530000	1493.324354	4.054000	67.027600	67.027600	67.027600	4.011631	-0.132575
-158.025604	22.159600	153.190000	-4.530000	1498.742159	4.053687	66.662662	66.662662	66.662662	4.012213	-0.169899
-158.025604	22.659600	153.190000	-4.530000	1504.371547	4.053000	66.200468	66.200468	66.200468	4.014729	-0.307637
-158.025604	23.159600	153.190000	-4.530000	1509.933875	4.052688	65.841022	65.841022	65.841022	4.017234	-0.345796
-158.025604	23.659600	153.190000	-4.530000	1515.707238	4.052000	65.584324	65.484324	65.584324	4.020145	-0.284410
-158.025604	24.159600	153.190000	-4.530000	1521.410840	4.051687	65.230374	65.230374	65.230374	4.023690	-0.323461
-158.025604	24.659600	153.190000	-4.530000	1527.324956	4.051000	64.879171	64.879171	64.879171	4.026870	-0.362957
-158.025604	25.159600	153.190000	-4.530000	1533.166585	4.050688	64.530713	64.530713	64.530713	4.029380	-0.402934
-158.025604	25.659600	153.190000	-4.530000	1539.218237	4.050000	64.184996	64.184996	64.184996	4.031227	-0.443373
-158.025604	26.159600	153.190000	-4.530000	1545.194656	4.049688	63.942015	63.942015	63.942015	4.034000	-0.384282
-158.025604	26.659600	153.190000	-4.530000	1551.117270	4.049688	63.801765	63.801765	63.801765	4.039021	-0.225698
-157.525604	14.659600	153.190000	-4.530000	1438.665836	4.057000	72.307307	72.307307	72.307307	4.048351	-0.003814
-157.525604	15.159600	153.190000	-4.530000	1442.932149	4.056687	72.007892	72.007892	72.007892	4.047197	0.061283
-157.525604	15.659600	153.190000	-4.530000	1447.169522	4.056687	71.610949	71.610949	71.610949	4.043357	0.025961
-157.525604	16.159600	153.190000	-4.530000	1451.488009	4.056687	71.216499	71.216499	71.216499	4.039967	-0.009585
-157.525604	16.659600	153.190000	-4.530000	1455.886833	4.056687	70.824566	70.824566	70.824566	4.037076	-0.045456
-157.525604	17.159600	153.190000	-4.530000	1460.612742	4.056000	70.535168	70.535168	70.535168	4.033029	0.018236
-157.525604	17.659600	153.190000	-4.530000	1465.170656	4.056000	70.248325	70.248325	70.248325	4.028063	0.081676
-157.525604	18.159600	153.190000	-4.530000	1469.919809	4.055688	69.864053	69.864053	69.864053	4.023826	0.044768
-157.525604	18.659600	153.190000	-4.530000	1474.633260	4.055688	69.482368	69.482368	69.482368	4.019836	0.007405
-157.525604	19.159600	153.190000	-4.530000	1479.423105	4.055688	69.203283	69.203283	69.203283	4.016104	0.069761
-157.525604	19.659600	153.190000	-4.530000	1484.540193	4.055000	68.826812	68.826812	68.826812	4.013816	0.031746
-157.525604	20.159600	153.190000	-4.530000	1489.596050	4.054688	68.452965	68.452965	68.452965	4.012714	-0.006742
-157.525604	20.659600	153.190000	-4.530000	1494.611487	4.054688	68.081752	68.081752	68.081752	4.011416	-0.045542
-157.525604	21.159600	153.190000	-4.530000	1499.954434	4.054000	67.713181	67.713181	67.713181	4.010863	-0.084735
-157.525604	21.659600	153.190000	-4.530000	1505.232338	4.053687	67.347259	67.347259	67.347259	4.010979	-0.124421
-157.525604	22.159600	153.190000	-4.530000	1510.466187	4.053687	66.983992	66.983992	66.983992	4.012522	-0.164447
-157.525604	22.659600	153.190000	-4.530000	1516.027917	4.053000	66.623384	66.623384	66.623384	4.014906	-0.204891
-157.525604	23.159600	153.190000	-4.530000	1521.520713	4.052688	66.265437	66.265437	66.265437	4.017411	-0.245847
-157.525604	23.659600	153.190000	-4.530000	1527.224843	4.052000	65.910155	65.910155	65.910155	4.020697	-0.287174
-157.525604	24.159600	153.190000	-4.530000	1532.857393	4.051687	65.557537	65.557537	65.557537	4.025096	-0.328943
-157.525604	24.659600	153.190000	-4.530000	1538.700787	4.051000	65.207583	65.207583	65.207583	4.028071	-0.371243
-157.525604	25.159600	153.190000	-4.530000	1544.469932	4.050688	64.960290	64.960290	64.960290	4.031357	-0.313945
-157.525604	25.659600	153.190000	-4.530000	1550.186312	4.050688	64.715657	64.715657	64.715657	4.034667	-0.257113
-157.525604	26.159600	153.190000	-4.530000	1556.352046	4.049688	64.273679	64.273679	64.273679	4.034699	-0.400833
-157.525604	26.659600	153.190000	-4.530000	1562.199333	4.049688	64.134351	64.134351	64.134351	4.039748	-0.244985
-157.025604	14.659600	153.190000	-4.530000	1451.331191	4.057000	72.490859	72.490859	72.590859	4.047865	-0.057981
-157.025604	15.159600	153.190000	-4.530000	1455.432002	4.057000	72.094288	72.094288	72.094288	4.044512	-0.095658
-157.025604	15.659600	153.190000	-4.530000	1459.725994	4.056687	71.800105	71.800105	71.800105	4.042485	-0.033647
-157.025604	16.159600	153.190000	-4.530000	1463.987865	4.056687	71.408333	71.408333	71.408333	4.038910	-0.071863
-157.025604	16.659600	153.190000	-4.530000	1468.577865	4.056000	71.118991	71.118991	71.118991	4.035351	-0.010514
-157.025604	17.159600	153.190000	-4.530000	1472.998216	4.056000	70.732101	70.732101	70.732101	4.031856	-0.049498
-157.025604	17.659600	153.190000	-4.530000	1477.610148	4.055688	70.447680	70.447680	70.447680	4.027617	0.011262
-157.025604	18.159600	153.190000	-4.530000	1482.185553	4.055688	70.065745	70.065745	70.065745	4.023455	-0.028431
-157.025604	18.659600	153.190000	-4.530000	1486.837157	4.055688	69.786312	69.686312	69.786312	4.018587	0.031520
-157.025604	19.159600	153.190000	-4.530000	1491.817068	4.055000	69.409394	69.409394	69.409394	4.015100	-0.008814
-157.025604	19.659600	153.190000	-4.530000	1496.734900	4.054688	69.135005	69.135005	69.135005	4.013265	0.050381
-157.025604	20.159600	153.190000	-4.530000	1501.611634	4.054688	68.763156	68.763156	68.763156	4.011873	0.009196
-157.025604	20.659600	153.190000	-4.530000	1506.816952	4.054000	68.393855	68.393855	68.393855	4.010555	-0.032304
-157.025604	21.159600	153.190000	-4.530000	1511.956490	4.053687	68.027112	68.027112	68.027112	4.010424	-0.074294
-157.025604	21.659600	153.190000	-4.530000	1517.051402	4.053687	67.662935	67.662935	67.662935	4.011435	-0.116687
-157.025604	22.159600	153.190000	-4.530000	1522.475269	4.053000	67.301328	67.301328	67.301328	4.013065	-0.159425
-157.025604	22.659600	153.190000	-4.530000	1527.829575	4.052688	66.942297	66.942297	66.942297	4.015236	-0.202672
-157.025604	23.159600	153.190000	-4.530000	1533.135665	4.052688	66.685845	66.585845	66.685845	4.018059	-0.146346
-157.025604	23.659600	153.190000	-4.530000	1538.889867	4.051687	66.331974	66.231974	66.331974	4.021591	-0.190395
-157.025604	24.159600	153.190000	-4.530000	1544.333291	4.051687	65.980686	65.980686	65.980686	4.026174	-0.234973
-157.025604	24.659600	153.190000	-4.530000	1550.106564	4.051000	65.631980	65.631980	65.631980	4.030270	-0.280003
-157.025604	25.159600	153.190000	-4.530000	1555.803814	4.050688	65.285856	65.285856	65.285856	4.032190	-0.325438
-157.025604	25.659600	153.190000	-4.530000	1561.446737	4.050688	65.142310	65.142310	65.142310	4.037480	-0.171423
-157.025604	26.159600	153.190000	-4.530000	1567.420162	4.050000	64.701341	64.701341	64.701341	4.037362	-0.317884
-157.025604	26.659600	153.190000	-4.530000	1573.313627	4.049688	64.462942	64.462942	64.462942	4.040029	-0.264781
-156.525604	14.659600	153.190000	-4.530000	1463.764726	4.057688	72.470921	72.470921	72.470921	4.043518	-0.312546
-156.525604	15.159600	153.190000	-4.530000	1468.059902	4.057000	72.277149	72.277149	72.277149	4.043382	-0.152898
-156.525604	15.659600	153.190000	-4.530000	1472.300042	4.056687	71.985682	71.985682	71.985682	4.041615	-0.093563
-156.525604	16.159600	153.190000	-4.530000	1476.505975	4.056687	71.596545	71.596545	71.596545	4.037691	-0.134566
-156.525604	16.659600	153.190000	-4.530000	1481.041056	4.056000	71.309756	71.309756	71.309756	4.034977	-0.075899
-156.525604	17.159600	153.190000	-4.530000	1485.517754	4.055688	70.925337	70.925337	70.925337	4.030967	-0.117570
-156.525604	17.659600	153.190000	-4.530000	1489.957029	4.055688	70.643305	70.643305	70.643305	4.026632	-0.059602
-156.525604	18.159600	153.190000	-4.530000	1494.472254	4.055688	70.263677	70.263677	70.263677	4.022369	-0.101987
-156.525604	18.659600	153.190000	-4.530000	1499.316836	4.055000	69.986468	69.986468	69.986468	4.018741	-0.044732
-156.525604	19.159600	153.190000	-4.530000	1504.098417	4.054688	69.611692	69.611692	69.611692	4.015813	-0.087864
-156.525604	19.659600	153.190000	-4.530000	1508.838152	4.054688	69.339362	69.339362	69.339362	4.013657	-0.031372
-156.525604	20.159600	153.190000	-4.530000	1513.907528	4.054000	69.069489	69.069489	69.069489	4.011990	0.024737
-156.525604	20.659600	153.190000	-4.530000	1518.910315	4.053687	68.702082	68.702082	68.702082	4.011162	-0.019566
-156.525604	21.159600	153.190000	-4.530000	1523.867834	4.053687	68.337152	68.337152	68.337152	4.011024	-0.064269
-156.525604	21.659600	153.190000	-4.530000	1528.896028	4.053687	68.074704	68.074704	68.074704	4.012208	-0.009378
-156.525604	22.159600	153.190000	-4.530000	1534.254335	4.053000	67.714746	67.714746	67.714746	4.013763	-0.054925
-156.525604	22.659600	153.190000	-4.530000	1539.541157	4.052688	67.357283	67.357283	67.357283	4.016229	-0.100895
-156.525604	23.159600	153.190000	-4.530000	1544.778058	4.052688	67.002318	67.002318	67.002318	4.019454	-0.147297
-156.525604	23.659600	153.190000	-4.530000	1550.465152	4.051687	66.649854	66.649854	66.649854	4.023895	-0.194162
-156.525604	24.159600	153.190000	-4.530000	1555.837841	4.051687	66.299892	66.299892	66.399892	4.028458	-0.241474
-156.525604	24.659600	153.190000	-4.530000	1561.541587	4.051000	65.952434	65.952434	66.052434	4.031511	-0.289243
-156.525604	25.159600	153.190000	-4.530000	1567.167521	4.050688	65.707478	65.707478	65.707478	4.034103	-0.237500
-156.525604	25.659600	153.190000	-4.530000	1572.737555	4.050688	65.465023	65.465023	65.465023	4.038438	-0.186230
-156.525604	26.159600	153.190000	-4.530000	1578.371391	4.050688	65.325067	65.325067	65.325067	4.043736	-0.035441
-156.525604	26.659600	153.190000	-4.530000	1584.337161	4.050000	64.887605	64.887605	64.887605	4.042722	-0.185168
-156.025604	14.659600	153.190000	-4.530000	1476.459953	4.057688	72.647576	72.647576	72.647576	4.042972	-0.367083
-156.025604	15.159600	153.190000	-4.530000	1480.704257	4.057000	72.456555	72.456555	72.456555	4.042908	-0.210120
-156.025604	15.659600	153.190000	-4.530000	1484.891206	4.056687	72.167761	72.167761	72.167761	4.040873	-0.153584
-156.025604	16.159600	153.190000	-4.530000	1489.041860	4.056687	71.781217	71.781217	71.781217	4.037370	-0.197280
-156.025604	16.659600	153.190000	-4.530000	1493.522687	4.056000	71.496944	71.496944	71.496944	4.034081	-0.141309
-156.025604	17.159600	153.190000	-4.530000	1497.942895	4.055688	71.114960	71.114960	71.114960	4.030415	-0.185782
-156.025604	17.659600	153.190000	-4.530000	1502.323673	4.055688	70.835283	70.835283	70.835283	4.025763	-0.130516
-156.025604	18.159600	153.190000	-4.530000	1507.034841	4.055000	70.557930	70.557930	70.557930	4.022302	-0.075607
-156.025604	18.659600	153.190000	-4.530000	1511.682015	4.054688	70.182917	70.182917	70.182917	4.019659	-0.121161
-156.025604	19.159600	153.190000	-4.530000	1516.286525	4.054688	69.910256	69.910256	69.910256	4.016750	-0.067004
-156.025604	19.659600	153.190000	-4.530000	1521.221721	4.054000	69.539961	69.539961	69.539961	4.014933	-0.113228
-156.025604	20.159600	153.190000	-4.530000	1526.089446	4.053687	69.272042	69.272042	69.272042	4.013292	-0.059934
-156.025604	20.659600	153.190000	-4.530000	1530.911192	4.053687	69.006511	69.006511	69.006511	4.012579	-0.006959
-156.025604	21.159600	153.190000	-4.530000	1535.803489	4.053687	68.643375	68.643375	68.643375	4.012919	-0.054387
-156.025604	21.659600	153.190000	-4.530000	1541.026947	4.053000	68.382644	68.382644	68.382644	4.014050	-0.002317
-156.025604	22.159600	153.190000	-4.530000	1546.178182	4.052688	68.024322	68.024322	68.024322	4.015651	-0.050596
-156.025604	22.659600	153.190000	-4.530000	1551.278919	4.052688	67.668416	67.668416	67.668416	4.017978	-0.099303
-156.025604	23.159600	153.190000	-4.530000	1556.711316	4.052000	67.314929	67.314929	67.314929	4.021972	-0.148532
-156.025604	23.659600	153.190000	-4.530000	1562.067828	4.051687	67.063865	67.063865	67.063865	4.025620	-0.098140
-156.025604	24.159600	153.190000	-4.530000	1567.370371	4.051687	66.715226	66.715226	66.715226	4.029649	-0.148199
-156.025604	24.659600	153.190000	-4.530000	1573.005173	4.051000	66.369013	66.369013	66.369013	4.033121	-0.198801
-156.025604	25.159600	153.190000	-4.530000	1578.560363	4.050688	66.025226	66.025226	66.025226	4.035854	-0.249813
-156.025604	25.659600	153.190000	-4.530000	1584.058066	4.050688	65.783863	65.783863	65.783863	4.039125	-0.201301
-156.025604	26.159600	153.190000	-4.530000	1589.618888	4.050688	65.644922	65.644922	65.644922	4.044094	-0.053353
-156.025604	26.659600	153.190000	-4.530000	1595.512878	4.050000	65.208402	65.208402	65.208402	4.042923	-0.205845
-155.525604	14.659600	153.190000	-4.530000	1489.170557	4.057688	72.920902	72.920902	72.920902	4.044014	-0.321914
-155.525604	15.159600	153.190000	-4.530000	1493.364633	4.057000	72.632586	72.632586	72.632586	4.042378	-0.267757
-155.525604	15.659600	153.190000	-4.530000	1497.499037	4.056687	72.346421	72.346421	72.346421	4.040479	-0.213920
-155.525604	16.159600	153.190000	-4.530000	1501.595059	4.056687	71.962429	71.962429	71.962429	4.036984	-0.260319
-155.525604	16.659600	153.190000	-4.530000	1506.022282	4.056000	71.680632	71.680632	71.680632	4.033812	-0.207158
-155.525604	17.159600	153.190000	-4.530000	1510.386649	4.055688	71.301046	71.301046	71.301046	4.030463	-0.254340
-155.525604	17.659600	153.190000	-4.530000	1514.966383	4.055000	71.023691	71.023691	71.023691	4.026495	-0.201787
-155.525604	18.159600	153.190000	-4.530000	1519.481059	4.054688	70.748582	70.748582	70.748582	4.023459	-0.149694
-155.525604	18.659600	153.190000	-4.530000	1523.952188	4.054688	70.375735	70.375735	70.375735	4.020687	-0.197966
-155.525604	19.159600	153.190000	-4.530000	1528.755033	4.054000	70.105162	70.105162	70.105162	4.017801	-0.146531
-155.525604	19.659600	153.190000	-4.530000	1533.489456	4.053687	69.836877	69.836877	69.836877	4.015918	-0.095576
-155.525604	20.159600	153.190000	-4.530000	1538.177120	4.053687	69.570892	69.570892	69.570892	4.014310	-0.045010
-155.525604	20.659600	153.190000	-4.530000	1542.935162	4.053687	69.207216	69.207216	69.307216	4.014006	-0.094767
-155.525604	21.159600	153.190000	-4.530000	1548.025401	4.053000	68.945858	68.945858	68.945858	4.014689	-0.045023
-155.525604	21.659600	153.190000	-4.530000	1553.042608	4.052688	68.686826	68.686826	68.686826	4.016181	0.004308
-155.525604	22.159600	153.190000	-4.530000	1558.008671	4.052688	68.330127	68.330127	68.330127	4.017915	-0.046713
-155.525604	22.659600	153.190000	-4.530000	1563.042232	4.052688	68.075767	68.075767	68.075767	4.019977	0.001747
-155.525604	23.159600	153.190000	-4.530000	1568.529598	4.051687	67.723749	67.723749	67.723749	4.023270	-0.050231
-155.525604	23.659600	153.190000	-4.530000	1573.697246	4.051687	67.374079	67.374079	67.374079	4.027533	-0.102591
-155.525604	24.159600	153.190000	-4.530000	1578.930222	4.051687	67.126757	67.126757	67.126757	4.031397	-0.055491
-155.525604	24.659600	153.190000	-4.530000	1584.496656	4.051000	66.781785	66.781785	66.781785	4.035195	-0.108852
-155.525604	25.159600	153.190000	-4.530000	1589.981666	4.050688	66.439165	66.439165	66.439165	4.037811	-0.162627
-155.525604	25.659600	153.190000	-4.530000	1595.407589	4.050688	66.198894	66.198894	66.198894	4.041483	-0.116962
-155.525604	26.159600	153.190000	-4.530000	1600.895939	4.050688	65.960972	65.960972	65.960972	4.045578	-0.071784
-155.525604	26.659600	153.190000	-4.530000	1606.445987	4.050688	65.825396	65.825396	65.825396	4.049708	0.072950
-155.025604	14.659600	153.190000	-4.530000	1501.896133	4.057688	73.090976	73.090976	73.090976	4.043524	-0.377149
-155.025604	15.159600	153.190000	-4.530000	1506.040612	4.057000	72.905318	72.905318	72.905318	4.043425	-0.225700
-155.025604	15.659600	153.190000	-4.530000	1510.123103	4.056687	72.521738	72.521738	72.521738	4.040781	-0.274572
-155.025604	16.159600	153.190000	-4.530000	1514.165124	4.056687	72.140258	72.140258	72.140258	4.037142	-0.323790
-155.025604	16.659600	153.190000	-4.530000	1518.539379	4.056000	71.860897	71.860897	71.860897	4.034238	-0.273346
-155.025604	17.159600	153.190000	-4.530000	1522.848538	4.055688	71.483674	71.483674	71.483674	4.031402	-0.323247
-155.025604	17.659600	153.190000	-4.530000	1527.373157	4.055000	71.208606	71.208606	71.208606	4.028139	-0.273518
-155.025604	18.159600	153.190000	-4.530000	1531.830530	4.054688	70.935709	70.935709	70.935709	4.025276	-0.224149
-155.025604	18.659600	153.190000	-4.530000	1536.242395	4.054688	70.664998	70.664998	70.664998	4.021930	-0.175150
-155.025604	19.159600	153.190000	-4.530000	1540.987067	4.054000	70.396486	70.296486	70.396486	4.019337	-0.126545
-155.025604	19.659600	153.190000	-4.530000	1545.661207	4.053687	70.030187	70.030187	70.030187	4.017370	-0.178325
-155.025604	20.159600	153.190000	-4.530000	1550.286704	4.053687	69.766112	69.766112	69.766112	4.016060	-0.130497
-155.025604	20.659600	153.190000	-4.530000	1555.245424	4.053000	69.504270	69.504270	69.504270	4.016247	-0.083089
-155.025604	21.159600	153.190000	-4.530000	1560.130234	4.052688	69.244671	69.244671	69.244671	4.017389	-0.036089
-155.025604	21.659600	153.190000	-4.530000	1564.963189	4.052688	68.987323	68.987323	68.987323	4.018722	0.010493
-155.025604	22.159600	153.190000	-4.530000	1569.863509	4.052688	68.632233	68.632233	68.632233	4.019791	-0.043368
-155.025604	22.659600	153.190000	-4.530000	1575.097686	4.052000	68.379406	68.379406	68.379406	4.021970	0.002337
-155.025604	23.159600	153.190000	-4.530000	1580.253345	4.051687	68.028848	68.028848	68.028848	4.025734	-0.052400
-155.025604	23.659600	153.190000	-4.530000	1585.352776	4.051687	67.780562	67.780562	67.780562	4.028994	-0.007606
-155.025604	24.159600	153.190000	-4.530000	1590.516756	4.051687	67.434551	67.434551	67.434551	4.034091	-0.063271
-155.025604	24.659600	153.190000	-4.530000	1596.015388	4.051000	67.090816	67.090816	67.090816	4.037758	-0.119402
-155.025604	25.159600	153.190000	-4.530000	1601.430772	4.050688	66.749360	66.749360	66.749360	4.039805	-0.176029
-155.025604	25.659600	153.190000	-4.530000	1606.785459	4.050688	66.510180	66.510180	66.510180	4.043402	-0.133140
-155.025604	26.159600	153.190000	-4.530000	1612.201870	4.050688	66.273278	66.273278	66.273278	4.047303	-0.090742
-155.025604	26.659600	153.190000	-4.530000	1617.679295	4.050688	66.138649	66.138649	66.138649	4.051061	0.051132
-154.525604	14.659600	153.190000	-4.530000	1514.636290	4.057688	73.257871	73.257871	73.257871	4.043639	-0.432374
-154.525604	15.159600	153.190000	-4.530000	1518.731788	4.057000	73.074826	73.074826	73.074826	4.043772	-0.283644
-154.525604	15.659600	153.190000	-4.530000	1522.762983	4.056687	72.693787	72.693787	72.693787	4.040920	-0.335347
-154.525604	16.159600	153.190000	-4.530000	1526.751621	4.056687	72.314777	72.314777	72.314777	4.037999	-0.387291
-154.525604	16.659600	153.190000	-4.530000	1531.073529	4.056000	72.037814	72.037814	72.037814	4.036051	-0.339576
-154.525604	17.159600	153.190000	-4.530000	1535.328102	4.055688	71.662916	71.662916	71.662916	4.033077	-0.392312
-154.525604	17.659600	153.190000	-4.530000	1539.798226	4.055000	71.390101	71.390101	71.390101	4.030722	-0.345318
-154.525604	18.159600	153.190000	-4.530000	1544.198916	4.054688	71.119384	71.119384	71.119384	4.027697	-0.298688
-154.525604	18.659600	153.190000	-4.530000	1548.814744	4.054000	70.850779	70.850779	70.850779	4.024122	-0.252530
-154.525604	19.159600	153.190000	-4.530000	1553.358991	4.053687	70.584301	70.584301	70.584301	4.021178	-0.206669
-154.525604	19.659600	153.190000	-4.530000	1557.853721	4.053687	70.319962	70.319962	70.319962	4.019835	-0.161197
-154.525604	20.159600	153.190000	-4.530000	1562.682687	4.053000	70.057773	70.057773	70.057773	4.019054	-0.116216
-154.525604	20.659600	153.190000	-4.530000	1567.436799	4.052688	69.797745	69.797745	69.797745	4.019723	-0.071562
-154.525604	21.159600	153.190000	-4.530000	1572.138279	4.052688	69.539886	69.539886	69.539886	4.020741	-0.027320
-154.525604	21.659600	153.190000	-4.530000	1576.906945	4.052688	69.284204	69.284204	69.284204	4.020978	0.016411
-154.525604	22.159600	153.190000	-4.530000	1582.010481	4.052000	68.930708	68.930708	68.930708	4.022935	-0.040215
-154.525604	22.659600	153.190000	-4.530000	1587.034690	4.051687	68.679402	68.679402	68.679402	4.025268	0.002722
-154.525604	23.159600	153.190000	-4.530000	1592.002021	4.051687	68.330291	68.330291	68.430291	4.028846	-0.054873
-154.525604	23.659600	153.190000	-4.530000	1597.033804	4.051687	68.083381	68.083381	68.083381	4.032357	-0.012854
-154.525604	24.159600	153.190000	-4.530000	1602.129348	4.051687	67.838673	67.838673	67.838673	4.036685	0.028703
-154.525604	24.659600	153.190000	-4.530000	1607.560737	4.051000	67.496171	67.496171	67.496171	4.040424	-0.030292
-154.525604	25.159600	153.190000	-4.530000	1612.907042	4.050688	67.155874	67.155874	67.155874	4.042677	-0.089704
-154.525604	25.659600	153.190000	-4.530000	1618.191028	4.050688	66.917785	66.817785	66.917785	4.046690	-0.049604
-154.525604	26.159600	153.190000	-4.530000	1623.536026	4.050688	66.581900	66.581900	66.681900	4.048372	-0.110077
-154.525604	26.659600	153.190000	-4.530000	1628.941345	4.050688	66.448221	66.448221	66.448221	4.052656	0.029002
-154.025604	14.659600	153.190000	-4.530000	1527.390651	4.057688	73.521660	73.521660	73.521660	4.045131	-0.387900
-154.025604	15.159600	153.190000	-4.530000	1531.437768	4.057000	73.241181	73.241181	73.241181	4.044276	-0.342009
-154.025604	15.659600	153.190000	-4.530000	1535.418270	4.056687	72.862640	72.862640	72.862640	4.042396	-0.396445
-154.025604	16.159600	153.190000	-4.530000	1539.354129	4.056687	72.486059	72.486059	72.486059	4.039652	-0.451126
-154.025604	16.659600	153.190000	-4.530000	1543.624298	4.056000	72.211454	72.211454	72.211454	4.037874	-0.406255
-154.025604	17.159600	153.190000	-4.530000	1547.824891	4.055688	71.938845	71.938845	71.938845	4.035707	-0.361734
-154.025604	17.659600	153.190000	-4.530000	1552.241131	4.055000	71.568248	71.568248	71.568248	4.033183	-0.417486
-154.025604	18.159600	153.190000	-4.530000	1556.585743	4.054688	71.299678	71.299678	71.299678	4.030071	-0.373705
-154.025604	18.659600	153.190000	-4.530000	1561.145619	4.054000	71.033151	71.033151	71.033151	4.027429	-0.330298
-154.025604	19.159600	153.190000	-4.530000	1565.631770	4.053687	70.768678	70.768678	70.768678	4.024843	-0.287193
-154.025604	19.659600	153.190000	-4.530000	1570.332811	4.053000	70.506273	70.506273	70.506273	4.023501	-0.244575
-154.025604	20.159600	153.190000	-4.530000	1574.957987	4.052688	70.245947	70.245947	70.245947	4.022795	-0.202355
-154.025604	20.659600	153.190000	-4.530000	1579.529693	4.052688	69.987710	69.987710	69.987710	4.023767	-0.160465
-154.025604	21.159600	153.190000	-4.530000	1584.168358	4.052688	69.731571	69.731571	69.731571	4.023800	-0.119083
-154.025604	21.659600	153.190000	-4.530000	1589.142899	4.052000	69.477538	69.477538	69.477538	4.024295	-0.078124
-154.025604	22.159600	153.190000	-4.530000	1594.037236	4.051687	69.225619	69.225619	69.225619	4.026609	-0.037524
-154.025604	22.659600	153.190000	-4.530000	1598.873982	4.051687	68.975820	68.975820	68.975820	4.028964	0.002548
-154.025604	23.159600	153.190000	-4.530000	1603.775037	4.051687	68.728146	68.728146	68.728146	4.032007	0.042172
-154.025604	23.659600	153.190000	-4.530000	1608.739731	4.051687	68.382601	68.382601	68.482601	4.036412	-0.018593
-154.025604	24.159600	153.190000	-4.530000	1613.767393	4.051687	68.139189	68.139189	68.139189	4.039973	0.020092
-154.025604	24.659600	153.190000	-4.530000	1619.132086	4.051000	67.797912	67.797912	67.797912	4.042972	-0.041694
-154.025604	25.159600	153.190000	-4.530000	1624.284539	4.051000	67.558771	67.558771	67.558771	4.046147	-0.003901
-154.025604	25.659600	153.190000	-4.530000	1629.623664	4.050688	67.221767	67.221767	67.221767	4.048024	-0.066678
-154.025604	26.159600	153.190000	-4.530000	1634.897768	4.050688	66.986901	66.986901	66.986901	4.050977	-0.029953
-154.025604	26.659600	153.190000	-4.530000	1640.231488	4.050688	66.754170	66.754170	66.754170	4.053493	0.006322
-153.525604	14.659600	153.190000	-4.530000	1540.158847	4.057688	73.782411	73.782411	73.782411	4.046520	-0.343837
-153.525604	15.159600	153.190000	-4.530000	1544.158173	4.057000	73.504453	73.504453	73.504453	4.045906	-0.300688
-153.525604	15.659600	153.190000	-4.530000	1548.088570	4.056687	73.128368	73.128368	73.128368	4.043862	-0.357869
-153.525604	16.159600	153.190000	-4.530000	1551.972241	4.056687	72.654173	72.654173	72.654173	4.041746	-0.515402
-153.525604	16.659600	153.190000	-4.530000	1556.191265	4.056000	72.381889	72.381889	72.381889	4.040484	-0.473282
-153.525604	17.159600	153.190000	-4.530000	1560.338472	4.055688	72.111531	72.111531	72.111531	4.038553	-0.431514
-153.525604	17.659600	153.190000	-4.530000	1564.701422	4.055000	71.843118	71.843118	71.843118	4.036641	-0.390123
-153.525604	18.159600	153.190000	-4.530000	1568.990551	4.054688	71.476663	71.476663	71.476663	4.033103	-0.449102
-153.525604	18.659600	153.190000	-4.530000	1573.495069	4.054000	71.212181	71.212181	71.212181	4.030599	-0.408458
-153.525604	19.159600	153.190000	-4.530000	1577.923716	4.053687	70.949685	70.949685	70.949685	4.028784	-0.368215
-153.525604	19.659600	153.190000	-4.530000	1582.567404	4.053000	70.689188	70.689188	70.789188	4.027518	-0.328366
-153.525604	20.159600	153.190000	-4.530000	1587.133131	4.052688	70.530700	70.530700	70.530700	4.026680	-0.188918
-153.525604	20.659600	153.190000	-4.530000	1591.643512	4.052688	70.274232	70.274232	70.274232	4.027216	-0.149896
-153.525604	21.159600	153.190000	-4.530000	1596.490765	4.052000	70.019793	70.019793	70.019793	4.027155	-0.111292
-153.525604	21.659600	153.190000	-4.530000	1601.256875	4.051687	69.767391	69.767391	69.767391	4.028325	-0.073114
-153.525604	22.159600	153.190000	-4.530000	1605.964618	4.051687	69.517034	69.517034	69.517034	4.029682	-0.035387
-153.525604	22.659600	153.190000	-4.530000	1610.736484	4.051687	69.268727	69.268727	69.268727	4.032362	0.001897
-153.525604	23.159600	153.190000	-4.530000	1615.571820	4.051687	69.022476	69.022476	69.022476	4.035670	0.038730
-153.525604	23.659600	153.190000	-4.530000	1620.469976	4.051687	68.778286	68.778286	68.778286	4.039149	0.075086
-153.525604	24.159600	153.190000	-4.530000	1625.430297	4.051687	68.536159	68.536159	68.536159	4.042580	0.110974
-153.525604	24.659600	153.190000	-4.530000	1630.728835	4.051000	68.196100	68.196100	68.196100	4.045625	0.046386
-153.525604	25.159600	153.190000	-4.530000	1635.812388	4.051000	67.858109	67.858109	67.858109	4.048544	-0.018705
-153.525604	25.659600	153.190000	-4.530000	1640.956152	4.051000	67.622188	67.622188	67.622188	4.050757	0.015711
-153.525604	26.159600	153.190000	-4.530000	1646.286470	4.050688	67.288336	67.288336	67.288336	4.051533	-0.050375
-153.525604	26.659600	153.190000	-4.530000	1651.549094	4.050688	67.056554	67.056554	67.056554	4.054152	-0.016991
-153.025604	14.659600	153.190000	-4.530000	1552.940525	4.057688	73.940193	73.940193	73.940193	4.047048	-0.399781
-153.025604	15.159600	153.190000	-4.530000	1556.628847	4.057688	73.464711	73.464711	73.464711	4.045279	-0.559388
-153.025604	15.659600	153.190000	-4.530000	1560.773502	4.056687	73.291036	73.291036	73.291036	4.045675	-0.419432
-153.025604	16.159600	153.190000	-4.530000	1564.605561	4.056687	72.919188	72.919188	72.919188	4.045033	-0.479727
-153.025604	16.659600	153.190000	-4.530000	1568.774021	4.056000	72.649184	72.649184	72.649184	4.043595	-0.440370
-153.025604	17.159600	153.190000	-4.530000	1572.868422	4.055688	72.281042	72.281042	72.281042	4.042288	-0.501471
-153.025604	17.659600	153.190000	-4.530000	1577.178666	4.055000	72.014777	72.014777	72.014777	4.040007	-0.462851
-153.025604	18.159600	153.190000	-4.530000	1581.412893	4.054688	71.750404	71.650404	71.750404	4.037522	-0.424603
-153.025604	18.659600	153.190000	-4.530000	1585.862634	4.054000	71.387937	71.387937	71.387937	4.035312	-0.486832
-153.025604	19.159600	153.190000	-4.530000	1590.234356	4.053687	71.127390	71.127390	71.127390	4.033363	-0.449368
-153.025604	19.659600	153.190000	-4.530000	1594.821271	4.053000	70.968774	70.968774	70.968774	4.031760	-0.312301
-153.025604	20.159600	153.190000	-4.530000	1599.328123	4.052688	70.712100	70.712100	70.712100	4.031267	-0.275733
-153.025604	20.659600	153.190000	-4.530000	1603.777748	4.052688	70.457378	70.457378	70.457378	4.031270	-0.239499
-153.025604	21.159600	153.190000	-4.530000	1608.565378	4.052000	70.204618	70.204618	70.304618	4.031596	-0.203687
-153.025604	21.659600	153.190000	-4.530000	1613.269833	4.051687	70.053827	70.053827	70.053827	4.032319	-0.068394
-153.025604	22.159600	153.190000	-4.530000	1617.914110	4.051687	69.805014	69.805014	69.805014	4.033821	-0.033465
-153.025604	22.659600	153.190000	-4.530000	1622.621647	4.051687	69.558184	69.558184	69.558184	4.036609	0.001018
-153.025604	23.159600	153.190000	-4.530000	1627.391811	4.051687	69.313343	69.313343	69.313343	4.039518	0.034961
-153.025604	23.659600	153.190000	-4.530000	1632.223969	4.051687	69.070496	69.070496	69.070496	4.042367	0.068510
-153.025604	24.159600	153.190000	-4.530000	1637.395320	4.051000	68.829646	68.829646	68.829646	4.045353	0.101587
-153.025604	24.659600	153.190000	-4.530000	1642.350398	4.051000	68.490796	68.490796	68.490796	4.048661	0.034103
-153.025604	25.159600	153.190000	-4.530000	1647.365570	4.051000	68.253949	68.253949	68.253949	4.051296	0.066195
-153.025604	25.659600	153.190000	-4.530000	1652.440198	4.051000	67.919105	67.919105	67.919105	4.051857	-0.002210
-153.025604	26.159600	153.190000	-4.530000	1657.573643	4.051000	67.686265	67.686265	67.686265	4.054091	0.028801
-153.025604	26.659600	153.190000	-4.530000	1662.765266	4.051000	67.455430	67.455430	67.455430	4.056447	0.059358
-152.525604	14.659600	153.190000	-4.530000	1565.735339	4.057688	74.195069	74.195069	74.195069	4.049847	-0.356036
-152.525604	15.159600	153.190000	-4.530000	1569.374845	4.057688	73.722019	73.722019	73.722019	4.047452	-0.518515
-152.525604	15.659600	153.190000	-4.530000	1573.351492	4.057000	73.450712	73.450712	73.450712	4.047767	-0.481329
-152.525604	16.159600	153.190000	-4.530000	1577.253705	4.056687	73.081170	73.081170	73.081170	4.046872	-0.544396
-152.525604	16.659600	153.190000	-4.530000	1581.372170	4.056000	72.813408	72.813408	72.813408	4.046373	-0.507917
-152.525604	17.159600	153.190000	-4.530000	1585.414334	4.055688	72.547443	72.547443	72.547443	4.045569	-0.471797
-152.525604	17.659600	153.190000	-4.530000	1589.672441	4.055000	72.183292	72.183292	72.183292	4.043602	-0.535957
-152.525604	18.159600	153.190000	-4.530000	1593.852335	4.054688	71.920968	71.920968	71.920968	4.041576	-0.500592
-152.525604	18.659600	153.190000	-4.530000	1598.247869	4.054000	71.660485	71.660485	71.660485	4.039100	-0.465608
-152.525604	19.159600	153.190000	-4.530000	1602.563232	4.053687	71.401857	71.401857	71.401857	4.037152	-0.430935
-152.525604	19.659600	153.190000	-4.530000	1607.093941	4.053000	71.145095	71.145095	71.145095	4.036171	-0.396756
-152.525604	20.159600	153.190000	-4.530000	1611.542481	4.052688	70.890209	70.890209	70.890209	4.035826	-0.362983
-152.525604	20.659600	153.190000	-4.530000	1616.206082	4.052000	70.737211	70.637211	70.737211	4.035739	-0.229549
-152.525604	21.159600	153.190000	-4.530000	1620.785476	4.051687	70.486108	70.486108	70.486108	4.035691	-0.196629
-152.525604	21.659600	153.190000	-4.530000	1625.303829	4.051687	70.336910	70.236910	70.336910	4.036260	-0.064141
-152.525604	22.159600	153.190000	-4.530000	1629.885187	4.051687	70.089623	70.089623	70.089623	4.037847	-0.032021
-152.525604	22.659600	153.190000	-4.530000	1634.528937	4.051687	69.844254	69.844254	69.844254	4.040455	-0.000436
-152.525604	23.159600	153.190000	-4.530000	1639.234467	4.051687	69.600809	69.600809	69.600809	4.042533	0.030692
-152.525604	23.659600	153.190000	-4.530000	1644.001157	4.051687	69.359292	69.359292	69.359292	4.044918	0.061423
-152.525604	24.159600	153.190000	-4.530000	1649.108215	4.051000	69.119707	69.119707	69.119707	4.048426	0.091596
-152.525604	24.659600	153.190000	-4.530000	1653.996203	4.051000	68.882058	68.882058	68.882058	4.051594	0.121288
-152.525604	25.159600	153.190000	-4.530000	1658.943506	4.051000	68.546347	68.546347	68.546347	4.052708	0.050553
-152.525604	25.659600	153.190000	-4.530000	1663.949502	4.051000	68.212575	68.212575	68.212575	4.052691	-0.020762
-152.525604	26.159600	153.190000	-4.530000	1669.013568	4.051000	67.980743	67.980743	67.980743	4.055358	0.007416
-152.525604	26.659600	153.190000	-4.530000	1674.135083	4.051000	67.750851	67.750851	67.750851	4.057720	0.035137
-152.025604	14.659600	153.190000	-4.530000	1578.542957	4.057688	74.447105	74.447105	74.447105	4.052337	-0.312707
-152.025604	15.159600	153.190000	-4.530000	1582.134192	4.057688	73.976440	73.976440	73.976440	4.049878	-0.477965
-152.025604	15.659600	153.190000	-4.530000	1586.063606	4.057000	73.707460	73.707460	73.707460	4.051064	-0.443561
-152.025604	16.159600	153.190000	-4.530000	1589.916302	4.056687	73.340181	73.340181	73.340181	4.050044	-0.509515
-152.025604	16.659600	153.190000	-4.530000	1593.715191	4.056687	72.974622	72.974622	72.974622	4.048979	-0.575823
-152.025604	17.159600	153.190000	-4.530000	1597.975809	4.055688	72.710799	72.710799	72.710799	4.048459	-0.542492
-152.025604	17.659600	153.190000	-4.530000	1602.182338	4.055000	72.448726	72.448726	72.448726	4.047500	-0.509545
-152.025604	18.159600	153.190000	-4.530000	1606.308454	4.054688	72.088418	72.088418	72.088418	4.045094	-0.576974
-152.025604	18.659600	153.190000	-4.530000	1610.650339	4.054000	71.829889	71.829889	71.829889	4.043765	-0.544790
-152.025604	19.159600	153.190000	-4.530000	1614.909900	4.053687	71.573150	71.573150	71.573150	4.041707	-0.513013
-152.025604	19.659600	153.190000	-4.530000	1619.384958	4.053000	71.318215	71.318215	71.318215	4.040787	-0.481638
-152.025604	20.159600	153.190000	-4.530000	1623.775738	4.052688	71.165092	71.165092	71.165092	4.040295	-0.350672
-152.025604	20.659600	153.190000	-4.530000	1628.381756	4.052000	70.913793	70.913793	70.913793	4.040241	-0.320140
-152.025604	21.159600	153.190000	-4.530000	1632.901502	4.051687	70.764326	70.664326	70.764326	4.039945	-0.190033
-152.025604	21.659600	153.190000	-4.530000	1637.358361	4.051687	70.516700	70.516700	70.516700	4.040756	-0.160362
-152.025604	22.159600	153.190000	-4.530000	1641.877337	4.051687	70.370921	70.370921	70.370921	4.041889	-0.031148
-152.025604	22.659600	153.190000	-4.530000	1646.457835	4.051687	70.126997	70.126997	70.126997	4.043608	-0.002386
-152.025604	23.159600	153.190000	-4.530000	1651.099256	4.051687	69.884933	69.884933	69.884933	4.045541	0.025917
-152.025604	23.659600	153.190000	-4.530000	1656.082008	4.051000	69.744733	69.744733	69.744733	4.048226	0.153736
-152.025604	24.159600	153.190000	-4.530000	1660.844286	4.051000	69.406402	69.406402	69.406402	4.051070	0.081078
-152.025604	24.659600	153.190000	-4.530000	1665.383062	4.051687	69.269944	69.269944	69.269944	4.053507	0.207936
-152.025604	25.159600	153.190000	-4.530000	1670.262170	4.051687	69.035361	68.935361	69.035361	4.055824	0.234283
-152.025604	25.659600	153.190000	-4.530000	1675.199191	4.051687	68.802654	68.802654	68.802654	4.058061	0.260127
-152.025604	26.159600	153.190000	-4.530000	1680.193520	4.051687	68.571824	68.571824	68.571824	4.061013	0.285462
-152.025604	26.659600	153.190000	-4.530000	1685.244549	4.051687	68.342873	68.342873	68.342873	4.064179	0.310258
-151.525604	14.659600	153.190000	-4.530000	1591.363054	4.057688	74.696361	74.696361	74.696361	4.054389	-0.269403
-151.525604	15.159600	153.190000	-4.530000	1594.906551	4.057688	74.228038	74.228038	74.228038	4.053009	-0.437454
-151.525604	15.659600	153.190000	-4.530000	1598.789272	4.057000	73.961340	73.961340	73.961340	4.053005	-0.405948
-151.525604	16.159600	153.190000	-4.530000	1602.592991	4.056687	73.596285	73.596285	73.596285	4.051430	-0.474701
-151.525604	16.659600	153.190000	-4.530000	1606.340843	4.056687	73.232891	73.232891	73.232891	4.050688	-0.543810
-151.525604	17.159600	153.190000	-4.530000	1610.428374	4.056000	72.971171	72.971171	72.971171	4.049661	-0.513383
-151.525604	17.659600	153.190000	-4.530000	1614.434243	4.055688	72.611142	72.611142	72.611142	4.049155	-0.583241
-151.525604	18.159600	153.190000	-4.530000	1618.780843	4.054688	72.352817	72.252817	72.352817	4.047432	-0.553481
-151.525604	18.659600	153.190000	-4.530000	1622.794424	4.054688	71.996209	71.996209	71.996209	4.046494	-0.624205
-151.525604	19.159600	153.190000	-4.530000	1627.273925	4.053687	71.741331	71.741331	71.741331	4.044829	-0.595243
-151.525604	19.659600	153.190000	-4.530000	1631.693878	4.053000	71.588194	71.588194	71.588194	4.043874	-0.466686
-151.525604	20.159600	153.190000	-4.530000	1636.027438	4.052688	71.336809	71.336809	71.336809	4.043911	-0.438634
-151.525604	20.659600	153.190000	-4.530000	1640.298107	4.052688	71.187185	71.187185	71.187185	4.043284	-0.310925
-151.525604	21.159600	153.190000	-4.530000	1644.910175	4.052000	70.939332	70.939332	70.939332	4.043754	-0.283646
-151.525604	21.659600	153.190000	-4.530000	1649.432943	4.051687	70.793257	70.793257	70.793257	4.044471	-0.156893
-151.525604	22.159600	153.190000	-4.530000	1653.890064	4.051687	70.648968	70.648968	70.648968	4.045004	-0.030512
-151.525604	22.659600	153.190000	-4.530000	1658.407831	4.051687	70.406471	70.406471	70.406471	4.046599	-0.004585
-151.525604	23.159600	153.190000	-4.530000	1662.985662	4.051687	70.265772	70.265772	70.265772	4.048332	0.120793
-151.525604	23.659600	153.190000	-4.530000	1667.905989	4.051000	70.026876	70.026876	70.026876	4.051295	0.145771
-151.525604	24.159600	153.190000	-4.530000	1672.319188	4.051687	69.789787	69.789787	69.789787	4.052878	0.170268
-151.525604	24.659600	153.190000	-4.530000	1677.073711	4.051687	69.554509	69.554509	69.554509	4.054838	0.194196
-151.525604	25.159600	153.190000	-4.530000	1681.885959	4.051687	69.321045	69.321045	69.321045	4.056526	0.217692
-151.525604	25.659600	153.190000	-4.530000	1686.755342	4.051687	69.089395	69.089395	69.089395	4.058817	0.240683
-151.525604	26.159600	153.190000	-4.530000	1691.681272	4.051687	68.859563	68.859563	68.859563	4.061844	0.263082
-151.525604	26.659600	153.190000	-4.530000	1696.663159	4.051687	68.631547	68.631547	68.631547	4.064985	0.285019
-151.025604	14.659600	153.190000	-4.530000	1604.195318	4.057688	74.942896	74.942896	74.942896	4.055245	-0.226420
-151.025604	15.159600	153.190000	-4.530000	1607.691598	4.057688	74.476870	74.476870	74.476870	4.054776	-0.397379
-151.025604	15.659600	153.190000	-4.530000	1611.255110	4.057688	74.012413	74.012413	74.012413	4.053634	-0.568680
-151.025604	16.159600	153.190000	-4.530000	1615.158998	4.057000	73.749542	73.749542	73.749542	4.052935	-0.540243
-151.025604	16.659600	153.190000	-4.530000	1618.980765	4.056687	73.388273	73.388273	73.388273	4.052255	-0.612265
-151.025604	17.159600	153.190000	-4.530000	1623.018862	4.056000	73.128620	73.128620	73.128620	4.051237	-0.584653
-151.025604	17.659600	153.190000	-4.530000	1626.973076	4.055688	72.870599	72.870599	72.870599	4.050335	-0.557330
-151.025604	18.159600	153.190000	-4.530000	1631.143386	4.055000	72.514224	72.514224	72.514224	4.049468	-0.630488
-151.025604	18.659600	153.190000	-4.530000	1635.228006	4.054688	72.259507	72.259507	72.259507	4.048406	-0.604035
-151.025604	19.159600	153.190000	-4.530000	1639.528495	4.054000	72.006460	72.006460	72.006460	4.047579	-0.577900
-151.025604	19.659600	153.190000	-4.530000	1643.741446	4.053687	71.755094	71.755094	71.755094	4.047485	-0.552266
-151.025604	20.159600	153.190000	-4.530000	1648.297138	4.052688	71.605419	71.605419	71.605419	4.046479	-0.427047
-151.025604	20.659600	153.190000	-4.530000	1652.509221	4.052688	71.357447	71.357447	71.357447	4.046767	-0.402173
-151.025604	21.159600	153.190000	-4.530000	1657.063837	4.052000	71.211184	71.211184	71.211184	4.046975	-0.277821
-151.025604	21.659600	153.190000	-4.530000	1661.527101	4.051687	71.066639	71.066639	71.066639	4.047124	-0.153909
-151.025604	22.159600	153.190000	-4.530000	1665.922884	4.051687	70.923820	70.923820	70.923820	4.047846	-0.030372
-151.025604	22.659600	153.190000	-4.530000	1670.378433	4.051687	70.682733	70.682733	70.682733	4.049734	-0.007379
-151.025604	23.159600	153.190000	-4.530000	1674.893183	4.051687	70.543384	70.543384	70.543384	4.050921	0.115150
-151.025604	23.659600	153.190000	-4.530000	1679.466568	4.051687	70.305777	70.305777	70.305777	4.053218	0.137275
-151.025604	24.159600	153.190000	-4.530000	1684.098019	4.051687	70.069918	70.069918	70.069918	4.054585	0.158834
-151.025604	24.659600	153.190000	-4.530000	1688.786967	4.051687	69.835809	69.835809	69.835809	4.055730	0.179904
-151.025604	25.159600	153.190000	-4.530000	1693.532841	4.051687	69.603453	69.603453	69.603453	4.057265	0.200539
-151.025604	25.659600	153.190000	-4.530000	1698.335067	4.051687	69.372853	69.372853	69.372853	4.059577	0.220586
-151.025604	26.159600	153.190000	-4.530000	1703.193071	4.051687	69.144010	69.144010	69.144010	4.062656	0.240118
-151.025604	26.659600	153.190000	-4.530000	1708.106280	4.051687	68.916925	68.916925	68.916925	4.065692	0.259185
-150.525604	14.659600	153.190000	-4.530000	1617.039443	4.057688	75.186768	75.186768	75.186768	4.056238	-0.183860
-150.525604	15.159600	153.190000	-4.530000	1620.489016	4.057688	74.722996	74.722996	74.722996	4.055800	-0.357636
-150.525604	15.659600	153.190000	-4.530000	1624.004714	4.057688	74.260738	74.260738	74.260738	4.055650	-0.531757
-150.525604	16.159600	153.190000	-4.530000	1627.861850	4.057000	74.000009	74.000009	74.000009	4.054730	-0.506243
-150.525604	16.659600	153.190000	-4.530000	1631.634605	4.056687	73.640827	73.640827	73.640827	4.053814	-0.581090
-150.525604	17.159600	153.190000	-4.530000	1635.346596	4.056687	73.283205	73.283205	73.283205	4.053017	-0.656306
-150.525604	17.659600	153.190000	-4.530000	1639.526868	4.055688	73.027158	73.027158	73.027158	4.052882	-0.631911
-150.525604	18.159600	153.190000	-4.530000	1643.367545	4.055688	72.672698	72.672698	72.672698	4.052046	-0.707902
-150.525604	18.659600	153.190000	-4.530000	1647.677592	4.054688	72.419840	72.419840	72.419840	4.051403	-0.684285
-150.525604	19.159600	153.190000	-4.530000	1651.925031	4.054000	72.168593	72.168593	72.268593	4.050647	-0.661083
-150.525604	19.659600	153.190000	-4.530000	1656.082792	4.053687	72.018970	72.018970	72.018970	4.049293	-0.538290
-150.525604	20.159600	153.190000	-4.530000	1660.456369	4.053000	71.770981	71.770981	71.770981	4.049906	-0.515914
-150.525604	20.659600	153.190000	-4.530000	1664.738421	4.052688	71.624634	71.624634	71.624634	4.049431	-0.393978
-150.525604	21.159600	153.190000	-4.530000	1669.236100	4.052000	71.479939	71.479939	71.479939	4.049651	-0.272476
-150.525604	21.659600	153.190000	-4.530000	1673.640371	4.051687	71.336904	71.336904	71.336904	4.049776	-0.151416
-150.525604	22.159600	153.190000	-4.530000	1677.975324	4.051687	71.195535	71.195535	71.195535	4.050241	-0.030821
-150.525604	22.659600	153.190000	-4.530000	1682.369158	4.051687	70.955840	70.955840	70.955840	4.052396	-0.010686
-150.525604	23.159600	153.190000	-4.530000	1686.821326	4.051687	70.817823	70.817823	70.817823	4.053168	0.108983
-150.525604	23.659600	153.190000	-4.530000	1691.331276	4.051687	70.581491	70.581491	70.581491	4.054719	0.128160
-150.525604	24.159600	153.190000	-4.530000	1695.898457	4.051687	70.346847	70.346847	70.346847	4.055735	0.146853
-150.525604	24.659600	153.190000	-4.530000	1700.522314	4.051687	70.113895	70.113895	70.113895	4.056860	0.165053
-150.525604	25.159600	153.190000	-4.530000	1705.202292	4.051687	69.882638	69.882638	69.882638	4.058129	0.182736
-150.525604	25.659600	153.190000	-4.530000	1709.937831	4.051687	69.653079	69.653079	69.653079	4.060648	0.199909
-150.525604	26.159600	153.190000	-4.530000	1714.728376	4.051687	69.425219	69.425219	69.425219	4.063787	0.216562
-150.525604	26.659600	153.190000	-4.530000	1719.573364	4.051687	69.199058	69.199058	69.199058	4.065186	0.232672
-150.025604	14.659600	153.190000	-4.530000	1629.895135	4.057688	75.428034	75.428034	75.428034	4.055544	-0.141344
-150.025604	15.159600	153.190000	-4.530000	1633.298498	4.057688	74.966472	74.966472	74.966472	4.055616	-0.317952
-150.025604	15.659600	153.190000	-4.530000	1636.766883	4.057688	74.506370	74.506370	74.506370	4.056612	-0.495008
-150.025604	16.159600	153.190000	-4.530000	1640.299809	4.057688	74.047744	74.047744	74.047744	4.058149	-0.672330
-150.025604	16.659600	153.190000	-4.530000	1644.175364	4.057000	73.790610	73.790610	73.890610	4.057923	-0.650017
-150.025604	17.159600	153.190000	-4.530000	1647.963470	4.056687	73.534982	73.534982	73.534982	4.055528	-0.628173
-150.025604	17.659600	153.190000	-4.530000	1651.967967	4.056000	73.280873	73.280873	73.280873	4.053395	-0.606622
-150.025604	18.159600	153.190000	-4.530000	1655.883309	4.055688	72.928296	72.928296	72.928296	4.053820	-0.685460
-150.025604	18.659600	153.190000	-4.530000	1660.014854	4.055000	72.677265	72.677265	72.677265	4.053065	-0.664789
-150.025604	19.159600	153.190000	-4.530000	1664.055498	4.054688	72.427790	72.327790	72.427790	4.052383	-0.644439
-150.025604	19.659600	153.190000	-4.530000	1668.440777	4.053687	72.179881	72.179881	72.179881	4.053310	-0.624501
-150.025604	20.159600	153.190000	-4.530000	1672.759839	4.053000	72.033549	72.033549	72.033549	4.052243	-0.505075
-150.025604	20.659600	153.190000	-4.530000	1676.985275	4.052688	71.888804	71.888804	71.888804	4.051809	-0.386000
-150.025604	21.159600	153.190000	-4.530000	1681.141288	4.052688	71.645653	71.645653	71.645653	4.054080	-0.367361
-150.025604	21.659600	153.190000	-4.530000	1685.642292	4.052000	71.604105	71.604105	71.604105	4.051814	-0.149257
-150.025604	22.159600	153.190000	-4.530000	1690.046924	4.051687	71.464167	71.464167	71.464167	4.051929	-0.031530
-150.025604	22.659600	153.190000	-4.530000	1694.379537	4.051687	71.225844	71.225844	71.225844	4.055031	-0.014266
-150.025604	23.159600	153.190000	-4.530000	1698.769612	4.051687	71.089144	71.089144	71.089144	4.054832	0.102442
-150.025604	23.659600	153.190000	-4.530000	1703.216614	4.051687	70.854070	70.854070	70.854070	4.057328	0.118742
-150.025604	24.159600	153.190000	-4.530000	1707.720006	4.051687	70.620628	70.620628	70.620628	4.057524	0.134555
-150.025604	24.659600	153.190000	-4.530000	1712.279247	4.051687	70.388821	70.388821	70.388821	4.058687	0.149790
-150.025604	25.159600	153.190000	-4.530000	1716.893797	4.051687	70.158652	70.158652	70.158652	4.059486	0.164588
-150.025604	25.659600	153.190000	-4.530000	1721.563115	4.051687	69.930123	69.930123	69.930123	4.061503	0.178872
-150.025604	26.159600	153.190000	-4.530000	1726.286656	4.051687	69.703237	69.703237	69.703237	4.063544	0.192555
-150.025604	26.659600	153.190000	-4.530000	1730.930371	4.052000	69.577995	69.577995	69.577995	4.066027	0.305772
-149.525604	14.659600	153.190000	-4.530000	1642.762107	4.057688	75.666747	75.666747	75.666747	4.054746	-0.099157
-149.525604	15.159600	153.190000	-4.530000	1646.119746	4.057688	75.207351	75.207351	75.207351	4.055401	-0.278710
-149.525604	15.659600	153.190000	-4.530000	1649.541307	4.057688	74.749364	74.749364	74.749364	4.057285	-0.458613
-149.525604	16.159600	153.190000	-4.530000	1653.026324	4.057688	74.292802	74.292802	74.292802	4.059893	-0.638785
-149.525604	16.659600	153.190000	-4.530000	1656.855048	4.057000	74.137677	74.137677	74.137677	4.056724	-0.519422
-149.525604	17.159600	153.190000	-4.530000	1660.594085	4.056687	73.784006	73.784006	73.784006	4.056693	-0.600432
-149.525604	17.659600	153.190000	-4.530000	1664.267531	4.056687	73.331801	73.331801	73.431801	4.059794	-0.781739
-149.525604	18.159600	153.190000	-4.530000	1668.413813	4.055688	73.181074	73.181074	73.181074	4.054997	-0.663532
-149.525604	18.659600	153.190000	-4.530000	1672.494337	4.055000	72.931837	72.931837	72.931837	4.053910	-0.645722
-149.525604	19.159600	153.190000	-4.530000	1676.481798	4.054688	72.584103	72.584103	72.584103	4.056792	-0.728237
-149.525604	19.659600	153.190000	-4.530000	1680.685437	4.054000	72.437880	72.437880	72.437880	4.055133	-0.611259
-149.525604	20.159600	153.190000	-4.530000	1684.794264	4.053687	72.193180	72.193180	72.193180	4.056323	-0.594704
-149.525604	20.659600	153.190000	-4.530000	1689.119117	4.053000	72.150010	72.150010	72.150010	4.053271	-0.378501
-149.525604	21.159600	153.190000	-4.530000	1693.347374	4.052688	71.908380	71.908380	72.008380	4.055794	-0.362827
-149.525604	21.659600	153.190000	-4.530000	1697.791513	4.052000	71.868297	71.868297	71.868297	4.052948	-0.147600
-149.525604	22.159600	153.190000	-4.530000	1702.005961	4.052000	71.729768	71.729768	71.729768	4.053268	-0.032755
-149.525604	22.659600	153.190000	-4.530000	1706.409113	4.051687	71.592800	71.592800	71.592800	4.053146	0.081540
-149.525604	23.159600	153.190000	-4.530000	1710.737576	4.051687	71.357398	71.357398	71.357398	4.055080	0.095362
-149.525604	23.659600	153.190000	-4.530000	1715.122106	4.051687	71.223567	71.223567	71.223567	4.055033	0.208774
-149.525604	24.159600	153.190000	-4.530000	1719.562179	4.051687	70.991312	70.991312	70.991312	4.057018	0.221613
-149.525604	24.659600	153.190000	-4.530000	1724.057272	4.051687	70.760636	70.760636	70.760636	4.058627	0.233954
-149.525604	25.159600	153.190000	-4.530000	1728.606858	4.051687	70.531543	70.531543	70.531543	4.060161	0.245855
-149.525604	25.659600	153.190000	-4.530000	1733.076738	4.052000	70.304036	70.304036	70.304036	4.062641	0.257160
-149.525604	26.159600	153.190000	-4.530000	1737.733367	4.052000	70.078115	70.078115	70.078115	4.063597	0.267941
-149.525604	26.659600	153.190000	-4.530000	1742.442898	4.052000	69.853783	69.853783	69.853783	4.062744	0.278253
-149.025604	14.659600	153.190000	-4.530000	1655.512582	4.058000	75.802960	75.802960	75.802960	4.056273	-0.157402
-149.025604	15.159600	153.190000	-4.530000	1658.824716	4.058000	75.345688	75.345688	75.345688	4.057633	-0.339812
-149.025604	15.659600	153.190000	-4.530000	1662.327686	4.057688	74.989775	74.989775	74.989775	4.057269	-0.422575
-149.025604	16.159600	153.190000	-4.530000	1665.765275	4.057688	74.635235	74.535235	74.635235	4.058286	-0.505708
-149.025604	16.659600	153.190000	-4.530000	1669.264782	4.057688	74.182083	74.182083	74.182083	4.062928	-0.689210
-149.025604	17.159600	153.190000	-4.530000	1673.109219	4.057000	73.930331	73.930331	73.930331	4.060469	-0.673087
-149.025604	17.659600	153.190000	-4.530000	1676.860952	4.056687	73.579994	73.579994	73.579994	4.060055	-0.757360
-149.025604	18.159600	153.190000	-4.530000	1680.829187	4.056000	73.331084	73.331084	73.331084	4.058480	-0.742024
-149.025604	18.659600	153.190000	-4.530000	1684.703065	4.055688	72.983611	72.983611	72.983611	4.061250	-0.827090
-149.025604	19.159600	153.190000	-4.530000	1688.793301	4.055000	72.837587	72.837587	72.837587	4.057235	-0.712575
-149.025604	19.659600	153.190000	-4.530000	1692.787491	4.054688	72.493022	72.493022	72.493022	4.062300	-0.798477
-149.025604	20.159600	153.190000	-4.530000	1697.128725	4.053687	72.449925	72.449925	72.449925	4.057652	-0.584804
-149.025604	20.659600	153.190000	-4.530000	1701.399090	4.053000	72.408306	72.408306	72.408306	4.052276	-0.371576
-149.025604	21.159600	153.190000	-4.530000	1705.570772	4.052688	72.268173	72.268173	72.268173	4.052604	-0.258789
-149.025604	21.659600	153.190000	-4.530000	1709.668454	4.052688	72.029532	72.029532	72.029532	4.056948	-0.246452
-149.025604	22.159600	153.190000	-4.530000	1714.113615	4.052000	71.992392	71.992392	71.992392	4.052769	-0.034586
-149.025604	22.659600	153.190000	-4.530000	1718.457439	4.051687	71.856758	71.856758	71.956758	4.053128	0.076813
-149.025604	23.159600	153.190000	-4.530000	1722.724762	4.051687	71.722636	71.722636	71.722636	4.051643	0.187738
-149.025604	23.659600	153.190000	-4.530000	1727.047287	4.051687	71.490032	71.490032	71.490032	4.055663	0.198166
-149.025604	24.159600	153.190000	-4.530000	1731.424506	4.051687	71.258949	71.258949	71.358949	4.057258	0.208102
-149.025604	24.659600	153.190000	-4.530000	1735.855908	4.051687	71.129391	71.129391	71.129391	4.055785	0.317537
-149.025604	25.159600	153.190000	-4.530000	1740.206761	4.052000	70.801362	70.801362	70.801362	4.058796	0.226450
-149.025604	25.659600	153.190000	-4.530000	1744.744645	4.052000	70.574864	70.574864	70.574864	4.059228	0.234844
-149.025604	26.159600	153.190000	-4.530000	1749.335168	4.052000	70.349899	70.349899	70.349899	4.058628	0.242713
-149.025604	26.659600	153.190000	-4.530000	1753.680272	4.052688	70.426469	70.426469	70.426469	4.066019	0.550031
-162.025604	19.986300	153.190000	-4.530000	1380.009259	4.056687	65.778675	65.778675	65.778675	4.031798	0.009994
-161.367599	17.746901	153.190000	-4.530000	1371.749282	4.057000	68.277088	68.277088	68.277088	4.044733	0.376264
-161.314896	21.956301	153.190000	-4.530000	1419.627145	4.054688	64.435108	64.435108	64.435108	4.017654	-0.366738
-161.095001	23.997200	153.190000	-4.530000	1449.859068	4.051687	62.925604	62.925604	62.925604	4.020907	-0.611409
-160.047501	19.823400	153.190000	-4.530000	1425.113481	4.056687	67.223540	67.223540	67.223540	4.023442	0.063581
-159.664993	22.122999	153.190000	-4.530000	1459.730752	4.054688	65.449628	65.449628	65.449628	4.014149	-0.345337
-159.401001	21.971001	153.190000	-4.530000	1464.193041	4.054688	65.747069	65.747069	65.747069	4.013815	-0.324593
-158.982498	15.574000	153.190000	-4.530000	1409.927566	4.056687	71.041998	71.041998	71.041998	4.049783	0.137357
-158.933105	24.573799	153.190000	-4.530000	1505.758281	4.051000	64.248883	64.248883	64.248883	4.024047	-0.427078
-158.903000	21.298401	153.190000	-4.530000	1468.575349	4.054688	66.644321	66.644321	66.744321	4.013217	-0.204370
-158.760193	18.564699	153.190000	-4.530000	1443.554463	4.056000	68.973306	68.973306	68.973306	4.024550	0.137286
-158.185394	22.620199	153.190000	-4.530000	1499.969950	4.053687	66.172614	66.172614	66.172614	4.014555	-0.257884
-158.179504	20.377800	153.190000	-4.530000	1476.022385	4.055000	67.921403	67.921403	67.921403	4.013409	0.000024
-157.931000	21.646000	153.190000	-4.530000	1495.410585	4.054000	67.084866	67.084866	67.084866	4.011538	-0.143410
-157.859100	14.659600	153.190000	-4.530000	1430.227387	4.057000	72.182898	72.182898	72.182898	4.049948	0.032164
-157.700806	16.348400	153.190000	-4.530000	1448.771669	4.056687	71.024247	71.024247	71.024247	4.039821	0.023476
-157.627594	20.346100	153.190000	-4.530000	1489.015215	4.054688	68.296090	68.296090	68.296090	4.012132	0.021575
-157.270004	21.108999	153.190000	-4.530000	1505.512249	4.054000	67.880361	67.880361	67.880361	4.010095	-0.106189
-157.227295	18.984800	153.190000	-4.530000	1485.245777	4.055000	69.428421	69.428421	69.428421	4.016806	0.006576
-156.964600	24.312099	153.190000	-4.530000	1547.406326	4.051687	65.940060	65.940060	65.940060	4.027929	-0.222762
-156.932007	19.832701	153.190000	-4.530000	1500.674692	4.054688	69.075416	69.075416	69.075416	4.012834	0.051511
-156.808197	18.404200	153.190000	-4.530000	1489.778532	4.055688	69.968973	69.968973	69.968973	4.020758	-0.078361
-156.755997	21.136000	153.190000	-4.530000	1518.139169	4.053687	68.267495	68.267495	68.267495	4.010695	-0.011163
-156.658005	20.891001	153.190000	-4.530000	1518.029928	4.053687	68.485333	68.485333	68.485333	4.010653	-0.009242
-156.510101	19.477699	153.190000	-4.530000	1507.481691	4.054688	69.453546	69.453546	69.453546	4.014468	-0.045218
-156.465103	18.775000	153.190000	-4.530000	1501.982131	4.054688	69.877620	69.877620	69.977620	4.017643	-0.110017
-156.387695	17.614901	153.190000	-4.530000	1492.967515	4.055688	70.748495	70.648495	70.748495	4.026555	-0.057383
-156.206604	16.162001	153.190000	-4.530000	1484.522061	4.056687	71.711954	71.711954	71.711954	4.038268	-0.175744
-156.167007	18.301001	153.190000	-4.530000	1504.830265	4.055000	70.340333	70.340333	70.340333	4.021696	-0.123889
-155.996994	20.771000	153.190000	-4.530000	1532.681685	4.053687	68.892444	68.892444	68.892444	4.012129	-0.067130
-155.772995	19.079000	153.190000	-4.530000	1521.710086	4.054688	70.001164	70.001164	70.001164	4.017431	-0.167343
-155.765305	26.776699	153.190000	-4.530000	1602.387994	4.050688	65.596646	65.596646	65.596646	4.048892	0.071507
-155.714996	18.000299	153.190000	-4.530000	1513.275395	4.055000	70.760038	70.760038	70.760038	4.023930	-0.142867
-155.710999	20.046000	153.190000	-4.530000	1532.616002	4.053687	69.526137	69.526137	69.526137	4.013967	-0.056927
-155.679398	21.205500	153.190000	-4.530000	1544.792283	4.053000	68.832506	68.832506	68.832506	4.013752	-0.040048
-155.636200	22.299900	153.190000	-4.530000	1556.799516	4.052688	68.229039	68.229039	68.229039	4.017735	0.004133
-154.994400	21.507000	153.190000	-4.530000	1564.226945	4.052688	69.069547	69.069547	69.069547	4.018114	-0.017869
-154.983002	19.601000	153.190000	-4.530000	1546.162339	4.053687	70.112730	70.112730	70.112730	4.017852	-0.155760
-154.797394	18.803101	153.190000	-4.530000	1543.391770	4.054000	70.687101	70.687101	70.687101	4.022160	-0.182861
-154.691299	17.180099	153.190000	-4.530000	1531.362472	4.055688	71.580331	71.580331	71.580331	4.032870	-0.379723
-154.617798	20.088900	153.190000	-4.530000	1559.792685	4.053000	70.002108	70.002108	70.002108	4.018736	-0.164350
-154.495895	18.401699	153.190000	-4.530000	1547.031704	4.054688	70.954669	70.954669	70.954669	4.026114	-0.326076
-154.482803	21.001900	153.190000	-4.530000	1571.678802	4.052688	69.632100	69.632100	69.632100	4.020202	-0.054382
-154.393997	19.262501	153.190000	-4.530000	1557.503566	4.053687	70.516952	70.516952	70.516952	4.021870	-0.280402
-154.251801	21.168699	153.190000	-4.530000	1578.808878	4.052688	69.635172	69.635172	69.635172	4.021988	-0.082239
-154.030502	17.988400	153.190000	-4.530000	1555.009555	4.054688	71.392385	71.392385	71.392385	4.031616	-0.385206
-153.992294	18.797600	153.190000	-4.530000	1563.164639	4.054000	70.989217	70.989217	70.989217	4.026482	-0.306444
-153.982697	21.519699	153.190000	-4.530000	1588.849199	4.052000	69.648734	69.648734	69.648734	4.023948	-0.013686
-153.967499	14.731300	153.190000	-4.530000	1529.411495	4.057688	73.457179	73.457179	73.457179	4.044720	-0.430902
-153.902405	19.979099	153.190000	-4.530000	1576.206107	4.053000	70.393661	70.393661	70.393661	4.023906	-0.230267
-153.868195	17.315399	153.190000	-4.530000	1553.043648	4.055688	71.815761	71.815761	71.815761	4.035853	-0.463593
-153.700806	17.297501	153.190000	-4.530000	1557.080229	4.055688	71.894210	71.894210	71.894210	4.037055	-0.478021
-153.503204	19.495199	153.190000	-4.530000	1581.402290	4.053687	70.781348	70.781348	70.781348	4.028505	-0.346456
-153.295898	18.800900	153.190000	-4.530000	1580.499238	4.053687	71.234422	71.234422	71.234422	4.032206	-0.418115
-153.292099	20.892599	153.190000	-4.530000	1599.690207	4.052000	70.201929	70.201929	70.301929	4.028857	-0.214033
-153.290604	17.906200	153.190000	-4.530000	1572.718998	4.054688	71.745060	71.745060	71.745060	4.036331	-0.452575
-152.981201	18.301800	153.190000	-4.530000	1583.697607	4.054688	71.605570	71.605570	71.605570	4.036560	-0.505952
-152.765793	25.592800	153.190000	-4.530000	1657.740977	4.051000	68.191329	68.091329	68.191329	4.053359	0.072279
-152.132401	18.481400	153.190000	-4.530000	1606.265254	4.054688	71.892968	71.892968	71.892968	4.044100	-0.532491
-151.686600	14.689100	153.190000	-4.530000	1587.441796	4.057688	74.514981	74.514981	74.614981	4.052400	-0.366859
-151.637604	16.737801	153.190000	-4.530000	1604.105468	4.056687	73.109652	73.109652	73.109652	4.050488	-0.570592
-150.914993	18.914200	153.190000	-4.530000	1640.293020	4.054000	72.113614	72.113614	72.113614	4.048208	-0.661435
-149.000900	16.989000	153.190000	-4.530000	1672.512980	4.057000	74.125559	74.125559	74.125559	4.057840	-0.579651
