-162.0256040	14.6596000	153.1900000	-4.5300000	1325.8135490	4.0560000
-162.0256040	15.1596000	153.1900000	-4.5300000	1330.4921196	4.0560000
-162.0256040	15.6596000	153.1900000	-4.5300000	1335.0365987	4.0566875
-162.0256040	16.1596000	153.1900000	-4.5300000	1339.8977116	4.0566875
-162.0256040	16.6596000	153.1900000	-4.5300000	1344.8489416	4.0566875
-162.0256040	17.1596000	153.1900000	-4.5300000	1349.7852694	4.0570000
-162.0256040	17.6596000	153.1900000	-4.5300000	1354.9132169	4.0570000
-162.0256040	18.1596000	153.1900000	-4.5300000	1359.8976997	4.0576875
-162.0256040	18.6596000	153.1900000	-4.5300000	1365.1976661	4.0576875
-162.0256040	19.1596000	153.1900000	-4.5300000	1370.5825037	4.0576875
-162.0256040	19.6596000	153.1900000	-4.5300000	1376.2843474	4.0570000
-162.0256040	20.1596000	153.1900000	-4.5300000	1381.9431685	4.0566875
-162.0256040	20.6596000	153.1900000	-4.5300000	1387.5777113	4.0566875
-162.0256040	21.1596000	153.1900000	-4.5300000	1393.6364893	4.0556875
-162.0256040	21.6596000	153.1900000	-4.5300000	1399.4328036	4.0556875
-162.0256040	22.1596000	153.1900000	-4.5300000	1405.6543292	4.0546875
-162.0256040	22.6596000	153.1900000	-4.5300000	1411.9565436	4.0536875
-162.0256040	23.1596000	153.1900000	-4.5300000	1418.3384668	4.0526875
-162.0256040	23.6596000	153.1900000	-4.5300000	1424.4475528	4.0526875
-162.0256040	24.1596000	153.1900000	-4.5300000	1430.9842650	4.0516875
-162.0256040	24.6596000	153.1900000	-4.5300000	1437.5977446	4.0506875
-162.0256040	25.1596000	153.1900000	-4.5300000	1443.9304718	4.0506875
-162.0256040	25.6596000	153.1900000	-4.5300000	1450.6928337	4.0496875
-162.0256040	26.1596000	153.1900000	-4.5300000	1457.1691471	4.0496875
-162.0256040	26.6596000	153.1900000	-4.5300000	1463.7149596	4.0496875
-161.5256040	14.6596000	153.1900000	-4.5300000	1338.3139153	4.0560000
-161.5256040	15.1596000	153.1900000	-4.5300000	1342.7037033	4.0566875
-161.5256040	15.6596000	153.1900000	-4.5300000	1347.4113375	4.0566875
-161.5256040	16.1596000	153.1900000	-4.5300000	1352.2090133	4.0566875
-161.5256040	16.6596000	153.1900000	-4.5300000	1357.0957279	4.0566875
-161.5256040	17.1596000	153.1900000	-4.5300000	1361.9655557	4.0570000
-161.5256040	17.6596000	153.1900000	-4.5300000	1367.0269323	4.0570000
-161.5256040	18.1596000	153.1900000	-4.5300000	1372.1743086	4.0570000
-161.5256040	18.6596000	153.1900000	-4.5300000	1377.1732939	4.0576875
-161.5256040	19.1596000	153.1900000	-4.5300000	1382.7229934	4.0570000
-161.5256040	19.6596000	153.1900000	-4.5300000	1388.1222647	4.0570000
-161.5256040	20.1596000	153.1900000	-4.5300000	1393.7108179	4.0566875
-161.5256040	20.6596000	153.1900000	-4.5300000	1399.2733511	4.0566875
-161.5256040	21.1596000	153.1900000	-4.5300000	1405.2621849	4.0556875
-161.5256040	21.6596000	153.1900000	-4.5300000	1410.9848995	4.0556875
-161.5256040	22.1596000	153.1900000	-4.5300000	1417.1349129	4.0546875
-161.5256040	22.6596000	153.1900000	-4.5300000	1423.3648641	4.0536875
-161.5256040	23.1596000	153.1900000	-4.5300000	1429.6738001	4.0526875
-161.5256040	23.6596000	153.1900000	-4.5300000	1435.7064224	4.0526875
-161.5256040	24.1596000	153.1900000	-4.5300000	1442.1687956	4.0516875
-161.5256040	24.6596000	153.1900000	-4.5300000	1448.7072902	4.0506875
-161.5256040	25.1596000	153.1900000	-4.5300000	1454.9616872	4.0506875
-161.5256040	25.6596000	153.1900000	-4.5300000	1461.6478641	4.0496875
-161.5256040	26.1596000	153.1900000	-4.5300000	1468.0447335	4.0496875
-161.5256040	26.6596000	153.1900000	-4.5300000	1474.5105906	4.0496875
-161.0256040	14.6596000	153.1900000	-4.5300000	1350.6062006	4.0566875
-161.0256040	15.1596000	153.1900000	-4.5300000	1355.1624434	4.0566875
-161.0256040	15.6596000	153.1900000	-4.5300000	1359.8085812	4.0566875
-161.0256040	16.1596000	153.1900000	-4.5300000	1364.5436477	4.0566875
-161.0256040	16.6596000	153.1900000	-4.5300000	1369.3666714	4.0566875
-161.0256040	17.1596000	153.1900000	-4.5300000	1374.1708178	4.0570000
-161.0256040	17.6596000	153.1900000	-4.5300000	1379.1664389	4.0570000
-161.0256040	18.1596000	153.1900000	-4.5300000	1384.2470712	4.0570000
-161.0256040	18.6596000	153.1900000	-4.5300000	1389.4117287	4.0570000
-161.0256040	19.1596000	153.1900000	-4.5300000	1394.6594235	4.0570000
-161.0256040	19.6596000	153.1900000	-4.5300000	1400.0970135	4.0566875
-161.0256040	20.1596000	153.1900000	-4.5300000	1405.5082306	4.0566875
-161.0256040	20.6596000	153.1900000	-4.5300000	1410.9995210	4.0566875
-161.0256040	21.1596000	153.1900000	-4.5300000	1416.9191741	4.0556875
-161.0256040	21.6596000	153.1900000	-4.5300000	1422.8102196	4.0550000
-161.0256040	22.1596000	153.1900000	-4.5300000	1428.6482750	4.0546875
-161.0256040	22.6596000	153.1900000	-4.5300000	1434.8066907	4.0536875
-161.0256040	23.1596000	153.1900000	-4.5300000	1441.0433541	4.0526875
-161.0256040	23.6596000	153.1900000	-4.5300000	1447.0002050	4.0526875
-161.0256040	24.1596000	153.1900000	-4.5300000	1453.3889258	4.0516875
-161.0256040	24.6596000	153.1900000	-4.5300000	1459.8531071	4.0506875
-161.0256040	25.1596000	153.1900000	-4.5300000	1466.0298213	4.0506875
-161.0256040	25.6596000	153.1900000	-4.5300000	1472.6404538	4.0496875
-161.0256040	26.1596000	153.1900000	-4.5300000	1478.9584943	4.0496875
-161.0256040	26.6596000	153.1900000	-4.5300000	1485.3449943	4.0496875
-160.5256040	14.6596000	153.1900000	-4.5300000	1363.1455504	4.0566875
-160.5256040	15.1596000	153.1900000	-4.5300000	1367.6422529	4.0566875
-160.5256040	15.6596000	153.1900000	-4.5300000	1372.2277053	4.0566875
-160.5256040	16.1596000	153.1900000	-4.5300000	1376.9009719	4.0566875
-160.5256040	16.6596000	153.1900000	-4.5300000	1381.6611116	4.0566875
-160.5256040	17.1596000	153.1900000	-4.5300000	1386.5071785	4.0566875
-160.5256040	17.6596000	153.1900000	-4.5300000	1391.3310422	4.0570000
-160.5256040	18.1596000	153.1900000	-4.5300000	1396.3457237	4.0570000
-160.5256040	18.6596000	153.1900000	-4.5300000	1401.4434659	4.0570000
-160.5256040	19.1596000	153.1900000	-4.5300000	1406.7316686	4.0566875
-160.5256040	19.6596000	153.1900000	-4.5300000	1411.9930597	4.0566875
-160.5256040	20.1596000	153.1900000	-4.5300000	1417.3346370	4.0566875
-160.5256040	20.6596000	153.1900000	-4.5300000	1422.9965963	4.0560000
-160.5256040	21.1596000	153.1900000	-4.5300000	1428.6066614	4.0556875
-160.5256040	21.6596000	153.1900000	-4.5300000	1434.4275536	4.0550000
-160.5256040	22.1596000	153.1900000	-4.5300000	1440.1935966	4.0546875
-160.5256040	22.6596000	153.1900000	-4.5300000	1446.2811939	4.0536875
-160.5256040	23.1596000	153.1900000	-4.5300000	1452.4462892	4.0526875
-160.5256040	23.6596000	153.1900000	-4.5300000	1458.3280518	4.0526875
-160.5256040	24.1596000	153.1900000	-4.5300000	1464.6437979	4.0516875
-160.5256040	24.6596000	153.1900000	-4.5300000	1471.0343295	4.0506875
-160.5256040	25.1596000	153.1900000	-4.5300000	1477.1340010	4.0506875
-160.5256040	25.6596000	153.1900000	-4.5300000	1483.6697232	4.0496875
-160.5256040	26.1596000	153.1900000	-4.5300000	1489.9095440	4.0496875
-160.5256040	26.6596000	153.1900000	-4.5300000	1496.2172800	4.0496875
-160.0256040	14.6596000	153.1900000	-4.5300000	1375.7045916	4.0566875
-160.0256040	15.1596000	153.1900000	-4.5300000	1380.1425468	4.0566875
-160.0256040	15.6596000	153.1900000	-4.5300000	1384.6681065	4.0566875
-160.0256040	16.1596000	153.1900000	-4.5300000	1389.2803646	4.0566875
-160.0256040	16.6596000	153.1900000	-4.5300000	1393.9784096	4.0566875
-160.0256040	17.1596000	153.1900000	-4.5300000	1398.7613248	4.0566875
-160.0256040	17.6596000	153.1900000	-4.5300000	1403.6281893	4.0566875
-160.0256040	18.1596000	153.1900000	-4.5300000	1408.5780785	4.0566875
-160.0256040	18.6596000	153.1900000	-4.5300000	1413.6100644	4.0566875
-160.0256040	19.1596000	153.1900000	-4.5300000	1418.7232169	4.0566875
-160.0256040	19.6596000	153.1900000	-4.5300000	1423.9166035	4.0566875
-160.0256040	20.1596000	153.1900000	-4.5300000	1429.1892903	4.0566875
-160.0256040	20.6596000	153.1900000	-4.5300000	1434.8940534	4.0556875
-160.0256040	21.1596000	153.1900000	-4.5300000	1440.3238744	4.0556875
-160.0256040	21.6596000	153.1900000	-4.5300000	1446.1867916	4.0546875
-160.0256040	22.1596000	153.1900000	-4.5300000	1451.7700820	4.0546875
-160.0256040	22.6596000	153.1900000	-4.5300000	1457.7875672	4.0536875
-160.0256040	23.1596000	153.1900000	-4.5300000	1463.8817888	4.0526875
-160.0256040	23.6596000	153.1900000	-4.5300000	1469.6891369	4.0526875
-160.0256040	24.1596000	153.1900000	-4.5300000	1475.9325772	4.0516875
-160.0256040	24.6596000	153.1900000	-4.5300000	1482.2501146	4.0506875
-160.0256040	25.1596000	153.1900000	-4.5300000	1488.2733763	4.0506875
-160.0256040	25.6596000	153.1900000	-4.5300000	1494.7348150	4.0496875
-160.0256040	26.1596000	153.1900000	-4.5300000	1500.8970193	4.0496875
-160.0256040	26.6596000	153.1900000	-4.5300000	1507.1265790	4.0496875
-159.5256040	14.6596000	153.1900000	-4.5300000	1388.2827773	4.0566875
-159.5256040	15.1596000	153.1900000	-4.5300000	1392.6627597	4.0566875
-159.5256040	15.6596000	153.1900000	-4.5300000	1397.1292015	4.0566875
-159.5256040	16.1596000	153.1900000	-4.5300000	1401.6812252	4.0566875
-159.5256040	16.6596000	153.1900000	-4.5300000	1406.3179477	4.0566875
-159.5256040	17.1596000	153.1900000	-4.5300000	1411.0384808	4.0566875
-159.5256040	17.6596000	153.1900000	-4.5300000	1415.8419316	4.0566875
-159.5256040	18.1596000	153.1900000	-4.5300000	1420.7274037	4.0566875
-159.5256040	18.6596000	153.1900000	-4.5300000	1425.6939971	4.0566875
-159.5256040	19.1596000	153.1900000	-4.5300000	1430.7408090	4.0566875
-159.5256040	19.6596000	153.1900000	-4.5300000	1435.8669344	4.0566875
-159.5256040	20.1596000	153.1900000	-4.5300000	1441.3157295	4.0560000
-159.5256040	20.6596000	153.1900000	-4.5300000	1446.7101211	4.0556875
-159.5256040	21.1596000	153.1900000	-4.5300000	1452.0700634	4.0556875
-159.5256040	21.6596000	153.1900000	-4.5300000	1457.8651671	4.0546875
-159.5256040	22.1596000	153.1900000	-4.5300000	1463.3769584	4.0546875
-159.5256040	22.6596000	153.1900000	-4.5300000	1469.3250268	4.0536875
-159.5256040	23.1596000	153.1900000	-4.5300000	1475.3490589	4.0526875
-159.5256040	23.6596000	153.1900000	-4.5300000	1481.0826570	4.0526875
-159.5256040	24.1596000	153.1900000	-4.5300000	1487.2544514	4.0516875
-159.5256040	24.6596000	153.1900000	-4.5300000	1493.4996417	4.0506875
-159.5256040	25.1596000	153.1900000	-4.5300000	1499.4471189	4.0506875
-159.5256040	25.6596000	153.1900000	-4.5300000	1505.8348940	4.0496875
-159.5256040	26.1596000	153.1900000	-4.5300000	1511.9200787	4.0496875
-159.5256040	26.6596000	153.1900000	-4.5300000	1518.0720440	4.0496875
-159.0256040	14.6596000	153.1900000	-4.5300000	1400.8795793	4.0566875
-159.0256040	15.1596000	153.1900000	-4.5300000	1405.2023457	4.0566875
-159.0256040	15.6596000	153.1900000	-4.5300000	1409.6104268	4.0566875
-159.0256040	16.1596000	153.1900000	-4.5300000	1414.1029728	4.0566875
-159.0256040	16.6596000	153.1900000	-4.5300000	1418.6791282	4.0566875
-159.0256040	17.1596000	153.1900000	-4.5300000	1423.3380322	4.0566875
-159.0256040	17.6596000	153.1900000	-4.5300000	1428.0788195	4.0566875
-159.0256040	18.1596000	153.1900000	-4.5300000	1432.9006206	4.0566875
-159.0256040	18.6596000	153.1900000	-4.5300000	1437.8025627	4.0566875
-159.0256040	19.1596000	153.1900000	-4.5300000	1443.0283228	4.0560000
-159.0256040	19.6596000	153.1900000	-4.5300000	1448.0887741	4.0560000
-159.0256040	20.1596000	153.1900000	-4.5300000	1453.3387209	4.0556875
-159.0256040	20.6596000	153.1900000	-4.5300000	1458.5537306	4.0556875
-159.0256040	21.1596000	153.1900000	-4.5300000	1464.0926844	4.0550000
-159.0256040	21.6596000	153.1900000	-4.5300000	1469.5724949	4.0546875
-159.0256040	22.1596000	153.1900000	-4.5300000	1475.2636140	4.0540000
-159.0256040	22.6596000	153.1900000	-4.5300000	1480.8928108	4.0536875
-159.0256040	23.1596000	153.1900000	-4.5300000	1486.8473274	4.0526875
-159.0256040	23.6596000	153.1900000	-4.5300000	1492.5078303	4.0526875
-159.0256040	24.1596000	153.1900000	-4.5300000	1498.6086298	4.0516875
-159.0256040	24.6596000	153.1900000	-4.5300000	1504.7821117	4.0506875
-159.0256040	25.1596000	153.1900000	-4.5300000	1510.6544219	4.0506875
-159.0256040	25.6596000	153.1900000	-4.5300000	1516.9691459	4.0496875
-159.0256040	26.1596000	153.1900000	-4.5300000	1522.9779014	4.0496875
-159.0256040	26.6596000	153.1900000	-4.5300000	1529.0528484	4.0496875
-158.5256040	14.6596000	153.1900000	-4.5300000	1413.4944870	4.0566875
-158.5256040	15.1596000	153.1900000	-4.5300000	1417.7607767	4.0566875
-158.5256040	15.6596000	153.1900000	-4.5300000	1422.1112372	4.0566875
-158.5256040	16.1596000	153.1900000	-4.5300000	1426.5450455	4.0566875
-158.5256040	16.6596000	153.1900000	-4.5300000	1431.0613727	4.0566875
-158.5256040	17.1596000	153.1900000	-4.5300000	1435.6593847	4.0566875
-158.5256040	17.6596000	153.1900000	-4.5300000	1440.3382427	4.0566875
-158.5256040	18.1596000	153.1900000	-4.5300000	1445.3420489	4.0560000
-158.5256040	18.6596000	153.1900000	-4.5300000	1450.1808862	4.0560000
-158.5256040	19.1596000	153.1900000	-4.5300000	1455.0980433	4.0560000
-158.5256040	19.6596000	153.1900000	-4.5300000	1460.2051724	4.0556875
-158.5256040	20.1596000	153.1900000	-4.5300000	1465.2767992	4.0556875
-158.5256040	20.6596000	153.1900000	-4.5300000	1470.6734869	4.0550000
-158.5256040	21.1596000	153.1900000	-4.5300000	1476.0104144	4.0546875
-158.5256040	21.6596000	153.1900000	-4.5300000	1481.3080561	4.0546875
-158.5256040	22.1596000	153.1900000	-4.5300000	1487.0456479	4.0536875
-158.5256040	22.6596000	153.1900000	-4.5300000	1492.4901783	4.0536875
-158.5256040	23.1596000	153.1900000	-4.5300000	1498.3758431	4.0526875
-158.5256040	23.6596000	153.1900000	-4.5300000	1504.2190711	4.0520000
-158.5256040	24.1596000	153.1900000	-4.5300000	1509.9943426	4.0516875
-158.5256040	24.6596000	153.1900000	-4.5300000	1516.0967460	4.0506875
-158.5256040	25.1596000	153.1900000	-4.5300000	1521.8944991	4.0506875
-158.5256040	25.6596000	153.1900000	-4.5300000	1528.0188638	4.0500000
-158.5256040	26.1596000	153.1900000	-4.5300000	1534.0696872	4.0496875
-158.5256040	26.6596000	153.1900000	-4.5300000	1540.0681860	4.0496875
-158.0256040	14.6596000	153.1900000	-4.5300000	1426.0171548	4.0570000
-158.0256040	15.1596000	153.1900000	-4.5300000	1430.3375425	4.0566875
-158.0256040	15.6596000	153.1900000	-4.5300000	1434.6311057	4.0566875
-158.0256040	16.1596000	153.1900000	-4.5300000	1439.0068997	4.0566875
-158.0256040	16.6596000	153.1900000	-4.5300000	1443.4641215	4.0566875
-158.0256040	17.1596000	153.1900000	-4.5300000	1448.0019628	4.0566875
-158.0256040	17.6596000	153.1900000	-4.5300000	1452.8658308	4.0560000
-158.0256040	18.1596000	153.1900000	-4.5300000	1457.5632636	4.0560000
-158.0256040	18.6596000	153.1900000	-4.5300000	1462.4515556	4.0556875
-158.0256040	19.1596000	153.1900000	-4.5300000	1467.3048995	4.0556875
-158.0256040	19.6596000	153.1900000	-4.5300000	1472.2347781	4.0556875
-158.0256040	20.1596000	153.1900000	-4.5300000	1477.4908164	4.0550000
-158.0256040	20.6596000	153.1900000	-4.5300000	1482.6863988	4.0546875
-158.0256040	21.1596000	153.1900000	-4.5300000	1487.8421644	4.0546875
-158.0256040	21.6596000	153.1900000	-4.5300000	1493.3243539	4.0540000
-158.0256040	22.1596000	153.1900000	-4.5300000	1498.7421587	4.0536875
-158.0256040	22.6596000	153.1900000	-4.5300000	1504.3715467	4.0530000
-158.0256040	23.1596000	153.1900000	-4.5300000	1509.9338754	4.0526875
-158.0256040	23.6596000	153.1900000	-4.5300000	1515.7072384	4.0520000
-158.0256040	24.1596000	153.1900000	-4.5300000	1521.4108403	4.0516875
-158.0256040	24.6596000	153.1900000	-4.5300000	1527.3249559	4.0510000
-158.0256040	25.1596000	153.1900000	-4.5300000	1533.1665847	4.0506875
-158.0256040	25.6596000	153.1900000	-4.5300000	1539.2182368	4.0500000
-158.0256040	26.1596000	153.1900000	-4.5300000	1545.1946559	4.0496875
-158.0256040	26.6596000	153.1900000	-4.5300000	1551.1172701	4.0496875
-157.5256040	14.6596000	153.1900000	-4.5300000	1438.6658364	4.0570000
-157.5256040	15.1596000	153.1900000	-4.5300000	1442.9321495	4.0566875
-157.5256040	15.6596000	153.1900000	-4.5300000	1447.1695223	4.0566875
-157.5256040	16.1596000	153.1900000	-4.5300000	1451.4880093	4.0566875
-157.5256040	16.6596000	153.1900000	-4.5300000	1455.8868327	4.0566875
-157.5256040	17.1596000	153.1900000	-4.5300000	1460.6127423	4.0560000
-157.5256040	17.6596000	153.1900000	-4.5300000	1465.1706560	4.0560000
-157.5256040	18.1596000	153.1900000	-4.5300000	1469.9198088	4.0556875
-157.5256040	18.6596000	153.1900000	-4.5300000	1474.6332598	4.0556875
-157.5256040	19.1596000	153.1900000	-4.5300000	1479.4231054	4.0556875
-157.5256040	19.6596000	153.1900000	-4.5300000	1484.5401925	4.0550000
-157.5256040	20.1596000	153.1900000	-4.5300000	1489.5960503	4.0546875
-157.5256040	20.6596000	153.1900000	-4.5300000	1494.6114866	4.0546875
-157.5256040	21.1596000	153.1900000	-4.5300000	1499.9544344	4.0540000
-157.5256040	21.6596000	153.1900000	-4.5300000	1505.2323375	4.0536875
-157.5256040	22.1596000	153.1900000	-4.5300000	1510.4661866	4.0536875
-157.5256040	22.6596000	153.1900000	-4.5300000	1516.0279168	4.0530000
-157.5256040	23.1596000	153.1900000	-4.5300000	1521.5207134	4.0526875
-157.5256040	23.6596000	153.1900000	-4.5300000	1527.2248427	4.0520000
-157.5256040	24.1596000	153.1900000	-4.5300000	1532.8573933	4.0516875
-157.5256040	24.6596000	153.1900000	-4.5300000	1538.7007870	4.0510000
-157.5256040	25.1596000	153.1900000	-4.5300000	1544.4699321	4.0506875
-157.5256040	25.6596000	153.1900000	-4.5300000	1550.1863121	4.0506875
-157.5256040	26.1596000	153.1900000	-4.5300000	1556.3520464	4.0496875
-157.5256040	26.6596000	153.1900000	-4.5300000	1562.1993334	4.0496875
-157.0256040	14.6596000	153.1900000	-4.5300000	1451.3311914	4.0570000
-157.0256040	15.1596000	153.1900000	-4.5300000	1455.4320022	4.0570000
-157.0256040	15.6596000	153.1900000	-4.5300000	1459.7259936	4.0566875
-157.0256040	16.1596000	153.1900000	-4.5300000	1463.9878653	4.0566875
-157.0256040	16.6596000	153.1900000	-4.5300000	1468.5778647	4.0560000
-157.0256040	17.1596000	153.1900000	-4.5300000	1472.9982160	4.0560000
-157.0256040	17.6596000	153.1900000	-4.5300000	1477.6101482	4.0556875
-157.0256040	18.1596000	153.1900000	-4.5300000	1482.1855530	4.0556875
-157.0256040	18.6596000	153.1900000	-4.5300000	1486.8371570	4.0556875
-157.0256040	19.1596000	153.1900000	-4.5300000	1491.8170677	4.0550000
-157.0256040	19.6596000	153.1900000	-4.5300000	1496.7349003	4.0546875
-157.0256040	20.1596000	153.1900000	-4.5300000	1501.6116343	4.0546875
-157.0256040	20.6596000	153.1900000	-4.5300000	1506.8169521	4.0540000
-157.0256040	21.1596000	153.1900000	-4.5300000	1511.9564899	4.0536875
-157.0256040	21.6596000	153.1900000	-4.5300000	1517.0514018	4.0536875
-157.0256040	22.1596000	153.1900000	-4.5300000	1522.4752690	4.0530000
-157.0256040	22.6596000	153.1900000	-4.5300000	1527.8295753	4.0526875
-157.0256040	23.1596000	153.1900000	-4.5300000	1533.1356653	4.0526875
-157.0256040	23.6596000	153.1900000	-4.5300000	1538.8898672	4.0516875
-157.0256040	24.1596000	153.1900000	-4.5300000	1544.3332911	4.0516875
-157.0256040	24.6596000	153.1900000	-4.5300000	1550.1065644	4.0510000
-157.0256040	25.1596000	153.1900000	-4.5300000	1555.8038140	4.0506875
-157.0256040	25.6596000	153.1900000	-4.5300000	1561.4467373	4.0506875
-157.0256040	26.1596000	153.1900000	-4.5300000	1567.4201624	4.0500000
-157.0256040	26.6596000	153.1900000	-4.5300000	1573.3136270	4.0496875
-156.5256040	14.6596000	153.1900000	-4.5300000	1463.7647257	4.0576875
-156.5256040	15.1596000	153.1900000	-4.5300000	1468.0599025	4.0570000
-156.5256040	15.6596000	153.1900000	-4.5300000	1472.3000423	4.0566875
-156.5256040	16.1596000	153.1900000	-4.5300000	1476.5059746	4.0566875
-156.5256040	16.6596000	153.1900000	-4.5300000	1481.0410556	4.0560000
-156.5256040	17.1596000	153.1900000	-4.5300000	1485.5177538	4.0556875
-156.5256040	17.6596000	153.1900000	-4.5300000	1489.9570288	4.0556875
-156.5256040	18.1596000	153.1900000	-4.5300000	1494.4722545	4.0556875
-156.5256040	18.6596000	153.1900000	-4.5300000	1499.3168362	4.0550000
-156.5256040	19.1596000	153.1900000	-4.5300000	1504.0984174	4.0546875
-156.5256040	19.6596000	153.1900000	-4.5300000	1508.8381521	4.0546875
-156.5256040	20.1596000	153.1900000	-4.5300000	1513.9075285	4.0540000
-156.5256040	20.6596000	153.1900000	-4.5300000	1518.9103154	4.0536875
-156.5256040	21.1596000	153.1900000	-4.5300000	1523.8678342	4.0536875
-156.5256040	21.6596000	153.1900000	-4.5300000	1528.8960281	4.0536875
-156.5256040	22.1596000	153.1900000	-4.5300000	1534.2543350	4.0530000
-156.5256040	22.6596000	153.1900000	-4.5300000	1539.5411570	4.0526875
-156.5256040	23.1596000	153.1900000	-4.5300000	1544.7780582	4.0526875
-156.5256040	23.6596000	153.1900000	-4.5300000	1550.4651525	4.0516875
-156.5256040	24.1596000	153.1900000	-4.5300000	1555.8378415	4.0516875
-156.5256040	24.6596000	153.1900000	-4.5300000	1561.5415874	4.0510000
-156.5256040	25.1596000	153.1900000	-4.5300000	1567.1675214	4.0506875
-156.5256040	25.6596000	153.1900000	-4.5300000	1572.7375549	4.0506875
-156.5256040	26.1596000	153.1900000	-4.5300000	1578.3713906	4.0506875
-156.5256040	26.6596000	153.1900000	-4.5300000	1584.3371608	4.0500000
-156.0256040	14.6596000	153.1900000	-4.5300000	1476.4599530	4.0576875
-156.0256040	15.1596000	153.1900000	-4.5300000	1480.7042569	4.0570000
-156.0256040	15.6596000	153.1900000	-4.5300000	1484.8912060	4.0566875
-156.0256040	16.1596000	153.1900000	-4.5300000	1489.0418601	4.0566875
-156.0256040	16.6596000	153.1900000	-4.5300000	1493.5226870	4.0560000
-156.0256040	17.1596000	153.1900000	-4.5300000	1497.9428954	4.0556875
-156.0256040	17.6596000	153.1900000	-4.5300000	1502.3236730	4.0556875
-156.0256040	18.1596000	153.1900000	-4.5300000	1507.0348414	4.0550000
-156.0256040	18.6596000	153.1900000	-4.5300000	1511.6820149	4.0546875
-156.0256040	19.1596000	153.1900000	-4.5300000	1516.2865255	4.0546875
-156.0256040	19.6596000	153.1900000	-4.5300000	1521.2217214	4.0540000
-156.0256040	20.1596000	153.1900000	-4.5300000	1526.0894465	4.0536875
-156.0256040	20.6596000	153.1900000	-4.5300000	1530.9111922	4.0536875
-156.0256040	21.1596000	153.1900000	-4.5300000	1535.8034891	4.0536875
-156.0256040	21.6596000	153.1900000	-4.5300000	1541.0269471	4.0530000
-156.0256040	22.1596000	153.1900000	-4.5300000	1546.1781824	4.0526875
-156.0256040	22.6596000	153.1900000	-4.5300000	1551.2789186	4.0526875
-156.0256040	23.1596000	153.1900000	-4.5300000	1556.7113163	4.0520000
-156.0256040	23.6596000	153.1900000	-4.5300000	1562.0678278	4.0516875
-156.0256040	24.1596000	153.1900000	-4.5300000	1567.3703706	4.0516875
-156.0256040	24.6596000	153.1900000	-4.5300000	1573.0051731	4.0510000
-156.0256040	25.1596000	153.1900000	-4.5300000	1578.5603631	4.0506875
-156.0256040	25.6596000	153.1900000	-4.5300000	1584.0580659	4.0506875
-156.0256040	26.1596000	153.1900000	-4.5300000	1589.6188882	4.0506875
-156.0256040	26.6596000	153.1900000	-4.5300000	1595.5128783	4.0500000
-155.5256040	14.6596000	153.1900000	-4.5300000	1489.1705567	4.0576875
-155.5256040	15.1596000	153.1900000	-4.5300000	1493.3646328	4.0570000
-155.5256040	15.6596000	153.1900000	-4.5300000	1497.4990374	4.0566875
-155.5256040	16.1596000	153.1900000	-4.5300000	1501.5950592	4.0566875
-155.5256040	16.6596000	153.1900000	-4.5300000	1506.0222822	4.0560000
-155.5256040	17.1596000	153.1900000	-4.5300000	1510.3866490	4.0556875
-155.5256040	17.6596000	153.1900000	-4.5300000	1514.9663832	4.0550000
-155.5256040	18.1596000	153.1900000	-4.5300000	1519.4810589	4.0546875
-155.5256040	18.6596000	153.1900000	-4.5300000	1523.9521882	4.0546875
-155.5256040	19.1596000	153.1900000	-4.5300000	1528.7550333	4.0540000
-155.5256040	19.6596000	153.1900000	-4.5300000	1533.4894559	4.0536875
-155.5256040	20.1596000	153.1900000	-4.5300000	1538.1771203	4.0536875
-155.5256040	20.6596000	153.1900000	-4.5300000	1542.9351619	4.0536875
-155.5256040	21.1596000	153.1900000	-4.5300000	1548.0254008	4.0530000
-155.5256040	21.6596000	153.1900000	-4.5300000	1553.0426083	4.0526875
-155.5256040	22.1596000	153.1900000	-4.5300000	1558.0086714	4.0526875
-155.5256040	22.6596000	153.1900000	-4.5300000	1563.0422324	4.0526875
-155.5256040	23.1596000	153.1900000	-4.5300000	1568.5295980	4.0516875
-155.5256040	23.6596000	153.1900000	-4.5300000	1573.6972457	4.0516875
-155.5256040	24.1596000	153.1900000	-4.5300000	1578.9302218	4.0516875
-155.5256040	24.6596000	153.1900000	-4.5300000	1584.4966562	4.0510000
-155.5256040	25.1596000	153.1900000	-4.5300000	1589.9816656	4.0506875
-155.5256040	25.6596000	153.1900000	-4.5300000	1595.4075889	4.0506875
-155.5256040	26.1596000	153.1900000	-4.5300000	1600.8959387	4.0506875
-155.5256040	26.6596000	153.1900000	-4.5300000	1606.4459868	4.0506875
-155.0256040	14.6596000	153.1900000	-4.5300000	1501.8961328	4.0576875
-155.0256040	15.1596000	153.1900000	-4.5300000	1506.0406115	4.0570000
-155.0256040	15.6596000	153.1900000	-4.5300000	1510.1231028	4.0566875
-155.0256040	16.1596000	153.1900000	-4.5300000	1514.1651243	4.0566875
-155.0256040	16.6596000	153.1900000	-4.5300000	1518.5393788	4.0560000
-155.0256040	17.1596000	153.1900000	-4.5300000	1522.8485384	4.0556875
-155.0256040	17.6596000	153.1900000	-4.5300000	1527.3731568	4.0550000
-155.0256040	18.1596000	153.1900000	-4.5300000	1531.8305297	4.0546875
-155.0256040	18.6596000	153.1900000	-4.5300000	1536.2423952	4.0546875
-155.0256040	19.1596000	153.1900000	-4.5300000	1540.9870667	4.0540000
-155.0256040	19.6596000	153.1900000	-4.5300000	1545.6612070	4.0536875
-155.0256040	20.1596000	153.1900000	-4.5300000	1550.2867044	4.0536875
-155.0256040	20.6596000	153.1900000	-4.5300000	1555.2454237	4.0530000
-155.0256040	21.1596000	153.1900000	-4.5300000	1560.1302341	4.0526875
-155.0256040	21.6596000	153.1900000	-4.5300000	1564.9631888	4.0526875
-155.0256040	22.1596000	153.1900000	-4.5300000	1569.8635088	4.0526875
-155.0256040	22.6596000	153.1900000	-4.5300000	1575.0976862	4.0520000
-155.0256040	23.1596000	153.1900000	-4.5300000	1580.2533449	4.0516875
-155.0256040	23.6596000	153.1900000	-4.5300000	1585.3527757	4.0516875
-155.0256040	24.1596000	153.1900000	-4.5300000	1590.5167555	4.0516875
-155.0256040	24.6596000	153.1900000	-4.5300000	1596.0153881	4.0510000
-155.0256040	25.1596000	153.1900000	-4.5300000	1601.4307719	4.0506875
-155.0256040	25.6596000	153.1900000	-4.5300000	1606.7854592	4.0506875
-155.0256040	26.1596000	153.1900000	-4.5300000	1612.2018701	4.0506875
-155.0256040	26.6596000	153.1900000	-4.5300000	1617.6792950	4.0506875
-154.5256040	14.6596000	153.1900000	-4.5300000	1514.6362903	4.0576875
-154.5256040	15.1596000	153.1900000	-4.5300000	1518.7317875	4.0570000
-154.5256040	15.6596000	153.1900000	-4.5300000	1522.7629826	4.0566875
-154.5256040	16.1596000	153.1900000	-4.5300000	1526.7516212	4.0566875
-154.5256040	16.6596000	153.1900000	-4.5300000	1531.0735287	4.0560000
-154.5256040	17.1596000	153.1900000	-4.5300000	1535.3281016	4.0556875
-154.5256040	17.6596000	153.1900000	-4.5300000	1539.7982264	4.0550000
-154.5256040	18.1596000	153.1900000	-4.5300000	1544.1989160	4.0546875
-154.5256040	18.6596000	153.1900000	-4.5300000	1548.8147444	4.0540000
-154.5256040	19.1596000	153.1900000	-4.5300000	1553.3589913	4.0536875
-154.5256040	19.6596000	153.1900000	-4.5300000	1557.8537211	4.0536875
-154.5256040	20.1596000	153.1900000	-4.5300000	1562.6826867	4.0530000
-154.5256040	20.6596000	153.1900000	-4.5300000	1567.4367986	4.0526875
-154.5256040	21.1596000	153.1900000	-4.5300000	1572.1382791	4.0526875
-154.5256040	21.6596000	153.1900000	-4.5300000	1576.9069446	4.0526875
-154.5256040	22.1596000	153.1900000	-4.5300000	1582.0104815	4.0520000
-154.5256040	22.6596000	153.1900000	-4.5300000	1587.0346901	4.0516875
-154.5256040	23.1596000	153.1900000	-4.5300000	1592.0020207	4.0516875
-154.5256040	23.6596000	153.1900000	-4.5300000	1597.0338036	4.0516875
-154.5256040	24.1596000	153.1900000	-4.5300000	1602.1293483	4.0516875
-154.5256040	24.6596000	153.1900000	-4.5300000	1607.5607367	4.0510000
-154.5256040	25.1596000	153.1900000	-4.5300000	1612.9070416	4.0506875
-154.5256040	25.6596000	153.1900000	-4.5300000	1618.1910284	4.0506875
-154.5256040	26.1596000	153.1900000	-4.5300000	1623.5360265	4.0506875
-154.5256040	26.6596000	153.1900000	-4.5300000	1628.9413445	4.0506875
-154.0256040	14.6596000	153.1900000	-4.5300000	1527.3906507	4.0576875
-154.0256040	15.1596000	153.1900000	-4.5300000	1531.4377680	4.0570000
-154.0256040	15.6596000	153.1900000	-4.5300000	1535.4182698	4.0566875
-154.0256040	16.1596000	153.1900000	-4.5300000	1539.3541294	4.0566875
-154.0256040	16.6596000	153.1900000	-4.5300000	1543.6242978	4.0560000
-154.0256040	17.1596000	153.1900000	-4.5300000	1547.8248908	4.0556875
-154.0256040	17.6596000	153.1900000	-4.5300000	1552.2411305	4.0550000
-154.0256040	18.1596000	153.1900000	-4.5300000	1556.5857433	4.0546875
-154.0256040	18.6596000	153.1900000	-4.5300000	1561.1456190	4.0540000
-154.0256040	19.1596000	153.1900000	-4.5300000	1565.6317705	4.0536875
-154.0256040	19.6596000	153.1900000	-4.5300000	1570.3328106	4.0530000
-154.0256040	20.1596000	153.1900000	-4.5300000	1574.9579867	4.0526875
-154.0256040	20.6596000	153.1900000	-4.5300000	1579.5296929	4.0526875
-154.0256040	21.1596000	153.1900000	-4.5300000	1584.1683576	4.0526875
-154.0256040	21.6596000	153.1900000	-4.5300000	1589.1428988	4.0520000
-154.0256040	22.1596000	153.1900000	-4.5300000	1594.0372358	4.0516875
-154.0256040	22.6596000	153.1900000	-4.5300000	1598.8739816	4.0516875
-154.0256040	23.1596000	153.1900000	-4.5300000	1603.7750369	4.0516875
-154.0256040	23.6596000	153.1900000	-4.5300000	1608.7397312	4.0516875
-154.0256040	24.1596000	153.1900000	-4.5300000	1613.7673929	4.0516875
-154.0256040	24.6596000	153.1900000	-4.5300000	1619.1320859	4.0510000
-154.0256040	25.1596000	153.1900000	-4.5300000	1624.2845389	4.0510000
-154.0256040	25.6596000	153.1900000	-4.5300000	1629.6236641	4.0506875
-154.0256040	26.1596000	153.1900000	-4.5300000	1634.8977680	4.0506875
-154.0256040	26.6596000	153.1900000	-4.5300000	1640.2314882	4.0506875
-153.5256040	14.6596000	153.1900000	-4.5300000	1540.1588473	4.0576875
-153.5256040	15.1596000	153.1900000	-4.5300000	1544.1581725	4.0570000
-153.5256040	15.6596000	153.1900000	-4.5300000	1548.0885704	4.0566875
-153.5256040	16.1596000	153.1900000	-4.5300000	1551.9722411	4.0566875
-153.5256040	16.6596000	153.1900000	-4.5300000	1556.1912646	4.0560000
-153.5256040	17.1596000	153.1900000	-4.5300000	1560.3384716	4.0556875
-153.5256040	17.6596000	153.1900000	-4.5300000	1564.7014218	4.0550000
-153.5256040	18.1596000	153.1900000	-4.5300000	1568.9905514	4.0546875
-153.5256040	18.6596000	153.1900000	-4.5300000	1573.4950686	4.0540000
-153.5256040	19.1596000	153.1900000	-4.5300000	1577.9237158	4.0536875
-153.5256040	19.6596000	153.1900000	-4.5300000	1582.5674041	4.0530000
-153.5256040	20.1596000	153.1900000	-4.5300000	1587.1331306	4.0526875
-153.5256040	20.6596000	153.1900000	-4.5300000	1591.6435116	4.0526875
-153.5256040	21.1596000	153.1900000	-4.5300000	1596.4907655	4.0520000
-153.5256040	21.6596000	153.1900000	-4.5300000	1601.2568750	4.0516875
-153.5256040	22.1596000	153.1900000	-4.5300000	1605.9646183	4.0516875
-153.5256040	22.6596000	153.1900000	-4.5300000	1610.7364835	4.0516875
-153.5256040	23.1596000	153.1900000	-4.5300000	1615.5718199	4.0516875
-153.5256040	23.6596000	153.1900000	-4.5300000	1620.4699756	4.0516875
-153.5256040	24.1596000	153.1900000	-4.5300000	1625.4302973	4.0516875
-153.5256040	24.6596000	153.1900000	-4.5300000	1630.7288349	4.0510000
-153.5256040	25.1596000	153.1900000	-4.5300000	1635.8123876	4.0510000
-153.5256040	25.6596000	153.1900000	-4.5300000	1640.9561517	4.0510000
-153.5256040	26.1596000	153.1900000	-4.5300000	1646.2864698	4.0506875
-153.5256040	26.6596000	153.1900000	-4.5300000	1651.5490942	4.0506875
-153.0256040	14.6596000	153.1900000	-4.5300000	1552.9405249	4.0576875
-153.0256040	15.1596000	153.1900000	-4.5300000	1556.6288475	4.0576875
-153.0256040	15.6596000	153.1900000	-4.5300000	1560.7735020	4.0566875
-153.0256040	16.1596000	153.1900000	-4.5300000	1564.6055609	4.0566875
-153.0256040	16.6596000	153.1900000	-4.5300000	1568.7740206	4.0560000
-153.0256040	17.1596000	153.1900000	-4.5300000	1572.8684224	4.0556875
-153.0256040	17.6596000	153.1900000	-4.5300000	1577.1786658	4.0550000
-153.0256040	18.1596000	153.1900000	-4.5300000	1581.4128932	4.0546875
-153.0256040	18.6596000	153.1900000	-4.5300000	1585.8626338	4.0540000
-153.0256040	19.1596000	153.1900000	-4.5300000	1590.2343557	4.0536875
-153.0256040	19.6596000	153.1900000	-4.5300000	1594.8212709	4.0530000
-153.0256040	20.1596000	153.1900000	-4.5300000	1599.3281226	4.0526875
-153.0256040	20.6596000	153.1900000	-4.5300000	1603.7777482	4.0526875
-153.0256040	21.1596000	153.1900000	-4.5300000	1608.5653783	4.0520000
-153.0256040	21.6596000	153.1900000	-4.5300000	1613.2698330	4.0516875
-153.0256040	22.1596000	153.1900000	-4.5300000	1617.9141101	4.0516875
-153.0256040	22.6596000	153.1900000	-4.5300000	1622.6216469	4.0516875
-153.0256040	23.1596000	153.1900000	-4.5300000	1627.3918112	4.0516875
-153.0256040	23.6596000	153.1900000	-4.5300000	1632.2239688	4.0516875
-153.0256040	24.1596000	153.1900000	-4.5300000	1637.3953198	4.0510000
-153.0256040	24.6596000	153.1900000	-4.5300000	1642.3503978	4.0510000
-153.0256040	25.1596000	153.1900000	-4.5300000	1647.3655699	4.0510000
-153.0256040	25.6596000	153.1900000	-4.5300000	1652.4401979	4.0510000
-153.0256040	26.1596000	153.1900000	-4.5300000	1657.5736428	4.0510000
-153.0256040	26.6596000	153.1900000	-4.5300000	1662.7652656	4.0510000
-152.5256040	14.6596000	153.1900000	-4.5300000	1565.7353394	4.0576875
-152.5256040	15.1596000	153.1900000	-4.5300000	1569.3748451	4.0576875
-152.5256040	15.6596000	153.1900000	-4.5300000	1573.3514921	4.0570000
-152.5256040	16.1596000	153.1900000	-4.5300000	1577.2537052	4.0566875
-152.5256040	16.6596000	153.1900000	-4.5300000	1581.3721696	4.0560000
-152.5256040	17.1596000	153.1900000	-4.5300000	1585.4143340	4.0556875
-152.5256040	17.6596000	153.1900000	-4.5300000	1589.6724409	4.0550000
-152.5256040	18.1596000	153.1900000	-4.5300000	1593.8523348	4.0546875
-152.5256040	18.6596000	153.1900000	-4.5300000	1598.2478686	4.0540000
-152.5256040	19.1596000	153.1900000	-4.5300000	1602.5632320	4.0536875
-152.5256040	19.6596000	153.1900000	-4.5300000	1607.0939413	4.0530000
-152.5256040	20.1596000	153.1900000	-4.5300000	1611.5424810	4.0526875
-152.5256040	20.6596000	153.1900000	-4.5300000	1616.2060824	4.0520000
-152.5256040	21.1596000	153.1900000	-4.5300000	1620.7854761	4.0516875
-152.5256040	21.6596000	153.1900000	-4.5300000	1625.3038286	4.0516875
-152.5256040	22.1596000	153.1900000	-4.5300000	1629.8851866	4.0516875
-152.5256040	22.6596000	153.1900000	-4.5300000	1634.5289375	4.0516875
-152.5256040	23.1596000	153.1900000	-4.5300000	1639.2344666	4.0516875
-152.5256040	23.6596000	153.1900000	-4.5300000	1644.0011574	4.0516875
-152.5256040	24.1596000	153.1900000	-4.5300000	1649.1082148	4.0510000
-152.5256040	24.6596000	153.1900000	-4.5300000	1653.9962033	4.0510000
-152.5256040	25.1596000	153.1900000	-4.5300000	1658.9435060	4.0510000
-152.5256040	25.6596000	153.1900000	-4.5300000	1663.9495016	4.0510000
-152.5256040	26.1596000	153.1900000	-4.5300000	1669.0135680	4.0510000
-152.5256040	26.6596000	153.1900000	-4.5300000	1674.1350827	4.0510000
-152.0256040	14.6596000	153.1900000	-4.5300000	1578.5429569	4.0576875
-152.0256040	15.1596000	153.1900000	-4.5300000	1582.1341918	4.0576875
-152.0256040	15.6596000	153.1900000	-4.5300000	1586.0636063	4.0570000
-152.0256040	16.1596000	153.1900000	-4.5300000	1589.9163021	4.0566875
-152.0256040	16.6596000	153.1900000	-4.5300000	1593.7151907	4.0566875
-152.0256040	17.1596000	153.1900000	-4.5300000	1597.9758095	4.0556875
-152.0256040	17.6596000	153.1900000	-4.5300000	1602.1823376	4.0550000
-152.0256040	18.1596000	153.1900000	-4.5300000	1606.3084545	4.0546875
-152.0256040	18.6596000	153.1900000	-4.5300000	1610.6503392	4.0540000
-152.0256040	19.1596000	153.1900000	-4.5300000	1614.9098996	4.0536875
-152.0256040	19.6596000	153.1900000	-4.5300000	1619.3849582	4.0530000
-152.0256040	20.1596000	153.1900000	-4.5300000	1623.7757380	4.0526875
-152.0256040	20.6596000	153.1900000	-4.5300000	1628.3817561	4.0520000
-152.0256040	21.1596000	153.1900000	-4.5300000	1632.9015018	4.0516875
-152.0256040	21.6596000	153.1900000	-4.5300000	1637.3583611	4.0516875
-152.0256040	22.1596000	153.1900000	-4.5300000	1641.8773372	4.0516875
-152.0256040	22.6596000	153.1900000	-4.5300000	1646.4578346	4.0516875
-152.0256040	23.1596000	153.1900000	-4.5300000	1651.0992560	4.0516875
-152.0256040	23.6596000	153.1900000	-4.5300000	1656.0820079	4.0510000
-152.0256040	24.1596000	153.1900000	-4.5300000	1660.8442855	4.0510000
-152.0256040	24.6596000	153.1900000	-4.5300000	1665.3830621	4.0516875
-152.0256040	25.1596000	153.1900000	-4.5300000	1670.2621703	4.0516875
-152.0256040	25.6596000	153.1900000	-4.5300000	1675.1991913	4.0516875
-152.0256040	26.1596000	153.1900000	-4.5300000	1680.1935197	4.0516875
-152.0256040	26.6596000	153.1900000	-4.5300000	1685.2445492	4.0516875
-151.5256040	14.6596000	153.1900000	-4.5300000	1591.3630542	4.0576875
-151.5256040	15.1596000	153.1900000	-4.5300000	1594.9065515	4.0576875
-151.5256040	15.6596000	153.1900000	-4.5300000	1598.7892723	4.0570000
-151.5256040	16.1596000	153.1900000	-4.5300000	1602.5929906	4.0566875
-151.5256040	16.6596000	153.1900000	-4.5300000	1606.3408426	4.0566875
-151.5256040	17.1596000	153.1900000	-4.5300000	1610.4283743	4.0560000
-151.5256040	17.6596000	153.1900000	-4.5300000	1614.4342429	4.0556875
-151.5256040	18.1596000	153.1900000	-4.5300000	1618.7808429	4.0546875
-151.5256040	18.6596000	153.1900000	-4.5300000	1622.7944238	4.0546875
-151.5256040	19.1596000	153.1900000	-4.5300000	1627.2739254	4.0536875
-151.5256040	19.6596000	153.1900000	-4.5300000	1631.6938776	4.0530000
-151.5256040	20.1596000	153.1900000	-4.5300000	1636.0274380	4.0526875
-151.5256040	20.6596000	153.1900000	-4.5300000	1640.2981067	4.0526875
-151.5256040	21.1596000	153.1900000	-4.5300000	1644.9101754	4.0520000
-151.5256040	21.6596000	153.1900000	-4.5300000	1649.4329434	4.0516875
-151.5256040	22.1596000	153.1900000	-4.5300000	1653.8900644	4.0516875
-151.5256040	22.6596000	153.1900000	-4.5300000	1658.4078310	4.0516875
-151.5256040	23.1596000	153.1900000	-4.5300000	1662.9856625	4.0516875
-151.5256040	23.6596000	153.1900000	-4.5300000	1667.9059886	4.0510000
-151.5256040	24.1596000	153.1900000	-4.5300000	1672.3191877	4.0516875
-151.5256040	24.6596000	153.1900000	-4.5300000	1677.0737109	4.0516875
-151.5256040	25.1596000	153.1900000	-4.5300000	1681.8859586	4.0516875
-151.5256040	25.6596000	153.1900000	-4.5300000	1686.7553421	4.0516875
-151.5256040	26.1596000	153.1900000	-4.5300000	1691.6812722	4.0516875
-151.5256040	26.6596000	153.1900000	-4.5300000	1696.6631585	4.0516875
-151.0256040	14.6596000	153.1900000	-4.5300000	1604.1953176	4.0576875
-151.0256040	15.1596000	153.1900000	-4.5300000	1607.6915983	4.0576875
-151.0256040	15.6596000	153.1900000	-4.5300000	1611.2551099	4.0576875
-151.0256040	16.1596000	153.1900000	-4.5300000	1615.1589976	4.0570000
-151.0256040	16.6596000	153.1900000	-4.5300000	1618.9807647	4.0566875
-151.0256040	17.1596000	153.1900000	-4.5300000	1623.0188619	4.0560000
-151.0256040	17.6596000	153.1900000	-4.5300000	1626.9730756	4.0556875
-151.0256040	18.1596000	153.1900000	-4.5300000	1631.1433859	4.0550000
-151.0256040	18.6596000	153.1900000	-4.5300000	1635.2280057	4.0546875
-151.0256040	19.1596000	153.1900000	-4.5300000	1639.5284952	4.0540000
-151.0256040	19.6596000	153.1900000	-4.5300000	1643.7414457	4.0536875
-151.0256040	20.1596000	153.1900000	-4.5300000	1648.2971382	4.0526875
-151.0256040	20.6596000	153.1900000	-4.5300000	1652.5092214	4.0526875
-151.0256040	21.1596000	153.1900000	-4.5300000	1657.0638373	4.0520000
-151.0256040	21.6596000	153.1900000	-4.5300000	1661.5271009	4.0516875
-151.0256040	22.1596000	153.1900000	-4.5300000	1665.9228839	4.0516875
-151.0256040	22.6596000	153.1900000	-4.5300000	1670.3784326	4.0516875
-151.0256040	23.1596000	153.1900000	-4.5300000	1674.8931827	4.0516875
-151.0256040	23.6596000	153.1900000	-4.5300000	1679.4665677	4.0516875
-151.0256040	24.1596000	153.1900000	-4.5300000	1684.0980193	4.0516875
-151.0256040	24.6596000	153.1900000	-4.5300000	1688.7869675	4.0516875
-151.0256040	25.1596000	153.1900000	-4.5300000	1693.5328409	4.0516875
-151.0256040	25.6596000	153.1900000	-4.5300000	1698.3350667	4.0516875
-151.0256040	26.1596000	153.1900000	-4.5300000	1703.1930712	4.0516875
-151.0256040	26.6596000	153.1900000	-4.5300000	1708.1062797	4.0516875
-150.5256040	14.6596000	153.1900000	-4.5300000	1617.0394429	4.0576875
-150.5256040	15.1596000	153.1900000	-4.5300000	1620.4890161	4.0576875
-150.5256040	15.6596000	153.1900000	-4.5300000	1624.0047141	4.0576875
-150.5256040	16.1596000	153.1900000	-4.5300000	1627.8618501	4.0570000
-150.5256040	16.6596000	153.1900000	-4.5300000	1631.6346050	4.0566875
-150.5256040	17.1596000	153.1900000	-4.5300000	1635.3465961	4.0566875
-150.5256040	17.6596000	153.1900000	-4.5300000	1639.5268682	4.0556875
-150.5256040	18.1596000	153.1900000	-4.5300000	1643.3675446	4.0556875
-150.5256040	18.6596000	153.1900000	-4.5300000	1647.6775919	4.0546875
-150.5256040	19.1596000	153.1900000	-4.5300000	1651.9250313	4.0540000
-150.5256040	19.6596000	153.1900000	-4.5300000	1656.0827923	4.0536875
-150.5256040	20.1596000	153.1900000	-4.5300000	1660.4563690	4.0530000
-150.5256040	20.6596000	153.1900000	-4.5300000	1664.7384208	4.0526875
-150.5256040	21.1596000	153.1900000	-4.5300000	1669.2361004	4.0520000
-150.5256040	21.6596000	153.1900000	-4.5300000	1673.6403715	4.0516875
-150.5256040	22.1596000	153.1900000	-4.5300000	1677.9753235	4.0516875
-150.5256040	22.6596000	153.1900000	-4.5300000	1682.3691578	4.0516875
-150.5256040	23.1596000	153.1900000	-4.5300000	1686.8213256	4.0516875
-150.5256040	23.6596000	153.1900000	-4.5300000	1691.3312763	4.0516875
-150.5256040	24.1596000	153.1900000	-4.5300000	1695.8984574	4.0516875
-150.5256040	24.6596000	153.1900000	-4.5300000	1700.5223144	4.0516875
-150.5256040	25.1596000	153.1900000	-4.5300000	1705.2022915	4.0516875
-150.5256040	25.6596000	153.1900000	-4.5300000	1709.9378314	4.0516875
-150.5256040	26.1596000	153.1900000	-4.5300000	1714.7283755	4.0516875
-150.5256040	26.6596000	153.1900000	-4.5300000	1719.5733643	4.0516875
-150.0256040	14.6596000	153.1900000	-4.5300000	1629.8951348	4.0576875
-150.0256040	15.1596000	153.1900000	-4.5300000	1633.2984980	4.0576875
-150.0256040	15.6596000	153.1900000	-4.5300000	1636.7668829	4.0576875
-150.0256040	16.1596000	153.1900000	-4.5300000	1640.2998089	4.0576875
-150.0256040	16.6596000	153.1900000	-4.5300000	1644.1753636	4.0570000
-150.0256040	17.1596000	153.1900000	-4.5300000	1647.9634703	4.0566875
-150.0256040	17.6596000	153.1900000	-4.5300000	1651.9679665	4.0560000
-150.0256040	18.1596000	153.1900000	-4.5300000	1655.8833092	4.0556875
-150.0256040	18.6596000	153.1900000	-4.5300000	1660.0148542	4.0550000
-150.0256040	19.1596000	153.1900000	-4.5300000	1664.0554984	4.0546875
-150.0256040	19.6596000	153.1900000	-4.5300000	1668.4407774	4.0536875
-150.0256040	20.1596000	153.1900000	-4.5300000	1672.7598393	4.0530000
-150.0256040	20.6596000	153.1900000	-4.5300000	1676.9852753	4.0526875
-150.0256040	21.1596000	153.1900000	-4.5300000	1681.1412885	4.0526875
-150.0256040	21.6596000	153.1900000	-4.5300000	1685.6422923	4.0520000
-150.0256040	22.1596000	153.1900000	-4.5300000	1690.0469236	4.0516875
-150.0256040	22.6596000	153.1900000	-4.5300000	1694.3795371	4.0516875
-150.0256040	23.1596000	153.1900000	-4.5300000	1698.7696125	4.0516875
-150.0256040	23.6596000	153.1900000	-4.5300000	1703.2166144	4.0516875
-150.0256040	24.1596000	153.1900000	-4.5300000	1707.7200055	4.0516875
-150.0256040	24.6596000	153.1900000	-4.5300000	1712.2792468	4.0516875
-150.0256040	25.1596000	153.1900000	-4.5300000	1716.8937974	4.0516875
-150.0256040	25.6596000	153.1900000	-4.5300000	1721.5631151	4.0516875
-150.0256040	26.1596000	153.1900000	-4.5300000	1726.2866564	4.0516875
-150.0256040	26.6596000	153.1900000	-4.5300000	1730.9303706	4.0520000
-149.5256040	14.6596000	153.1900000	-4.5300000	1642.7621072	4.0576875
-149.5256040	15.1596000	153.1900000	-4.5300000	1646.1197461	4.0576875
-149.5256040	15.6596000	153.1900000	-4.5300000	1649.5413071	4.0576875
-149.5256040	16.1596000	153.1900000	-4.5300000	1653.0263242	4.0576875
-149.5256040	16.6596000	153.1900000	-4.5300000	1656.8550481	4.0570000
-149.5256040	17.1596000	153.1900000	-4.5300000	1660.5940849	4.0566875
-149.5256040	17.6596000	153.1900000	-4.5300000	1664.2675315	4.0566875
-149.5256040	18.1596000	153.1900000	-4.5300000	1668.4138128	4.0556875
-149.5256040	18.6596000	153.1900000	-4.5300000	1672.4943372	4.0550000
-149.5256040	19.1596000	153.1900000	-4.5300000	1676.4817981	4.0546875
-149.5256040	19.6596000	153.1900000	-4.5300000	1680.6854368	4.0540000
-149.5256040	20.1596000	153.1900000	-4.5300000	1684.7942644	4.0536875
-149.5256040	20.6596000	153.1900000	-4.5300000	1689.1191174	4.0530000
-149.5256040	21.1596000	153.1900000	-4.5300000	1693.3473742	4.0526875
-149.5256040	21.6596000	153.1900000	-4.5300000	1697.7915133	4.0520000
-149.5256040	22.1596000	153.1900000	-4.5300000	1702.0059610	4.0520000
-149.5256040	22.6596000	153.1900000	-4.5300000	1706.4091130	4.0516875
-149.5256040	23.1596000	153.1900000	-4.5300000	1710.7375765	4.0516875
-149.5256040	23.6596000	153.1900000	-4.5300000	1715.1221061	4.0516875
-149.5256040	24.1596000	153.1900000	-4.5300000	1719.5621792	4.0516875
-149.5256040	24.6596000	153.1900000	-4.5300000	1724.0572718	4.0516875
-149.5256040	25.1596000	153.1900000	-4.5300000	1728.6068576	4.0516875
-149.5256040	25.6596000	153.1900000	-4.5300000	1733.0767378	4.0520000
-149.5256040	26.1596000	153.1900000	-4.5300000	1737.7333669	4.0520000
-149.5256040	26.6596000	153.1900000	-4.5300000	1742.4428983	4.0520000
-149.0256040	14.6596000	153.1900000	-4.5300000	1655.5125818	4.0580000
-149.0256040	15.1596000	153.1900000	-4.5300000	1658.8247162	4.0580000
-149.0256040	15.6596000	153.1900000	-4.5300000	1662.3276864	4.0576875
-149.0256040	16.1596000	153.1900000	-4.5300000	1665.7652753	4.0576875
-149.0256040	16.6596000	153.1900000	-4.5300000	1669.2647816	4.0576875
-149.0256040	17.1596000	153.1900000	-4.5300000	1673.1092194	4.0570000
-149.0256040	17.6596000	153.1900000	-4.5300000	1676.8609520	4.0566875
-149.0256040	18.1596000	153.1900000	-4.5300000	1680.8291865	4.0560000
-149.0256040	18.6596000	153.1900000	-4.5300000	1684.7030649	4.0556875
-149.0256040	19.1596000	153.1900000	-4.5300000	1688.7933011	4.0550000
-149.0256040	19.6596000	153.1900000	-4.5300000	1692.7874908	4.0546875
-149.0256040	20.1596000	153.1900000	-4.5300000	1697.1287252	4.0536875
-149.0256040	20.6596000	153.1900000	-4.5300000	1701.3990901	4.0530000
-149.0256040	21.1596000	153.1900000	-4.5300000	1705.5707717	4.0526875
-149.0256040	21.6596000	153.1900000	-4.5300000	1709.6684537	4.0526875
-149.0256040	22.1596000	153.1900000	-4.5300000	1714.1136146	4.0520000
-149.0256040	22.6596000	153.1900000	-4.5300000	1718.4574393	4.0516875
-149.0256040	23.1596000	153.1900000	-4.5300000	1722.7247625	4.0516875
-149.0256040	23.6596000	153.1900000	-4.5300000	1727.0472873	4.0516875
-149.0256040	24.1596000	153.1900000	-4.5300000	1731.4245058	4.0516875
-149.0256040	24.6596000	153.1900000	-4.5300000	1735.8559082	4.0516875
-149.0256040	25.1596000	153.1900000	-4.5300000	1740.2067614	4.0520000
-149.0256040	25.6596000	153.1900000	-4.5300000	1744.7446449	4.0520000
-149.0256040	26.1596000	153.1900000	-4.5300000	1749.3351684	4.0520000
-149.0256040	26.6596000	153.1900000	-4.5300000	1753.6802721	4.0526875
-162.0256040	19.9863000	153.1900000	-4.5300000	1380.0092586	4.0566875
-161.3675990	17.7469010	153.1900000	-4.5300000	1371.7492821	4.0570000
-161.3148960	21.9563010	153.1900000	-4.5300000	1419.6271451	4.0546875
-161.0950010	23.9972000	153.1900000	-4.5300000	1449.8590681	4.0516875
-160.0475010	19.8234000	153.1900000	-4.5300000	1425.1134806	4.0566875
-159.6649930	22.1229990	153.1900000	-4.5300000	1459.7307518	4.0546875
-159.4010010	21.9710010	153.1900000	-4.5300000	1464.1930414	4.0546875
-158.9824980	15.5740000	153.1900000	-4.5300000	1409.9275656	4.0566875
-158.9331050	24.5737990	153.1900000	-4.5300000	1505.7582807	4.0510000
-158.9030000	21.2984010	153.1900000	-4.5300000	1468.5753492	4.0546875
-158.7601930	18.5646990	153.1900000	-4.5300000	1443.5544632	4.0560000
-158.1853940	22.6201990	153.1900000	-4.5300000	1499.9699499	4.0536875
-158.1795040	20.3778000	153.1900000	-4.5300000	1476.0223852	4.0550000
-157.9310000	21.6460000	153.1900000	-4.5300000	1495.4105848	4.0540000
-157.8591000	14.6596000	153.1900000	-4.5300000	1430.2273872	4.0570000
-157.7008060	16.3484000	153.1900000	-4.5300000	1448.7716693	4.0566875
-157.6275940	20.3461000	153.1900000	-4.5300000	1489.0152152	4.0546875
-157.2700040	21.1089990	153.1900000	-4.5300000	1505.5122494	4.0540000
-157.2272950	18.9848000	153.1900000	-4.5300000	1485.2457771	4.0550000
-156.9646000	24.3120990	153.1900000	-4.5300000	1547.4063264	4.0516875
-156.9320070	19.8327010	153.1900000	-4.5300000	1500.6746923	4.0546875
-156.8081970	18.4042000	153.1900000	-4.5300000	1489.7785324	4.0556875
-156.7559970	21.1360000	153.1900000	-4.5300000	1518.1391690	4.0536875
-156.6580050	20.8910010	153.1900000	-4.5300000	1518.0299282	4.0536875
-156.5101010	19.4776990	153.1900000	-4.5300000	1507.4816907	4.0546875
-156.4651030	18.7750000	153.1900000	-4.5300000	1501.9821312	4.0546875
-156.3876950	17.6149010	153.1900000	-4.5300000	1492.9675149	4.0556875
-156.2066040	16.1620010	153.1900000	-4.5300000	1484.5220609	4.0566875
-156.1670070	18.3010010	153.1900000	-4.5300000	1504.8302651	4.0550000
-155.9969940	20.7710000	153.1900000	-4.5300000	1532.6816851	4.0536875
-155.7729950	19.0790000	153.1900000	-4.5300000	1521.7100865	4.0546875
-155.7653050	26.7766990	153.1900000	-4.5300000	1602.3879940	4.0506875
-155.7149960	18.0002990	153.1900000	-4.5300000	1513.2753953	4.0550000
-155.7109990	20.0460000	153.1900000	-4.5300000	1532.6160020	4.0536875
-155.6793980	21.2055000	153.1900000	-4.5300000	1544.7922830	4.0530000
-155.6362000	22.2999000	153.1900000	-4.5300000	1556.7995162	4.0526875
-154.9944000	21.5070000	153.1900000	-4.5300000	1564.2269453	4.0526875
-154.9830020	19.6010000	153.1900000	-4.5300000	1546.1623395	4.0536875
-154.7973940	18.8031010	153.1900000	-4.5300000	1543.3917700	4.0540000
-154.6912990	17.1800990	153.1900000	-4.5300000	1531.3624725	4.0556875
-154.6177980	20.0889000	153.1900000	-4.5300000	1559.7926853	4.0530000
-154.4958950	18.4016990	153.1900000	-4.5300000	1547.0317041	4.0546875
-154.4828030	21.0019000	153.1900000	-4.5300000	1571.6788019	4.0526875
-154.3939970	19.2625010	153.1900000	-4.5300000	1557.5035663	4.0536875
-154.2518010	21.1686990	153.1900000	-4.5300000	1578.8088776	4.0526875
-154.0305020	17.9884000	153.1900000	-4.5300000	1555.0095548	4.0546875
-153.9922940	18.7976000	153.1900000	-4.5300000	1563.1646394	4.0540000
-153.9826970	21.5196990	153.1900000	-4.5300000	1588.8491986	4.0520000
-153.9674990	14.7313000	153.1900000	-4.5300000	1529.4114950	4.0576875
-153.9024050	19.9790990	153.1900000	-4.5300000	1576.2061065	4.0530000
-153.8681950	17.3153990	153.1900000	-4.5300000	1553.0436483	4.0556875
-153.7008060	17.2975010	153.1900000	-4.5300000	1557.0802290	4.0556875
-153.5032040	19.4951990	153.1900000	-4.5300000	1581.4022895	4.0536875
-153.2958980	18.8009000	153.1900000	-4.5300000	1580.4992376	4.0536875
-153.2920990	20.8925990	153.1900000	-4.5300000	1599.6902069	4.0520000
-153.2906040	17.9062000	153.1900000	-4.5300000	1572.7189983	4.0546875
-152.9812010	18.3018000	153.1900000	-4.5300000	1583.6976073	4.0546875
-152.7657930	25.5928000	153.1900000	-4.5300000	1657.7409767	4.0510000
-152.1324010	18.4814000	153.1900000	-4.5300000	1606.2652536	4.0546875
-151.6866000	14.6891000	153.1900000	-4.5300000	1587.4417959	4.0576875
-151.6376040	16.7378010	153.1900000	-4.5300000	1604.1054683	4.0566875
-150.9149930	18.9142000	153.1900000	-4.5300000	1640.2930197	4.0540000
-149.0009000	16.9890000	153.1900000	-4.5300000	1672.5129802	4.0570000
