-162.025604	14.659600	153.190000	-4.530000	1321.299882	4.069856	70.283498	70.283498	70.283498	4.069169	0.274757
-162.025604	15.159600	153.190000	-4.530000	1325.962525	4.069856	69.956383	69.956383	69.956383	4.068333	0.363710
-162.025604	15.659600	153.190000	-4.530000	1330.717052	4.069856	69.532632	69.532632	69.532632	4.066921	0.352264
-162.025604	16.159600	153.190000	-4.530000	1335.562437	4.069856	69.112270	69.112270	69.112270	4.065305	0.340621
-162.025604	16.659600	153.190000	-4.530000	1340.497647	4.069856	68.695321	68.695321	68.695321	4.064212	0.328681
-162.025604	17.159600	153.190000	-4.530000	1345.317184	4.070474	68.381805	68.381805	68.381805	4.060341	0.416327
-162.025604	17.659600	153.190000	-4.530000	1350.428157	4.070474	67.971741	67.971741	67.971741	4.058620	0.403747
-162.025604	18.159600	153.190000	-4.530000	1355.498795	4.070856	67.665144	67.665144	67.665144	4.053142	0.490848
-162.025604	18.659600	153.190000	-4.530000	1360.781618	4.070856	67.262028	67.262028	67.262028	4.050023	0.477521
-162.025604	19.159600	153.190000	-4.530000	1366.149037	4.070856	66.762405	66.762405	66.762405	4.049501	0.363937
-162.025604	19.659600	153.190000	-4.530000	1371.600007	4.070856	66.366285	66.366285	66.366285	4.043298	0.350013
-162.025604	20.159600	153.190000	-4.530000	1377.262537	4.070474	65.873673	65.873673	65.873673	4.041055	0.235645
-162.025604	20.659600	153.190000	-4.530000	1382.877995	4.070474	65.484577	65.484577	65.484577	4.035401	0.220990
-162.025604	21.159600	153.190000	-4.530000	1388.784912	4.069856	64.898998	64.898998	64.898998	4.037454	0.005974
-162.025604	21.659600	153.190000	-4.530000	1394.691770	4.069474	64.416939	64.416939	64.416939	4.036855	-0.109503
-162.025604	22.159600	153.190000	-4.530000	1400.759713	4.068856	63.938399	63.938399	63.938399	4.037206	-0.225297
-162.025604	22.659600	153.190000	-4.530000	1406.824858	4.068474	63.563376	63.563376	63.563376	4.034100	-0.241476
-162.025604	23.159600	153.190000	-4.530000	1413.049799	4.067856	63.191866	63.191866	63.191866	4.032100	-0.258131
-162.025604	23.659600	153.190000	-4.530000	1419.269196	4.067474	62.823864	62.823864	62.823864	4.031082	-0.275134
-162.025604	24.159600	153.190000	-4.530000	1425.780866	4.066474	62.359361	62.359361	62.359361	4.036538	-0.392544
-162.025604	24.659600	153.190000	-4.530000	1432.234626	4.065856	61.998349	61.998349	61.998349	4.037617	-0.410448
-162.025604	25.159600	153.190000	-4.530000	1438.678706	4.065474	61.640818	61.640818	61.640818	4.039159	-0.428732
-162.025604	25.659600	153.190000	-4.530000	1445.279531	4.064856	61.286756	61.286756	61.286756	4.040152	-0.447445
-162.025604	26.159600	153.190000	-4.530000	1451.731678	4.064856	61.136150	61.136150	61.136150	4.039132	-0.266670
-162.025604	26.659600	153.190000	-4.530000	1458.389925	4.064474	60.888985	60.888985	60.888985	4.040862	-0.186306
-161.525604	14.659600	153.190000	-4.530000	1333.757692	4.069856	70.602588	70.602588	70.602588	4.070088	0.322408
-161.525604	15.159600	153.190000	-4.530000	1338.359350	4.069856	70.178736	70.178736	70.178736	4.068136	0.308670
-161.525604	15.659600	153.190000	-4.530000	1343.051752	4.069856	69.858136	69.858136	69.858136	4.067309	0.394649
-161.525604	16.159600	153.190000	-4.530000	1347.833905	4.069856	69.440812	69.440812	69.440812	4.064991	0.380425
-161.525604	16.659600	153.190000	-4.530000	1352.704808	4.069856	69.026787	69.026787	69.026787	4.063320	0.365790
-161.525604	17.159600	153.190000	-4.530000	1357.457151	4.070474	68.616083	68.616083	68.716083	4.061487	0.350850
-161.525604	17.659600	153.190000	-4.530000	1362.501773	4.070474	68.308717	68.308717	68.308717	4.056891	0.435678
-161.525604	18.159600	153.190000	-4.530000	1367.632111	4.070474	67.904707	67.904707	67.904707	4.055043	0.420079
-161.525604	18.659600	153.190000	-4.530000	1372.718507	4.070856	67.504065	67.504065	67.504065	4.052550	0.404154
-161.525604	19.159600	153.190000	-4.530000	1378.016738	4.070856	67.106805	67.106805	67.106805	4.047443	0.387968
-161.525604	19.659600	153.190000	-4.530000	1383.527276	4.070474	66.612936	66.612936	66.612936	4.045818	0.271338
-161.525604	20.159600	153.190000	-4.530000	1388.990329	4.070474	66.222467	66.222467	66.222467	4.040850	0.254360
-161.525604	20.659600	153.190000	-4.530000	1394.745965	4.069856	65.635403	65.635403	65.635403	4.042613	0.037091
-161.525604	21.159600	153.190000	-4.530000	1400.370136	4.069856	65.251749	65.251749	65.251749	4.037036	0.019363
-161.525604	21.659600	153.190000	-4.530000	1406.204729	4.069474	64.771507	64.771507	64.771507	4.036553	-0.098736
-161.525604	22.159600	153.190000	-4.530000	1412.200320	4.068856	64.294677	64.294677	64.294677	4.037386	-0.217156
-161.525604	22.659600	153.190000	-4.530000	1418.191715	4.068474	63.921258	63.921258	63.921258	4.035036	-0.236053
-161.525604	23.159600	153.190000	-4.530000	1424.342865	4.067856	63.551248	63.551248	63.551248	4.033014	-0.255342
-161.525604	23.659600	153.190000	-4.530000	1430.704703	4.066856	63.084642	63.084642	63.084642	4.036678	-0.374984
-161.525604	24.159600	153.190000	-4.530000	1436.924727	4.066474	62.721434	62.721434	62.721434	4.037556	-0.395120
-161.525604	24.659600	153.190000	-4.530000	1443.302727	4.065856	62.361616	62.361616	62.361616	4.038483	-0.415672
-161.525604	25.159600	153.190000	-4.530000	1449.669799	4.065474	62.005179	62.005179	62.005179	4.039406	-0.436606
-161.525604	25.659600	153.190000	-4.530000	1456.193683	4.064856	61.652113	61.652113	61.652113	4.040823	-0.458053
-161.525604	26.159600	153.190000	-4.530000	1462.566682	4.064856	61.502405	61.502405	61.502405	4.041290	-0.279939
-161.525604	26.659600	153.190000	-4.530000	1469.146281	4.064474	61.256043	61.256043	61.256043	4.042488	-0.202239
-161.025604	14.659600	153.190000	-4.530000	1346.236278	4.069856	70.817324	70.817324	70.817324	4.070518	0.269672
-161.025604	15.159600	153.190000	-4.530000	1350.777779	4.069856	70.496690	70.496690	70.496690	4.070167	0.353353
-161.025604	15.659600	153.190000	-4.530000	1355.408884	4.069856	70.079198	70.079198	70.079198	4.067115	0.336747
-161.025604	16.159600	153.190000	-4.530000	1360.128630	4.069856	69.664873	69.664873	69.664873	4.064627	0.319823
-161.025604	16.659600	153.190000	-4.530000	1364.936049	4.069856	69.253738	69.253738	69.253738	4.062783	0.302597
-161.025604	17.159600	153.190000	-4.530000	1369.830167	4.069856	68.845814	68.845814	68.845814	4.061465	0.285061
-161.025604	17.659600	153.190000	-4.530000	1374.601095	4.070474	68.541119	68.541119	68.541119	4.058353	0.367184
-161.025604	18.159600	153.190000	-4.530000	1379.664910	4.070474	68.139670	68.139670	68.139670	4.055872	0.348983
-161.025604	18.659600	153.190000	-4.530000	1384.812471	4.070474	67.741482	67.741482	67.741482	4.052218	0.330452
-161.025604	19.159600	153.190000	-4.530000	1390.042795	4.070474	67.346567	67.346567	67.346567	4.048303	0.311555
-161.025604	19.659600	153.190000	-4.530000	1395.354895	4.070474	66.954936	66.954936	66.954936	4.044478	0.292312
-161.025604	20.159600	153.190000	-4.530000	1400.747784	4.070474	66.466597	66.466597	66.566597	4.042692	0.172716
-161.025604	20.659600	153.190000	-4.530000	1406.434194	4.069856	65.981558	65.981558	65.981558	4.041575	0.052731
-161.025604	21.159600	153.190000	-4.530000	1411.986545	4.069856	65.599822	65.599822	65.599822	4.037622	0.032378
-161.025604	21.659600	153.190000	-4.530000	1417.749618	4.069474	65.121394	65.121394	65.121394	4.037271	-0.088351
-161.025604	22.159600	153.190000	-4.530000	1423.673591	4.068856	64.746275	64.646275	64.746275	4.034604	-0.109494
-161.025604	22.659600	153.190000	-4.530000	1429.591957	4.068474	64.274464	64.274464	64.274464	4.035670	-0.231028
-161.025604	23.159600	153.190000	-4.530000	1435.670025	4.067856	63.905959	63.905959	63.905959	4.034027	-0.252960
-161.025604	23.659600	153.190000	-4.530000	1441.959140	4.066856	63.440758	63.440758	63.440758	4.037194	-0.375331
-161.025604	24.159600	153.190000	-4.530000	1448.104058	4.066474	63.078855	63.078855	63.078855	4.038470	-0.398116
-161.025604	24.659600	153.190000	-4.530000	1454.406963	4.065856	62.720243	62.720243	62.720243	4.039541	-0.421323
-161.025604	25.159600	153.190000	-4.530000	1460.697677	4.065474	62.464915	62.464915	62.464915	4.039062	-0.344994
-161.025604	25.659600	153.190000	-4.530000	1467.145253	4.064856	62.012862	62.012862	62.012862	4.041673	-0.469104
-161.025604	26.159600	153.190000	-4.530000	1473.578003	4.064474	61.764072	61.764072	61.764072	4.043009	-0.393658
-161.025604	26.659600	153.190000	-4.530000	1479.941269	4.064474	61.618535	61.618535	61.618535	4.044125	-0.218703
-160.525604	14.659600	153.190000	-4.530000	1358.735057	4.069856	71.127816	71.127816	71.127816	4.071593	0.317020
-160.525604	15.159600	153.190000	-4.530000	1363.217210	4.069856	70.710353	70.710353	70.710353	4.069081	0.298108
-160.525604	15.659600	153.190000	-4.530000	1367.787826	4.069856	70.295927	70.295927	70.295927	4.066616	0.278791
-160.525604	16.159600	153.190000	-4.530000	1372.445972	4.069856	69.984561	69.984561	69.984561	4.064607	0.359266
-160.525604	16.659600	153.190000	-4.530000	1377.190710	4.069856	69.576280	69.576280	69.576280	4.062022	0.339436
-160.525604	17.159600	153.190000	-4.530000	1382.021097	4.069856	69.171104	69.171104	69.171104	4.059545	0.319184
-160.525604	17.659600	153.190000	-4.530000	1386.936187	4.069856	68.769051	68.769051	68.769051	4.057136	0.298697
-160.525604	18.159600	153.190000	-4.530000	1391.723513	4.070474	68.470139	68.470139	68.470139	4.052604	0.377881
-160.525604	18.659600	153.190000	-4.530000	1396.804381	4.070474	68.074382	68.074382	68.074382	4.049586	0.356627
-160.525604	19.159600	153.190000	-4.530000	1401.967078	4.070474	67.681794	67.581794	67.681794	4.045621	0.335109
-160.525604	19.659600	153.190000	-4.530000	1407.210649	4.070474	67.192384	67.192384	67.192384	4.044609	0.213240
-160.525604	20.159600	153.190000	-4.530000	1412.748813	4.069856	66.706164	66.706164	66.806164	4.042989	0.090916
-160.525604	20.659600	153.190000	-4.530000	1418.152075	4.069856	66.323139	66.323139	66.323139	4.039874	0.068298
-160.525604	21.159600	153.190000	-4.530000	1423.766792	4.069474	65.843315	65.843315	65.843315	4.038568	-0.054693
-160.525604	21.659600	153.190000	-4.530000	1429.542916	4.068856	65.466697	65.466697	65.466697	4.036138	-0.078156
-160.525604	22.159600	153.190000	-4.530000	1435.178711	4.068856	65.093287	64.993287	65.093287	4.034640	-0.101944
-160.525604	22.659600	153.190000	-4.530000	1441.024757	4.068474	64.623084	64.623084	64.623084	4.035588	-0.226128
-160.525604	23.159600	153.190000	-4.530000	1447.166148	4.067474	64.156089	64.156089	64.156089	4.036520	-0.350801
-160.525604	23.659600	153.190000	-4.530000	1453.247523	4.066856	63.792299	63.792299	63.792299	4.037917	-0.375829
-160.525604	24.159600	153.190000	-4.530000	1459.318005	4.066474	63.531709	63.531709	63.531709	4.037114	-0.301277
-160.525604	24.659600	153.190000	-4.530000	1465.546472	4.065856	63.074315	63.074315	63.074315	4.040093	-0.427232
-160.525604	25.159600	153.190000	-4.530000	1471.761469	4.065474	62.820110	62.820110	62.820110	4.040380	-0.353573
-160.525604	25.659600	153.190000	-4.530000	1478.133367	4.064856	62.469084	62.469084	62.469084	4.041887	-0.380357
-160.525604	26.159600	153.190000	-4.530000	1484.489213	4.064474	62.121230	62.121230	62.121230	4.043629	-0.407668
-160.525604	26.659600	153.190000	-4.530000	1490.774001	4.064474	61.976536	61.976536	61.976536	4.045858	-0.235396
-160.025604	14.659600	153.190000	-4.530000	1371.045090	4.070474	71.134168	71.134168	71.134168	4.066328	0.064093
-160.025604	15.159600	153.190000	-4.530000	1375.677059	4.069856	70.919831	70.919831	70.919831	4.067524	0.242464
-160.025604	15.659600	153.190000	-4.530000	1380.187976	4.069856	70.608427	70.608427	70.608427	4.066650	0.320542
-160.025604	16.159600	153.190000	-4.530000	1384.785311	4.069856	70.199982	70.199982	70.199982	4.063587	0.298409
-160.025604	16.659600	153.190000	-4.530000	1389.468155	4.069856	69.794518	69.794518	69.794518	4.060645	0.275856
-160.025604	17.159600	153.190000	-4.530000	1394.235595	4.069856	69.392057	69.392057	69.392057	4.058446	0.252989
-160.025604	17.659600	153.190000	-4.530000	1399.086713	4.069856	69.092617	69.092617	69.092617	4.054578	0.329882
-160.025604	18.159600	153.190000	-4.530000	1404.020587	4.069856	68.696215	68.696215	68.696215	4.051742	0.306340
-160.025604	18.659600	153.190000	-4.530000	1409.036291	4.069856	68.302866	68.302866	68.302866	4.048815	0.282460
-160.025604	19.159600	153.190000	-4.530000	1414.132900	4.069856	67.912584	67.912584	67.912584	4.045829	0.258311
-160.025604	19.659600	153.190000	-4.530000	1419.309483	4.069856	67.525380	67.525380	67.525380	4.042449	0.233709
-160.025604	20.159600	153.190000	-4.530000	1424.565110	4.069856	67.041263	67.041263	67.041263	4.041126	0.108748
-160.025604	20.659600	153.190000	-4.530000	1429.898849	4.069856	66.660241	66.660241	66.660241	4.038594	0.083489
-160.025604	21.159600	153.190000	-4.530000	1435.444309	4.069474	66.182321	66.182321	66.182321	4.037019	-0.042241
-160.025604	21.659600	153.190000	-4.530000	1441.151037	4.068856	65.807508	65.807508	65.807508	4.035468	-0.068354
-160.025604	22.159600	153.190000	-4.530000	1446.850530	4.068474	65.335803	65.335803	65.335803	4.035553	-0.194795
-160.025604	22.659600	153.190000	-4.530000	1452.710170	4.067856	64.967209	64.967209	64.967209	4.035039	-0.221723
-160.025604	23.159600	153.190000	-4.530000	1458.560075	4.067474	64.601726	64.601726	64.601726	4.035676	-0.249058
-160.025604	23.659600	153.190000	-4.530000	1464.569029	4.066856	64.239351	64.239351	64.239351	4.036669	-0.276751
-160.025604	24.159600	153.190000	-4.530000	1470.565735	4.066474	63.880082	63.880082	63.880082	4.038397	-0.304951
-160.025604	24.659600	153.190000	-4.530000	1476.720416	4.065856	63.523914	63.523914	63.523914	4.039680	-0.333580
-160.025604	25.159600	153.190000	-4.530000	1482.860329	4.065474	63.170842	63.170842	63.170842	4.040909	-0.362599
-160.025604	25.659600	153.190000	-4.530000	1489.157169	4.064856	62.820859	62.820859	62.820859	4.042501	-0.392143
-160.025604	26.159600	153.190000	-4.530000	1495.436715	4.064474	62.473955	62.473955	62.473955	4.043755	-0.422140
-160.025604	26.659600	153.190000	-4.530000	1501.643612	4.064474	62.330122	62.330122	62.330122	4.046256	-0.252558
-159.525604	14.659600	153.190000	-4.530000	1383.580673	4.070474	71.336484	71.336484	71.336484	4.065632	0.010776
-159.525604	15.159600	153.190000	-4.530000	1388.156762	4.069856	71.225224	71.225224	71.225224	4.068005	0.286536
-159.525604	15.659600	153.190000	-4.530000	1392.608753	4.069856	70.816800	70.816800	70.816800	4.064890	0.262000
-159.525604	16.159600	153.190000	-4.530000	1397.146048	4.069856	70.411235	70.411235	70.411235	4.062106	0.237139
-159.525604	16.659600	153.190000	-4.530000	1401.767769	4.069856	70.008553	70.008553	70.008553	4.058569	0.211966
-159.525604	17.159600	153.190000	-4.530000	1406.473028	4.069856	69.708773	69.708773	69.708773	4.056425	0.286475
-159.525604	17.659600	153.190000	-4.530000	1411.260937	4.069856	69.311915	69.311915	69.311915	4.052904	0.260635
-159.525604	18.159600	153.190000	-4.530000	1416.130602	4.069856	68.917996	68.917996	68.917996	4.049957	0.234462
-159.525604	18.659600	153.190000	-4.530000	1421.081126	4.069856	68.627032	68.627032	68.627032	4.047072	0.307947
-159.525604	19.159600	153.190000	-4.530000	1426.111609	4.069856	68.139035	68.139035	68.239035	4.043981	0.181060
-159.525604	19.659600	153.190000	-4.530000	1431.221149	4.069856	67.754017	67.754017	67.754017	4.041413	0.153817
-159.525604	20.159600	153.190000	-4.530000	1436.408842	4.069856	67.371989	67.371989	67.371989	4.039277	0.126209
-159.525604	20.659600	153.190000	-4.530000	1441.808920	4.069474	66.992958	66.992958	66.992958	4.037270	0.098206
-159.525604	21.159600	153.190000	-4.530000	1447.150704	4.069474	66.516932	66.516932	66.516932	4.035894	-0.030177
-159.525604	21.659600	153.190000	-4.530000	1452.788748	4.068856	66.143916	66.143916	66.143916	4.034616	-0.058947
-159.525604	22.159600	153.190000	-4.530000	1458.418075	4.068474	65.773913	65.673913	65.773913	4.034487	-0.088138
-159.525604	22.659600	153.190000	-4.530000	1464.207445	4.067856	65.306926	65.306926	65.306926	4.034728	-0.217732
-159.525604	23.159600	153.190000	-4.530000	1469.985658	4.067474	64.942954	64.942954	64.942954	4.036077	-0.247735
-159.525604	23.659600	153.190000	-4.530000	1475.922856	4.066856	64.581998	64.581998	64.581998	4.037236	-0.278186
-159.525604	24.159600	153.190000	-4.530000	1481.846441	4.066474	64.224055	64.224055	64.224055	4.039144	-0.309062
-159.525604	24.659600	153.190000	-4.530000	1487.927975	4.065856	63.869122	63.869122	63.869122	4.040432	-0.340373
-159.525604	25.159600	153.190000	-4.530000	1493.993432	4.065474	63.517193	63.517193	63.517193	4.041733	-0.372156
-159.525604	25.659600	153.190000	-4.530000	1500.215827	4.064856	63.168262	63.168262	63.168262	4.043206	-0.404389
-159.525604	26.159600	153.190000	-4.530000	1506.278305	4.064856	63.022323	63.022323	63.022323	4.046801	-0.237080
-159.525604	26.659600	153.190000	-4.530000	1512.549257	4.064474	62.679366	62.679366	62.679366	4.047081	-0.270270
-159.025604	14.659600	153.190000	-4.530000	1396.134810	4.070474	71.534861	71.534861	71.534861	4.064725	-0.042475
-159.025604	15.159600	153.190000	-4.530000	1400.442935	4.070474	71.226633	71.226633	71.226633	4.064107	0.030662
-159.025604	15.659600	153.190000	-4.530000	1405.049595	4.069856	71.021145	71.021145	71.021145	4.063592	0.203387
-159.025604	16.159600	153.190000	-4.530000	1409.527605	4.069856	70.618420	70.618420	70.618420	4.060232	0.175897
-159.025604	16.659600	153.190000	-4.530000	1414.088954	4.069856	70.218481	70.218481	70.218481	4.057126	0.148091
-159.025604	17.159600	153.190000	-4.530000	1418.732784	4.069856	69.921349	69.921349	69.921349	4.054562	0.219855
-159.025604	17.659600	153.190000	-4.530000	1423.458232	4.069856	69.527043	69.527043	69.527043	4.050955	0.191376
-159.025604	18.159600	153.190000	-4.530000	1428.264432	4.069856	69.235579	69.235579	69.235579	4.047653	0.262558
-159.025604	18.659600	153.190000	-4.530000	1433.150514	4.069856	68.846974	68.846974	68.846974	4.044580	0.233294
-159.025604	19.159600	153.190000	-4.530000	1438.115604	4.069856	68.461240	68.461240	68.461240	4.041519	0.203757
-159.025604	19.659600	153.190000	-4.530000	1443.294105	4.069474	68.078390	68.078390	68.078390	4.039177	0.173859
-159.025604	20.159600	153.190000	-4.530000	1448.415063	4.069474	67.698434	67.698434	67.698434	4.037455	0.143497
-159.025604	20.659600	153.190000	-4.530000	1453.612406	4.069474	67.321381	67.321381	67.321381	4.035659	0.112831
-159.025604	21.159600	153.190000	-4.530000	1459.107028	4.068856	66.847238	66.847238	66.847238	4.034635	-0.018218
-159.025604	21.659600	153.190000	-4.530000	1464.455309	4.068856	66.476011	66.476011	66.476011	4.034182	-0.049749
-159.025604	22.159600	153.190000	-4.530000	1470.015159	4.068474	66.107704	66.107704	66.107704	4.034037	-0.081613
-159.025604	22.659600	153.190000	-4.530000	1475.734939	4.067856	65.642319	65.642319	65.642319	4.034968	-0.213884
-159.025604	23.159600	153.190000	-4.530000	1481.442126	4.067474	65.279859	65.279859	65.279859	4.035983	-0.246656
-159.025604	23.659600	153.190000	-4.530000	1487.308226	4.066856	64.920323	64.920323	64.920323	4.037936	-0.279791
-159.025604	24.159600	153.190000	-4.530000	1493.159332	4.066474	64.563709	64.563709	64.563709	4.040082	-0.313357
-159.025604	24.659600	153.190000	-4.530000	1499.168355	4.065856	64.210015	64.210015	64.210015	4.041480	-0.347443
-159.025604	25.159600	153.190000	-4.530000	1505.159972	4.065474	63.959238	63.959238	63.959238	4.043621	-0.281922
-159.025604	25.659600	153.190000	-4.530000	1511.308532	4.064856	63.511370	63.511370	63.511370	4.044434	-0.416857
-159.025604	26.159600	153.190000	-4.530000	1517.294865	4.064856	63.366407	63.366407	63.366407	4.048143	-0.252331
-159.025604	26.659600	153.190000	-4.530000	1523.490113	4.064474	63.024341	63.024341	63.024341	4.048795	-0.288230
-158.525604	14.659600	153.190000	-4.530000	1408.706991	4.070474	71.829396	71.829396	71.829396	4.065386	0.003992
-158.525604	15.159600	153.190000	-4.530000	1412.958831	4.070474	71.424153	71.424153	71.424153	4.062368	-0.025616
-158.525604	15.659600	153.190000	-4.530000	1417.509958	4.069856	71.221557	71.221557	71.221557	4.062170	0.144474
-158.525604	16.159600	153.190000	-4.530000	1421.929421	4.069856	70.821631	70.821631	70.821631	4.058316	0.114345
-158.525604	16.659600	153.190000	-4.530000	1426.431135	4.069856	70.424399	70.424399	70.424399	4.055448	0.083789
-158.525604	17.159600	153.190000	-4.530000	1431.014271	4.069856	70.129880	70.129880	70.129880	4.052501	0.152909
-158.525604	17.659600	153.190000	-4.530000	1435.677990	4.069856	69.838094	69.738094	69.838094	4.048608	0.221780
-158.525604	18.159600	153.190000	-4.530000	1440.556474	4.069474	69.449057	69.449057	69.449057	4.045689	0.190208
-158.525604	18.659600	153.190000	-4.530000	1445.379290	4.069474	69.162785	69.162785	69.162785	4.042404	0.258288
-158.525604	19.159600	153.190000	-4.530000	1450.280166	4.069474	68.779291	68.779291	68.779291	4.039930	0.226091
-158.525604	19.659600	153.190000	-4.530000	1455.258253	4.069474	68.398588	68.398588	68.398588	4.037713	0.193432
-158.525604	20.159600	153.190000	-4.530000	1460.534692	4.068856	68.020687	68.020687	68.020687	4.036058	0.160403
-158.525604	20.659600	153.190000	-4.530000	1465.665421	4.068856	67.645597	67.645597	67.645597	4.034653	0.127068
-158.525604	21.159600	153.190000	-4.530000	1470.870811	4.068856	67.273325	67.273325	67.273325	4.034034	0.093252
-158.525604	21.659600	153.190000	-4.530000	1476.288410	4.068474	66.803878	66.803878	66.803878	4.033597	-0.040957
-158.525604	22.159600	153.190000	-4.530000	1481.866346	4.067856	66.437259	66.437259	66.437259	4.034113	-0.075502
-158.525604	22.659600	153.190000	-4.530000	1487.291914	4.067856	66.073473	66.073473	66.073473	4.034878	-0.110547
-158.525604	23.159600	153.190000	-4.530000	1492.928732	4.067474	65.712522	65.712522	65.712522	4.036363	-0.146008
-158.525604	23.659600	153.190000	-4.530000	1498.724381	4.066856	65.354405	65.354405	65.354405	4.038503	-0.181836
-158.525604	24.159600	153.190000	-4.530000	1504.503644	4.066474	64.999123	64.999123	64.999123	4.041230	-0.218182
-158.525604	24.659600	153.190000	-4.530000	1510.440779	4.065856	64.646674	64.646674	64.646674	4.043236	-0.254969
-158.525604	25.159600	153.190000	-4.530000	1516.359168	4.065474	64.297053	64.297053	64.297053	4.045647	-0.292153
-158.525604	25.659600	153.190000	-4.530000	1522.434491	4.064856	63.950258	63.950258	63.950258	4.046665	-0.329876
-158.525604	26.159600	153.190000	-4.530000	1528.345262	4.064856	63.706281	63.706281	63.706281	4.048858	-0.268063
-158.525604	26.659600	153.190000	-4.530000	1534.465376	4.064474	63.365118	63.365118	63.365118	4.049431	-0.306679
-158.025604	14.659600	153.190000	-4.530000	1421.163543	4.070856	71.920182	71.920182	71.920182	4.062119	-0.149935
-158.025604	15.159600	153.190000	-4.530000	1425.492999	4.070474	71.617876	71.617876	71.617876	4.060785	-0.082184
-158.025604	15.659600	153.190000	-4.530000	1429.989318	4.069856	71.418128	71.418128	71.418128	4.060603	0.085262
-158.025604	16.159600	153.190000	-4.530000	1434.350954	4.069856	71.020961	71.020961	71.020961	4.057137	0.052376
-158.025604	16.659600	153.190000	-4.530000	1438.793755	4.069856	70.626397	70.626397	70.626397	4.054318	0.019169
-158.025604	17.159600	153.190000	-4.530000	1443.316914	4.069856	70.334457	70.334457	70.334457	4.051080	0.085634
-158.025604	17.659600	153.190000	-4.530000	1448.055344	4.069474	70.045158	70.045158	70.045158	4.047567	0.151744
-158.025604	18.159600	153.190000	-4.530000	1452.737224	4.069474	69.658519	69.658519	69.658519	4.044228	0.117510
-158.025604	18.659600	153.190000	-4.530000	1457.497025	4.069474	69.374553	69.374553	69.374553	4.040985	0.182926
-158.025604	19.159600	153.190000	-4.530000	1462.556229	4.068856	68.993277	68.993277	68.993277	4.038320	0.147962
-158.025604	19.659600	153.190000	-4.530000	1467.470153	4.068856	68.614701	68.614701	68.614701	4.036160	0.112631
-158.025604	20.159600	153.190000	-4.530000	1472.459536	4.068856	68.338836	68.338836	68.338836	4.034356	0.176927
-158.025604	20.659600	153.190000	-4.530000	1477.523549	4.068856	67.965693	67.965693	67.965693	4.033457	0.140819
-158.025604	21.159600	153.190000	-4.530000	1482.800376	4.068474	67.595278	67.595278	67.595278	4.033054	0.104320
-158.025604	21.659600	153.190000	-4.530000	1488.011645	4.068474	67.127600	67.127600	67.227600	4.033162	-0.032575
-158.025604	22.159600	153.190000	-4.530000	1493.522119	4.067856	66.762662	66.762662	66.762662	4.033792	-0.069899
-158.025604	22.659600	153.190000	-4.530000	1499.018220	4.067474	66.400468	66.400468	66.400468	4.034877	-0.107637
-158.025604	23.159600	153.190000	-4.530000	1504.444747	4.067474	66.041022	66.041022	66.041022	4.036860	-0.145796
-158.025604	23.659600	153.190000	-4.530000	1510.170584	4.066856	65.684324	65.684324	65.684324	4.039345	-0.184410
-158.025604	24.159600	153.190000	-4.530000	1515.878629	4.066474	65.330374	65.330374	65.330374	4.041831	-0.223461
-158.025604	24.659600	153.190000	-4.530000	1521.744492	4.065856	64.979171	64.979171	64.979171	4.044540	-0.262957
-158.025604	25.159600	153.190000	-4.530000	1527.590255	4.065474	64.630713	64.630713	64.630713	4.046693	-0.302934
-158.025604	25.659600	153.190000	-4.530000	1533.359606	4.065474	64.384996	64.384996	64.384996	4.048895	-0.243373
-158.025604	26.159600	153.190000	-4.530000	1539.428717	4.064856	64.042015	64.042015	64.042015	4.049985	-0.284282
-158.025604	26.659600	153.190000	-4.530000	1545.329231	4.064856	63.901765	63.901765	63.901765	4.054564	-0.125698
-157.525604	14.659600	153.190000	-4.530000	1433.769173	4.070856	72.107307	72.107307	72.107307	4.060260	-0.203814
-157.525604	15.159600	153.190000	-4.530000	1438.044949	4.070474	71.807892	71.807892	71.807892	4.059287	-0.138717
-157.525604	15.659600	153.190000	-4.530000	1442.487167	4.069856	71.610949	71.610949	71.610949	4.058387	0.025961
-157.525604	16.159600	153.190000	-4.530000	1446.791681	4.069856	71.216499	71.216499	71.216499	4.055525	-0.009585
-157.525604	16.659600	153.190000	-4.530000	1451.176272	4.069856	70.824566	70.824566	70.824566	4.052884	-0.045456
-157.525604	17.159600	153.190000	-4.530000	1455.776606	4.069474	70.535168	70.535168	70.535168	4.049865	0.018236
-157.525604	17.659600	153.190000	-4.530000	1460.319428	4.069474	70.248325	70.248325	70.248325	4.046167	0.081676
-157.525604	18.159600	153.190000	-4.530000	1465.162675	4.068856	69.964053	69.964053	69.964053	4.042695	0.144768
-157.525604	18.659600	153.190000	-4.530000	1469.860872	4.068856	69.582368	69.582368	69.582368	4.039735	0.107405
-157.525604	19.159600	153.190000	-4.530000	1474.635216	4.068856	69.303283	69.303283	69.303283	4.036573	0.169761
-157.525604	19.659600	153.190000	-4.530000	1479.484907	4.068856	68.926812	68.926812	68.926812	4.034691	0.131746
-157.525604	20.159600	153.190000	-4.530000	1484.548319	4.068474	68.552965	68.552965	68.552965	4.033445	0.093258
-157.525604	20.659600	153.190000	-4.530000	1489.546760	4.068474	68.281752	68.281752	68.281752	4.032723	0.154458
-157.525604	21.159600	153.190000	-4.530000	1494.618138	4.068474	67.913181	67.913181	67.913181	4.032534	0.115265
-157.525604	21.659600	153.190000	-4.530000	1499.989693	4.067856	67.547259	67.547259	67.547259	4.032992	0.075579
-157.525604	22.159600	153.190000	-4.530000	1505.205313	4.067856	67.183992	67.183992	67.183992	4.033804	0.035553
-157.525604	22.659600	153.190000	-4.530000	1510.633111	4.067474	66.823384	66.823384	66.823384	4.035331	-0.004891
-157.525604	23.159600	153.190000	-4.530000	1516.220034	4.066856	66.365437	66.365437	66.365437	4.037645	-0.145847
-157.525604	23.659600	153.190000	-4.530000	1521.646116	4.066856	66.110155	66.110155	66.110155	4.039880	-0.087174
-157.525604	24.159600	153.190000	-4.530000	1527.283559	4.066474	65.757537	65.757537	65.757537	4.042980	-0.128943
-157.525604	24.659600	153.190000	-4.530000	1533.078758	4.065856	65.407583	65.407583	65.407583	4.046082	-0.171243
-157.525604	25.159600	153.190000	-4.530000	1538.852491	4.065474	65.060290	65.060290	65.060290	4.048399	-0.213945
-157.525604	25.659600	153.190000	-4.530000	1544.548080	4.065474	64.815657	64.815657	64.815657	4.050984	-0.157113
-157.525604	26.159600	153.190000	-4.530000	1550.544474	4.064856	64.373679	64.373679	64.373679	4.050739	-0.300833
-157.525604	26.659600	153.190000	-4.530000	1556.369941	4.064856	64.234351	64.234351	64.234351	4.055176	-0.144985
-157.025604	14.659600	153.190000	-4.530000	1446.391420	4.070856	72.290859	72.290859	72.290859	4.058969	-0.257981
-157.025604	15.159600	153.190000	-4.530000	1450.614203	4.070474	71.994288	71.994288	71.994288	4.057739	-0.195658
-157.025604	15.659600	153.190000	-4.530000	1455.003011	4.069856	71.800105	71.800105	71.800105	4.057709	-0.033647
-157.025604	16.159600	153.190000	-4.530000	1459.251094	4.069856	71.408333	71.408333	71.408333	4.054180	-0.071863
-157.025604	16.659600	153.190000	-4.530000	1463.578164	4.069856	71.018991	71.018991	71.018991	4.051083	-0.110514
-157.025604	17.159600	153.190000	-4.530000	1468.121071	4.069474	70.732101	70.732101	70.732101	4.048402	-0.049498
-157.025604	17.659600	153.190000	-4.530000	1472.828126	4.068856	70.447680	70.447680	70.447680	4.045184	0.011262
-157.025604	18.159600	153.190000	-4.530000	1477.388723	4.068856	70.165745	70.165745	70.165745	4.042057	0.071569
-157.025604	18.659600	153.190000	-4.530000	1482.025273	4.068856	69.886312	69.886312	69.886312	4.038858	0.131520
-157.025604	19.159600	153.190000	-4.530000	1486.737002	4.068856	69.509394	69.509394	69.509394	4.035770	0.091186
-157.025604	19.659600	153.190000	-4.530000	1491.662978	4.068474	69.235005	69.235005	69.235005	4.033598	0.150381
-157.025604	20.159600	153.190000	-4.530000	1496.523186	4.068474	68.863156	68.863156	68.863156	4.032639	0.109196
-157.025604	20.659600	153.190000	-4.530000	1501.684546	4.067856	68.493855	68.493855	68.493855	4.032149	0.067696
-157.025604	21.159600	153.190000	-4.530000	1506.690425	4.067856	68.227112	68.227112	68.227112	4.032458	0.125706
-157.025604	21.659600	153.190000	-4.530000	1511.767592	4.067856	67.862935	67.862935	67.862935	4.032808	0.083313
-157.025604	22.159600	153.190000	-4.530000	1517.057520	4.067474	67.501328	67.501328	67.501328	4.033648	0.040575
-157.025604	22.659600	153.190000	-4.530000	1522.275390	4.067474	67.142297	67.142297	67.142297	4.035594	-0.002672
-157.025604	23.159600	153.190000	-4.530000	1527.794522	4.066856	66.785845	66.785845	66.785845	4.037827	-0.046346
-157.025604	23.659600	153.190000	-4.530000	1533.294098	4.066474	66.431974	66.431974	66.431974	4.040638	-0.090395
-157.025604	24.159600	153.190000	-4.530000	1538.717728	4.066474	66.080686	66.080686	66.080686	4.043939	-0.134973
-157.025604	24.659600	153.190000	-4.530000	1544.442862	4.065856	65.731980	65.731980	65.731980	4.046688	-0.180003
-157.025604	25.159600	153.190000	-4.530000	1550.145150	4.065474	65.385856	65.385856	65.385856	4.048670	-0.225438
-157.025604	25.659600	153.190000	-4.530000	1555.767549	4.065474	65.142310	65.142310	65.142310	4.052016	-0.171423
-157.025604	26.159600	153.190000	-4.530000	1561.691791	4.064856	64.701341	64.701341	64.801341	4.051409	-0.317884
-157.025604	26.659600	153.190000	-4.530000	1567.442762	4.064856	64.562942	64.562942	64.562942	4.055666	-0.164781
-156.525604	14.659600	153.190000	-4.530000	1459.029839	4.070856	72.570921	72.570921	72.570921	4.059250	-0.212546
-156.525604	15.159600	153.190000	-4.530000	1463.200302	4.070474	72.277149	72.277149	72.277149	4.058173	-0.152898
-156.525604	15.659600	153.190000	-4.530000	1467.536376	4.069856	71.985682	71.985682	71.985682	4.056446	-0.093563
-156.525604	16.159600	153.190000	-4.530000	1471.728700	4.069856	71.596545	71.596545	71.596545	4.052682	-0.134566
-156.525604	16.659600	153.190000	-4.530000	1476.137280	4.069474	71.309756	71.309756	71.309756	4.050517	-0.075899
-156.525604	17.159600	153.190000	-4.530000	1480.485079	4.069474	70.925337	70.925337	70.925337	4.047287	-0.117570
-156.525604	17.659600	153.190000	-4.530000	1485.135048	4.068856	70.643305	70.643305	70.643305	4.044263	-0.059602
-156.525604	18.159600	153.190000	-4.530000	1489.635661	4.068856	70.363677	70.363677	70.363677	4.040774	-0.001987
-156.525604	18.659600	153.190000	-4.530000	1494.351329	4.068474	70.086468	70.086468	70.086468	4.038080	0.055268
-156.525604	19.159600	153.190000	-4.530000	1499.001542	4.068474	69.811692	69.811692	69.811692	4.034993	0.112136
-156.525604	19.659600	153.190000	-4.530000	1503.725216	4.068474	69.439362	69.439362	69.439362	4.033380	0.068628
-156.525604	20.159600	153.190000	-4.530000	1508.750971	4.067856	69.169489	69.169489	69.169489	4.032563	0.124737
-156.525604	20.659600	153.190000	-4.530000	1513.620031	4.067856	68.802082	68.802082	68.802082	4.032402	0.080434
-156.525604	21.159600	153.190000	-4.530000	1518.560283	4.067856	68.537152	68.537152	68.537152	4.032577	0.135731
-156.525604	21.659600	153.190000	-4.530000	1523.713849	4.067474	68.174704	68.174704	68.174704	4.032770	0.090622
-156.525604	22.159600	153.190000	-4.530000	1528.794670	4.067474	67.814746	67.814746	67.814746	4.033740	0.045075
-156.525604	22.659600	153.190000	-4.530000	1534.177698	4.066856	67.457283	67.457283	67.457283	4.035701	-0.000895
-156.525604	23.159600	153.190000	-4.530000	1539.396355	4.066856	67.102318	67.102318	67.102318	4.038132	-0.047297
-156.525604	23.659600	153.190000	-4.530000	1544.827293	4.066474	66.849854	66.849854	66.849854	4.041199	0.005838
-156.525604	24.159600	153.190000	-4.530000	1550.180445	4.066474	66.499892	66.499892	66.499892	4.044986	-0.041474
-156.525604	24.659600	153.190000	-4.530000	1555.836104	4.065856	66.152434	66.152434	66.152434	4.048233	-0.089243
-156.525604	25.159600	153.190000	-4.530000	1561.467526	4.065474	65.807478	65.807478	65.807478	4.050029	-0.137500
-156.525604	25.659600	153.190000	-4.530000	1567.017300	4.065474	65.565023	65.565023	65.565023	4.053784	-0.086230
-156.525604	26.159600	153.190000	-4.530000	1572.869949	4.064856	65.125067	65.125067	65.125067	4.053938	-0.235441
-156.525604	26.659600	153.190000	-4.530000	1578.546964	4.064856	64.887605	64.887605	64.887605	4.056196	-0.185168
-156.025604	14.659600	153.190000	-4.530000	1471.684001	4.070856	72.747576	72.747576	72.747576	4.058373	-0.267083
-156.025604	15.159600	153.190000	-4.530000	1475.664511	4.070856	72.356555	72.356555	72.356555	4.055821	-0.310120
-156.025604	15.659600	153.190000	-4.530000	1480.086801	4.069856	72.167761	72.167761	72.167761	4.055027	-0.153584
-156.025604	16.159600	153.190000	-4.530000	1484.224025	4.069856	71.781217	71.781217	71.781217	4.052015	-0.197280
-156.025604	16.659600	153.190000	-4.530000	1488.577584	4.069474	71.496944	71.496944	71.496944	4.050023	-0.141309
-156.025604	17.159600	153.190000	-4.530000	1493.095070	4.068856	71.214960	71.214960	71.214960	4.046353	-0.085782
-156.025604	17.659600	153.190000	-4.530000	1497.461670	4.068856	70.835283	70.835283	70.835283	4.042984	-0.130516
-156.025604	18.159600	153.190000	-4.530000	1501.902955	4.068856	70.557930	70.557930	70.557930	4.040410	-0.075607
-156.025604	18.659600	153.190000	-4.530000	1506.559442	4.068474	70.282917	70.282917	70.282917	4.038031	-0.021161
-156.025604	19.159600	153.190000	-4.530000	1511.378128	4.067856	70.010256	70.010256	70.010256	4.035382	0.032996
-156.025604	19.659600	153.190000	-4.530000	1516.040251	4.067856	69.739961	69.739961	69.739961	4.034524	0.086772
-156.025604	20.159600	153.190000	-4.530000	1520.774158	4.067856	69.472042	69.472042	69.472042	4.033459	0.140066
-156.025604	20.659600	153.190000	-4.530000	1525.722182	4.067474	69.106511	69.106511	69.106511	4.033020	0.093041
-156.025604	21.159600	153.190000	-4.530000	1530.597897	4.067474	68.843375	68.843375	68.843375	4.032874	0.145613
-156.025604	21.659600	153.190000	-4.530000	1535.543182	4.067474	68.482644	68.482644	68.482644	4.033273	0.097683
-156.025604	22.159600	153.190000	-4.530000	1540.791601	4.066856	68.124322	68.124322	68.124322	4.034550	0.049404
-156.025604	22.659600	153.190000	-4.530000	1545.874568	4.066856	67.868416	67.868416	67.868416	4.036166	0.100697
-156.025604	23.159600	153.190000	-4.530000	1551.024880	4.066856	67.514929	67.514929	67.514929	4.039201	0.051468
-156.025604	23.659600	153.190000	-4.530000	1556.387778	4.066474	67.163865	67.163865	67.163865	4.042585	0.001860
-156.025604	24.159600	153.190000	-4.530000	1561.671039	4.066474	66.815226	66.815226	66.815226	4.046031	-0.048199
-156.025604	24.659600	153.190000	-4.530000	1567.257805	4.065856	66.469013	66.469013	66.469013	4.049116	-0.098801
-156.025604	25.159600	153.190000	-4.530000	1572.671368	4.065856	66.225226	66.225226	66.225226	4.052431	-0.049813
-156.025604	25.659600	153.190000	-4.530000	1578.296637	4.065474	65.883863	65.883863	65.883863	4.054329	-0.101301
-156.025604	26.159600	153.190000	-4.530000	1583.837234	4.065474	65.644922	65.644922	65.644922	4.057554	-0.053353
-156.025604	26.659600	153.190000	-4.530000	1589.681838	4.064856	65.208402	65.208402	65.208402	4.056369	-0.205845
-155.525604	14.659600	153.190000	-4.530000	1484.353489	4.070856	72.920902	72.920902	73.020902	4.057496	-0.321914
-155.525604	15.159600	153.190000	-4.530000	1488.281796	4.070856	72.532586	72.532586	72.532586	4.055260	-0.367757
-155.525604	15.659600	153.190000	-4.530000	1492.427019	4.070474	72.246421	72.246421	72.246421	4.053915	-0.313920
-155.525604	16.159600	153.190000	-4.530000	1496.736608	4.069856	71.962429	71.962429	71.962429	4.051827	-0.260319
-155.525604	16.659600	153.190000	-4.530000	1501.035793	4.069474	71.680632	71.680632	71.680632	4.049661	-0.207158
-155.525604	17.159600	153.190000	-4.530000	1505.498552	4.068856	71.401046	71.401046	71.401046	4.046525	-0.154340
-155.525604	17.659600	153.190000	-4.530000	1509.807488	4.068856	71.123691	71.123691	71.123691	4.043799	-0.101787
-155.525604	18.159600	153.190000	-4.530000	1514.332057	4.068474	70.848582	70.848582	70.848582	4.040903	-0.049694
-155.525604	18.659600	153.190000	-4.530000	1519.018976	4.067856	70.575735	70.575735	70.575735	4.038429	0.002034
-155.525604	19.159600	153.190000	-4.530000	1523.547904	4.067856	70.205162	70.205162	70.205162	4.036699	-0.046531
-155.525604	19.659600	153.190000	-4.530000	1528.148393	4.067856	69.936877	69.936877	69.936877	4.035379	0.004424
-155.525604	20.159600	153.190000	-4.530000	1532.963483	4.067474	69.670892	69.670892	69.670892	4.034516	0.054990
-155.525604	20.659600	153.190000	-4.530000	1537.705397	4.067474	69.407216	69.407216	69.407216	4.034219	0.105233
-155.525604	21.159600	153.190000	-4.530000	1542.516731	4.067474	69.145858	69.145858	69.145858	4.033922	0.154977
-155.525604	21.659600	153.190000	-4.530000	1547.632113	4.066856	68.786826	68.786826	68.786826	4.034381	0.104308
-155.525604	22.159600	153.190000	-4.530000	1552.580875	4.066856	68.530127	68.530127	68.530127	4.035577	0.153287
-155.525604	22.659600	153.190000	-4.530000	1557.596900	4.066856	68.175767	68.175767	68.175767	4.037641	0.101747
-155.525604	23.159600	153.190000	-4.530000	1562.826051	4.066474	67.823749	67.823749	67.823749	4.040755	0.049769
-155.525604	23.659600	153.190000	-4.530000	1567.974908	4.066474	67.574079	67.574079	67.574079	4.043516	0.097409
-155.525604	24.159600	153.190000	-4.530000	1573.188856	4.066474	67.226757	67.226757	67.226757	4.047792	0.044509
-155.525604	24.659600	153.190000	-4.530000	1578.707301	4.065856	66.881785	66.881785	66.881785	4.050580	-0.008852
-155.525604	25.159600	153.190000	-4.530000	1584.050062	4.065856	66.639165	66.639165	66.639165	4.054008	0.037373
-155.525604	25.659600	153.190000	-4.530000	1589.604881	4.065474	66.298894	66.298894	66.298894	4.056318	-0.016962
-155.525604	26.159600	153.190000	-4.530000	1595.073269	4.065474	66.060972	66.060972	66.060972	4.059451	0.028216
-155.525604	26.659600	153.190000	-4.530000	1600.603130	4.065474	65.825396	65.825396	65.825396	4.062203	0.072950
-155.025604	14.659600	153.190000	-4.530000	1497.037902	4.070856	73.190976	73.190976	73.190976	4.058701	-0.277149
-155.025604	15.159600	153.190000	-4.530000	1500.914630	4.070856	72.705318	72.705318	72.705318	4.055621	-0.425700
-155.025604	15.659600	153.190000	-4.530000	1505.008327	4.070474	72.421738	72.421738	72.421738	4.054535	-0.374572
-155.025604	16.159600	153.190000	-4.530000	1509.266003	4.069856	72.140258	72.140258	72.140258	4.052469	-0.323790
-155.025604	16.659600	153.190000	-4.530000	1513.511445	4.069474	71.860897	71.860897	71.860897	4.050503	-0.273346
-155.025604	17.159600	153.190000	-4.530000	1517.920110	4.068856	71.583674	71.583674	71.583674	4.047733	-0.223247
-155.025604	17.659600	153.190000	-4.530000	1522.172013	4.068856	71.308606	71.308606	71.308606	4.044833	-0.173518
-155.025604	18.159600	153.190000	-4.530000	1526.639680	4.068474	71.035709	71.035709	71.035709	4.042373	-0.124149
-155.025604	18.659600	153.190000	-4.530000	1531.269398	4.067856	70.764998	70.764998	70.764998	4.040193	-0.075150
-155.025604	19.159600	153.190000	-4.530000	1535.738273	4.067856	70.496486	70.496486	70.496486	4.038115	-0.026545
-155.025604	19.659600	153.190000	-4.530000	1540.422202	4.067474	70.230187	70.230187	70.230187	4.036980	0.021675
-155.025604	20.159600	153.190000	-4.530000	1545.032022	4.067474	69.966112	69.966112	69.966112	4.035887	0.069503
-155.025604	20.659600	153.190000	-4.530000	1549.946762	4.066856	69.604270	69.604270	69.604270	4.035458	0.016911
-155.025604	21.159600	153.190000	-4.530000	1554.695047	4.066856	69.344671	69.344671	69.344671	4.035426	0.063911
-155.025604	21.659600	153.190000	-4.530000	1559.511164	4.066856	69.087323	69.087323	69.087323	4.035955	0.110493
-155.025604	22.159600	153.190000	-4.530000	1564.541162	4.066474	68.832233	68.832233	68.832233	4.037300	0.156632
-155.025604	22.659600	153.190000	-4.530000	1569.491301	4.066474	68.479406	68.479406	68.479406	4.039613	0.102337
-155.025604	23.159600	153.190000	-4.530000	1574.507168	4.066474	68.228848	68.228848	68.228848	4.042086	0.147600
-155.025604	23.659600	153.190000	-4.530000	1579.588056	4.066474	67.880562	67.880562	67.880562	4.045760	0.092394
-155.025604	24.159600	153.190000	-4.530000	1584.974345	4.065856	67.534551	67.534551	67.534551	4.049384	0.036729
-155.025604	24.659600	153.190000	-4.530000	1590.183946	4.065856	67.290816	67.290816	67.290816	4.052435	0.080598
-155.025604	25.159600	153.190000	-4.530000	1595.456456	4.065856	66.949360	66.949360	66.949360	4.054741	0.023971
-155.025604	25.659600	153.190000	-4.530000	1600.941368	4.065474	66.610180	66.610180	66.610180	4.056356	-0.033140
-155.025604	26.159600	153.190000	-4.530000	1606.338079	4.065474	66.373278	66.373278	66.373278	4.059335	0.009258
-155.025604	26.659600	153.190000	-4.530000	1611.795582	4.065474	66.138649	66.138649	66.138649	4.061618	0.051132
-154.525604	14.659600	153.190000	-4.530000	1509.736848	4.070856	73.357871	73.357871	73.357871	4.060414	-0.332374
-154.525604	15.159600	153.190000	-4.530000	1513.562610	4.070856	72.874826	72.874826	72.874826	4.056984	-0.483644
-154.525604	15.659600	153.190000	-4.530000	1517.605395	4.070474	72.593787	72.593787	72.593787	4.055632	-0.435347
-154.525604	16.159600	153.190000	-4.530000	1521.811776	4.069856	72.314777	72.314777	72.314777	4.054035	-0.387291
-154.525604	16.659600	153.190000	-4.530000	1526.004094	4.069474	72.037814	72.037814	72.037814	4.051941	-0.339576
-154.525604	17.159600	153.190000	-4.530000	1530.359286	4.068856	71.762916	71.762916	71.762916	4.049489	-0.292312
-154.525604	17.659600	153.190000	-4.530000	1534.554771	4.068856	71.490101	71.490101	71.490101	4.046721	-0.245318
-154.525604	18.159600	153.190000	-4.530000	1538.966154	4.068474	71.219384	71.219384	71.219384	4.044598	-0.198688
-154.525604	18.659600	153.190000	-4.530000	1543.539289	4.067856	70.950779	70.950779	70.950779	4.042128	-0.152530
-154.525604	19.159600	153.190000	-4.530000	1548.093895	4.067474	70.684301	70.684301	70.684301	4.040036	-0.106669
-154.525604	19.659600	153.190000	-4.530000	1552.573390	4.067474	70.419962	70.419962	70.419962	4.038433	-0.061197
-154.525604	20.159600	153.190000	-4.530000	1557.358686	4.066856	70.157773	70.157773	70.157773	4.037664	-0.016216
-154.525604	20.659600	153.190000	-4.530000	1561.976157	4.066856	69.897745	69.897745	69.897745	4.037458	0.028438
-154.525604	21.159600	153.190000	-4.530000	1566.661258	4.066856	69.639886	69.639886	69.639886	4.037425	0.072680
-154.525604	21.659600	153.190000	-4.530000	1571.560718	4.066474	69.384204	69.384204	69.384204	4.037974	0.116411
-154.525604	22.159600	153.190000	-4.530000	1576.379491	4.066474	69.130708	69.130708	69.130708	4.039616	0.159785
-154.525604	22.659600	153.190000	-4.530000	1581.263855	4.066474	68.779402	68.779402	68.779402	4.041941	0.102722
-154.525604	23.159600	153.190000	-4.530000	1586.213123	4.066474	68.530291	68.530291	68.530291	4.044552	0.145127
-154.525604	23.659600	153.190000	-4.530000	1591.226609	4.066474	68.183381	68.183381	68.283381	4.047785	0.087146
-154.525604	24.159600	153.190000	-4.530000	1596.546471	4.065856	67.938673	67.938673	67.938673	4.050758	0.128703
-154.525604	24.659600	153.190000	-4.530000	1601.687111	4.065856	67.596171	67.596171	67.596171	4.053774	0.069708
-154.525604	25.159600	153.190000	-4.530000	1606.889913	4.065856	67.355874	67.355874	67.355874	4.056376	0.110296
-154.525604	25.659600	153.190000	-4.530000	1612.305454	4.065474	67.017785	67.017785	67.017785	4.058274	0.050396
-154.525604	26.159600	153.190000	-4.530000	1617.631011	4.065474	66.681900	66.681900	66.681900	4.059844	-0.010077
-154.525604	26.659600	153.190000	-4.530000	1623.016670	4.065474	66.448221	66.448221	66.448221	4.062884	0.029002
-154.025604	14.659600	153.190000	-4.530000	1522.218660	4.071474	73.321660	73.321660	73.321660	4.058479	-0.587900
-154.025604	15.159600	153.190000	-4.530000	1526.225345	4.070856	73.141181	73.141181	73.141181	4.059113	-0.442009
-154.025604	15.659600	153.190000	-4.530000	1530.217819	4.070474	72.762640	72.762640	72.762640	4.056455	-0.496445
-154.025604	16.159600	153.190000	-4.530000	1534.373508	4.069856	72.586059	72.586059	72.586059	4.055861	-0.351126
-154.025604	16.659600	153.190000	-4.530000	1538.513307	4.069474	72.211454	72.211454	72.211454	4.053338	-0.406255
-154.025604	17.159600	153.190000	-4.530000	1542.815631	4.068856	71.938845	71.938845	71.938845	4.051326	-0.361734
-154.025604	17.659600	153.190000	-4.530000	1547.100346	4.068474	71.668248	71.668248	71.668248	4.048414	-0.317486
-154.025604	18.159600	153.190000	-4.530000	1551.546892	4.067856	71.399678	71.399678	71.399678	4.046657	-0.273705
-154.025604	18.659600	153.190000	-4.530000	1555.828163	4.067856	71.133151	71.133151	71.133151	4.044325	-0.230298
-154.025604	19.159600	153.190000	-4.530000	1560.325076	4.067474	70.868678	70.868678	70.968678	4.042083	-0.187193
-154.025604	19.659600	153.190000	-4.530000	1564.982747	4.066856	70.706273	70.706273	70.706273	4.040880	-0.044575
-154.025604	20.159600	153.190000	-4.530000	1569.471142	4.066856	70.445947	70.445947	70.445947	4.039895	-0.002355
-154.025604	20.659600	153.190000	-4.530000	1574.174575	4.066474	70.187710	70.187710	70.187710	4.039361	0.039535
-154.025604	21.159600	153.190000	-4.530000	1578.797513	4.066474	69.931571	69.931571	69.931571	4.039316	0.080917
-154.025604	21.659600	153.190000	-4.530000	1583.486521	4.066474	69.677538	69.677538	69.677538	4.040095	0.121876
-154.025604	22.159600	153.190000	-4.530000	1588.240937	4.066474	69.425619	69.425619	69.425619	4.041662	0.162476
-154.025604	22.659600	153.190000	-4.530000	1593.060096	4.066474	69.175820	69.175820	69.175820	4.043316	0.202548
-154.025604	23.159600	153.190000	-4.530000	1598.186425	4.065856	68.828146	68.828146	68.828146	4.046514	0.142172
-154.025604	23.659600	153.190000	-4.530000	1603.133819	4.065856	68.582601	68.582601	68.582601	4.049052	0.181407
-154.025604	24.159600	153.190000	-4.530000	1608.143961	4.065856	68.239189	68.239189	68.239189	4.052253	0.120092
-154.025604	24.659600	153.190000	-4.530000	1613.216181	4.065856	67.997912	67.997912	67.997912	4.055598	0.158306
-154.025604	25.159600	153.190000	-4.530000	1618.349809	4.065856	67.658771	67.658771	67.658771	4.057820	0.096099
-154.025604	25.659600	153.190000	-4.530000	1623.544172	4.065856	67.421767	67.421767	67.421767	4.061124	0.133322
-154.025604	26.159600	153.190000	-4.530000	1628.951429	4.065474	67.086901	67.086901	67.086901	4.063151	0.070047
-154.025604	26.659600	153.190000	-4.530000	1634.265749	4.065474	66.854170	66.854170	66.854170	4.065655	0.106322
-153.525604	14.659600	153.190000	-4.530000	1534.943622	4.071474	73.582411	73.582411	73.582411	4.059931	-0.543837
-153.525604	15.159600	153.190000	-4.530000	1538.902454	4.070856	73.304453	73.304453	73.304453	4.059454	-0.500688
-153.525604	15.659600	153.190000	-4.530000	1542.845205	4.070474	73.028368	73.028368	73.028368	4.058280	-0.457869
-153.525604	16.159600	153.190000	-4.530000	1546.950793	4.069856	72.754173	72.754173	72.754173	4.057172	-0.415402
-153.525604	16.659600	153.190000	-4.530000	1551.038664	4.069474	72.381889	72.381889	72.381889	4.054947	-0.473282
-153.525604	17.159600	153.190000	-4.530000	1555.288714	4.068856	72.111531	72.111531	72.111531	4.053072	-0.431514
-153.525604	17.659600	153.190000	-4.530000	1559.519371	4.068474	71.843118	71.843118	71.843118	4.050412	-0.390123
-153.525604	18.159600	153.190000	-4.530000	1563.911545	4.067856	71.576663	71.576663	71.676663	4.048070	-0.349102
-153.525604	18.659600	153.190000	-4.530000	1568.135549	4.067856	71.312181	71.312181	71.412181	4.046282	-0.308458
-153.525604	19.159600	153.190000	-4.530000	1572.575358	4.067474	71.149685	71.149685	71.149685	4.044677	-0.168215
-153.525604	19.659600	153.190000	-4.530000	1577.175657	4.066856	70.889188	70.889188	70.889188	4.043062	-0.128366
-153.525604	20.159600	153.190000	-4.530000	1581.603871	4.066856	70.630700	70.630700	70.630700	4.041953	-0.088918
-153.525604	20.659600	153.190000	-4.530000	1586.247324	4.066474	70.374232	70.374232	70.374232	4.041652	-0.049896
-153.525604	21.159600	153.190000	-4.530000	1590.808234	4.066474	70.219793	70.219793	70.219793	4.041788	0.088708
-153.525604	21.659600	153.190000	-4.530000	1595.434324	4.066474	69.967391	69.967391	69.967391	4.042152	0.126886
-153.525604	22.159600	153.190000	-4.530000	1600.368377	4.065856	69.717034	69.717034	69.717034	4.043479	0.164613
-153.525604	22.659600	153.190000	-4.530000	1605.123614	4.065856	69.468727	69.468727	69.468727	4.045800	0.201897
-153.525604	23.159600	153.190000	-4.530000	1609.942101	4.065856	69.122476	69.122476	69.122476	4.048479	0.138730
-153.525604	23.659600	153.190000	-4.530000	1614.823188	4.065856	68.878286	68.878286	68.878286	4.050549	0.175086
-153.525604	24.159600	153.190000	-4.530000	1619.766225	4.065856	68.636159	68.636159	68.636159	4.053992	0.210974
-153.525604	24.659600	153.190000	-4.530000	1624.770559	4.065856	68.296100	68.296100	68.296100	4.057049	0.146386
-153.525604	25.159600	153.190000	-4.530000	1629.835537	4.065856	68.058109	68.058109	68.058109	4.060370	0.181295
-153.525604	25.659600	153.190000	-4.530000	1634.960507	4.065856	67.822188	67.822188	67.822188	4.064041	0.215711
-153.525604	26.159600	153.190000	-4.530000	1640.144815	4.065856	67.488336	67.488336	67.488336	4.065844	0.149625
-153.525604	26.659600	153.190000	-4.530000	1645.542192	4.065474	67.156554	67.156554	67.156554	4.066547	0.083009
-153.025604	14.659600	153.190000	-4.530000	1547.682018	4.071474	73.840193	73.840193	73.840193	4.062130	-0.499781
-153.025604	15.159600	153.190000	-4.530000	1551.593570	4.070856	73.564711	73.564711	73.564711	4.061428	-0.459388
-153.025604	15.659600	153.190000	-4.530000	1555.487173	4.070474	73.191036	73.191036	73.191036	4.059489	-0.519432
-153.025604	16.159600	153.190000	-4.530000	1559.543238	4.069856	72.919188	72.919188	72.919188	4.058580	-0.479727
-153.025604	16.659600	153.190000	-4.530000	1563.579758	4.069474	72.649184	72.649184	72.649184	4.057440	-0.440370
-153.025604	17.159600	153.190000	-4.530000	1567.778114	4.068856	72.381042	72.381042	72.381042	4.055254	-0.401471
-153.025604	17.659600	153.190000	-4.530000	1571.955292	4.068474	72.014777	72.014777	72.014777	4.052451	-0.462851
-153.025604	18.159600	153.190000	-4.530000	1576.293674	4.067856	71.850404	71.850404	71.850404	4.050964	-0.324603
-153.025604	18.659600	153.190000	-4.530000	1580.460989	4.067856	71.587937	71.587937	71.587937	4.049067	-0.286832
-153.025604	19.159600	153.190000	-4.530000	1584.844271	4.067474	71.327390	71.327390	71.327390	4.047361	-0.249368
-153.025604	19.659600	153.190000	-4.530000	1589.387776	4.066856	71.068774	71.068774	71.068774	4.045697	-0.212301
-153.025604	20.159600	153.190000	-4.530000	1593.905881	4.066474	70.912100	70.812100	70.912100	4.044650	-0.075733
-153.025604	20.659600	153.190000	-4.530000	1598.340421	4.066474	70.657378	70.657378	70.657378	4.044690	-0.039499
-153.025604	21.159600	153.190000	-4.530000	1602.839869	4.066474	70.404618	70.404618	70.404618	4.044736	-0.003687
-153.025604	21.659600	153.190000	-4.530000	1607.648135	4.065856	70.153827	70.153827	70.153827	4.045122	0.031606
-153.025604	22.159600	153.190000	-4.530000	1612.276229	4.065856	70.005014	70.005014	70.005014	4.046268	0.166535
-153.025604	22.659600	153.190000	-4.530000	1616.967361	4.065856	69.758184	69.758184	69.758184	4.048116	0.201018
-153.025604	23.159600	153.190000	-4.530000	1621.720903	4.065856	69.513343	69.513343	69.513343	4.049910	0.234961
-153.025604	23.659600	153.190000	-4.530000	1626.536222	4.065856	69.170496	69.170496	69.170496	4.053298	0.168510
-153.025604	24.159600	153.190000	-4.530000	1631.412686	4.065856	68.929646	68.929646	68.929646	4.055995	0.201587
-153.025604	24.659600	153.190000	-4.530000	1636.349659	4.065856	68.690796	68.690796	68.690796	4.059308	0.234103
-153.025604	25.159600	153.190000	-4.530000	1641.346507	4.065856	68.353949	68.353949	68.353949	4.062099	0.166195
-153.025604	25.659600	153.190000	-4.530000	1646.402594	4.065856	68.119105	68.119105	68.119105	4.064879	0.197790
-153.025604	26.159600	153.190000	-4.530000	1651.517282	4.065856	67.886265	67.886265	67.886265	4.068240	0.228801
-153.025604	26.659600	153.190000	-4.530000	1656.689936	4.065856	67.655430	67.655430	67.655430	4.070971	0.259358
-152.525604	14.659600	153.190000	-4.530000	1560.433507	4.071474	74.095069	74.095069	74.095069	4.064291	-0.456036
-152.525604	15.159600	153.190000	-4.530000	1564.298338	4.070856	73.822019	73.822019	73.822019	4.063477	-0.418515
-152.525604	15.659600	153.190000	-4.530000	1567.996411	4.070856	73.350712	73.350712	73.350712	4.060708	-0.581329
-152.525604	16.159600	153.190000	-4.530000	1572.150459	4.069856	73.181170	73.181170	73.181170	4.060650	-0.444396
-152.525604	16.659600	153.190000	-4.530000	1575.988466	4.069856	72.813408	72.813408	72.813408	4.058646	-0.507917
-152.525604	17.159600	153.190000	-4.530000	1580.283423	4.068856	72.547443	72.547443	72.547443	4.056972	-0.471797
-152.525604	17.659600	153.190000	-4.530000	1584.259150	4.068856	72.283292	72.183292	72.283292	4.055075	-0.435957
-152.525604	18.159600	153.190000	-4.530000	1588.692847	4.067856	72.020968	72.020968	72.020968	4.053737	-0.400592
-152.525604	18.659600	153.190000	-4.530000	1592.804038	4.067856	71.760485	71.760485	71.760485	4.051934	-0.365608
-152.525604	19.159600	153.190000	-4.530000	1597.131358	4.067474	71.501857	71.501857	71.501857	4.050005	-0.330935
-152.525604	19.659600	153.190000	-4.530000	1601.618634	4.066856	71.345095	71.245095	71.345095	4.048293	-0.196756
-152.525604	20.159600	153.190000	-4.530000	1606.078829	4.066474	71.090209	71.090209	71.090209	4.047049	-0.162983
-152.525604	20.659600	153.190000	-4.530000	1610.453377	4.066474	70.837211	70.837211	70.837211	4.047176	-0.129549
-152.525604	21.159600	153.190000	-4.530000	1615.137589	4.065856	70.686108	70.686108	70.686108	4.047130	0.003371
-152.525604	21.659600	153.190000	-4.530000	1619.640197	4.065856	70.436910	70.436910	70.436910	4.048052	0.035859
-152.525604	22.159600	153.190000	-4.530000	1624.205590	4.065856	70.289623	70.289623	70.289623	4.049199	0.167979
-152.525604	22.659600	153.190000	-4.530000	1628.833159	4.065856	70.044254	70.044254	70.044254	4.050975	0.199564
-152.525604	23.159600	153.190000	-4.530000	1633.522291	4.065856	69.800809	69.800809	69.800809	4.052814	0.230692
-152.525604	23.659600	153.190000	-4.530000	1638.272371	4.065856	69.559292	69.559292	69.559292	4.055420	0.261423
-152.525604	24.159600	153.190000	-4.530000	1643.082785	4.065856	69.319707	69.319707	69.319707	4.059181	0.291596
-152.525604	24.659600	153.190000	-4.530000	1647.952914	4.065856	68.982058	68.982058	68.982058	4.061682	0.221288
-152.525604	25.159600	153.190000	-4.530000	1652.882140	4.065856	68.746347	68.746347	68.746347	4.064276	0.250553
-152.525604	25.659600	153.190000	-4.530000	1657.869845	4.065856	68.512575	68.512575	68.512575	4.067501	0.279238
-152.525604	26.159600	153.190000	-4.530000	1662.915409	4.065856	68.180743	68.180743	68.180743	4.069240	0.207416
-152.525604	26.659600	153.190000	-4.530000	1668.018211	4.065856	67.950851	67.950851	67.950851	4.071363	0.235137
-152.025604	14.659600	153.190000	-4.530000	1573.050376	4.071856	74.147105	74.147105	74.147105	4.063612	-0.612707
-152.025604	15.159600	153.190000	-4.530000	1577.016412	4.070856	73.976440	73.976440	73.976440	4.064549	-0.477965
-152.025604	15.659600	153.190000	-4.530000	1580.665258	4.070856	73.507460	73.507460	73.507460	4.062178	-0.643561
-152.025604	16.159600	153.190000	-4.530000	1584.531267	4.070474	73.240181	73.240181	73.240181	4.061408	-0.609515
-152.025604	16.659600	153.190000	-4.530000	1588.558683	4.069856	72.974622	72.974622	72.974622	4.060723	-0.575823
-152.025604	17.159600	153.190000	-4.530000	1592.562147	4.069474	72.710799	72.710799	72.710799	4.058946	-0.542492
-152.025604	17.659600	153.190000	-4.530000	1596.726447	4.068856	72.448726	72.448726	72.448726	4.058056	-0.509545
-152.025604	18.159600	153.190000	-4.530000	1601.108645	4.067856	72.188418	72.188418	72.188418	4.056231	-0.476974
-152.025604	18.659600	153.190000	-4.530000	1605.164264	4.067856	71.929889	71.929889	71.929889	4.054491	-0.444790
-152.025604	19.159600	153.190000	-4.530000	1609.436177	4.067474	71.773150	71.673150	71.773150	4.052516	-0.313013
-152.025604	19.659600	153.190000	-4.530000	1613.867776	4.066856	71.518215	71.518215	71.518215	4.051666	-0.281638
-152.025604	20.159600	153.190000	-4.530000	1618.270611	4.066474	71.265092	71.265092	71.265092	4.050510	-0.250672
-152.025604	20.659600	153.190000	-4.530000	1622.585712	4.066474	71.113793	71.113793	71.113793	4.050488	-0.120140
-152.025604	21.159600	153.190000	-4.530000	1627.211395	4.065856	70.864326	70.864326	70.864326	4.051008	-0.090033
-152.025604	21.659600	153.190000	-4.530000	1631.652723	4.065856	70.716700	70.716700	70.716700	4.051494	0.039638
-152.025604	22.159600	153.190000	-4.530000	1636.155952	4.065856	70.470921	70.470921	70.470921	4.052917	0.068852
-152.025604	22.659600	153.190000	-4.530000	1640.720488	4.065856	70.326997	70.326997	70.326997	4.053623	0.197614
-152.025604	23.159600	153.190000	-4.530000	1645.345736	4.065856	70.084933	70.084933	70.084933	4.055905	0.225917
-152.025604	23.659600	153.190000	-4.530000	1650.031097	4.065856	69.844733	69.844733	69.844733	4.058947	0.253736
-152.025604	24.159600	153.190000	-4.530000	1654.775975	4.065856	69.606402	69.606402	69.606402	4.061615	0.281078
-152.025604	24.659600	153.190000	-4.530000	1659.579767	4.065856	69.369944	69.369944	69.369944	4.064539	0.307936
-152.025604	25.159600	153.190000	-4.530000	1664.441874	4.065856	69.035361	69.035361	69.035361	4.066068	0.234283
-152.025604	25.659600	153.190000	-4.530000	1669.361691	4.065856	68.802654	68.802654	68.802654	4.068515	0.260127
-152.025604	26.159600	153.190000	-4.530000	1674.338616	4.065856	68.471824	68.471824	68.471824	4.068882	0.185462
-152.025604	26.659600	153.190000	-4.530000	1679.372044	4.065856	68.242873	68.242873	68.242873	4.070741	0.210258
-151.525604	14.659600	153.190000	-4.530000	1585.825865	4.071856	74.396361	74.396361	74.396361	4.065154	-0.569403
-151.525604	15.159600	153.190000	-4.530000	1589.505941	4.071474	74.028038	74.028038	74.028038	4.064128	-0.637454
-151.525604	15.659600	153.190000	-4.530000	1593.347610	4.070856	73.761340	73.761340	73.761340	4.063876	-0.605948
-151.525604	16.159600	153.190000	-4.530000	1597.165020	4.070474	73.496285	73.496285	73.496285	4.062579	-0.574701
-151.525604	16.659600	153.190000	-4.530000	1601.143484	4.069856	73.232891	73.232891	73.232891	4.061712	-0.543810
-151.525604	17.159600	153.190000	-4.530000	1605.096193	4.069474	72.871171	72.871171	72.871171	4.060154	-0.613383
-151.525604	17.659600	153.190000	-4.530000	1609.209414	4.068856	72.611142	72.611142	72.611142	4.059428	-0.583241
-151.525604	18.159600	153.190000	-4.530000	1613.295348	4.068474	72.352817	72.352817	72.352817	4.057712	-0.553481
-151.525604	18.659600	153.190000	-4.530000	1617.541248	4.067856	72.096209	72.096209	72.096209	4.056419	-0.524205
-151.525604	19.159600	153.190000	-4.530000	1621.758295	4.067474	71.941331	71.941331	71.941331	4.054947	-0.395243
-151.525604	19.659600	153.190000	-4.530000	1626.134759	4.066856	71.688194	71.688194	71.688194	4.053825	-0.366686
-151.525604	20.159600	153.190000	-4.530000	1630.480774	4.066474	71.536809	71.536809	71.536809	4.053069	-0.238634
-151.525604	20.659600	153.190000	-4.530000	1634.736964	4.066474	71.287185	71.287185	71.287185	4.053327	-0.210925
-151.525604	21.159600	153.190000	-4.530000	1639.304651	4.065856	71.139332	71.139332	71.139332	4.053465	-0.083646
-151.525604	21.659600	153.190000	-4.530000	1643.685230	4.065856	70.993257	70.993257	70.993257	4.054015	0.043107
-151.525604	22.159600	153.190000	-4.530000	1648.126819	4.065856	70.748968	70.748968	70.748968	4.054891	0.069488
-151.525604	22.659600	153.190000	-4.530000	1652.783907	4.065474	70.606471	70.606471	70.606471	4.056292	0.195415
-151.525604	23.159600	153.190000	-4.530000	1657.346215	4.065474	70.365772	70.365772	70.365772	4.058737	0.220793
-151.525604	23.659600	153.190000	-4.530000	1661.811876	4.065856	70.126876	70.126876	70.126876	4.061050	0.245771
-151.525604	24.159600	153.190000	-4.530000	1666.491723	4.065856	69.889787	69.889787	69.889787	4.064119	0.270268
-151.525604	24.659600	153.190000	-4.530000	1671.229678	4.065856	69.654509	69.654509	69.654509	4.066302	0.294196
-151.525604	25.159600	153.190000	-4.530000	1676.025157	4.065856	69.421045	69.421045	69.421045	4.068140	0.317692
-151.525604	25.659600	153.190000	-4.530000	1680.877572	4.065856	69.089395	69.089395	69.089395	4.069093	0.240683
-151.525604	26.159600	153.190000	-4.530000	1685.786337	4.065856	68.859563	68.859563	68.859563	4.070676	0.263082
-151.525604	26.659600	153.190000	-4.530000	1690.750863	4.065856	68.531547	68.531547	68.531547	4.070337	0.185019
-151.025604	14.659600	153.190000	-4.530000	1598.613479	4.071856	74.642896	74.642896	74.642896	4.065971	-0.526420
-151.025604	15.159600	153.190000	-4.530000	1602.247696	4.071474	74.276870	74.276870	74.276870	4.065557	-0.597379
-151.025604	15.659600	153.190000	-4.530000	1606.043132	4.070856	74.012413	74.012413	74.012413	4.064143	-0.568680
-151.025604	16.159600	153.190000	-4.530000	1609.812467	4.070474	73.649542	73.649542	73.649542	4.064059	-0.640243
-151.025604	16.659600	153.190000	-4.530000	1613.742509	4.069856	73.388273	73.388273	73.388273	4.062203	-0.612265
-151.025604	17.159600	153.190000	-4.530000	1617.644993	4.069474	73.128620	73.128620	73.128620	4.061592	-0.584653
-151.025604	17.659600	153.190000	-4.530000	1621.707667	4.068856	72.870599	72.870599	72.870599	4.060564	-0.557330
-151.025604	18.159600	153.190000	-4.530000	1625.741289	4.068474	72.614224	72.614224	72.614224	4.059441	-0.530488
-151.025604	18.659600	153.190000	-4.530000	1629.934581	4.067856	72.359507	72.359507	72.359507	4.058237	-0.504035
-151.025604	19.159600	153.190000	-4.530000	1634.097293	4.067474	72.106460	72.106460	72.106460	4.057098	-0.477900
-151.025604	19.659600	153.190000	-4.530000	1638.419153	4.066856	71.955094	71.955094	71.955094	4.055695	-0.352266
-151.025604	20.159600	153.190000	-4.530000	1642.708876	4.066474	71.705419	71.705419	71.805419	4.055436	-0.327047
-151.025604	20.659600	153.190000	-4.530000	1646.906679	4.066474	71.557447	71.557447	71.557447	4.055682	-0.202173
-151.025604	21.159600	153.190000	-4.530000	1651.416896	4.065856	71.411184	71.411184	71.411184	4.055715	-0.077821
-151.025604	21.659600	153.190000	-4.530000	1655.737243	4.065856	71.266639	71.166639	71.266639	4.055943	0.046091
-151.025604	22.159600	153.190000	-4.530000	1660.273475	4.065474	71.023820	71.023820	71.023820	4.057478	0.069628
-151.025604	22.659600	153.190000	-4.530000	1664.713915	4.065474	70.882733	70.882733	70.882733	4.059008	0.192621
-151.025604	23.159600	153.190000	-4.530000	1669.213355	4.065474	70.643384	70.643384	70.643384	4.061333	0.215150
-151.025604	23.659600	153.190000	-4.530000	1673.614197	4.065856	70.405777	70.405777	70.405777	4.064340	0.237275
-151.025604	24.159600	153.190000	-4.530000	1678.229509	4.065856	70.169918	70.169918	70.269918	4.066665	0.258834
-151.025604	24.659600	153.190000	-4.530000	1682.902118	4.065856	69.935809	69.935809	69.935809	4.067886	0.279904
-151.025604	25.159600	153.190000	-4.530000	1687.631454	4.065856	69.703453	69.703453	69.703453	4.069023	0.300539
-151.025604	25.659600	153.190000	-4.530000	1692.416946	4.065856	69.472853	69.372853	69.472853	4.070839	0.320586
-151.025604	26.159600	153.190000	-4.530000	1696.999856	4.066474	69.344010	69.344010	69.344010	4.074721	0.440118
-151.025604	26.659600	153.190000	-4.530000	1701.895199	4.066474	69.116925	69.116925	69.116925	4.076835	0.459185
-150.525604	14.659600	153.190000	-4.530000	1611.412912	4.071856	74.886768	74.886768	74.886768	4.066237	-0.483860
-150.525604	15.159600	153.190000	-4.530000	1615.001779	4.071474	74.522996	74.522996	74.522996	4.065930	-0.557636
-150.525604	15.659600	153.190000	-4.530000	1618.751494	4.070856	74.260738	74.260738	74.260738	4.064634	-0.531757
-150.525604	16.159600	153.190000	-4.530000	1622.321236	4.070856	73.800009	73.800009	73.800009	4.065340	-0.706243
-150.525604	16.659600	153.190000	-4.530000	1626.355408	4.069856	73.640827	73.640827	73.640827	4.063161	-0.581090
-150.525604	17.159600	153.190000	-4.530000	1630.055389	4.069856	73.283205	73.283205	73.283205	4.062879	-0.656306
-150.525604	17.659600	153.190000	-4.530000	1634.220832	4.068856	73.127158	73.127158	73.127158	4.061095	-0.531911
-150.525604	18.159600	153.190000	-4.530000	1638.202661	4.068474	72.772698	72.772698	72.772698	4.060818	-0.607902
-150.525604	18.659600	153.190000	-4.530000	1642.343866	4.067856	72.619840	72.619840	72.619840	4.059272	-0.484285
-150.525604	19.159600	153.190000	-4.530000	1646.452764	4.067474	72.368593	72.368593	72.368593	4.058303	-0.461083
-150.525604	19.659600	153.190000	-4.530000	1650.720540	4.066856	72.218970	72.118970	72.218970	4.056914	-0.338290
-150.525604	20.159600	153.190000	-4.530000	1654.954488	4.066474	71.970981	71.970981	71.970981	4.057304	-0.315914
-150.525604	20.659600	153.190000	-4.530000	1659.094417	4.066474	71.824634	71.824634	71.824634	4.057323	-0.193978
-150.525604	21.159600	153.190000	-4.530000	1663.547678	4.065856	71.679939	71.679939	71.679939	4.057096	-0.072476
-150.525604	21.659600	153.190000	-4.530000	1667.808303	4.065856	71.436904	71.436904	71.536904	4.059209	-0.051416
-150.525604	22.159600	153.190000	-4.530000	1672.285043	4.065474	71.295535	71.295535	71.395535	4.060083	0.069179
-150.525604	22.659600	153.190000	-4.530000	1676.663977	4.065474	71.155840	71.155840	71.155840	4.061242	0.189314
-150.525604	23.159600	153.190000	-4.530000	1681.101047	4.065474	71.017823	70.917823	71.017823	4.062704	0.308983
-150.525604	23.659600	153.190000	-4.530000	1685.437561	4.065856	70.781491	70.781491	70.781491	4.065653	0.328160
-150.525604	24.159600	153.190000	-4.530000	1689.988827	4.065856	70.546847	70.546847	70.546847	4.067306	0.346853
-150.525604	24.659600	153.190000	-4.530000	1694.596571	4.065856	70.313895	70.313895	70.313895	4.068640	0.365053
-150.525604	25.159600	153.190000	-4.530000	1699.260241	4.065856	69.982638	69.982638	69.982638	4.069936	0.282736
-150.525604	25.659600	153.190000	-4.530000	1703.720091	4.066474	69.853079	69.853079	69.953079	4.072666	0.399909
-150.525604	26.159600	153.190000	-4.530000	1708.493215	4.066474	69.625219	69.625219	69.625219	4.074947	0.416562
-150.525604	26.659600	153.190000	-4.530000	1713.320587	4.066474	69.399058	69.399058	69.399058	4.077194	0.432672
-150.025604	14.659600	153.190000	-4.530000	1624.223873	4.071856	75.128034	75.128034	75.128034	4.065964	-0.441344
-150.025604	15.159600	153.190000	-4.530000	1627.615394	4.071856	74.566472	74.566472	74.566472	4.067240	-0.717952
-150.025604	15.659600	153.190000	-4.530000	1631.224527	4.071474	74.306370	74.306370	74.306370	4.066786	-0.695008
-150.025604	16.159600	153.190000	-4.530000	1634.993879	4.070856	74.047744	74.047744	74.047744	4.066112	-0.672330
-150.025604	16.659600	153.190000	-4.530000	1638.732782	4.070474	73.790610	73.790610	73.790610	4.064725	-0.650017
-150.025604	17.159600	153.190000	-4.530000	1642.631441	4.069856	73.534982	73.534982	73.534982	4.063389	-0.628173
-150.025604	17.659600	153.190000	-4.530000	1646.498246	4.069474	73.280873	73.280873	73.280873	4.062397	-0.606622
-150.025604	18.159600	153.190000	-4.530000	1650.524338	4.068856	73.028296	73.028296	73.028296	4.061362	-0.585460
-150.025604	18.659600	153.190000	-4.530000	1654.768718	4.067856	72.777265	72.777265	72.777265	4.060760	-0.564789
-150.025604	19.159600	153.190000	-4.530000	1658.668755	4.067856	72.527790	72.527790	72.527790	4.061240	-0.544439
-150.025604	19.659600	153.190000	-4.530000	1663.038511	4.066856	72.379881	72.379881	72.379881	4.059743	-0.424501
-150.025604	20.159600	153.190000	-4.530000	1667.060810	4.066856	72.233549	72.233549	72.233549	4.058727	-0.305075
-150.025604	20.659600	153.190000	-4.530000	1671.299751	4.066474	72.088804	72.088804	72.088804	4.058888	-0.186000
-150.025604	21.159600	153.190000	-4.530000	1675.696560	4.065856	71.945653	71.945653	71.945653	4.059120	-0.067361
-150.025604	21.659600	153.190000	-4.530000	1679.897961	4.065856	71.704105	71.704105	71.804105	4.061625	-0.049257
-150.025604	22.159600	153.190000	-4.530000	1684.157684	4.065856	71.564167	71.564167	71.564167	4.062769	0.068470
-150.025604	22.659600	153.190000	-4.530000	1688.633628	4.065474	71.425844	71.425844	71.425844	4.063915	0.185734
-150.025604	23.159600	153.190000	-4.530000	1693.008816	4.065474	71.289144	71.289144	71.289144	4.064757	0.302442
-150.025604	23.659600	153.190000	-4.530000	1697.281483	4.065856	71.054070	71.054070	71.054070	4.067584	0.318742
-150.025604	24.159600	153.190000	-4.530000	1701.769181	4.065856	70.820628	70.820628	70.820628	4.068721	0.334555
-150.025604	24.659600	153.190000	-4.530000	1706.312535	4.065856	70.588821	70.588821	70.588821	4.069984	0.349790
-150.025604	25.159600	153.190000	-4.530000	1710.911005	4.065856	70.358652	70.258652	70.358652	4.071807	0.364588
-150.025604	25.659600	153.190000	-4.530000	1715.303102	4.066474	70.230123	70.230123	70.230123	4.074535	0.478872
-150.025604	26.159600	153.190000	-4.530000	1720.009468	4.066474	69.903237	69.903237	69.903237	4.075224	0.392555
-150.025604	26.659600	153.190000	-4.530000	1724.769317	4.066474	69.677995	69.677995	69.677995	4.077247	0.405772
-149.525604	14.659600	153.190000	-4.530000	1637.046074	4.071856	75.366747	75.366747	75.366747	4.064957	-0.399157
-149.525604	15.159600	153.190000	-4.530000	1640.392030	4.071856	74.807351	74.807351	74.907351	4.067307	-0.678710
-149.525604	15.659600	153.190000	-4.530000	1643.955695	4.071474	74.549364	74.549364	74.549364	4.066393	-0.658613
-149.525604	16.159600	153.190000	-4.530000	1647.679227	4.070856	74.292802	74.292802	74.292802	4.065556	-0.638785
-149.525604	16.659600	153.190000	-4.530000	1651.370494	4.070474	73.937677	73.937677	73.937677	4.066112	-0.719422
-149.525604	17.159600	153.190000	-4.530000	1655.221188	4.069856	73.784006	73.784006	73.784006	4.062855	-0.600432
-149.525604	17.659600	153.190000	-4.530000	1659.038248	4.069474	73.431801	73.431801	73.431801	4.064365	-0.681739
-149.525604	18.159600	153.190000	-4.530000	1663.014289	4.068856	73.181074	73.181074	73.181074	4.063981	-0.663532
-149.525604	18.659600	153.190000	-4.530000	1666.955292	4.068474	72.931837	72.931837	72.931837	4.063633	-0.645722
-149.525604	19.159600	153.190000	-4.530000	1671.054830	4.067856	72.784103	72.784103	72.784103	4.061594	-0.528237
-149.525604	19.659600	153.190000	-4.530000	1675.117896	4.067474	72.537880	72.537880	72.637880	4.063428	-0.511259
-149.525604	20.159600	153.190000	-4.530000	1679.339046	4.066856	72.493180	72.493180	72.493180	4.059634	-0.294704
-149.525604	20.659600	153.190000	-4.530000	1683.522263	4.066474	72.350010	72.350010	72.350010	4.059454	-0.178501
-149.525604	21.159600	153.190000	-4.530000	1687.863113	4.065856	72.208380	72.208380	72.208380	4.059949	-0.062827
-149.525604	21.659600	153.190000	-4.530000	1692.005780	4.065856	72.068297	72.068297	72.068297	4.059837	0.052400
-149.525604	22.159600	153.190000	-4.530000	1696.205866	4.065856	71.829768	71.829768	71.829768	4.064471	0.067245
-149.525604	22.659600	153.190000	-4.530000	1700.462857	4.065856	71.692800	71.692800	71.692800	4.065723	0.181540
-149.525604	23.159600	153.190000	-4.530000	1704.776237	4.065856	71.557398	71.557398	71.557398	4.065579	0.295362
-149.525604	23.659600	153.190000	-4.530000	1709.145488	4.065856	71.323567	71.323567	71.323567	4.069021	0.308774
-149.525604	24.159600	153.190000	-4.530000	1713.570089	4.065856	71.091312	71.091312	71.091312	4.070423	0.321613
-149.525604	24.659600	153.190000	-4.530000	1718.049518	4.065856	70.860636	70.860636	70.860636	4.071929	0.333954
-149.525604	25.159600	153.190000	-4.530000	1722.321232	4.066474	70.631543	70.631543	70.631543	4.073651	0.345855
-149.525604	25.659600	153.190000	-4.530000	1726.908044	4.066474	70.504036	70.504036	70.504036	4.075820	0.457160
-149.525604	26.159600	153.190000	-4.530000	1731.548098	4.066474	70.178115	70.178115	70.178115	4.075856	0.367941
-149.525604	26.659600	153.190000	-4.530000	1736.240867	4.066474	69.953783	69.953783	69.953783	4.077718	0.378253
-149.025604	14.659600	153.190000	-4.530000	1649.879240	4.071856	75.602960	75.602960	75.602960	4.063648	-0.357402
-149.025604	15.159600	153.190000	-4.530000	1653.180104	4.071856	75.145688	75.145688	75.145688	4.064943	-0.539812
-149.025604	15.659600	153.190000	-4.530000	1656.543574	4.071856	74.589775	74.589775	74.689775	4.071260	-0.822575
-149.025604	16.159600	153.190000	-4.530000	1660.376971	4.070856	74.535235	74.535235	74.535235	4.064654	-0.605708
-149.025604	16.659600	153.190000	-4.530000	1663.865158	4.070856	74.082083	74.082083	74.082083	4.069046	-0.789210
-149.025604	17.159600	153.190000	-4.530000	1667.824300	4.069856	74.030331	74.030331	74.030331	4.061245	-0.573087
-149.025604	17.659600	153.190000	-4.530000	1671.435424	4.069856	73.579994	73.579994	73.579994	4.068280	-0.757360
-149.025604	18.159600	153.190000	-4.530000	1675.518577	4.068856	73.431084	73.431084	73.431084	4.064133	-0.642024
-149.025604	18.659600	153.190000	-4.530000	1679.250824	4.068856	73.083611	73.083611	73.083611	4.068260	-0.727090
-149.025604	19.159600	153.190000	-4.530000	1683.456217	4.067856	73.037587	73.037587	73.037587	4.062520	-0.512575
-149.025604	19.659600	153.190000	-4.530000	1687.465979	4.067474	72.893022	72.793022	72.893022	4.060394	-0.398477
-149.025604	20.159600	153.190000	-4.530000	1691.633569	4.066856	72.749925	72.749925	72.749925	4.059785	-0.284804
-149.025604	20.659600	153.190000	-4.530000	1695.602488	4.066856	72.508306	72.508306	72.508306	4.063753	-0.271576
-149.025604	21.159600	153.190000	-4.530000	1699.788333	4.066474	72.368173	72.368173	72.368173	4.064455	-0.158789
-149.025604	21.659600	153.190000	-4.530000	1704.131334	4.065856	72.329532	72.329532	72.329532	4.060784	0.053548
-149.025604	22.159600	153.190000	-4.530000	1708.272259	4.065856	72.192392	72.192392	72.192392	4.061719	0.165414
-149.025604	22.659600	153.190000	-4.530000	1712.469198	4.065856	71.956758	71.956758	71.956758	4.067131	0.176813
-149.025604	23.159600	153.190000	-4.530000	1716.721652	4.065856	71.822636	71.822636	71.822636	4.066919	0.287738
-149.025604	23.659600	153.190000	-4.530000	1721.029114	4.065856	71.690032	71.690032	71.690032	4.066890	0.398166
-149.025604	24.159600	153.190000	-4.530000	1725.391079	4.065856	71.458949	71.458949	71.458949	4.069804	0.408102
-149.025604	24.659600	153.190000	-4.530000	1729.807040	4.065856	71.229391	71.229391	71.229391	4.072800	0.417537
-149.025604	25.159600	153.190000	-4.530000	1734.012689	4.066474	70.901362	70.901362	70.901362	4.075902	0.326450
-149.025604	25.659600	153.190000	-4.530000	1738.534420	4.066474	70.774864	70.774864	70.774864	4.076871	0.434844
-149.025604	26.159600	153.190000	-4.530000	1743.108604	4.066474	70.449899	70.449899	70.449899	4.077467	0.342713
-149.025604	26.659600	153.190000	-4.530000	1747.570794	4.066856	70.326469	70.326469	70.326469	4.081739	0.450031
-162.025604	19.986300	153.190000	-4.530000	1375.335177	4.070474	65.978675	65.978675	65.978675	4.044327	0.209994
-161.367599	17.746901	153.190000	-4.530000	1367.208491	4.070474	68.277088	68.277088	68.277088	4.058578	0.376264
-161.314896	21.956301	153.190000	-4.530000	1414.683874	4.068856	64.635108	64.635108	64.635108	4.036760	-0.166738
-161.095001	23.997200	153.190000	-4.530000	1444.451538	4.066856	63.225604	63.225604	63.225604	4.035457	-0.311409
-160.047501	19.823400	153.190000	-4.530000	1420.502488	4.069856	67.323540	67.323540	67.323540	4.042198	0.163581
-159.664993	22.122999	153.190000	-4.530000	1454.784224	4.068474	65.649628	65.649628	65.649628	4.034608	-0.145337
-159.401001	21.971001	153.190000	-4.530000	1459.231392	4.068474	65.947069	65.947069	65.947069	4.034454	-0.124593
-158.982498	15.574000	153.190000	-4.530000	1405.365707	4.069856	71.041998	71.041998	71.041998	4.063765	0.137357
-158.933105	24.573799	153.190000	-4.530000	1500.256616	4.065856	64.348883	64.348883	64.348883	4.041857	-0.327078
-158.903000	21.298401	153.190000	-4.530000	1463.461636	4.068856	66.844321	66.844321	66.844321	4.034227	-0.004370
-158.760193	18.564699	153.190000	-4.530000	1438.639954	4.069856	69.073306	69.073306	69.073306	4.043231	0.237286
-158.185394	22.620199	153.190000	-4.530000	1494.745634	4.067856	66.372614	66.372614	66.372614	4.034716	-0.057884
-158.179504	20.377800	153.190000	-4.530000	1470.996105	4.068856	68.021403	68.021403	68.021403	4.033974	0.100024
-157.931000	21.646000	153.190000	-4.530000	1490.090454	4.068474	67.284866	67.284866	67.284866	4.033061	0.056590
-157.859100	14.659600	153.190000	-4.530000	1425.359445	4.070856	71.982898	71.982898	71.982898	4.062334	-0.167836
-157.700806	16.348400	153.190000	-4.530000	1444.084130	4.069856	71.024247	71.024247	71.024247	4.055385	0.023476
-157.627594	20.346100	153.190000	-4.530000	1483.969452	4.068474	68.396090	68.396090	68.396090	4.033045	0.121575
-157.270004	21.108999	153.190000	-4.530000	1500.384288	4.067856	68.080361	68.080361	68.080361	4.032117	0.093811
-157.227295	18.984800	153.190000	-4.530000	1480.188089	4.068856	69.528421	69.528421	69.528421	4.037064	0.106576
-156.964600	24.312099	153.190000	-4.530000	1541.779589	4.066474	66.040060	66.040060	66.040060	4.044901	-0.122762
-156.932007	19.832701	153.190000	-4.530000	1495.589419	4.068474	69.175416	69.175416	69.175416	4.033196	0.151511
-156.808197	18.404200	153.190000	-4.530000	1484.957130	4.068856	70.068973	70.068973	70.068973	4.040209	0.021639
-156.755997	21.136000	153.190000	-4.530000	1512.851570	4.067856	68.367495	68.367495	68.367495	4.031909	0.088837
-156.658005	20.891001	153.190000	-4.530000	1512.742710	4.067856	68.585333	68.585333	68.585333	4.031917	0.090758
-156.510101	19.477699	153.190000	-4.530000	1502.373351	4.068474	69.553546	69.553546	69.553546	4.033920	0.054782
-156.465103	18.775000	153.190000	-4.530000	1496.892428	4.068474	70.077620	70.077620	70.077620	4.037037	0.089983
-156.387695	17.614901	153.190000	-4.530000	1488.135792	4.068856	70.748495	70.748495	70.748495	4.044100	-0.057383
-156.206604	16.162001	153.190000	-4.530000	1479.718850	4.069856	71.711954	71.711954	71.711954	4.052914	-0.175744
-156.167007	18.301001	153.190000	-4.530000	1499.846498	4.068474	70.440333	70.440333	70.440333	4.039988	-0.023889
-155.996994	20.771000	153.190000	-4.530000	1527.486674	4.067474	69.092444	69.092444	69.092444	4.032874	0.132870
-155.772995	19.079000	153.190000	-4.530000	1516.784132	4.067856	70.201164	70.201164	70.201164	4.036155	0.032657
-155.765305	26.776699	153.190000	-4.530000	1596.802842	4.064856	65.396646	65.396646	65.396646	4.058601	-0.128493
-155.714996	18.000299	153.190000	-4.530000	1508.263659	4.068474	70.860038	70.860038	70.860038	4.041401	-0.042867
-155.710999	20.046000	153.190000	-4.530000	1527.277981	4.067856	69.626137	69.626137	69.626137	4.034215	0.043073
-155.679398	21.205500	153.190000	-4.530000	1539.295118	4.067474	69.032506	69.032506	69.032506	4.033152	0.159952
-155.636200	22.299900	153.190000	-4.530000	1551.375932	4.066856	68.329039	68.329039	68.329039	4.035543	0.104133
-154.994400	21.507000	153.190000	-4.530000	1558.777486	4.066856	69.169547	69.169547	69.169547	4.035509	0.082131
-154.983002	19.601000	153.190000	-4.530000	1540.921636	4.067474	70.212730	70.212730	70.312730	4.037167	-0.055760
-154.797394	18.803101	153.190000	-4.530000	1538.134786	4.067856	70.787101	70.787101	70.787101	4.040574	-0.082861
-154.691299	17.180099	153.190000	-4.530000	1526.406491	4.068856	71.680331	71.680331	71.680331	4.049493	-0.279723
-154.617798	20.088900	153.190000	-4.530000	1554.478531	4.066856	70.202108	70.102108	70.202108	4.037640	0.035650
-154.495895	18.401699	153.190000	-4.530000	1542.023781	4.067856	71.154669	71.154669	71.154669	4.043640	-0.126076
-154.482803	21.001900	153.190000	-4.530000	1566.203382	4.066856	69.732100	69.732100	69.732100	4.037267	0.045618
-154.393997	19.262501	153.190000	-4.530000	1552.224422	4.067474	70.716952	70.716952	70.716952	4.040692	-0.080402
-154.251801	21.168699	153.190000	-4.530000	1573.456203	4.066474	69.735172	69.735172	69.835172	4.038215	0.017761
-154.030502	17.988400	153.190000	-4.530000	1549.740159	4.068474	71.492385	71.492385	71.492385	4.047246	-0.285206
-153.992294	18.797600	153.190000	-4.530000	1557.840306	4.067856	71.089217	71.089217	71.089217	4.043474	-0.206444
-153.982697	21.519699	153.190000	-4.530000	1583.193867	4.066474	69.748734	69.748734	69.748734	4.040168	0.086314
-153.967499	14.731300	153.190000	-4.530000	1524.464259	4.070856	73.557179	73.557179	73.557179	4.062236	-0.330902
-153.902405	19.979099	153.190000	-4.530000	1570.836032	4.066856	70.593661	70.593661	70.593661	4.040507	-0.030267
-153.868195	17.315399	153.190000	-4.530000	1548.017499	4.068856	71.915761	71.915761	71.915761	4.051168	-0.363593
-153.700806	17.297501	153.190000	-4.530000	1552.041016	4.068856	71.994210	71.994210	71.994210	4.051727	-0.378021
-153.503204	19.495199	153.190000	-4.530000	1576.281846	4.066856	70.981348	70.981348	70.981348	4.043994	-0.146456
-153.295898	18.800900	153.190000	-4.530000	1575.142150	4.067474	71.434422	71.434422	71.434422	4.047223	-0.218115
-153.292099	20.892599	153.190000	-4.530000	1593.996288	4.066474	70.401929	70.401929	70.401929	4.042897	-0.014033
-153.290604	17.906200	153.190000	-4.530000	1567.389592	4.068474	71.845060	71.845060	71.845060	4.050223	-0.352575
-152.981201	18.301800	153.190000	-4.530000	1578.570992	4.067856	71.805570	71.705570	71.805570	4.050310	-0.305952
-152.765793	25.592800	153.190000	-4.530000	1651.684005	4.065856	68.291329	68.291329	68.291329	4.064632	0.172279
-152.132401	18.481400	153.190000	-4.530000	1601.065584	4.067856	71.992968	71.992968	71.992968	4.054900	-0.432491
-151.686600	14.689100	153.190000	-4.530000	1581.918251	4.071856	74.214981	74.214981	74.214981	4.063647	-0.666859
-151.637604	16.737801	153.190000	-4.530000	1598.915342	4.069856	73.109652	73.109652	73.109652	4.061331	-0.570592
-150.914993	18.914200	153.190000	-4.530000	1634.705978	4.067856	72.313614	72.313614	72.313614	4.057466	-0.461435
-149.000900	16.989000	153.190000	-4.530000	1666.976595	4.070474	73.925559	73.925559	73.925559	4.068407	-0.779651
