-162.0256040	14.6596000	-179.1200000	51.0400000	1063.0068965	4.0614742
-162.0256040	15.1596000	-179.1200000	51.0400000	1050.0009943	4.0614742
-162.0256040	15.6596000	-179.1200000	51.0400000	1037.1052686	4.0610927
-162.0256040	16.1596000	-179.1200000	51.0400000	1024.1241916	4.0610927
-162.0256040	16.6596000	-179.1200000	51.0400000	1011.1569207	4.0610927
-162.0256040	17.1596000	-179.1200000	51.0400000	998.2040147	4.0610927
-162.0256040	17.6596000	-179.1200000	51.0400000	985.2660617	4.0610927
-162.0256040	18.1596000	-179.1200000	51.0400000	972.2523577	4.0614742
-162.0256040	18.6596000	-179.1200000	51.0400000	959.3474160	4.0614742
-162.0256040	19.1596000	-179.1200000	51.0400000	946.4593883	4.0614742
-162.0256040	19.6596000	-179.1200000	51.0400000	933.4468428	4.0620927
-162.0256040	20.1596000	-179.1200000	51.0400000	920.5103799	4.0624742
-162.0256040	20.6596000	-179.1200000	51.0400000	907.4574060	4.0634742
-162.0256040	21.1596000	-179.1200000	51.0400000	894.5148703	4.0640927
-162.0256040	21.6596000	-179.1200000	51.0400000	881.6486654	4.0644742
-162.0256040	22.1596000	-179.1200000	51.0400000	868.6746175	4.0654742
-162.0256040	22.6596000	-179.1200000	51.0400000	855.7298835	4.0664742
-162.0256040	23.1596000	-179.1200000	51.0400000	842.6083597	4.0684742
-162.0256040	23.6596000	-179.1200000	51.0400000	829.7286954	4.0694742
-162.0256040	24.1596000	-179.1200000	51.0400000	816.8816927	4.0704742
-162.0256040	24.6596000	-179.1200000	51.0400000	803.8711706	4.0724742
-162.0256040	25.1596000	-179.1200000	51.0400000	791.0965317	4.0734742
-162.0256040	25.6596000	-179.1200000	51.0400000	778.1675764	4.0754742
-162.0256040	26.1596000	-179.1200000	51.0400000	765.4709518	4.0764742
-162.0256040	26.6596000	-179.1200000	51.0400000	752.6295264	4.0784742
-161.5256040	14.6596000	-179.1200000	51.0400000	1067.2405476	4.0604742
-161.5256040	15.1596000	-179.1200000	51.0400000	1054.2634939	4.0604742
-161.5256040	15.6596000	-179.1200000	51.0400000	1041.2998182	4.0604742
-161.5256040	16.1596000	-179.1200000	51.0400000	1028.3500451	4.0604742
-161.5256040	16.6596000	-179.1200000	51.0400000	1015.4147264	4.0604742
-161.5256040	17.1596000	-179.1200000	51.0400000	1002.4944427	4.0604742
-161.5256040	17.6596000	-179.1200000	51.0400000	989.5898053	4.0604742
-161.5256040	18.1596000	-179.1200000	51.0400000	976.7014578	4.0604742
-161.5256040	18.6596000	-179.1200000	51.0400000	963.6832784	4.0610927
-161.5256040	19.1596000	-179.1200000	51.0400000	950.7422362	4.0614742
-161.5256040	19.6596000	-179.1200000	51.0400000	937.7673203	4.0620927
-161.5256040	20.1596000	-179.1200000	51.0400000	924.8695488	4.0624742
-161.5256040	20.6596000	-179.1200000	51.0400000	911.8554374	4.0634742
-161.5256040	21.1596000	-179.1200000	51.0400000	898.9530388	4.0640927
-161.5256040	21.6596000	-179.1200000	51.0400000	885.9932963	4.0650927
-161.5256040	22.1596000	-179.1200000	51.0400000	873.0627887	4.0660927
-161.5256040	22.6596000	-179.1200000	51.0400000	860.0818747	4.0674742
-161.5256040	23.1596000	-179.1200000	51.0400000	847.2142055	4.0684742
-161.5256040	23.6596000	-179.1200000	51.0400000	834.2522332	4.0700927
-161.5256040	24.1596000	-179.1200000	51.0400000	821.3757985	4.0714742
-161.5256040	24.6596000	-179.1200000	51.0400000	808.6125533	4.0724742
-161.5256040	25.1596000	-179.1200000	51.0400000	795.6903591	4.0744742
-161.5256040	25.6596000	-179.1200000	51.0400000	783.0045092	4.0754742
-161.5256040	26.1596000	-179.1200000	51.0400000	770.1691214	4.0774742
-161.5256040	26.6596000	-179.1200000	51.0400000	757.5668473	4.0784742
-161.0256040	14.6596000	-179.1200000	51.0400000	1071.5742143	4.0594742
-161.0256040	15.1596000	-179.1200000	51.0400000	1058.6264853	4.0594742
-161.0256040	15.6596000	-179.1200000	51.0400000	1045.6927418	4.0594742
-161.0256040	16.1596000	-179.1200000	51.0400000	1032.7735287	4.0594742
-161.0256040	16.6596000	-179.1200000	51.0400000	1019.8694184	4.0594742
-161.0256040	17.1596000	-179.1200000	51.0400000	1006.8276035	4.0600927
-161.0256040	17.6596000	-179.1200000	51.0400000	993.8641217	4.0604742
-161.0256040	18.1596000	-179.1200000	51.0400000	981.0122275	4.0604742
-161.0256040	18.6596000	-179.1200000	51.0400000	968.1780375	4.0604742
-161.0256040	19.1596000	-179.1200000	51.0400000	955.1270661	4.0614742
-161.0256040	19.6596000	-179.1200000	51.0400000	942.1902046	4.0620927
-161.0256040	20.1596000	-179.1200000	51.0400000	929.3315500	4.0624742
-161.0256040	20.6596000	-179.1200000	51.0400000	916.3567044	4.0634742
-161.0256040	21.1596000	-179.1200000	51.0400000	903.4100542	4.0644742
-161.0256040	21.6596000	-179.1200000	51.0400000	890.4925459	4.0654742
-161.0256040	22.1596000	-179.1200000	51.0400000	877.6051805	4.0664742
-161.0256040	22.6596000	-179.1200000	51.0400000	864.7490167	4.0674742
-161.0256040	23.1596000	-179.1200000	51.0400000	851.7956746	4.0690927
-161.0256040	23.6596000	-179.1200000	51.0400000	838.9286916	4.0704742
-161.0256040	24.1596000	-179.1200000	51.0400000	826.1763101	4.0714742
-161.0256040	24.6596000	-179.1200000	51.0400000	813.2603220	4.0734742
-161.0256040	25.1596000	-179.1200000	51.0400000	800.5846967	4.0744742
-161.0256040	25.6596000	-179.1200000	51.0400000	787.8284972	4.0760927
-161.0256040	26.1596000	-179.1200000	51.0400000	775.1618733	4.0774742
-161.0256040	26.6596000	-179.1200000	51.0400000	762.6112454	4.0784742
-160.5256040	14.6596000	-179.1200000	51.0400000	1075.8427869	4.0590927
-160.5256040	15.1596000	-179.1200000	51.0400000	1062.9267980	4.0590927
-160.5256040	15.6596000	-179.1200000	51.0400000	1050.0253986	4.0590927
-160.5256040	16.1596000	-179.1200000	51.0400000	1037.1391533	4.0590927
-160.5256040	16.6596000	-179.1200000	51.0400000	1024.1724068	4.0594742
-160.5256040	17.1596000	-179.1200000	51.0400000	1011.3194869	4.0594742
-160.5256040	17.6596000	-179.1200000	51.0400000	998.4835915	4.0594742
-160.5256040	18.1596000	-179.1200000	51.0400000	985.4226639	4.0604742
-160.5256040	18.6596000	-179.1200000	51.0400000	972.6260751	4.0604742
-160.5256040	19.1596000	-179.1200000	51.0400000	959.6123563	4.0614742
-160.5256040	19.6596000	-179.1200000	51.0400000	946.7139346	4.0620927
-160.5256040	20.1596000	-179.1200000	51.0400000	933.8947814	4.0624742
-160.5256040	20.6596000	-179.1200000	51.0400000	920.9595631	4.0634742
-160.5256040	21.1596000	-179.1200000	51.0400000	908.0533826	4.0644742
-160.5256040	21.6596000	-179.1200000	51.0400000	895.1772150	4.0654742
-160.5256040	22.1596000	-179.1200000	51.0400000	882.3320907	4.0664742
-160.5256040	22.6596000	-179.1200000	51.0400000	869.3868914	4.0680927
-160.5256040	23.1596000	-179.1200000	51.0400000	856.5288641	4.0694742
-160.5256040	23.6596000	-179.1200000	51.0400000	843.7868449	4.0704742
-160.5256040	24.1596000	-179.1200000	51.0400000	830.8765388	4.0724742
-160.5256040	24.6596000	-179.1200000	51.0400000	818.2106195	4.0734742
-160.5256040	25.1596000	-179.1200000	51.0400000	805.4610178	4.0750927
-160.5256040	25.6596000	-179.1200000	51.0400000	792.8015701	4.0764742
-160.5256040	26.1596000	-179.1200000	51.0400000	780.2592657	4.0774742
-160.5256040	26.6596000	-179.1200000	51.0400000	767.6440278	4.0790927
-160.0256040	14.6596000	-179.1200000	51.0400000	1080.2707668	4.0584742
-160.0256040	15.1596000	-179.1200000	51.0400000	1067.3861741	4.0584742
-160.0256040	15.6596000	-179.1200000	51.0400000	1054.5167735	4.0584742
-160.0256040	16.1596000	-179.1200000	51.0400000	1041.6631489	4.0584742
-160.0256040	16.6596000	-179.1200000	51.0400000	1028.6691366	4.0590927
-160.0256040	17.1596000	-179.1200000	51.0400000	1015.8508874	4.0590927
-160.0256040	17.6596000	-179.1200000	51.0400000	1002.9560912	4.0594742
-160.0256040	18.1596000	-179.1200000	51.0400000	990.0243200	4.0600927
-160.0256040	18.6596000	-179.1200000	51.0400000	977.1727002	4.0604742
-160.0256040	19.1596000	-179.1200000	51.0400000	964.1965784	4.0614742
-160.0256040	19.6596000	-179.1200000	51.0400000	951.3369431	4.0620927
-160.0256040	20.1596000	-179.1200000	51.0400000	938.4147551	4.0630927
-160.0256040	20.6596000	-179.1200000	51.0400000	925.6623647	4.0634742
-160.0256040	21.1596000	-179.1200000	51.0400000	912.6580737	4.0650927
-160.0256040	21.6596000	-179.1200000	51.0400000	899.8255325	4.0660927
-160.0256040	22.1596000	-179.1200000	51.0400000	886.9417291	4.0674742
-160.0256040	22.6596000	-179.1200000	51.0400000	874.1753753	4.0684742
-160.0256040	23.1596000	-179.1200000	51.0400000	861.3123288	4.0700927
-160.0256040	23.6596000	-179.1200000	51.0400000	848.5381246	4.0714742
-160.0256040	24.1596000	-179.1200000	51.0400000	835.8814231	4.0724742
-160.0256040	24.6596000	-179.1200000	51.0400000	823.1379184	4.0740927
-160.0256040	25.1596000	-179.1200000	51.0400000	810.4851474	4.0754742
-160.0256040	25.6596000	-179.1200000	51.0400000	797.9506726	4.0764742
-160.0256040	26.1596000	-179.1200000	51.0400000	785.3399651	4.0780927
-160.0256040	26.6596000	-179.1200000	51.0400000	772.8949795	4.0790927
-159.5256040	14.6596000	-179.1200000	51.0400000	1084.8963685	4.0574742
-159.5256040	15.1596000	-179.1200000	51.0400000	1072.0423468	4.0574742
-159.5256040	15.6596000	-179.1200000	51.0400000	1059.0426728	4.0580927
-159.5256040	16.1596000	-179.1200000	51.0400000	1046.1244589	4.0584742
-159.5256040	16.6596000	-179.1200000	51.0400000	1033.3228094	4.0584742
-159.5256040	17.1596000	-179.1200000	51.0400000	1020.3833344	4.0590927
-159.5256040	17.6596000	-179.1200000	51.0400000	1007.5250205	4.0594742
-159.5256040	18.1596000	-179.1200000	51.0400000	994.6301530	4.0600927
-159.5256040	18.6596000	-179.1200000	51.0400000	981.8164159	4.0604742
-159.5256040	19.1596000	-179.1200000	51.0400000	968.8781986	4.0614742
-159.5256040	19.6596000	-179.1200000	51.0400000	956.0576579	4.0620927
-159.5256040	20.1596000	-179.1200000	51.0400000	943.1748956	4.0630927
-159.5256040	20.6596000	-179.1200000	51.0400000	930.3218438	4.0640927
-159.5256040	21.1596000	-179.1200000	51.0400000	917.4994776	4.0650927
-159.5256040	21.6596000	-179.1200000	51.0400000	904.6239589	4.0664742
-159.5256040	22.1596000	-179.1200000	51.0400000	891.8673249	4.0674742
-159.5256040	22.6596000	-179.1200000	51.0400000	879.0109955	4.0690927
-159.5256040	23.1596000	-179.1200000	51.0400000	866.2442328	4.0704742
-159.5256040	23.6596000	-179.1200000	51.0400000	853.5962893	4.0714742
-159.5256040	24.1596000	-179.1200000	51.0400000	840.8584107	4.0730927
-159.5256040	24.6596000	-179.1200000	51.0400000	828.2118476	4.0744742
-159.5256040	25.1596000	-179.1200000	51.0400000	815.6847403	4.0754742
-159.5256040	25.6596000	-179.1200000	51.0400000	803.0780981	4.0770927
-159.5256040	26.1596000	-179.1200000	51.0400000	790.6392483	4.0780927
-159.5256040	26.6596000	-179.1200000	51.0400000	778.2462164	4.0790927
-159.0256040	14.6596000	-179.1200000	51.0400000	1089.3487774	4.0574742
-159.0256040	15.1596000	-179.1200000	51.0400000	1076.5288471	4.0574742
-159.0256040	15.6596000	-179.1200000	51.0400000	1063.7253030	4.0574742
-159.0256040	16.1596000	-179.1200000	51.0400000	1050.7785801	4.0580927
-159.0256040	16.6596000	-179.1200000	51.0400000	1038.0116475	4.0580927
-159.0256040	17.1596000	-179.1200000	51.0400000	1025.1666888	4.0584742
-159.0256040	17.6596000	-179.1200000	51.0400000	1012.2840698	4.0590927
-159.0256040	18.1596000	-179.1200000	51.0400000	999.4835484	4.0594742
-159.0256040	18.6596000	-179.1200000	51.0400000	986.5557208	4.0604742
-159.0256040	19.1596000	-179.1200000	51.0400000	973.6556793	4.0614742
-159.0256040	19.6596000	-179.1200000	51.0400000	960.8745041	4.0620927
-159.0256040	20.1596000	-179.1200000	51.0400000	948.0314190	4.0630927
-159.0256040	20.6596000	-179.1200000	51.0400000	935.1310561	4.0644742
-159.0256040	21.1596000	-179.1200000	51.0400000	922.3511807	4.0654742
-159.0256040	21.6596000	-179.1200000	51.0400000	909.6038499	4.0664742
-159.0256040	22.1596000	-179.1200000	51.0400000	896.7538061	4.0680927
-159.0256040	22.6596000	-179.1200000	51.0400000	883.9940511	4.0694742
-159.0256040	23.1596000	-179.1200000	51.0400000	871.3544329	4.0704742
-159.0256040	23.6596000	-179.1200000	51.0400000	858.6217375	4.0720927
-159.0256040	24.1596000	-179.1200000	51.0400000	845.9809427	4.0734742
-159.0256040	24.6596000	-179.1200000	51.0400000	833.4607704	4.0744742
-159.0256040	25.1596000	-179.1200000	51.0400000	820.8577588	4.0760927
-159.0256040	25.6596000	-179.1200000	51.0400000	808.4246265	4.0770927
-159.0256040	26.1596000	-179.1200000	51.0400000	796.0365988	4.0780927
-159.0256040	26.6596000	-179.1200000	51.0400000	783.6955115	4.0790927
-158.5256040	14.6596000	-179.1200000	51.0400000	1094.1626495	4.0564742
-158.5256040	15.1596000	-179.1200000	51.0400000	1081.2091097	4.0570927
-158.5256040	15.6596000	-179.1200000	51.0400000	1068.4393606	4.0570927
-158.5256040	16.1596000	-179.1200000	51.0400000	1055.5879764	4.0574742
-158.5256040	16.6596000	-179.1200000	51.0400000	1042.6963693	4.0580927
-158.5256040	17.1596000	-179.1200000	51.0400000	1029.8878294	4.0584742
-158.5256040	17.6596000	-179.1200000	51.0400000	1017.0420065	4.0590927
-158.5256040	18.1596000	-179.1200000	51.0400000	1004.2792322	4.0594742
-158.5256040	18.6596000	-179.1200000	51.0400000	991.3891110	4.0604742
-158.5256040	19.1596000	-179.1200000	51.0400000	978.5274812	4.0614742
-158.5256040	19.6596000	-179.1200000	51.0400000	965.6952199	4.0624742
-158.5256040	20.1596000	-179.1200000	51.0400000	952.8932500	4.0634742
-158.5256040	20.6596000	-179.1200000	51.0400000	940.1225428	4.0644742
-158.5256040	21.1596000	-179.1200000	51.0400000	927.3841213	4.0654742
-158.5256040	21.6596000	-179.1200000	51.0400000	914.5399553	4.0670927
-158.5256040	22.1596000	-179.1200000	51.0400000	901.7867989	4.0684742
-158.5256040	22.6596000	-179.1200000	51.0400000	889.1550986	4.0694742
-158.5256040	23.1596000	-179.1200000	51.0400000	876.4271702	4.0710927
-158.5256040	23.6596000	-179.1200000	51.0400000	863.7917312	4.0724742
-158.5256040	24.1596000	-179.1200000	51.0400000	851.2780896	4.0734742
-158.5256040	24.6596000	-179.1200000	51.0400000	838.8056210	4.0744742
-158.5256040	25.1596000	-179.1200000	51.0400000	826.2504981	4.0760927
-158.5256040	25.6596000	-179.1200000	51.0400000	813.8670978	4.0770927
-158.5256040	26.1596000	-179.1200000	51.0400000	801.5298628	4.0780927
-158.5256040	26.6596000	-179.1200000	51.0400000	789.2406578	4.0790927
-158.0256040	14.6596000	-179.1200000	51.0400000	1098.7985376	4.0564742
-158.0256040	15.1596000	-179.1200000	51.0400000	1086.0445673	4.0564742
-158.0256040	15.6596000	-179.1200000	51.0400000	1073.1445221	4.0570927
-158.0256040	16.1596000	-179.1200000	51.0400000	1060.3285728	4.0574742
-158.0256040	16.6596000	-179.1200000	51.0400000	1047.4727317	4.0580927
-158.0256040	17.1596000	-179.1200000	51.0400000	1034.7008633	4.0584742
-158.0256040	17.6596000	-179.1200000	51.0400000	1021.8920758	4.0590927
-158.0256040	18.1596000	-179.1200000	51.0400000	1009.1672841	4.0594742
-158.0256040	18.6596000	-179.1200000	51.0400000	996.3150810	4.0604742
-158.0256040	19.1596000	-179.1200000	51.0400000	983.4920641	4.0614742
-158.0256040	19.6596000	-179.1200000	51.0400000	970.6991309	4.0624742
-158.0256040	20.1596000	-179.1200000	51.0400000	957.9372255	4.0634742
-158.0256040	20.6596000	-179.1200000	51.0400000	945.0635191	4.0650927
-158.0256040	21.1596000	-179.1200000	51.0400000	932.3686675	4.0660927
-158.0256040	21.6596000	-179.1200000	51.0400000	919.6217240	4.0674742
-158.0256040	22.1596000	-179.1200000	51.0400000	906.9975585	4.0684742
-158.0256040	22.6596000	-179.1200000	51.0400000	894.2740059	4.0700927
-158.0256040	23.1596000	-179.1200000	51.0400000	881.7261456	4.0710927
-158.0256040	23.6596000	-179.1200000	51.0400000	869.1360468	4.0724742
-158.0256040	24.1596000	-179.1200000	51.0400000	856.6691667	4.0734742
-158.0256040	24.6596000	-179.1200000	51.0400000	844.1162660	4.0750927
-158.0256040	25.1596000	-179.1200000	51.0400000	831.7371432	4.0760927
-158.0256040	25.6596000	-179.1200000	51.0400000	819.4034271	4.0770927
-158.0256040	26.1596000	-179.1200000	51.0400000	807.1169056	4.0780927
-158.0256040	26.6596000	-179.1200000	51.0400000	795.0000213	4.0784742
-157.5256040	14.6596000	-179.1200000	51.0400000	1103.6275068	4.0560927
-157.5256040	15.1596000	-179.1200000	51.0400000	1090.9073051	4.0560927
-157.5256040	15.6596000	-179.1200000	51.0400000	1078.1038500	4.0564742
-157.5256040	16.1596000	-179.1200000	51.0400000	1065.2593563	4.0570927
-157.5256040	16.6596000	-179.1200000	51.0400000	1052.4997808	4.0574742
-157.5256040	17.1596000	-179.1200000	51.0400000	1039.7021049	4.0580927
-157.5256040	17.6596000	-179.1200000	51.0400000	1026.8328378	4.0590927
-157.5256040	18.1596000	-179.1200000	51.0400000	1014.1462319	4.0594742
-157.5256040	18.6596000	-179.1200000	51.0400000	1001.3321257	4.0604742
-157.5256040	19.1596000	-179.1200000	51.0400000	988.5478887	4.0614742
-157.5256040	19.6596000	-179.1200000	51.0400000	975.7944384	4.0624742
-157.5256040	20.1596000	-179.1200000	51.0400000	962.9261627	4.0640927
-157.5256040	20.6596000	-179.1200000	51.0400000	950.2391946	4.0650927
-157.5256040	21.1596000	-179.1200000	51.0400000	937.5860516	4.0660927
-157.5256040	21.6596000	-179.1200000	51.0400000	924.8811096	4.0674742
-157.5256040	22.1596000	-179.1200000	51.0400000	912.1615654	4.0690927
-157.5256040	22.6596000	-179.1200000	51.0400000	899.6200090	4.0700927
-157.5256040	23.1596000	-179.1200000	51.0400000	887.0340118	4.0714742
-157.5256040	23.6596000	-179.1200000	51.0400000	874.5723732	4.0724742
-157.5256040	24.1596000	-179.1200000	51.0400000	862.0213499	4.0740927
-157.5256040	24.6596000	-179.1200000	51.0400000	849.6461800	4.0750927
-157.5256040	25.1596000	-179.1200000	51.0400000	837.3156745	4.0760927
-157.5256040	25.6596000	-179.1200000	51.0400000	825.0315484	4.0770927
-157.5256040	26.1596000	-179.1200000	51.0400000	812.7956138	4.0780927
-157.5256040	26.6596000	-179.1200000	51.0400000	800.7312066	4.0784742
-157.0256040	14.6596000	-179.1200000	51.0400000	1108.6102393	4.0554742
-157.0256040	15.1596000	-179.1200000	51.0400000	1095.7561793	4.0560927
-157.0256040	15.6596000	-179.1200000	51.0400000	1082.9880344	4.0564742
-157.0256040	16.1596000	-179.1200000	51.0400000	1070.1791412	4.0570927
-157.0256040	16.6596000	-179.1200000	51.0400000	1057.4560459	4.0574742
-157.0256040	17.1596000	-179.1200000	51.0400000	1044.6951694	4.0580927
-157.0256040	17.6596000	-179.1200000	51.0400000	1031.8628528	4.0590927
-157.0256040	18.1596000	-179.1200000	51.0400000	1019.0593305	4.0600927
-157.0256040	18.6596000	-179.1200000	51.0400000	1006.4387412	4.0604742
-157.0256040	19.1596000	-179.1200000	51.0400000	993.6934183	4.0614742
-157.0256040	19.6596000	-179.1200000	51.0400000	980.8302334	4.0630927
-157.0256040	20.1596000	-179.1200000	51.0400000	968.1508134	4.0640927
-157.0256040	20.6596000	-179.1200000	51.0400000	955.5048804	4.0650927
-157.0256040	21.1596000	-179.1200000	51.0400000	942.8050717	4.0664742
-157.0256040	21.6596000	-179.1200000	51.0400000	930.2306293	4.0674742
-157.0256040	22.1596000	-179.1200000	51.0400000	917.5536032	4.0690927
-157.0256040	22.6596000	-179.1200000	51.0400000	905.0561890	4.0700927
-157.0256040	23.1596000	-179.1200000	51.0400000	892.5146524	4.0714742
-157.0256040	23.6596000	-179.1200000	51.0400000	880.0988375	4.0724742
-157.0256040	24.1596000	-179.1200000	51.0400000	867.5936674	4.0740927
-157.0256040	24.6596000	-179.1200000	51.0400000	855.2660873	4.0750927
-157.0256040	25.1596000	-179.1200000	51.0400000	842.9840913	4.0760927
-157.0256040	25.6596000	-179.1200000	51.0400000	830.7494164	4.0770927
-157.0256040	26.1596000	-179.1200000	51.0400000	818.6880705	4.0774742
-157.0256040	26.6596000	-179.1200000	51.0400000	806.5517729	4.0784742
-156.5256040	14.6596000	-179.1200000	51.0400000	1113.5114328	4.0554742
-156.5256040	15.1596000	-179.1200000	51.0400000	1100.6920328	4.0560927
-156.5256040	15.6596000	-179.1200000	51.0400000	1088.0617066	4.0560927
-156.5256040	16.1596000	-179.1200000	51.0400000	1075.1862722	4.0570927
-156.5256040	16.6596000	-179.1200000	51.0400000	1062.4998294	4.0574742
-156.5256040	17.1596000	-179.1200000	51.0400000	1049.7759096	4.0580927
-156.5256040	17.6596000	-179.1200000	51.0400000	1036.9806821	4.0590927
-156.5256040	18.1596000	-179.1200000	51.0400000	1024.2148721	4.0600927
-156.5256040	18.6596000	-179.1200000	51.0400000	1011.4793457	4.0610927
-156.5256040	19.1596000	-179.1200000	51.0400000	998.7750116	4.0620927
-156.5256040	19.6596000	-179.1200000	51.0400000	986.1028236	4.0630927
-156.5256040	20.1596000	-179.1200000	51.0400000	973.4637830	4.0640927
-156.5256040	20.6596000	-179.1200000	51.0400000	960.8589419	4.0650927
-156.5256040	21.1596000	-179.1200000	51.0400000	948.2004501	4.0664742
-156.5256040	21.6596000	-179.1200000	51.0400000	935.5263118	4.0680927
-156.5256040	22.1596000	-179.1200000	51.0400000	923.0340574	4.0690927
-156.5256040	22.6596000	-179.1200000	51.0400000	910.5807656	4.0700927
-156.5256040	23.1596000	-179.1200000	51.0400000	898.0836392	4.0714742
-156.5256040	23.6596000	-179.1200000	51.0400000	885.7135816	4.0724742
-156.5256040	24.1596000	-179.1200000	51.0400000	873.2541589	4.0740927
-156.5256040	24.6596000	-179.1200000	51.0400000	860.9740488	4.0750927
-156.5256040	25.1596000	-179.1200000	51.0400000	848.7404127	4.0760927
-156.5256040	25.6596000	-179.1200000	51.0400000	836.6819420	4.0764742
-156.5256040	26.1596000	-179.1200000	51.0400000	824.5447505	4.0774742
-156.5256040	26.6596000	-179.1200000	51.0400000	812.5356063	4.0780927
-156.0256040	14.6596000	-179.1200000	51.0400000	1118.6033590	4.0550927
-156.0256040	15.1596000	-179.1200000	51.0400000	1105.8822131	4.0554742
-156.0256040	15.6596000	-179.1200000	51.0400000	1093.1193829	4.0560927
-156.0256040	16.1596000	-179.1200000	51.0400000	1080.2793990	4.0570927
-156.0256040	16.6596000	-179.1200000	51.0400000	1067.6297531	4.0574742
-156.0256040	17.1596000	-179.1200000	51.0400000	1054.9429187	4.0580927
-156.0256040	17.6596000	-179.1200000	51.0400000	1042.1848895	4.0590927
-156.0256040	18.1596000	-179.1200000	51.0400000	1029.4568890	4.0600927
-156.0256040	18.6596000	-179.1200000	51.0400000	1016.7597994	4.0610927
-156.0256040	19.1596000	-179.1200000	51.0400000	1004.0945460	4.0620927
-156.0256040	19.6596000	-179.1200000	51.0400000	991.4620996	4.0630927
-156.0256040	20.1596000	-179.1200000	51.0400000	978.8634787	4.0640927
-156.0256040	20.6596000	-179.1200000	51.0400000	966.2997526	4.0650927
-156.0256040	21.1596000	-179.1200000	51.0400000	953.6825750	4.0664742
-156.0256040	21.6596000	-179.1200000	51.0400000	941.0501525	4.0680927
-156.0256040	22.1596000	-179.1200000	51.0400000	928.6011968	4.0690927
-156.0256040	22.6596000	-179.1200000	51.0400000	916.1919715	4.0700927
-156.0256040	23.1596000	-179.1200000	51.0400000	903.7391677	4.0714742
-156.0256040	23.6596000	-179.1200000	51.0400000	891.4147632	4.0724742
-156.0256040	24.1596000	-179.1200000	51.0400000	879.1344169	4.0734742
-156.0256040	24.6596000	-179.1200000	51.0400000	866.8997279	4.0744742
-156.0256040	25.1596000	-179.1200000	51.0400000	854.7123809	4.0754742
-156.0256040	25.6596000	-179.1200000	51.0400000	842.5741514	4.0764742
-156.0256040	26.1596000	-179.1200000	51.0400000	830.5646131	4.0770927
-156.0256040	26.6596000	-179.1200000	51.0400000	818.5291922	4.0780927
-155.5256040	14.6596000	-179.1200000	51.0400000	1123.6747922	4.0550927
-155.5256040	15.1596000	-179.1200000	51.0400000	1110.9889164	4.0554742
-155.5256040	15.6596000	-179.1200000	51.0400000	1098.2615919	4.0560927
-155.5256040	16.1596000	-179.1200000	51.0400000	1085.4571730	4.0570927
-155.5256040	16.6596000	-179.1200000	51.0400000	1072.9453124	4.0570927
-155.5256040	17.1596000	-179.1200000	51.0400000	1060.1947923	4.0580927
-155.5256040	17.6596000	-179.1200000	51.0400000	1047.4740422	4.0590927
-155.5256040	18.1596000	-179.1200000	51.0400000	1034.7839192	4.0600927
-155.5256040	18.6596000	-179.1200000	51.0400000	1022.1253209	4.0610927
-155.5256040	19.1596000	-179.1200000	51.0400000	1009.4991884	4.0620927
-155.5256040	19.6596000	-179.1200000	51.0400000	996.9065083	4.0630927
-155.5256040	20.1596000	-179.1200000	51.0400000	984.3483153	4.0640927
-155.5256040	20.6596000	-179.1200000	51.0400000	971.7345099	4.0654742
-155.5256040	21.1596000	-179.1200000	51.0400000	959.2497960	4.0664742
-155.5256040	21.6596000	-179.1200000	51.0400000	946.6590289	4.0680927
-155.5256040	22.1596000	-179.1200000	51.0400000	934.2533035	4.0690927
-155.5256040	22.6596000	-179.1200000	51.0400000	921.8880535	4.0700927
-155.5256040	23.1596000	-179.1200000	51.0400000	909.4794494	4.0714742
-155.5256040	23.6596000	-179.1200000	51.0400000	897.2005576	4.0724742
-155.5256040	24.1596000	-179.1200000	51.0400000	884.9665200	4.0734742
-155.5256040	24.6596000	-179.1200000	51.0400000	872.7789524	4.0744742
-155.5256040	25.1596000	-179.1200000	51.0400000	860.6395560	4.0754742
-155.5256040	25.6596000	-179.1200000	51.0400000	848.6295337	4.0760927
-155.5256040	26.1596000	-179.1200000	51.0400000	836.5908048	4.0770927
-155.5256040	26.6596000	-179.1200000	51.0400000	824.6059211	4.0780927
-155.0256040	14.6596000	-179.1200000	51.0400000	1128.8292099	4.0550927
-155.0256040	15.1596000	-179.1200000	51.0400000	1116.1787255	4.0554742
-155.0256040	15.6596000	-179.1200000	51.0400000	1103.4870132	4.0560927
-155.0256040	16.1596000	-179.1200000	51.0400000	1090.7182476	4.0570927
-155.0256040	16.6596000	-179.1200000	51.0400000	1078.2438888	4.0570927
-155.0256040	17.1596000	-179.1200000	51.0400000	1065.5301300	4.0580927
-155.0256040	17.6596000	-179.1200000	51.0400000	1052.8467121	4.0590927
-155.0256040	18.1596000	-179.1200000	51.0400000	1040.1945063	4.0600927
-155.0256040	18.6596000	-179.1200000	51.0400000	1027.5744249	4.0610927
-155.0256040	19.1596000	-179.1200000	51.0400000	1014.9874238	4.0620927
-155.0256040	19.6596000	-179.1200000	51.0400000	1002.4345046	4.0630927
-155.0256040	20.1596000	-179.1200000	51.0400000	989.9167172	4.0640927
-155.0256040	20.6596000	-179.1200000	51.0400000	977.3434510	4.0654742
-155.0256040	21.1596000	-179.1200000	51.0400000	964.9004744	4.0664742
-155.0256040	21.6596000	-179.1200000	51.0400000	952.3512699	4.0680927
-155.0256040	22.1596000	-179.1200000	51.0400000	939.9886731	4.0690927
-155.0256040	22.6596000	-179.1200000	51.0400000	927.6672740	4.0700927
-155.0256040	23.1596000	-179.1200000	51.0400000	915.3027127	4.0714742
-155.0256040	23.6596000	-179.1200000	51.0400000	903.0691585	4.0724742
-155.0256040	24.1596000	-179.1200000	51.0400000	890.8812268	4.0734742
-155.0256040	24.6596000	-179.1200000	51.0400000	878.7405486	4.0744742
-155.0256040	25.1596000	-179.1200000	51.0400000	866.6488397	4.0754742
-155.0256040	25.6596000	-179.1200000	51.0400000	854.6878839	4.0760927
-155.0256040	26.1596000	-179.1200000	51.0400000	842.6984849	4.0770927
-155.0256040	26.6596000	-179.1200000	51.0400000	830.7637697	4.0780927
-154.5256040	14.6596000	-179.1200000	51.0400000	1134.0653441	4.0550927
-154.5256040	15.1596000	-179.1200000	51.0400000	1121.4503477	4.0554742
-154.5256040	15.6596000	-179.1200000	51.0400000	1108.7943294	4.0560927
-154.5256040	16.1596000	-179.1200000	51.0400000	1096.0612800	4.0570927
-154.5256040	16.6596000	-179.1200000	51.0400000	1083.5226186	4.0574742
-154.5256040	17.1596000	-179.1200000	51.0400000	1070.9475362	4.0580927
-154.5256040	17.6596000	-179.1200000	51.0400000	1058.3014764	4.0590927
-154.5256040	18.1596000	-179.1200000	51.0400000	1045.6872001	4.0600927
-154.5256040	18.6596000	-179.1200000	51.0400000	1033.1056332	4.0610927
-154.5256040	19.1596000	-179.1200000	51.0400000	1020.5577455	4.0620927
-154.5256040	19.6596000	-179.1200000	51.0400000	1008.0445526	4.0630927
-154.5256040	20.1596000	-179.1200000	51.0400000	995.5671187	4.0640927
-154.5256040	20.6596000	-179.1200000	51.0400000	983.0343134	4.0654742
-154.5256040	21.1596000	-179.1200000	51.0400000	970.6329838	4.0664742
-154.5256040	21.6596000	-179.1200000	51.0400000	958.1252184	4.0680927
-154.5256040	22.1596000	-179.1200000	51.0400000	945.8056168	4.0690927
-154.5256040	22.6596000	-179.1200000	51.0400000	933.5279116	4.0700927
-154.5256040	23.1596000	-179.1200000	51.0400000	921.2935205	4.0710927
-154.5256040	23.6596000	-179.1200000	51.0400000	909.0187790	4.0724742
-154.5256040	24.1596000	-179.1200000	51.0400000	896.8767171	4.0734742
-154.5256040	24.6596000	-179.1200000	51.0400000	884.7826625	4.0744742
-154.5256040	25.1596000	-179.1200000	51.0400000	872.8200385	4.0750927
-154.5256040	25.6596000	-179.1200000	51.0400000	860.8261312	4.0760927
-154.5256040	26.1596000	-179.1200000	51.0400000	848.8856959	4.0770927
-154.5256040	26.6596000	-179.1200000	51.0400000	837.0007457	4.0780927
-154.0256040	14.6596000	-179.1200000	51.0400000	1139.3819290	4.0550927
-154.0256040	15.1596000	-179.1200000	51.0400000	1126.8024934	4.0554742
-154.0256040	15.6596000	-179.1200000	51.0400000	1114.1822263	4.0560927
-154.0256040	16.1596000	-179.1200000	51.0400000	1101.4849314	4.0570927
-154.0256040	16.6596000	-179.1200000	51.0400000	1088.9833760	4.0574742
-154.0256040	17.1596000	-179.1200000	51.0400000	1076.4456209	4.0580927
-154.0256040	17.6596000	-179.1200000	51.0400000	1063.8369191	4.0590927
-154.0256040	18.1596000	-179.1200000	51.0400000	1051.2605578	4.0600927
-154.0256040	18.6596000	-179.1200000	51.0400000	1038.7174757	4.0610927
-154.0256040	19.1596000	-179.1200000	51.0400000	1026.2086557	4.0620927
-154.0256040	19.6596000	-179.1200000	51.0400000	1013.7351265	4.0630927
-154.0256040	20.1596000	-179.1200000	51.0400000	1001.2979655	4.0640927
-154.0256040	20.6596000	-179.1200000	51.0400000	988.8055139	4.0654742
-154.0256040	21.1596000	-179.1200000	51.0400000	976.2972095	4.0670927
-154.0256040	21.6596000	-179.1200000	51.0400000	963.9792317	4.0680927
-154.0256040	22.1596000	-179.1200000	51.0400000	951.7024617	4.0690927
-154.0256040	22.6596000	-179.1200000	51.0400000	939.4682627	4.0700927
-154.0256040	23.1596000	-179.1200000	51.0400000	927.2780654	4.0710927
-154.0256040	23.6596000	-179.1200000	51.0400000	915.0476529	4.0724742
-154.0256040	24.1596000	-179.1200000	51.0400000	902.9511929	4.0734742
-154.0256040	24.6596000	-179.1200000	51.0400000	890.9868795	4.0740927
-154.0256040	25.1596000	-179.1200000	51.0400000	878.9884776	4.0750927
-154.0256040	25.6596000	-179.1200000	51.0400000	867.0423803	4.0760927
-154.0256040	26.1596000	-179.1200000	51.0400000	855.1505102	4.0770927
-154.0256040	26.6596000	-179.1200000	51.0400000	843.3148888	4.0780927
-153.5256040	14.6596000	-179.1200000	51.0400000	1144.7777022	4.0550927
-153.5256040	15.1596000	-179.1200000	51.0400000	1132.2338768	4.0554742
-153.5256040	15.6596000	-179.1200000	51.0400000	1119.6493944	4.0560927
-153.5256040	16.1596000	-179.1200000	51.0400000	1106.9878684	4.0570927
-153.5256040	16.6596000	-179.1200000	51.0400000	1094.3566038	4.0580927
-153.5256040	17.1596000	-179.1200000	51.0400000	1081.9213005	4.0584742
-153.5256040	17.6596000	-179.1200000	51.0400000	1069.4516316	4.0590927
-153.5256040	18.1596000	-179.1200000	51.0400000	1056.9131449	4.0600927
-153.5256040	18.6596000	-179.1200000	51.0400000	1044.4084918	4.0610927
-153.5256040	19.1596000	-179.1200000	51.0400000	1031.9386671	4.0620927
-153.5256040	19.6596000	-179.1200000	51.0400000	1019.5047117	4.0630927
-153.5256040	20.1596000	-179.1200000	51.0400000	1007.0131962	4.0644742
-153.5256040	20.6596000	-179.1200000	51.0400000	994.6554824	4.0654742
-153.5256040	21.1596000	-179.1200000	51.0400000	982.1876609	4.0670927
-153.5256040	21.6596000	-179.1200000	51.0400000	969.9116830	4.0680927
-153.5256040	22.1596000	-179.1200000	51.0400000	957.6775516	4.0690927
-153.5256040	22.6596000	-179.1200000	51.0400000	945.4866418	4.0700927
-153.5256040	23.1596000	-179.1200000	51.0400000	933.3403957	4.0710927
-153.5256040	23.6596000	-179.1200000	51.0400000	921.1540353	4.0724742
-153.5256040	24.1596000	-179.1200000	51.0400000	909.1028788	4.0734742
-153.5256040	24.6596000	-179.1200000	51.0400000	897.1011468	4.0744742
-153.5256040	25.1596000	-179.1200000	51.0400000	885.2334454	4.0750927
-153.5256040	25.6596000	-179.1200000	51.0400000	873.3347643	4.0760927
-153.5256040	26.1596000	-179.1200000	51.0400000	861.4910300	4.0770927
-153.5256040	26.6596000	-179.1200000	51.0400000	849.7042708	4.0780927
-153.0256040	14.6596000	-179.1200000	51.0400000	1150.2514052	4.0550927
-153.0256040	15.1596000	-179.1200000	51.0400000	1137.5697148	4.0560927
-153.0256040	15.6596000	-179.1200000	51.0400000	1125.0887195	4.0564742
-153.0256040	16.1596000	-179.1200000	51.0400000	1112.5687632	4.0570927
-153.0256040	16.6596000	-179.1200000	51.0400000	1099.9737519	4.0580927
-153.0256040	17.1596000	-179.1200000	51.0400000	1087.4103390	4.0590927
-153.0256040	17.6596000	-179.1200000	51.0400000	1075.0431844	4.0594742
-153.0256040	18.1596000	-179.1200000	51.0400000	1062.5437064	4.0604742
-153.0256040	18.6596000	-179.1200000	51.0400000	1050.0785964	4.0614742
-153.0256040	19.1596000	-179.1200000	51.0400000	1037.6488603	4.0624742
-153.0256040	19.6596000	-179.1200000	51.0400000	1025.2555504	4.0634742
-153.0256040	20.1596000	-179.1200000	51.0400000	1012.8997674	4.0644742
-153.0256040	20.6596000	-179.1200000	51.0400000	1000.4304527	4.0660927
-153.0256040	21.1596000	-179.1200000	51.0400000	988.1551374	4.0670927
-153.0256040	21.6596000	-179.1200000	51.0400000	975.9209619	4.0680927
-153.0256040	22.1596000	-179.1200000	51.0400000	963.7292486	4.0690927
-153.0256040	22.6596000	-179.1200000	51.0400000	951.5813829	4.0700927
-153.0256040	23.1596000	-179.1200000	51.0400000	939.3907964	4.0714742
-153.0256040	23.6596000	-179.1200000	51.0400000	927.3362033	4.0724742
-153.0256040	24.1596000	-179.1200000	51.0400000	915.3300235	4.0734742
-153.0256040	24.6596000	-179.1200000	51.0400000	903.3739316	4.0744742
-153.0256040	25.1596000	-179.1200000	51.0400000	891.4696846	4.0754742
-153.0256040	25.6596000	-179.1200000	51.0400000	879.6191266	4.0764742
-153.0256040	26.1596000	-179.1200000	51.0400000	867.9053888	4.0770927
-153.0256040	26.6596000	-179.1200000	51.0400000	856.1669965	4.0780927
-152.5256040	14.6596000	-179.1200000	51.0400000	1155.6930693	4.0554742
-152.5256040	15.1596000	-179.1200000	51.0400000	1143.1548836	4.0560927
-152.5256040	15.6596000	-179.1200000	51.0400000	1130.5376078	4.0570927
-152.5256040	16.1596000	-179.1200000	51.0400000	1118.1211662	4.0574742
-152.5256040	16.6596000	-179.1200000	51.0400000	1105.6674920	4.0580927
-152.5256040	17.1596000	-179.1200000	51.0400000	1093.1407778	4.0590927
-152.5256040	17.6596000	-179.1200000	51.0400000	1080.6470439	4.0600927
-152.5256040	18.1596000	-179.1200000	51.0400000	1068.1872211	4.0610927
-152.5256040	18.6596000	-179.1200000	51.0400000	1055.7622819	4.0620927
-152.5256040	19.1596000	-179.1200000	51.0400000	1043.3732424	4.0630927
-152.5256040	19.6596000	-179.1200000	51.0400000	1031.0211651	4.0640927
-152.5256040	20.1596000	-179.1200000	51.0400000	1018.7071608	4.0650927
-152.5256040	20.6596000	-179.1200000	51.0400000	1006.4323912	4.0660927
-152.5256040	21.1596000	-179.1200000	51.0400000	994.1980719	4.0670927
-152.5256040	21.6596000	-179.1200000	51.0400000	982.0054752	4.0680927
-152.5256040	22.1596000	-179.1200000	51.0400000	969.8559329	4.0690927
-152.5256040	22.6596000	-179.1200000	51.0400000	957.6610851	4.0704742
-152.5256040	23.1596000	-179.1200000	51.0400000	945.6030533	4.0714742
-152.5256040	23.6596000	-179.1200000	51.0400000	933.4506814	4.0730927
-152.5256040	24.1596000	-179.1200000	51.0400000	921.4909752	4.0740927
-152.5256040	24.6596000	-179.1200000	51.0400000	909.5819813	4.0750927
-152.5256040	25.1596000	-179.1200000	51.0400000	897.7254628	4.0760927
-152.5256040	25.6596000	-179.1200000	51.0400000	885.9232687	4.0770927
-152.5256040	26.1596000	-179.1200000	51.0400000	874.1773393	4.0780927
-152.5256040	26.6596000	-179.1200000	51.0400000	862.6205156	4.0784742
-152.0256040	14.6596000	-179.1200000	51.0400000	1161.3183474	4.0554742
-152.0256040	15.1596000	-179.1200000	51.0400000	1148.8154521	4.0560927
-152.0256040	15.6596000	-179.1200000	51.0400000	1136.2333849	4.0570927
-152.0256040	16.1596000	-179.1200000	51.0400000	1123.6821832	4.0580927
-152.0256040	16.6596000	-179.1200000	51.0400000	1111.3320233	4.0584742
-152.0256040	17.1596000	-179.1200000	51.0400000	1098.9463910	4.0590927
-152.0256040	17.6596000	-179.1200000	51.0400000	1086.4897601	4.0600927
-152.0256040	18.1596000	-179.1200000	51.0400000	1074.0675357	4.0610927
-152.0256040	18.6596000	-179.1200000	51.0400000	1061.6807000	4.0620927
-152.0256040	19.1596000	-179.1200000	51.0400000	1049.3302788	4.0630927
-152.0256040	19.6596000	-179.1200000	51.0400000	1037.0173438	4.0640927
-152.0256040	20.1596000	-179.1200000	51.0400000	1024.7430152	4.0650927
-152.0256040	20.6596000	-179.1200000	51.0400000	1012.5084640	4.0660927
-152.0256040	21.1596000	-179.1200000	51.0400000	1000.3149146	4.0670927
-152.0256040	21.6596000	-179.1200000	51.0400000	988.0709979	4.0684742
-152.0256040	22.1596000	-179.1200000	51.0400000	975.9645118	4.0694742
-152.0256040	22.6596000	-179.1200000	51.0400000	963.7565960	4.0710927
-152.0256040	23.1596000	-179.1200000	51.0400000	951.7434805	4.0720927
-152.0256040	23.6596000	-179.1200000	51.0400000	939.7783829	4.0730927
-152.0256040	24.1596000	-179.1200000	51.0400000	927.8629135	4.0740927
-152.0256040	24.6596000	-179.1200000	51.0400000	915.9987591	4.0750927
-152.0256040	25.1596000	-179.1200000	51.0400000	904.1876874	4.0760927
-152.0256040	25.6596000	-179.1200000	51.0400000	892.4315514	4.0770927
-152.0256040	26.1596000	-179.1200000	51.0400000	880.7322940	4.0780927
-152.0256040	26.6596000	-179.1200000	51.0400000	869.0919523	4.0790927
-151.5256040	14.6596000	-179.1200000	51.0400000	1166.8398381	4.0560927
-151.5256040	15.1596000	-179.1200000	51.0400000	1154.4415867	4.0564742
-151.5256040	15.6596000	-179.1200000	51.0400000	1142.0032371	4.0570927
-151.5256040	16.1596000	-179.1200000	51.0400000	1129.4876260	4.0580927
-151.5256040	16.6596000	-179.1200000	51.0400000	1117.0041602	4.0590927
-151.5256040	17.1596000	-179.1200000	51.0400000	1104.5537116	4.0600927
-151.5256040	17.6596000	-179.1200000	51.0400000	1092.3035574	4.0604742
-151.5256040	18.1596000	-179.1200000	51.0400000	1079.9199848	4.0614742
-151.5256040	18.6596000	-179.1200000	51.0400000	1067.5722853	4.0624742
-151.5256040	19.1596000	-179.1200000	51.0400000	1055.2614930	4.0634742
-151.5256040	19.6596000	-179.1200000	51.0400000	1042.9886883	4.0644742
-151.5256040	20.1596000	-179.1200000	51.0400000	1030.7549996	4.0654742
-151.5256040	20.6596000	-179.1200000	51.0400000	1018.5616060	4.0664742
-151.5256040	21.1596000	-179.1200000	51.0400000	1006.2567183	4.0680927
-151.5256040	21.6596000	-179.1200000	51.0400000	994.1495460	4.0690927
-151.5256040	22.1596000	-179.1200000	51.0400000	982.0865291	4.0700927
-151.5256040	22.6596000	-179.1200000	51.0400000	970.0690765	4.0710927
-151.5256040	23.1596000	-179.1200000	51.0400000	958.0986625	4.0720927
-151.5256040	23.6596000	-179.1200000	51.0400000	946.1768299	4.0730927
-151.5256040	24.1596000	-179.1200000	51.0400000	934.2177225	4.0744742
-151.5256040	24.6596000	-179.1200000	51.0400000	922.3991016	4.0754742
-151.5256040	25.1596000	-179.1200000	51.0400000	910.6341337	4.0764742
-151.5256040	25.6596000	-179.1200000	51.0400000	898.7883304	4.0780927
-151.5256040	26.1596000	-179.1200000	51.0400000	887.1381225	4.0790927
-151.5256040	26.6596000	-179.1200000	51.0400000	875.5473934	4.0800927
-151.0256040	14.6596000	-179.1200000	51.0400000	1172.6113587	4.0560927
-151.0256040	15.1596000	-179.1200000	51.0400000	1160.0717370	4.0570927
-151.0256040	15.6596000	-179.1200000	51.0400000	1147.5630352	4.0580927
-151.0256040	16.1596000	-179.1200000	51.0400000	1135.2590587	4.0584742
-151.0256040	16.6596000	-179.1200000	51.0400000	1122.9182403	4.0590927
-151.0256040	17.1596000	-179.1200000	51.0400000	1110.5041718	4.0600927
-151.0256040	17.6596000	-179.1200000	51.0400000	1098.1244849	4.0610927
-151.0256040	18.1596000	-179.1200000	51.0400000	1085.7801370	4.0620927
-151.0256040	18.6596000	-179.1200000	51.0400000	1073.4721265	4.0630927
-151.0256040	19.1596000	-179.1200000	51.0400000	1061.2014957	4.0640927
-151.0256040	19.6596000	-179.1200000	51.0400000	1048.9693322	4.0650927
-151.0256040	20.1596000	-179.1200000	51.0400000	1036.7767718	4.0660927
-151.0256040	20.6596000	-179.1200000	51.0400000	1024.6250007	4.0670927
-151.0256040	21.1596000	-179.1200000	51.0400000	1012.5152579	4.0680927
-151.0256040	21.6596000	-179.1200000	51.0400000	1000.4488381	4.0690927
-151.0256040	22.1596000	-179.1200000	51.0400000	988.3344653	4.0704742
-151.0256040	22.6596000	-179.1200000	51.0400000	976.3599573	4.0714742
-151.0256040	23.1596000	-179.1200000	51.0400000	964.2865555	4.0730927
-151.0256040	23.6596000	-179.1200000	51.0400000	952.4105642	4.0740927
-151.0256040	24.1596000	-179.1200000	51.0400000	940.5852952	4.0750927
-151.0256040	24.6596000	-179.1200000	51.0400000	928.8124418	4.0760927
-151.0256040	25.1596000	-179.1200000	51.0400000	917.0937767	4.0770927
-151.0256040	25.6596000	-179.1200000	51.0400000	905.4311554	4.0780927
-151.0256040	26.1596000	-179.1200000	51.0400000	893.8265209	4.0790927
-151.0256040	26.6596000	-179.1200000	51.0400000	882.2819080	4.0800927
-150.5256040	14.6596000	-179.1200000	51.0400000	1178.1641166	4.0570927
-150.5256040	15.1596000	-179.1200000	51.0400000	1165.8398932	4.0574742
-150.5256040	15.6596000	-179.1200000	51.0400000	1153.4757619	4.0580927
-150.5256040	16.1596000	-179.1200000	51.0400000	1141.0341613	4.0590927
-150.5256040	16.6596000	-179.1200000	51.0400000	1128.6255587	4.0600927
-150.5256040	17.1596000	-179.1200000	51.0400000	1116.4208825	4.0604742
-150.5256040	17.6596000	-179.1200000	51.0400000	1104.0790550	4.0614742
-150.5256040	18.1596000	-179.1200000	51.0400000	1091.7730088	4.0624742
-150.5256040	18.6596000	-179.1200000	51.0400000	1079.5037497	4.0634742
-150.5256040	19.1596000	-179.1200000	51.0400000	1067.2723269	4.0644742
-150.5256040	19.6596000	-179.1200000	51.0400000	1055.0798348	4.0654742
-150.5256040	20.1596000	-179.1200000	51.0400000	1042.9274156	4.0664742
-150.5256040	20.6596000	-179.1200000	51.0400000	1030.8162617	4.0674742
-150.5256040	21.1596000	-179.1200000	51.0400000	1018.7476180	4.0684742
-150.5256040	21.6596000	-179.1200000	51.0400000	1006.5697908	4.0700927
-150.5256040	22.1596000	-179.1200000	51.0400000	994.5919836	4.0710927
-150.5256040	22.6596000	-179.1200000	51.0400000	982.6607559	4.0720927
-150.5256040	23.1596000	-179.1200000	51.0400000	970.7775906	4.0730927
-150.5256040	23.6596000	-179.1200000	51.0400000	958.8542599	4.0744742
-150.5256040	24.1596000	-179.1200000	51.0400000	947.0730653	4.0754742
-150.5256040	24.6596000	-179.1200000	51.0400000	935.2028913	4.0770927
-150.5256040	25.1596000	-179.1200000	51.0400000	923.5311206	4.0780927
-150.5256040	25.6596000	-179.1200000	51.0400000	911.9158911	4.0790927
-150.5256040	26.1596000	-179.1200000	51.0400000	900.3591433	4.0800927
-150.5256040	26.6596000	-179.1200000	51.0400000	888.8629083	4.0810927
-150.0256040	14.6596000	-179.1200000	51.0400000	1184.0763698	4.0570927
-150.0256040	15.1596000	-179.1200000	51.0400000	1171.6088782	4.0580927
-150.0256040	15.6596000	-179.1200000	51.0400000	1159.1731011	4.0590927
-150.0256040	16.1596000	-179.1200000	51.0400000	1146.9445959	4.0594742
-150.0256040	16.6596000	-179.1200000	51.0400000	1134.5728281	4.0604742
-150.0256040	17.1596000	-179.1200000	51.0400000	1122.3407701	4.0610927
-150.0256040	17.6596000	-179.1200000	51.0400000	1110.0373488	4.0620927
-150.0256040	18.1596000	-179.1200000	51.0400000	1097.7701321	4.0630927
-150.0256040	18.6596000	-179.1200000	51.0400000	1085.5401321	4.0640927
-150.0256040	19.1596000	-179.1200000	51.0400000	1073.3484040	4.0650927
-150.0256040	19.6596000	-179.1200000	51.0400000	1061.1960482	4.0660927
-150.0256040	20.1596000	-179.1200000	51.0400000	1049.0842124	4.0670927
-150.0256040	20.6596000	-179.1200000	51.0400000	1037.0140943	4.0680927
-150.0256040	21.1596000	-179.1200000	51.0400000	1024.9869435	4.0690927
-150.0256040	21.6596000	-179.1200000	51.0400000	1012.9091321	4.0704742
-150.0256040	22.1596000	-179.1200000	51.0400000	1000.9730287	4.0714742
-150.0256040	22.6596000	-179.1200000	51.0400000	988.9337740	4.0730927
-150.0256040	23.1596000	-179.1200000	51.0400000	977.0950931	4.0740927
-150.0256040	23.6596000	-179.1200000	51.0400000	965.3064925	4.0750927
-150.0256040	24.1596000	-179.1200000	51.0400000	953.5695939	4.0760927
-150.0256040	24.6596000	-179.1200000	51.0400000	941.8860923	4.0770927
-150.0256040	25.1596000	-179.1200000	51.0400000	930.1707524	4.0784742
-150.0256040	25.6596000	-179.1200000	51.0400000	918.6005443	4.0794742
-150.0256040	26.1596000	-179.1200000	51.0400000	906.9518084	4.0810927
-150.0256040	26.6596000	-179.1200000	51.0400000	895.5033010	4.0820927
-149.5256040	14.6596000	-179.1200000	51.0400000	1189.7646243	4.0580927
-149.5256040	15.1596000	-179.1200000	51.0400000	1177.5140077	4.0584742
-149.5256040	15.6596000	-179.1200000	51.0400000	1165.1141103	4.0594742
-149.5256040	16.1596000	-179.1200000	51.0400000	1152.8554408	4.0600927
-149.5256040	16.6596000	-179.1200000	51.0400000	1140.5210699	4.0610927
-149.5256040	17.1596000	-179.1200000	51.0400000	1128.2213916	4.0620927
-149.5256040	17.6596000	-179.1200000	51.0400000	1115.9573434	4.0630927
-149.5256040	18.1596000	-179.1200000	51.0400000	1103.8979116	4.0634742
-149.5256040	18.6596000	-179.1200000	51.0400000	1091.7061985	4.0644742
-149.5256040	19.1596000	-179.1200000	51.0400000	1079.5531771	4.0654742
-149.5256040	19.6596000	-179.1200000	51.0400000	1067.4399530	4.0664742
-149.5256040	20.1596000	-179.1200000	51.0400000	1055.2072134	4.0680927
-149.5256040	20.6596000	-179.1200000	51.0400000	1043.1789591	4.0690927
-149.5256040	21.1596000	-179.1200000	51.0400000	1031.1941026	4.0700927
-149.5256040	21.6596000	-179.1200000	51.0400000	1019.2539520	4.0710927
-149.5256040	22.1596000	-179.1200000	51.0400000	1007.3598719	4.0720927
-149.5256040	22.6596000	-179.1200000	51.0400000	995.4200621	4.0734742
-149.5256040	23.1596000	-179.1200000	51.0400000	983.6235864	4.0744742
-149.5256040	23.6596000	-179.1200000	51.0400000	971.7301594	4.0760927
-149.5256040	24.1596000	-179.1200000	51.0400000	960.0381748	4.0770927
-149.5256040	24.6596000	-179.1200000	51.0400000	948.4000262	4.0780927
-149.5256040	25.1596000	-179.1200000	51.0400000	936.8174831	4.0790927
-149.5256040	25.6596000	-179.1200000	51.0400000	925.2923948	4.0800927
-149.5256040	26.1596000	-179.1200000	51.0400000	913.7412862	4.0814742
-149.5256040	26.6596000	-179.1200000	51.0400000	902.3380787	4.0824742
-149.0256040	14.6596000	-179.1200000	51.0400000	1195.7003028	4.0584742
-149.0256040	15.1596000	-179.1200000	51.0400000	1183.4168020	4.0590927
-149.0256040	15.6596000	-179.1200000	51.0400000	1171.0533602	4.0600927
-149.0256040	16.1596000	-179.1200000	51.0400000	1158.7232096	4.0610927
-149.0256040	16.6596000	-179.1200000	51.0400000	1146.6018153	4.0614742
-149.0256040	17.1596000	-179.1200000	51.0400000	1134.3389840	4.0624742
-149.0256040	17.6596000	-179.1200000	51.0400000	1122.1121696	4.0634742
-149.0256040	18.1596000	-179.1200000	51.0400000	1109.9223539	4.0644742
-149.0256040	18.6596000	-179.1200000	51.0400000	1097.7705594	4.0654742
-149.0256040	19.1596000	-179.1200000	51.0400000	1085.6578512	4.0664742
-149.0256040	19.6596000	-179.1200000	51.0400000	1073.5853390	4.0674742
-149.0256040	20.1596000	-179.1200000	51.0400000	1061.5541791	4.0684742
-149.0256040	20.6596000	-179.1200000	51.0400000	1049.5655768	4.0694742
-149.0256040	21.1596000	-179.1200000	51.0400000	1037.6207888	4.0704742
-149.0256040	21.6596000	-179.1200000	51.0400000	1025.5653210	4.0720927
-149.0256040	22.1596000	-179.1200000	51.0400000	1013.7139873	4.0730927
-149.0256040	22.6596000	-179.1200000	51.0400000	1001.9105625	4.0740927
-149.0256040	23.1596000	-179.1200000	51.0400000	990.0638568	4.0754742
-149.0256040	23.6596000	-179.1200000	51.0400000	978.3618953	4.0764742
-149.0256040	24.1596000	-179.1200000	51.0400000	966.5658723	4.0780927
-149.0256040	24.6596000	-179.1200000	51.0400000	954.9725240	4.0790927
-149.0256040	25.1596000	-179.1200000	51.0400000	943.4351878	4.0800927
-149.0256040	25.6596000	-179.1200000	51.0400000	931.9557081	4.0810927
-149.0256040	26.1596000	-179.1200000	51.0400000	920.5360112	4.0820927
-149.0256040	26.6596000	-179.1200000	51.0400000	909.1781094	4.0830927
-162.0256040	19.9863000	-179.1200000	51.0400000	924.9616451	4.0624742
-161.3675990	17.7469010	-179.1200000	51.0400000	988.6801828	4.0604742
-161.3148960	21.9563010	-179.1200000	51.0400000	880.2917006	4.0654742
-161.0950010	23.9972000	-179.1200000	51.0400000	829.5777675	4.0714742
-160.0475010	19.8234000	-179.1200000	51.0400000	946.8828751	4.0624742
-159.6649930	22.1229990	-179.1200000	51.0400000	891.4018378	4.0674742
-159.4010010	21.9710010	-179.1200000	51.0400000	897.8305477	4.0674742
-158.9824980	15.5740000	-179.1200000	51.0400000	1066.3096892	4.0574742
-158.9331050	24.5737990	-179.1200000	51.0400000	836.5511874	4.0744742
-158.9030000	21.2984010	-179.1200000	51.0400000	919.9602722	4.0660927
-158.7601930	18.5646990	-179.1200000	51.0400000	991.5112155	4.0604742
-158.1853940	22.6201990	-179.1200000	51.0400000	893.6948941	4.0694742
-158.1795040	20.3778000	-179.1200000	51.0400000	950.7674701	4.0640927
-157.9310000	21.6460000	-179.1200000	51.0400000	920.9473458	4.0674742
-157.8591000	14.6596000	-179.1200000	51.0400000	1100.4656926	4.0560927
-157.7008060	16.3484000	-179.1200000	51.0400000	1058.6689952	4.0574742
-157.6275940	20.3461000	-179.1200000	51.0400000	957.2200465	4.0640927
-157.2700040	21.1089990	-179.1200000	51.0400000	941.5414197	4.0660927
-157.2272950	18.9848000	-179.1200000	51.0400000	996.0726812	4.0610927
-156.9646000	24.3120990	-179.1200000	51.0400000	864.5814667	4.0740927
-156.9320070	19.8327010	-179.1200000	51.0400000	977.5030823	4.0630927
-156.8081970	18.4042000	-179.1200000	51.0400000	1015.1679923	4.0600927
-156.7559970	21.1360000	-179.1200000	51.0400000	946.2858069	4.0664742
-156.6580050	20.8910010	-179.1200000	51.0400000	953.4799112	4.0660927
-156.5101010	19.4776990	-179.1200000	51.0400000	990.9357667	4.0624742
-156.4651030	18.7750000	-179.1200000	51.0400000	1009.2371918	4.0610927
-156.3876950	17.6149010	-179.1200000	51.0400000	1039.5263949	4.0590927
-156.2066040	16.1620010	-179.1200000	51.0400000	1078.3654642	4.0570927
-156.1670070	18.3010010	-179.1200000	51.0400000	1024.4400874	4.0600927
-155.9969940	20.7710000	-179.1200000	51.0400000	963.7822491	4.0654742
-155.7729950	19.0790000	-179.1200000	51.0400000	1008.9643670	4.0614742
-155.7653050	26.7766990	-179.1200000	51.0400000	818.9249503	4.0780927
-155.7149960	18.0002990	-179.1200000	51.0400000	1036.8771393	4.0594742
-155.7109990	20.0460000	-179.1200000	51.0400000	985.1032519	4.0640927
-155.6793980	21.2055000	-179.1200000	51.0400000	956.4046064	4.0664742
-155.6362000	22.2999000	-179.1200000	51.0400000	929.4962909	4.0694742
-154.9944000	21.5070000	-179.1200000	51.0400000	956.5631732	4.0674742
-154.9830020	19.6010000	-179.1200000	51.0400000	1004.3493613	4.0630927
-154.7973940	18.8031010	-179.1200000	51.0400000	1026.5505991	4.0610927
-154.6912990	17.1800990	-179.1200000	51.0400000	1068.6344713	4.0580927
-154.6177980	20.0889000	-179.1200000	51.0400000	996.2476498	4.0640927
-154.4958950	18.4016990	-179.1200000	51.0400000	1039.9474206	4.0604742
-154.4828030	21.0019000	-179.1200000	51.0400000	975.0493595	4.0660927
-154.3939970	19.2625010	-179.1200000	51.0400000	1019.5130680	4.0620927
-154.2518010	21.1686990	-179.1200000	51.0400000	973.4376224	4.0670927
-154.0305020	17.9884000	-179.1200000	51.0400000	1055.4191358	4.0600927
-153.9922940	18.7976000	-179.1200000	51.0400000	1035.7093633	4.0610927
-153.9826970	21.5196990	-179.1200000	51.0400000	968.0073580	4.0674742
-153.9674990	14.7313000	-179.1200000	51.0400000	1138.2155176	4.0550927
-153.9024050	19.9790990	-179.1200000	51.0400000	1007.1147242	4.0640927
-153.8681950	17.3153990	-179.1200000	51.0400000	1074.2458866	4.0584742
-153.7008060	17.2975010	-179.1200000	51.0400000	1076.5576708	4.0584742
-153.5032040	19.4951990	-179.1200000	51.0400000	1023.7658607	4.0630927
-153.2958980	18.8009000	-179.1200000	51.0400000	1043.5012359	4.0614742
-153.2920990	20.8925990	-179.1200000	51.0400000	991.6404347	4.0660927
-153.2906040	17.9062000	-179.1200000	51.0400000	1065.8050643	4.0600927
-152.9812010	18.3018000	-179.1200000	51.0400000	1059.4214351	4.0610927
-152.7657930	25.5928000	-179.1200000	51.0400000	884.5036256	4.0764742
-152.1324010	18.4814000	-179.1200000	51.0400000	1064.8925292	4.0614742
-151.6866000	14.6891000	-179.1200000	51.0400000	1164.2704845	4.0560927
-151.6376040	16.7378010	-179.1200000	51.0400000	1113.7814788	4.0590927
-150.9149930	18.9142000	-179.1200000	51.0400000	1068.6077706	4.0634742
-149.0009000	16.9890000	-179.1200000	51.0400000	1138.8389591	4.0620927
