-162.025604	14.659600	165.810000	60.860000	1429.232618	4.018375	159.081550	159.081550	159.081550	4.039392	-1.629268
-162.025604	15.159600	165.810000	60.860000	1416.249562	4.018375	158.769690	158.769690	158.769690	4.038040	-1.809132
-162.025604	15.659600	165.810000	60.860000	1403.625951	4.017375	158.955009	158.955009	158.955009	4.034741	-1.488694
-162.025604	16.159600	165.810000	60.860000	1390.660265	4.017375	158.737424	158.637424	158.737424	4.031944	-1.567901
-162.025604	16.659600	165.810000	60.860000	1378.048381	4.016375	158.816849	158.816849	158.816849	4.031340	-1.346836
-162.025604	17.159600	165.810000	60.860000	1365.101368	4.016375	158.693193	158.693193	158.693193	4.029366	-1.325485
-162.025604	17.659600	165.810000	60.860000	1352.502569	4.015375	158.866364	158.866364	158.866364	4.031750	-1.003789
-162.025604	18.159600	165.810000	60.860000	1339.575634	4.015375	158.736265	158.736265	158.736265	4.026126	-0.981837
-162.025604	18.659600	165.810000	60.860000	1326.764166	4.015062	158.702798	158.702798	158.702798	4.021354	-0.859615
-162.025604	19.159600	165.810000	60.860000	1314.086046	4.014375	158.865859	158.865859	158.865859	4.020821	-0.537056
-162.025604	19.659600	165.810000	60.860000	1301.193718	4.014375	158.825342	158.725342	158.825342	4.015886	-0.414259
-162.025604	20.159600	165.810000	60.860000	1288.314824	4.014375	158.781136	158.681136	158.781136	4.012703	-0.291206
-162.025604	20.659600	165.810000	60.860000	1275.449806	4.014375	158.633126	158.633126	158.633126	4.006505	-0.267823
-162.025604	21.159600	165.810000	60.860000	1262.599124	4.014375	158.581195	158.581195	158.581195	4.003490	-0.144218
-162.025604	21.659600	165.810000	60.860000	1249.763253	4.014375	158.525218	158.525218	158.625218	4.001614	-0.020374
-162.025604	22.159600	165.810000	60.860000	1236.730893	4.015062	158.265069	158.265069	158.265069	3.997418	-0.096206
-162.025604	22.659600	165.810000	60.860000	1223.833099	4.015375	158.100614	158.100614	158.100614	3.995714	-0.071832
-162.025604	23.159600	165.810000	60.860000	1211.047922	4.015375	158.031716	158.031716	158.031716	3.998230	0.052766
-162.025604	23.659600	165.810000	60.860000	1197.981323	4.016375	157.658233	157.658233	157.658233	3.995392	-0.122316
-162.025604	24.159600	165.810000	60.860000	1185.233762	4.016375	157.580016	157.580016	157.580016	3.999345	0.002791
-162.025604	24.659600	165.810000	60.860000	1172.303657	4.017062	157.196912	157.196912	157.196912	3.996643	-0.171894
-162.025604	25.159600	165.810000	60.860000	1159.504952	4.017375	157.008759	157.008759	157.008759	4.000228	-0.146262
-162.025604	25.659600	165.810000	60.860000	1146.620639	4.018063	156.615392	156.615392	156.615392	3.998349	-0.320457
-162.025604	26.159600	165.810000	60.860000	1133.866646	4.018375	156.316638	156.316638	156.316638	3.997978	-0.394461
-162.025604	26.659600	165.810000	60.860000	1121.222665	4.018375	156.112317	156.112317	156.112317	4.001217	-0.368148
-161.525604	14.659600	165.810000	60.860000	1434.061054	4.017375	158.900792	158.900792	158.900792	4.038821	-1.577233
-161.525604	15.159600	165.810000	60.860000	1421.093577	4.017375	158.686957	158.686957	158.686957	4.036776	-1.658299
-161.525604	15.659600	165.810000	60.860000	1408.487031	4.016375	158.770295	158.770295	158.770295	4.032895	-1.439077
-161.525604	16.159600	165.810000	60.860000	1395.537309	4.016375	158.550725	158.550725	158.550725	4.030542	-1.519495
-161.525604	16.659600	165.810000	60.860000	1382.942892	4.015375	158.728158	158.728158	158.728158	4.029568	-1.199615
-161.525604	17.159600	165.810000	60.860000	1370.012247	4.015375	158.602506	158.602506	158.602506	4.027038	-1.179465
-161.525604	17.659600	165.810000	60.860000	1357.431336	4.014375	158.773675	158.773675	158.773675	4.030095	-0.858964
-161.525604	18.159600	165.810000	60.860000	1344.521193	4.014375	158.641571	158.641571	158.641571	4.025336	-0.838181
-161.525604	18.659600	165.810000	60.860000	1331.623477	4.014375	158.606094	158.606094	158.606094	4.020570	-0.717145
-161.525604	19.159600	165.810000	60.860000	1318.738586	4.014375	158.467141	158.467141	158.467141	4.014671	-0.695767
-161.525604	19.659600	165.810000	60.860000	1305.866930	4.014375	158.424607	158.424607	158.524607	4.009161	-0.574122
-161.525604	20.159600	165.810000	60.860000	1293.109604	4.014062	158.478380	158.478380	158.478380	4.008003	-0.352242
-161.525604	20.659600	165.810000	60.860000	1280.165063	4.014375	158.328348	158.328348	158.328348	4.002869	-0.330025
-161.525604	21.159600	165.810000	60.860000	1267.335762	4.014375	158.274391	158.274391	158.274391	4.000009	-0.207559
-161.525604	21.659600	165.810000	60.860000	1254.521520	4.014375	158.216389	158.216389	158.316389	3.998370	-0.084873
-161.525604	22.159600	165.810000	60.860000	1241.510223	4.015062	157.954212	157.954212	157.954212	3.995364	-0.161857
-161.525604	22.659600	165.810000	60.860000	1228.634193	4.015375	157.787731	157.787731	157.787731	3.994204	-0.138607
-161.525604	23.159600	165.810000	60.860000	1215.871414	4.015375	157.716807	157.716807	157.716807	3.995716	-0.015155
-161.525604	23.659600	165.810000	60.860000	1202.826279	4.016375	157.341299	157.341299	157.341299	3.994763	-0.191377
-161.525604	24.159600	165.810000	60.860000	1190.101659	4.016375	157.261061	157.261061	157.261061	3.998204	-0.067380
-161.525604	24.659600	165.810000	60.860000	1177.102369	4.017375	156.775938	156.775938	156.775938	3.994562	-0.343198
-161.525604	25.159600	165.810000	60.860000	1164.418361	4.017375	156.585772	156.585772	156.585772	3.997675	-0.318693
-161.525604	25.659600	165.810000	60.860000	1151.557005	4.018063	156.290398	156.290398	156.290398	3.998337	-0.393986
-161.525604	26.159600	165.810000	60.860000	1138.826726	4.018375	155.989644	155.989644	155.989644	3.999639	-0.469110
-161.525604	26.659600	165.810000	60.860000	1126.207148	4.018375	155.783332	155.783332	155.783332	4.001783	-0.443913
-161.025604	14.659600	165.810000	60.860000	1438.943080	4.016375	158.722148	158.722148	158.722148	4.035924	-1.525637
-161.025604	15.159600	165.810000	60.860000	1425.991191	4.016375	158.506382	158.506382	158.506382	4.035063	-1.607923
-161.025604	15.659600	165.810000	60.860000	1413.401728	4.015375	158.687784	158.687784	158.687784	4.029870	-1.289916
-161.025604	16.159600	165.810000	60.860000	1400.467972	4.015375	158.466273	158.466273	158.466273	4.028956	-1.371522
-161.025604	16.659600	165.810000	60.860000	1387.891032	4.014375	158.641762	158.641762	158.641762	4.027690	-1.052846
-161.025604	17.159600	165.810000	60.860000	1374.976748	4.014375	158.514161	158.514161	158.514161	4.026460	-1.033895
-161.025604	17.659600	165.810000	60.860000	1362.074343	4.014375	158.383378	158.383378	158.383378	4.023981	-1.014565
-161.025604	18.159600	165.810000	60.860000	1349.289226	4.014062	158.349318	158.349318	158.349318	4.021078	-0.894971
-161.025604	18.659600	165.810000	60.860000	1336.639635	4.013375	158.511882	158.511882	158.511882	4.019432	-0.575120
-161.025604	19.159600	165.810000	60.860000	1323.771952	4.013375	158.470967	158.470967	158.470967	4.014609	-0.454897
-161.025604	19.659600	165.810000	60.860000	1310.917729	4.013375	158.426469	158.426469	158.426469	4.010532	-0.334426
-161.025604	20.159600	165.810000	60.860000	1298.077401	4.013375	158.378277	158.378277	158.378277	4.007340	-0.213715
-161.025604	20.659600	165.810000	60.860000	1285.031291	4.014062	158.126278	158.126278	158.126278	4.001133	-0.292640
-161.025604	21.159600	165.810000	60.860000	1272.123281	4.014375	157.970355	157.970355	157.970355	3.997564	-0.271333
-161.025604	21.659600	165.810000	60.860000	1259.330607	4.014375	157.910385	157.910385	157.910385	3.995633	-0.149803
-161.025604	22.159600	165.810000	60.860000	1246.340297	4.015062	157.646242	157.646242	157.646242	3.992881	-0.227914
-161.025604	22.659600	165.810000	60.860000	1233.485952	4.015375	157.477796	157.477796	157.477796	3.992974	-0.205810
-161.025604	23.159600	165.810000	60.860000	1220.536517	4.016063	157.204910	157.204910	157.204910	3.991804	-0.283500
-161.025604	23.659600	165.810000	60.860000	1207.721720	4.016375	157.027443	157.027443	157.027443	3.994158	-0.260834
-161.025604	24.159600	165.810000	60.860000	1194.815425	4.017062	156.745249	156.745249	156.745249	3.994149	-0.337971
-161.025604	24.659600	165.810000	60.860000	1182.042545	4.017375	156.458177	156.458177	156.458177	3.994486	-0.414919
-161.025604	25.159600	165.810000	60.860000	1169.381933	4.017375	156.266068	156.266068	156.266068	3.997946	-0.391514
-161.025604	25.659600	165.810000	60.860000	1156.543405	4.018063	155.868759	155.868759	155.968759	3.996851	-0.567928
-161.025604	26.159600	165.810000	60.860000	1143.925668	4.018063	155.666079	155.666079	155.666079	4.000670	-0.544170
-161.025604	26.659600	165.810000	60.860000	1131.329377	4.018063	155.457852	155.457852	155.457852	4.002677	-0.520060
-160.525604	14.659600	165.810000	60.860000	1443.878086	4.015375	158.645620	158.645620	158.645620	4.031645	-1.374584
-160.525604	15.159600	165.810000	60.860000	1430.941784	4.015375	158.427965	158.427965	158.427965	4.032144	-1.458088
-160.525604	15.659600	165.810000	60.860000	1418.369415	4.014375	158.607476	158.507476	158.607476	4.025793	-1.141277
-160.525604	16.159600	165.810000	60.860000	1405.451616	4.014375	158.384069	158.384069	158.384069	4.024762	-1.224090
-160.525604	16.659600	165.810000	60.860000	1392.545180	4.014375	158.257659	158.257659	158.257659	4.022479	-1.206617
-160.525604	17.159600	165.810000	60.860000	1379.994218	4.013375	158.328156	158.328156	158.328156	4.023095	-0.988845
-160.525604	17.659600	165.810000	60.860000	1367.108358	4.013375	158.295469	158.195469	158.295469	4.021862	-0.870707
-160.525604	18.159600	165.810000	60.860000	1354.234952	4.013375	158.159503	158.159503	158.259503	4.016978	-0.852301
-160.525604	18.659600	165.810000	60.860000	1341.374393	4.013375	158.120159	158.120159	158.220159	4.012694	-0.733612
-160.525604	19.159600	165.810000	60.860000	1328.527086	4.013375	158.177335	158.077335	158.177335	4.009264	-0.514566
-160.525604	19.659600	165.810000	60.860000	1315.693455	4.013375	158.030926	158.030926	158.130926	4.004341	-0.495268
-160.525604	20.159600	165.810000	60.860000	1302.873938	4.013375	157.980823	157.980823	157.980823	4.001350	-0.375705
-160.525604	20.659600	165.810000	60.860000	1289.848040	4.014062	157.826913	157.826913	157.826913	3.997493	-0.355792
-160.525604	21.159600	165.810000	60.860000	1276.960917	4.014375	157.669080	157.669080	157.669080	3.994266	-0.335644
-160.525604	21.659600	165.810000	60.860000	1264.189739	4.014375	157.607201	157.607201	157.607201	3.992703	-0.215247
-160.525604	22.159600	165.810000	60.860000	1251.220330	4.015062	157.441152	157.341152	157.441152	3.991963	-0.194507
-160.525604	22.659600	165.810000	60.860000	1238.387582	4.015375	157.170802	157.170802	157.170802	3.991322	-0.273548
-160.525604	23.159600	165.810000	60.860000	1225.459532	4.016063	156.996016	156.996016	156.996016	3.992355	-0.252357
-160.525604	23.659600	165.810000	60.860000	1212.666831	4.016375	156.716654	156.716654	156.716654	3.993361	-0.330828
-160.525604	24.159600	165.810000	60.860000	1199.782426	4.017062	156.432572	156.432572	156.432572	3.994522	-0.409097
-160.525604	24.659600	165.810000	60.860000	1187.032160	4.017375	156.143617	156.143617	156.143617	3.994947	-0.487150
-160.525604	25.159600	165.810000	60.860000	1174.394821	4.017375	155.949635	155.949635	155.949635	3.998790	-0.464869
-160.525604	25.659600	165.810000	60.860000	1161.777764	4.017375	155.650461	155.650461	155.750461	3.999939	-0.542402
-160.525604	26.159600	165.810000	60.860000	1148.985076	4.018063	155.345928	155.345928	155.445928	4.002349	-0.619738
-160.525604	26.659600	165.810000	60.860000	1136.412905	4.018063	155.135861	155.135861	155.235861	4.004635	-0.596739
-160.025604	14.659600	165.810000	60.860000	1448.865460	4.014375	158.571206	158.471206	158.571206	4.024364	-1.224004
-160.025604	15.159600	165.810000	60.860000	1435.944739	4.014375	158.351706	158.351706	158.351706	4.027616	-1.308707
-160.025604	15.659600	165.810000	60.860000	1423.034892	4.014375	158.229368	158.229368	158.229368	4.025570	-1.293108
-160.025604	16.159600	165.810000	60.860000	1410.487608	4.013375	158.304111	158.304111	158.304111	4.022433	-1.077127
-160.025604	16.659600	165.810000	60.860000	1397.597299	4.013375	158.175848	158.175848	158.175848	4.020932	-1.060836
-160.025604	17.159600	165.810000	60.860000	1384.718893	4.013375	158.044491	158.044491	158.044491	4.019602	-1.044260
-160.025604	17.659600	165.810000	60.860000	1371.959584	4.013063	158.009947	158.009947	158.009947	4.017975	-0.927312
-160.025604	18.159600	165.810000	60.860000	1359.105097	4.013063	157.972123	157.972123	157.972123	4.012754	-0.810071
-160.025604	18.659600	165.810000	60.860000	1346.263657	4.013063	157.930921	157.930921	157.930921	4.009184	-0.692563
-160.025604	19.159600	165.810000	60.860000	1333.435676	4.013063	157.886239	157.886239	157.886239	4.004731	-0.574692
-160.025604	19.659600	165.810000	60.860000	1320.518750	4.013375	157.737972	157.737972	157.737972	4.000812	-0.556544
-160.025604	20.159600	165.810000	60.860000	1307.719983	4.013375	157.686012	157.686012	157.686012	3.997857	-0.438147
-160.025604	20.659600	165.810000	60.860000	1294.936005	4.013375	157.630246	157.630246	157.630246	3.995316	-0.319394
-160.025604	21.159600	165.810000	60.860000	1281.947699	4.014062	157.470558	157.470558	157.470558	3.992400	-0.300382
-160.025604	21.659600	165.810000	60.860000	1269.098143	4.014375	157.306829	157.306829	157.306829	3.990814	-0.281137
-160.025604	22.159600	165.810000	60.860000	1256.149540	4.015062	157.138932	157.138932	157.138932	3.990274	-0.261543
-160.025604	22.659600	165.810000	60.860000	1243.338291	4.015375	156.966739	156.966739	156.966739	3.990853	-0.241706
-160.025604	23.159600	165.810000	60.860000	1230.431517	4.016063	156.690115	156.690115	156.690115	3.991824	-0.321653
-160.025604	23.659600	165.810000	60.860000	1217.660799	4.016375	156.408922	156.408922	156.408922	3.993138	-0.401257
-160.025604	24.159600	165.810000	60.860000	1205.004389	4.016375	156.223016	156.223016	156.223016	3.995606	-0.380634
-160.025604	24.659600	165.810000	60.860000	1192.163117	4.017062	155.932246	155.932246	155.932246	3.996716	-0.459813
-160.025604	25.159600	165.810000	60.860000	1179.456184	4.017375	155.636457	155.636457	155.636457	3.998999	-0.538652
-160.025604	25.659600	165.810000	60.860000	1166.862537	4.017375	155.435490	155.435490	155.435490	4.000882	-0.517281
-160.025604	26.159600	165.810000	60.860000	1154.290160	4.017375	155.129175	155.129175	155.129175	4.003426	-0.595729
-160.025604	26.659600	165.810000	60.860000	1141.739802	4.017375	154.917340	154.917340	154.917340	4.004658	-0.573839
-159.525604	14.659600	165.810000	60.860000	1453.542419	4.014375	158.098906	158.098906	158.098906	4.032373	-1.473889
-159.525604	15.159600	165.810000	60.860000	1440.999435	4.013375	158.277602	158.177602	158.277602	4.021944	-1.159808
-159.525604	15.659600	165.810000	60.860000	1428.105326	4.013375	158.053460	158.053460	158.053460	4.022224	-1.245418
-159.525604	16.159600	165.810000	60.860000	1415.332804	4.013063	158.026396	158.026396	158.026396	4.019417	-1.130622
-159.525604	16.659600	165.810000	60.860000	1402.701103	4.012375	157.996326	157.996326	157.996326	4.017498	-1.015530
-159.525604	17.159600	165.810000	60.860000	1389.838982	4.012375	157.863160	157.863160	157.863160	4.015954	-1.000147
-159.525604	17.659600	165.810000	60.860000	1376.989320	4.012375	157.826808	157.826808	157.826808	4.013675	-0.884369
-159.525604	18.159600	165.810000	60.860000	1364.152504	4.012375	157.787175	157.787175	157.787175	4.008614	-0.768310
-159.525604	18.659600	165.810000	60.860000	1351.328933	4.012375	157.744164	157.744164	157.744164	4.004980	-0.651980
-159.525604	19.159600	165.810000	60.860000	1338.519024	4.012375	157.697674	157.697674	157.697674	4.000714	-0.535263
-159.525604	19.659600	165.810000	60.860000	1325.496092	4.013063	157.547601	157.547601	157.547601	3.997277	-0.518283
-159.525604	20.159600	165.810000	60.860000	1312.614791	4.013375	157.493837	157.493837	157.493837	3.994503	-0.401049
-159.525604	20.659600	165.810000	60.860000	1299.851705	4.013375	157.336269	157.336269	157.336269	3.991742	-0.383435
-159.525604	21.159600	165.810000	60.860000	1286.883663	4.014062	157.174784	157.174784	157.174784	3.990348	-0.365576
-159.525604	21.659600	165.810000	60.860000	1274.055049	4.014375	157.009260	157.009260	157.009260	3.989068	-0.347480
-159.525604	22.159600	165.810000	60.860000	1261.127147	4.015062	156.839574	156.839574	156.839574	3.989206	-0.329010
-159.525604	22.659600	165.810000	60.860000	1248.337291	4.015375	156.665597	156.665597	156.665597	3.989911	-0.310313
-159.525604	23.159600	165.810000	60.860000	1235.663203	4.015375	156.387197	156.387197	156.387197	3.991131	-0.391396
-159.525604	23.659600	165.810000	60.860000	1222.702818	4.016375	156.204235	156.104235	156.204235	3.994012	-0.372110
-159.525604	24.159600	165.810000	60.860000	1210.068906	4.016375	155.916568	155.916568	155.916568	3.995594	-0.452613
-159.525604	24.659600	165.810000	60.860000	1197.249514	4.017062	155.624048	155.624048	155.624048	3.997385	-0.532915
-159.525604	25.159600	165.810000	60.860000	1184.657337	4.017062	155.426521	155.426521	155.426521	3.999347	-0.512850
-159.525604	25.659600	165.810000	60.860000	1172.085972	4.017062	155.123827	155.123827	155.123827	4.001845	-0.592593
-159.525604	26.159600	165.810000	60.860000	1159.536144	4.017062	154.915801	154.815801	154.915801	4.002293	-0.572151
-159.525604	26.659600	165.810000	60.860000	1147.008606	4.017062	154.602270	154.602270	154.602270	4.005180	-0.651346
-159.025604	14.659600	165.810000	60.860000	1458.631339	4.013375	158.028718	158.028718	158.028718	4.026431	-1.324339
-159.025604	15.159600	165.810000	60.860000	1446.105255	4.012375	158.105653	158.105653	158.105653	4.018078	-1.111470
-159.025604	15.659600	165.810000	60.860000	1433.226855	4.012375	157.979748	157.979748	157.979748	4.017644	-1.098273
-159.025604	16.159600	165.810000	60.860000	1420.360009	4.012375	157.850922	157.850922	157.850922	4.016457	-1.084680
-159.025604	16.659600	165.810000	60.860000	1407.505069	4.012375	157.719089	157.719089	157.719089	4.014224	-1.070785
-159.025604	17.159600	165.810000	60.860000	1394.662394	4.012375	157.684161	157.684161	157.684161	4.011726	-0.956578
-159.025604	17.659600	165.810000	60.860000	1381.939994	4.012062	157.646046	157.646046	157.646046	4.008440	-0.841986
-159.025604	18.159600	165.810000	60.860000	1369.015360	4.012375	157.604653	157.504653	157.604653	4.004093	-0.727110
-159.025604	18.659600	165.810000	60.860000	1356.211795	4.012375	157.459882	157.459882	157.559882	3.999999	-0.711939
-159.025604	19.159600	165.810000	60.860000	1343.422086	4.012375	157.411635	157.411635	157.411635	3.996174	-0.596393
-159.025604	19.659600	165.810000	60.860000	1330.646670	4.012375	157.359807	157.359807	157.359807	3.993835	-0.480580
-159.025604	20.159600	165.810000	60.860000	1317.660225	4.013063	157.204291	157.204291	157.204291	3.991443	-0.464490
-159.025604	20.659600	165.810000	60.860000	1304.815343	4.013375	157.044976	157.044976	157.044976	3.988846	-0.448033
-159.025604	21.159600	165.810000	60.860000	1291.867464	4.014062	156.981747	156.981747	156.981747	3.987886	-0.331326
-159.025604	21.659600	165.810000	60.860000	1279.059690	4.014375	156.814485	156.814485	156.814485	3.987461	-0.314360
-159.025604	22.159600	165.810000	60.860000	1266.369215	4.014375	156.643067	156.643067	156.643067	3.987615	-0.297033
-159.025604	22.659600	165.810000	60.860000	1253.383797	4.015375	156.367366	156.367366	156.367366	3.989236	-0.379473
-159.025604	23.159600	165.810000	60.860000	1240.731606	4.015375	156.187249	156.187249	156.187249	3.991230	-0.361672
-159.025604	23.659600	165.810000	60.860000	1227.887623	4.016063	155.902579	155.902579	155.902579	3.994112	-0.443515
-159.025604	24.159600	165.810000	60.860000	1215.180536	4.016375	155.613215	155.613215	155.613215	3.995924	-0.525144
-159.025604	24.659600	165.810000	60.860000	1202.588688	4.016375	155.419009	155.319009	155.419009	3.997870	-0.506548
-159.025604	25.159600	165.810000	60.860000	1190.017209	4.016375	155.119809	155.119809	155.119809	4.000424	-0.587600
-159.025604	25.659600	165.810000	60.860000	1177.466798	4.016375	154.815457	154.815457	154.815457	4.003159	-0.668455
-159.025604	26.159600	165.810000	60.860000	1164.938183	4.016375	154.505788	154.505788	154.505788	4.005786	-0.749103
-159.025604	26.659600	165.810000	60.860000	1152.521798	4.016063	154.190632	154.190632	154.190632	4.010095	-0.829401
-158.525604	14.659600	165.810000	60.860000	1463.770782	4.012375	157.960638	157.960638	157.960638	4.019177	-1.175285
-158.525604	15.159600	165.810000	60.860000	1450.899881	4.012375	157.835854	157.835854	157.835854	4.017190	-1.163614
-158.525604	15.659600	165.810000	60.860000	1438.152372	4.012062	157.708230	157.708230	157.808230	4.014466	-1.151623
-158.525604	16.159600	165.810000	60.860000	1425.547850	4.011375	157.777685	157.677685	157.777685	4.010667	-0.939230
-158.525604	16.659600	165.810000	60.860000	1412.708925	4.011375	157.644133	157.644133	157.644133	4.009729	-0.926514
-158.525604	17.159600	165.810000	60.860000	1399.882443	4.011375	157.507488	157.507488	157.507488	4.007665	-0.913497
-158.525604	17.659600	165.810000	60.860000	1387.068784	4.011375	157.467658	157.467658	157.467658	4.005062	-0.800089
-158.525604	18.159600	165.810000	60.860000	1374.268342	4.011375	157.424551	157.424551	157.424551	4.000129	-0.686376
-158.525604	18.659600	165.810000	60.860000	1361.248225	4.012062	157.278069	157.278069	157.278069	3.995527	-0.672380
-158.525604	19.159600	165.810000	60.860000	1348.372618	4.012375	157.228114	157.228114	157.228114	3.992301	-0.558002
-158.525604	19.659600	165.810000	60.860000	1335.617518	4.012375	157.074582	157.074582	157.074582	3.988988	-0.543336
-158.525604	20.159600	165.810000	60.860000	1322.877361	4.012375	157.017365	157.017365	157.017365	3.987862	-0.428406
-158.525604	20.659600	165.810000	60.860000	1309.826173	4.013375	156.856355	156.856355	156.856355	3.985855	-0.413103
-158.525604	21.159600	165.810000	60.860000	1297.120508	4.013375	156.691437	156.691437	156.691437	3.985151	-0.397528
-158.525604	21.659600	165.810000	60.860000	1284.211274	4.014062	156.522493	156.522493	156.522493	3.985243	-0.381707
-158.525604	22.159600	165.810000	60.860000	1271.442161	4.014375	156.249400	156.249400	156.349400	3.986069	-0.465520
-158.525604	22.659600	165.810000	60.860000	1258.574977	4.015062	156.072032	156.072032	156.072032	3.987814	-0.449079
-158.525604	23.159600	165.810000	60.860000	1245.846605	4.015375	155.790257	155.790257	155.890257	3.990200	-0.532409
-158.525604	23.659600	165.810000	60.860000	1233.234851	4.015375	155.603941	155.603941	155.603941	3.993420	-0.515379
-158.525604	24.159600	165.810000	60.860000	1220.433430	4.016063	155.312941	155.312941	155.312941	3.995881	-0.598112
-158.525604	24.659600	165.810000	60.860000	1207.863058	4.016063	155.017113	155.017113	155.017113	3.998151	-0.680634
-158.525604	25.159600	165.810000	60.860000	1195.313296	4.016063	154.816305	154.716305	154.816305	4.000322	-0.662799
-158.525604	25.659600	165.810000	60.860000	1182.784846	4.016063	154.510361	154.510361	154.510361	4.003322	-0.744746
-158.525604	26.159600	165.810000	60.860000	1170.278441	4.016063	154.299116	154.299116	154.299116	4.003201	-0.726500
-158.525604	26.659600	165.810000	60.860000	1157.993075	4.015375	153.882404	153.882404	153.882404	4.010495	-0.907899
-158.025604	14.659600	165.810000	60.860000	1468.960135	4.011375	157.894664	157.894664	157.894664	4.012168	-1.026723
-158.025604	15.159600	165.810000	60.860000	1456.104702	4.011375	157.768201	157.768201	157.768201	4.011700	-1.016261
-158.025604	15.659600	165.810000	60.860000	1443.260810	4.011375	157.638900	157.638900	157.638900	4.010126	-1.005474
-158.025604	16.159600	165.810000	60.860000	1430.428803	4.011375	157.506679	157.506679	157.506679	4.007888	-0.994264
-158.025604	16.659600	165.810000	60.860000	1417.609040	4.011375	157.471453	157.471453	157.471453	4.005512	-0.882741
-158.025604	17.159600	165.810000	60.860000	1404.801888	4.011375	157.333135	157.333135	157.333135	4.003575	-0.870912
-158.025604	17.659600	165.810000	60.860000	1392.007731	4.011375	157.291636	157.291636	157.291636	4.001091	-0.758670
-158.025604	18.159600	165.810000	60.860000	1379.226968	4.011375	157.146862	157.146862	157.146862	3.996648	-0.746133
-158.025604	18.659600	165.810000	60.860000	1366.460010	4.011375	157.098718	157.098718	157.098718	3.992271	-0.633310
-158.025604	19.159600	165.810000	60.860000	1353.707284	4.011375	157.047103	157.047103	157.047103	3.989747	-0.520082
-158.025604	19.659600	165.810000	60.860000	1340.635027	4.012375	156.891917	156.891917	156.891917	3.986506	-0.506578
-158.025604	20.159600	165.810000	60.860000	1327.915286	4.012375	156.733052	156.733052	156.733052	3.984617	-0.492805
-158.025604	20.659600	165.810000	60.860000	1314.985843	4.013063	156.570399	156.570399	156.570399	3.983270	-0.478637
-158.025604	21.159600	165.810000	60.860000	1302.198592	4.013375	156.403845	156.403845	156.403845	3.983024	-0.464209
-158.025604	21.659600	165.810000	60.860000	1289.309494	4.014062	156.233273	156.233273	156.233273	3.983659	-0.449531
-158.025604	22.159600	165.810000	60.860000	1276.561196	4.014375	155.958560	155.958560	155.958560	3.984488	-0.534464
-158.025604	22.659600	165.810000	60.860000	1263.930976	4.014375	155.779582	155.779582	155.779582	3.986779	-0.519156
-158.025604	23.159600	165.810000	60.860000	1251.104783	4.015062	155.496209	155.496209	155.496209	3.989380	-0.603615
-158.025604	23.659600	165.810000	60.860000	1238.417510	4.015375	155.208305	155.208305	155.208305	3.992943	-0.687691
-158.025604	24.159600	165.810000	60.860000	1225.847119	4.015375	155.015731	155.015731	155.015731	3.995510	-0.671543
-158.025604	24.659600	165.810000	60.860000	1213.296894	4.015375	154.718343	154.718343	154.718343	3.997966	-0.755181
-158.025604	25.159600	165.810000	60.860000	1200.767512	4.015375	154.415990	154.415990	154.415990	4.000961	-0.838440
-158.025604	25.659600	165.810000	60.860000	1188.259681	4.015375	154.208518	154.208518	154.208518	4.002038	-0.821493
-158.025604	26.159600	165.810000	60.860000	1175.865649	4.015062	153.895765	153.895765	153.895765	4.006164	-0.904349
-158.025604	26.659600	165.810000	60.860000	1163.402185	4.015062	153.677565	153.677565	153.677565	4.005423	-0.886829
-157.525604	14.659600	165.810000	60.860000	1473.831284	4.011375	157.530791	157.530791	157.630791	4.018208	-1.178747
-157.525604	15.159600	165.810000	60.860000	1461.108300	4.011063	157.502691	157.502691	157.502691	4.012814	-1.069492
-157.525604	15.659600	165.810000	60.860000	1448.530462	4.010375	157.571754	157.571754	157.571754	4.006287	-0.859895
-157.525604	16.159600	165.810000	60.860000	1435.714193	4.010375	157.437899	157.437899	157.437899	4.004837	-0.849882
-157.525604	16.659600	165.810000	60.860000	1422.910331	4.010375	157.301043	157.301043	157.301043	4.002887	-0.839550
-157.525604	17.159600	165.810000	60.860000	1410.119249	4.010375	157.161097	157.161097	157.161097	4.000643	-0.828894
-157.525604	17.659600	165.810000	60.860000	1397.341332	4.010375	157.117974	157.117974	157.117974	3.997966	-0.717833
-157.525604	18.159600	165.810000	60.860000	1384.339667	4.011063	156.971579	156.971579	156.971579	3.993018	-0.706471
-157.525604	18.659600	165.810000	60.860000	1371.484634	4.011375	156.821819	156.821819	156.821819	3.989044	-0.694804
-157.525604	19.159600	165.810000	60.860000	1358.751858	4.011375	156.768594	156.768594	156.768594	3.986285	-0.582742
-157.525604	19.659600	165.810000	60.860000	1345.803288	4.012062	156.611803	156.611803	156.611803	3.983929	-0.570398
-157.525604	20.159600	165.810000	60.860000	1332.999042	4.012375	156.451340	156.451340	156.451340	3.982146	-0.557766
-157.525604	20.659600	165.810000	60.860000	1320.315415	4.012375	156.287096	156.287096	156.287096	3.981479	-0.544747
-157.525604	21.159600	165.810000	60.860000	1307.424070	4.013063	156.118959	156.118959	156.118959	3.980926	-0.531465
-157.525604	21.659600	165.810000	60.860000	1294.674914	4.013375	155.946812	155.946812	155.946812	3.981226	-0.517913
-157.525604	22.159600	165.810000	60.860000	1281.825341	4.014062	155.670535	155.670535	155.670535	3.983113	-0.603982
-157.525604	22.659600	165.810000	60.860000	1269.116620	4.014375	155.490003	155.490003	155.490003	3.985840	-0.589805
-157.525604	23.159600	165.810000	60.860000	1256.526180	4.014375	155.205088	155.205088	155.205088	3.988603	-0.675376
-157.525604	23.659600	165.810000	60.860000	1243.954843	4.014375	154.915655	154.915655	154.915655	3.992306	-0.760574
-157.525604	24.159600	165.810000	60.860000	1231.192386	4.015062	154.721567	154.621567	154.721567	3.995444	-0.745544
-157.525604	24.659600	165.810000	60.860000	1218.663315	4.015062	154.422680	154.422680	154.422680	3.997781	-0.830281
-157.525604	25.159600	165.810000	60.860000	1206.155311	4.015062	154.118845	154.118845	154.218845	4.001023	-0.914648
-157.525604	25.659600	165.810000	60.860000	1193.873509	4.014375	153.809909	153.809909	153.809909	4.003908	-0.998806
-157.525604	26.159600	165.810000	60.860000	1181.407663	4.014375	153.595713	153.595713	153.595713	4.006253	-0.982748
-157.525604	26.659600	165.810000	60.860000	1169.056113	4.014062	153.276092	153.276092	153.276092	4.009565	-1.066325
-157.025604	14.659600	165.810000	60.860000	1479.117218	4.010375	157.469014	157.469014	157.569014	4.011657	-1.031291
-157.025604	15.159600	165.810000	60.860000	1466.295770	4.010375	157.439317	157.439317	157.439317	4.007174	-0.923230
-157.025604	15.659600	165.810000	60.860000	1453.486171	4.010375	157.306786	157.306786	157.306786	4.004943	-0.914834
-157.025604	16.159600	165.810000	60.860000	1440.688770	4.010375	157.171340	157.171340	157.171340	4.003020	-0.906015
-157.025604	16.659600	165.810000	60.860000	1427.903932	4.010375	157.032896	157.032896	157.032896	4.000401	-0.896859
-157.025604	17.159600	165.810000	60.860000	1415.132032	4.010375	156.991366	156.991366	156.991366	3.998138	-0.787387
-157.025604	17.659600	165.810000	60.860000	1402.373461	4.010375	156.846663	156.846663	156.846663	3.995399	-0.777504
-157.025604	18.159600	165.810000	60.860000	1389.628624	4.010375	156.798695	156.798695	156.798695	3.990676	-0.667302
-157.025604	18.659600	165.810000	60.860000	1376.897939	4.010375	156.647365	156.647365	156.647365	3.987241	-0.656803
-157.025604	19.159600	165.810000	60.860000	1363.948022	4.011063	156.492577	156.492577	156.492577	3.984603	-0.645903
-157.025604	19.659600	165.810000	60.860000	1351.143872	4.011375	156.334230	156.334230	156.334230	3.982338	-0.634703
-157.025604	20.159600	165.810000	60.860000	1338.232127	4.012062	156.172218	156.172218	156.172218	3.980590	-0.623224
-157.025604	20.659600	165.810000	60.860000	1325.464654	4.012375	156.006434	156.006434	156.006434	3.979918	-0.611353
-157.025604	21.159600	165.810000	60.860000	1312.817897	4.012375	155.836765	155.836765	155.836765	3.979922	-0.599199
-157.025604	21.659600	165.810000	60.860000	1299.965410	4.013063	155.663097	155.663097	155.663097	3.980567	-0.586786
-157.025604	22.159600	165.810000	60.860000	1287.255139	4.013375	155.385310	155.385310	155.385310	3.982246	-0.673987
-157.025604	22.659600	165.810000	60.860000	1274.664205	4.013375	155.203280	155.203280	155.203280	3.985132	-0.660925
-157.025604	23.159600	165.810000	60.860000	1261.875810	4.014062	154.916879	154.916879	154.916879	3.988802	-0.747620
-157.025604	23.659600	165.810000	60.860000	1249.325037	4.014062	154.625975	154.625975	154.625975	3.992030	-0.833937
-157.025604	24.159600	165.810000	60.860000	1236.697924	4.014375	154.430431	154.430431	154.430431	3.995404	-0.820008
-157.025604	24.659600	165.810000	60.860000	1224.283971	4.014062	154.130105	154.130105	154.130105	3.997859	-0.905855
-157.025604	25.159600	165.810000	60.860000	1211.795022	4.014062	153.824850	153.824850	153.824850	4.001525	-0.991329
-157.025604	25.659600	165.810000	60.860000	1199.328072	4.014062	153.614513	153.614513	153.614513	4.002691	-0.976574
-157.025604	26.159600	165.810000	60.860000	1187.087176	4.013375	153.298938	153.298938	153.298938	4.006701	-1.061614
-157.025604	26.659600	165.810000	60.860000	1174.755825	4.013063	152.977959	152.977959	152.977959	4.010783	-1.146283
-156.525604	14.659600	165.810000	60.860000	1484.196721	4.010063	157.309329	157.309329	157.309329	4.010221	-0.984353
-156.525604	15.159600	165.810000	60.860000	1471.645076	4.009375	157.278074	157.278074	157.378074	4.004730	-0.877496
-156.525604	15.659600	165.810000	60.860000	1458.850929	4.009375	157.143990	157.143990	157.243990	4.003358	-0.870297
-156.525604	16.159600	165.810000	60.860000	1446.069131	4.009375	157.106994	157.106994	157.106994	4.000107	-0.762658
-156.525604	16.659600	165.810000	60.860000	1433.300050	4.009375	156.967005	156.967005	156.967005	3.998343	-0.754690
-156.525604	17.159600	165.810000	60.860000	1420.544066	4.009375	156.823935	156.823935	156.823935	3.996181	-0.746399
-156.525604	17.659600	165.810000	60.860000	1407.560214	4.010063	156.677696	156.677696	156.677696	3.993242	-0.737679
-156.525604	18.159600	165.810000	60.860000	1394.833799	4.010063	156.528198	156.528198	156.528198	3.988486	-0.728648
-156.525604	18.659600	165.810000	60.860000	1382.014002	4.010375	156.475346	156.475346	156.475346	3.985495	-0.619314
-156.525604	19.159600	165.810000	60.860000	1369.317650	4.010375	156.319043	156.319043	156.319043	3.982930	-0.609561
-156.525604	19.659600	165.810000	60.860000	1356.403980	4.011063	156.159187	156.159187	156.159187	3.980693	-0.599516
-156.525604	20.159600	165.810000	60.860000	1343.636004	4.011375	155.995676	155.995676	155.995676	3.979487	-0.589187
-156.525604	20.659600	165.810000	60.860000	1330.761789	4.012062	155.828401	155.728401	155.828401	3.978866	-0.578448
-156.525604	21.159600	165.810000	60.860000	1318.031821	4.012375	155.557253	155.557253	155.557253	3.979295	-0.667435
-156.525604	21.659600	165.810000	60.860000	1305.422694	4.012375	155.382115	155.382115	155.382115	3.980169	-0.656156
-156.525604	22.159600	165.810000	60.860000	1292.609827	4.013063	155.202871	155.202871	155.202871	3.981989	-0.644475
-156.525604	22.659600	165.810000	60.860000	1280.038903	4.013063	154.919397	154.919397	154.919397	3.984984	-0.732538
-156.525604	23.159600	165.810000	60.860000	1267.388179	4.013375	154.631566	154.631566	154.631566	3.988320	-0.820355
-156.525604	23.659600	165.810000	60.860000	1254.856633	4.013375	154.339248	154.339248	154.339248	3.992521	-0.907775
-156.525604	24.159600	165.810000	60.860000	1242.345229	4.013375	154.142306	154.142306	154.142306	3.995363	-0.894958
-156.525604	24.659600	165.810000	60.860000	1229.854629	4.013375	153.840599	153.840599	153.840599	3.998677	-0.981912
-156.525604	25.159600	165.810000	60.860000	1217.385522	4.013375	153.633984	153.633984	153.633984	4.000454	-0.968476
-156.525604	25.659600	165.810000	60.860000	1205.032455	4.013063	153.322307	153.322307	153.322307	4.004466	-1.054820
-156.525604	26.159600	165.810000	60.860000	1192.607543	4.013063	153.105415	153.105415	153.105415	4.005673	-1.040954
-156.525604	26.659600	165.810000	60.860000	1180.408584	4.012375	152.683144	152.683144	152.683144	4.014043	-1.226700
-156.025604	14.659600	165.810000	60.860000	1489.461093	4.009375	157.151727	157.151727	157.151727	4.008800	-0.938022
-156.025604	15.159600	165.810000	60.860000	1476.673377	4.009375	157.118956	157.118956	157.118956	4.003632	-0.832367
-156.025604	15.659600	165.810000	60.860000	1463.897797	4.009375	156.983358	156.983358	156.983358	4.001956	-0.826355
-156.025604	16.159600	165.810000	60.860000	1451.134710	4.009375	156.844854	156.844854	156.844854	4.000035	-0.819907
-156.025604	16.659600	165.810000	60.860000	1438.384487	4.009375	156.703361	156.703361	156.703361	3.997747	-0.813124
-156.025604	17.159600	165.810000	60.860000	1425.647509	4.009375	156.658794	156.558794	156.658794	3.995167	-0.706002
-156.025604	17.659600	165.810000	60.860000	1412.924174	4.009375	156.511064	156.511064	156.511064	3.991643	-0.698457
-156.025604	18.159600	165.810000	60.860000	1400.214891	4.009375	156.360081	156.360081	156.360081	3.987545	-0.690595
-156.025604	18.659600	165.810000	60.860000	1387.282207	4.010063	156.205752	156.205752	156.205752	3.984694	-0.682414
-156.025604	19.159600	165.810000	60.860000	1374.497382	4.010375	156.047979	156.047979	156.047979	3.982125	-0.673819
-156.025604	19.659600	165.810000	60.860000	1361.836033	4.010375	155.886662	155.886662	155.886662	3.980102	-0.664927
-156.025604	20.159600	165.810000	60.860000	1348.959280	4.011063	155.721700	155.721700	155.721700	3.979132	-0.655736
-156.025604	20.659600	165.810000	60.860000	1336.228176	4.011375	155.552984	155.552984	155.552984	3.978721	-0.646139
-156.025604	21.159600	165.810000	60.860000	1323.619007	4.011375	155.380406	155.380406	155.380406	3.978887	-0.636264
-156.025604	21.659600	165.810000	60.860000	1310.802559	4.012062	155.103851	155.103851	155.103851	3.980051	-0.726108
-156.025604	22.159600	165.810000	60.860000	1298.129731	4.012375	154.923202	154.923202	154.923202	3.981960	-0.715556
-156.025604	22.659600	165.810000	60.860000	1285.577486	4.012375	154.638337	154.638337	154.638337	3.985025	-0.804743
-156.025604	23.159600	165.810000	60.860000	1273.044323	4.012375	154.449131	154.449131	154.449131	3.988724	-0.793667
-156.025604	23.659600	165.810000	60.860000	1260.314911	4.013063	154.155453	154.155453	154.155453	3.993062	-0.882202
-156.025604	24.159600	165.810000	60.860000	1247.823924	4.013063	153.957170	153.857170	153.957170	3.995817	-0.870495
-156.025604	24.659600	165.810000	60.860000	1235.353937	4.013063	153.654142	153.654142	153.654142	3.998790	-0.958544
-156.025604	25.159600	165.810000	60.860000	1223.115177	4.012375	153.346224	153.346224	153.346224	4.001976	-1.046208
-156.025604	25.659600	165.810000	60.860000	1210.687159	4.012375	153.133269	153.133269	153.133269	4.004219	-1.033649
-156.025604	26.159600	165.810000	60.860000	1198.375637	4.012062	152.815121	152.815121	152.815121	4.009029	-1.120865
-156.025604	26.659600	165.810000	60.860000	1186.197016	4.011375	152.491620	152.491620	152.491620	4.014406	-1.207699
-155.525604	14.659600	165.810000	60.860000	1494.887959	4.008375	157.196204	157.196204	157.196204	4.000115	-0.692236
-155.525604	15.159600	165.810000	60.860000	1482.115402	4.008375	157.061954	156.961954	157.061954	3.999909	-0.687772
-155.525604	15.659600	165.810000	60.860000	1469.355121	4.008375	156.824883	156.824883	156.924883	4.000885	-0.782954
-155.525604	16.159600	165.810000	60.860000	1456.607475	4.008375	156.784911	156.784911	156.784911	3.998030	-0.677695
-155.525604	16.659600	165.810000	60.860000	1443.872837	4.008375	156.641957	156.641957	156.641957	3.996692	-0.672084
-155.525604	17.159600	165.810000	60.860000	1430.906171	4.009062	156.395934	156.395934	156.395934	3.994799	-0.766140
-155.525604	17.659600	165.810000	60.860000	1418.200898	4.009062	156.346756	156.346756	156.346756	3.991954	-0.659766
-155.525604	18.159600	165.810000	60.860000	1405.400279	4.009375	156.194332	156.194332	156.194332	3.987684	-0.653060
-155.525604	18.659600	165.810000	60.860000	1392.724831	4.009375	156.038570	156.038570	156.038570	3.984710	-0.646041
-155.525604	19.159600	165.810000	60.860000	1380.064458	4.009375	155.879374	155.879374	155.879374	3.982224	-0.638602
-155.525604	19.659600	165.810000	60.860000	1367.185187	4.010063	155.716643	155.716643	155.716643	3.980188	-0.630850
-155.525604	20.159600	165.810000	60.860000	1354.452975	4.010375	155.550277	155.550277	155.550277	3.979319	-0.622804
-155.525604	20.659600	165.810000	60.860000	1341.613811	4.011063	155.380169	155.380169	155.380169	3.978910	-0.614348
-155.525604	21.159600	165.810000	60.860000	1329.023813	4.011063	155.106211	155.106211	155.106211	3.979435	-0.705598
-155.525604	21.659600	165.810000	60.860000	1316.348804	4.011375	154.928289	154.928289	154.928289	3.980192	-0.696573
-155.525604	22.159600	165.810000	60.860000	1303.795427	4.011375	154.646286	154.646286	154.646286	3.982248	-0.787146
-155.525604	22.659600	165.810000	60.860000	1291.039454	4.012062	154.460083	154.460083	154.460083	3.985311	-0.777444
-155.525604	23.159600	165.810000	60.860000	1278.526157	4.012062	154.169555	154.169555	154.169555	3.988982	-0.867485
-155.525604	23.659600	165.810000	60.860000	1266.032740	4.012062	153.974574	153.974574	153.974574	3.993849	-0.857131
-155.525604	24.159600	165.810000	60.860000	1253.559845	4.012062	153.675005	153.675005	153.675005	3.996758	-0.946520
-155.525604	24.659600	165.810000	60.860000	1241.108139	4.012062	153.470711	153.470711	153.470711	3.998834	-0.935672
-155.525604	25.159600	165.810000	60.860000	1228.678315	4.012062	153.261550	153.261550	153.261550	4.000981	-0.924434
-155.525604	25.659600	165.810000	60.860000	1216.479547	4.011375	152.947374	152.947374	152.947374	4.004887	-1.012958
-155.525604	26.159600	165.810000	60.860000	1204.187369	4.011063	152.628031	152.628031	152.628031	4.010383	-1.101264
-155.525604	26.659600	165.810000	60.860000	1191.824553	4.011063	152.303361	152.303361	152.403361	4.016164	-1.189183
-155.025604	14.659600	165.810000	60.860000	1499.986752	4.008375	156.942750	156.942750	156.942750	4.003407	-0.746994
-155.025604	15.159600	165.810000	60.860000	1487.232457	4.008375	156.807061	156.807061	156.807061	4.002209	-0.743728
-155.025604	15.659600	165.810000	60.860000	1474.490569	4.008375	156.668556	156.668556	156.668556	4.000703	-0.740103
-155.025604	16.159600	165.810000	60.860000	1461.761450	4.008375	156.527157	156.527157	156.527157	3.998444	-0.736019
-155.025604	16.659600	165.810000	60.860000	1449.045475	4.008375	156.382782	156.382782	156.382782	3.996439	-0.731589
-155.025604	17.159600	165.810000	60.860000	1436.343033	4.008375	156.235345	156.235345	156.235345	3.994316	-0.726820
-155.025604	17.659600	165.810000	60.860000	1423.654526	4.008375	156.184762	156.184762	156.184762	3.992227	-0.621606
-155.025604	18.159600	165.810000	60.860000	1410.738407	4.009062	156.030941	156.030941	156.030941	3.988691	-0.616064
-155.025604	18.659600	165.810000	60.860000	1398.081205	4.009062	155.873791	155.873791	155.873791	3.985706	-0.610203
-155.025604	19.159600	165.810000	60.860000	1385.331242	4.009375	155.713216	155.713216	155.713216	3.982759	-0.603908
-155.025604	19.659600	165.810000	60.860000	1372.705939	4.009375	155.549117	155.549117	155.549117	3.981150	-0.597304
-155.025604	20.159600	165.810000	60.860000	1359.863625	4.010063	155.281394	155.281394	155.281394	3.980194	-0.690401
-155.025604	20.659600	165.810000	60.860000	1347.168329	4.010375	155.109942	155.109942	155.109942	3.979580	-0.683073
-155.025604	21.159600	165.810000	60.860000	1334.596175	4.010375	154.934652	154.934652	154.934652	3.980126	-0.675456
-155.025604	21.659600	165.810000	60.860000	1321.815134	4.011063	154.755412	154.755412	154.755412	3.981702	-0.667559
-155.025604	22.159600	165.810000	60.860000	1309.281107	4.011063	154.472107	154.472107	154.472107	3.983471	-0.759245
-155.025604	22.659600	165.810000	60.860000	1296.664893	4.011375	154.284618	154.284618	154.284618	3.986455	-0.750660
-155.025604	23.159600	165.810000	60.860000	1284.170114	4.011375	153.992821	153.992821	153.992821	3.990072	-0.841815
-155.025604	23.659600	165.810000	60.860000	1271.695390	4.011375	153.796588	153.796588	153.796588	3.994951	-0.832560
-155.025604	24.159600	165.810000	60.860000	1259.241365	4.011375	153.595788	153.595788	153.595788	3.997478	-0.823054
-155.025604	24.659600	165.810000	60.860000	1246.808710	4.011375	153.290285	153.290285	153.290285	4.000634	-0.913305
-155.025604	25.159600	165.810000	60.860000	1234.494292	4.011063	153.079937	153.079937	153.079937	4.002353	-0.903153
-155.025604	25.659600	165.810000	60.860000	1222.105523	4.011063	152.864599	152.764599	152.864599	4.004195	-0.892767
-155.025604	26.159600	165.810000	60.860000	1209.740295	4.011063	152.544119	152.544119	152.544119	4.008960	-0.982159
-155.025604	26.659600	165.810000	60.860000	1197.697988	4.010063	152.118341	152.118341	152.118341	4.019356	-1.171151
-154.525604	14.659600	165.810000	60.860000	1505.245773	4.008063	156.691359	156.691359	156.691359	4.007976	-0.802382
-154.525604	15.159600	165.810000	60.860000	1492.508653	4.008063	156.654268	156.654268	156.654268	4.002918	-0.700312
-154.525604	15.659600	165.810000	60.860000	1479.784066	4.008063	156.514369	156.514369	156.514369	4.001281	-0.697869
-154.525604	16.159600	165.810000	60.860000	1467.072379	4.008063	156.371582	156.371582	156.371582	3.999335	-0.694970
-154.525604	16.659600	165.810000	60.860000	1454.373969	4.008063	156.225826	156.225826	156.225826	3.997669	-0.691719
-154.525604	17.159600	165.810000	60.860000	1441.689226	4.008063	156.077018	156.077018	156.077018	3.995145	-0.688116
-154.525604	17.659600	165.810000	60.860000	1428.907146	4.008375	156.025070	156.025070	156.025070	3.992888	-0.584069
-154.525604	18.159600	165.810000	60.860000	1416.251954	4.008375	155.869895	155.869895	155.869895	3.989830	-0.579689
-154.525604	18.659600	165.810000	60.860000	1403.611686	4.008375	155.711400	155.711400	155.711400	3.986874	-0.574977
-154.525604	19.159600	165.810000	60.860000	1390.748257	4.009062	155.549491	155.549491	155.549491	3.984636	-0.569833
-154.525604	19.659600	165.810000	60.860000	1378.141363	4.009062	155.284070	155.284070	155.284070	3.982408	-0.664376
-154.525604	20.159600	165.810000	60.860000	1365.444351	4.009375	155.115037	155.115037	155.115037	3.981362	-0.658606
-154.525604	20.659600	165.810000	60.860000	1352.871572	4.009375	154.942287	154.942287	154.942287	3.981503	-0.652414
-154.525604	21.159600	165.810000	60.860000	1340.086340	4.010063	154.765713	154.765713	154.765713	3.981663	-0.645928
-154.525604	21.659600	165.810000	60.860000	1327.447469	4.010375	154.585205	154.585205	154.585205	3.983259	-0.639148
-154.525604	22.159600	165.810000	60.860000	1314.931446	4.010375	154.300647	154.300647	154.300647	3.985336	-0.731955
-154.525604	22.659600	165.810000	60.860000	1302.434426	4.010375	154.111922	154.111922	154.111922	3.988247	-0.724487
-154.525604	23.159600	165.810000	60.860000	1289.735909	4.011063	153.918907	153.918907	153.918907	3.992385	-0.716745
-154.525604	23.659600	165.810000	60.860000	1277.280850	4.011063	153.621477	153.621477	153.621477	3.995926	-0.808597
-154.525604	24.159600	165.810000	60.860000	1264.846659	4.011063	153.419500	153.419500	153.419500	3.999176	-0.800193
-154.525604	24.659600	165.810000	60.860000	1252.434007	4.011063	153.212841	153.212841	153.212841	4.001448	-0.791534
-154.525604	25.159600	165.810000	60.860000	1240.256170	4.010375	152.901362	152.901362	153.001362	4.004651	-0.882474
-154.525604	25.659600	165.810000	60.860000	1227.886593	4.010375	152.684918	152.684918	152.684918	4.006979	-0.873177
-154.525604	26.159600	165.810000	60.860000	1215.635462	4.010063	152.363359	152.363359	152.363359	4.013174	-0.963646
-154.525604	26.659600	165.810000	60.860000	1203.313143	4.010063	152.136531	152.136531	152.136531	4.015487	-0.953717
-154.025604	14.659600	165.810000	60.860000	1510.689209	4.007375	156.742021	156.742021	156.742021	4.002127	-0.558339
-154.025604	15.159600	165.810000	60.860000	1497.967975	4.007375	156.603567	156.603567	156.603567	4.001993	-0.557455
-154.025604	15.659600	165.810000	60.860000	1485.259398	4.007375	156.462311	156.462311	156.462311	4.001099	-0.556201
-154.025604	16.159600	165.810000	60.860000	1472.563847	4.007375	156.318176	156.318176	156.318176	3.999140	-0.554484
-154.025604	16.659600	165.810000	60.860000	1459.881701	4.007375	156.171079	156.171079	156.171079	3.997884	-0.552402
-154.025604	17.159600	165.810000	60.860000	1447.213355	4.007375	156.020939	156.020939	156.020939	3.996432	-0.549970
-154.025604	17.659600	165.810000	60.860000	1434.313148	4.008063	155.867670	155.867670	155.867670	3.994291	-0.547087
-154.025604	18.159600	165.810000	60.860000	1421.675804	4.008063	155.711182	155.711182	155.711182	3.991922	-0.543860
-154.025604	18.659600	165.810000	60.860000	1408.943666	4.008375	155.551386	155.551386	155.551386	3.988984	-0.540303
-154.025604	19.159600	165.810000	60.860000	1396.337878	4.008375	155.388187	155.388187	155.388187	3.986773	-0.536307
-154.025604	19.659600	165.810000	60.860000	1383.748068	4.008375	155.121488	155.121488	155.121488	3.985081	-0.631986
-154.025604	20.159600	165.810000	60.860000	1370.939586	4.009062	154.951189	154.951189	154.951189	3.983498	-0.627355
-154.025604	20.659600	165.810000	60.860000	1358.279481	4.009375	154.777188	154.777188	154.777188	3.983548	-0.622295
-154.025604	21.159600	165.810000	60.860000	1345.743713	4.009375	154.599378	154.599378	154.599378	3.983836	-0.616930
-154.025604	21.659600	165.810000	60.860000	1332.997394	4.010063	154.417649	154.417649	154.417649	3.985354	-0.611274
-154.025604	22.159600	165.810000	60.860000	1320.500370	4.010063	154.231887	154.231887	154.231887	3.988187	-0.605198
-154.025604	22.659600	165.810000	60.860000	1308.022502	4.010063	153.941976	153.941976	153.941976	3.990250	-0.698836
-154.025604	23.159600	165.810000	60.860000	1295.564392	4.010063	153.747795	153.747795	153.747795	3.993639	-0.692203
-154.025604	23.659600	165.810000	60.860000	1283.026678	4.010375	153.549218	153.549218	153.549218	3.998415	-0.685158
-154.025604	24.159600	165.810000	60.860000	1270.610950	4.010375	153.346116	153.346116	153.346116	4.000998	-0.677846
-154.025604	24.659600	165.810000	60.860000	1258.314976	4.010063	153.138356	153.138356	153.138356	4.003638	-0.670282
-154.025604	25.159600	165.810000	60.860000	1245.942386	4.010063	152.825800	152.825800	152.825800	4.006335	-0.762311
-154.025604	25.659600	165.810000	60.860000	1233.592924	4.010063	152.608305	152.608305	152.608305	4.008805	-0.754093
-154.025604	26.159600	165.810000	60.860000	1221.267345	4.010063	152.385723	152.385723	152.385723	4.011454	-0.745643
-154.025604	26.659600	165.810000	60.860000	1209.173737	4.009375	151.957903	151.957903	151.957903	4.021867	-0.936790
-153.525604	14.659600	165.810000	60.860000	1516.034247	4.007062	156.594727	156.594727	156.594727	4.003721	-0.514867
-153.525604	15.159600	165.810000	60.860000	1503.329985	4.007062	156.454947	156.454947	156.454947	4.004188	-0.515175
-153.525604	15.659600	165.810000	60.860000	1490.522256	4.007375	156.312373	156.312373	156.312373	4.003348	-0.515106
-153.525604	16.159600	165.810000	60.860000	1477.844906	4.007375	156.166928	156.166928	156.166928	4.001820	-0.514562
-153.525604	16.659600	165.810000	60.860000	1465.181082	4.007375	156.018530	156.018530	156.018530	4.000271	-0.513653
-153.525604	17.159600	165.810000	60.860000	1452.531181	4.007375	155.867099	155.867099	155.867099	3.998578	-0.512389
-153.525604	17.659600	165.810000	60.860000	1439.895613	4.007375	155.712548	155.712548	155.712548	3.996152	-0.510663
-153.525604	18.159600	165.810000	60.860000	1427.274800	4.007375	155.554790	155.554790	155.554790	3.993544	-0.508592
-153.525604	18.659600	165.810000	60.860000	1414.426525	4.008063	155.393734	155.393734	155.393734	3.991267	-0.506187
-153.525604	19.159600	165.810000	60.860000	1401.838712	4.008063	155.229288	155.229288	155.229288	3.989264	-0.503330
-153.525604	19.659600	165.810000	60.860000	1389.158703	4.008375	155.061355	155.061355	155.061355	3.988033	-0.500150
-153.525604	20.159600	165.810000	60.860000	1376.604585	4.008375	154.889836	154.889836	154.889836	3.986290	-0.496655
-153.525604	20.659600	165.810000	60.860000	1363.833653	4.009062	154.714629	154.714629	154.714629	3.986491	-0.492718
-153.525604	21.159600	165.810000	60.860000	1351.316412	4.009062	154.435629	154.435629	154.535629	3.986707	-0.588478
-153.525604	21.659600	165.810000	60.860000	1338.712982	4.009375	154.252726	154.252726	154.252726	3.987898	-0.583943
-153.525604	22.159600	165.810000	60.860000	1326.233603	4.009375	154.065809	154.065809	154.065809	3.990565	-0.578976
-153.525604	22.659600	165.810000	60.860000	1313.773529	4.009375	153.874761	153.874761	153.874761	3.993486	-0.573724
-153.525604	23.159600	165.810000	60.860000	1301.110259	4.010063	153.679463	153.679463	153.679463	3.997046	-0.568197
-153.525604	23.659600	165.810000	60.860000	1288.692758	4.010063	153.479790	153.479790	153.479790	4.001221	-0.562246
-153.525604	24.159600	165.810000	60.860000	1276.296438	4.010063	153.275615	153.275615	153.275615	4.003326	-0.556029
-153.525604	24.659600	165.810000	60.860000	1263.921973	4.010063	153.066806	153.066806	153.066806	4.005932	-0.549556
-153.525604	25.159600	165.810000	60.860000	1251.570063	4.010063	152.853226	152.853226	152.853226	4.007501	-0.542667
-153.525604	25.659600	165.810000	60.860000	1239.241435	4.010063	152.634735	152.634735	152.634735	4.008310	-0.535531
-153.525604	26.159600	165.810000	60.860000	1227.147229	4.009375	152.211186	152.211186	152.211186	4.017090	-0.728157
-153.525604	26.659600	165.810000	60.860000	1214.960052	4.009062	151.882428	151.882428	151.882428	4.024826	-0.820373
-153.025604	14.659600	165.810000	60.860000	1521.563508	4.006375	156.649468	156.649468	156.649468	4.000602	-0.272046
-153.025604	15.159600	165.810000	60.860000	1508.616043	4.007062	156.308399	156.308399	156.308399	4.007260	-0.473544
-153.025604	15.659600	165.810000	60.860000	1495.942522	4.007062	156.164544	156.164544	156.164544	4.006024	-0.474654
-153.025604	16.159600	165.810000	60.860000	1483.282262	4.007062	156.017826	156.017826	156.017826	4.004061	-0.475287
-153.025604	16.659600	165.810000	60.860000	1470.635646	4.007062	155.868167	155.868167	155.868167	4.002649	-0.475551
-153.025604	17.159600	165.810000	60.860000	1458.003073	4.007062	155.715483	155.715483	155.715483	4.001250	-0.475449
-153.025604	17.659600	165.810000	60.860000	1445.272239	4.007375	155.559691	155.559691	155.559691	3.998439	-0.474883
-153.025604	18.159600	165.810000	60.860000	1432.669981	4.007375	155.400703	155.400703	155.400703	3.996373	-0.473967
-153.025604	18.659600	165.810000	60.860000	1420.083042	4.007375	155.238430	155.238430	155.238430	3.994410	-0.472706
-153.025604	19.159600	165.810000	60.860000	1407.270449	4.008063	155.172780	155.172780	155.172780	3.992417	-0.370994
-153.025604	19.659600	165.810000	60.860000	1394.717682	4.008063	155.003656	154.903656	155.003656	3.991315	-0.368952
-153.025604	20.159600	165.810000	60.860000	1382.181647	4.008063	154.730961	154.730961	154.730961	3.990190	-0.466585
-153.025604	20.659600	165.810000	60.860000	1369.556066	4.008375	154.554593	154.554593	154.554593	3.990008	-0.463778
-153.025604	21.159600	165.810000	60.860000	1357.056004	4.008375	154.374448	154.374448	154.374448	3.990414	-0.460661
-153.025604	21.659600	165.810000	60.860000	1344.343669	4.009062	154.190419	154.190419	154.190419	3.992053	-0.457238
-153.025604	22.159600	165.810000	60.860000	1331.882911	4.009062	154.002393	154.002393	154.002393	3.993836	-0.453384
-153.025604	22.659600	165.810000	60.860000	1319.338757	4.009375	153.810256	153.810256	153.810256	3.996796	-0.449241
-153.025604	23.159600	165.810000	60.860000	1306.918462	4.009375	153.613889	153.613889	153.613889	4.000150	-0.444812
-153.025604	23.659600	165.810000	60.860000	1294.518844	4.009375	153.413170	153.413170	153.413170	4.004093	-0.439960
-153.025604	24.159600	165.810000	60.860000	1282.140553	4.009375	153.207972	153.207972	153.207972	4.006540	-0.434837
-153.025604	24.659600	165.810000	60.860000	1269.784263	4.009375	152.998166	152.998166	152.998166	4.008812	-0.429448
-153.025604	25.159600	165.810000	60.860000	1257.450676	4.009375	152.783614	152.783614	152.783614	4.010709	-0.423643
-153.025604	25.659600	165.810000	60.860000	1245.140520	4.009375	152.464180	152.464180	152.564180	4.014146	-0.517587
-153.025604	26.159600	165.810000	60.860000	1232.854550	4.009375	152.239717	152.239717	152.239717	4.016616	-0.511285
-153.025604	26.659600	165.810000	60.860000	1220.688697	4.009062	151.910078	151.910078	151.910078	4.023960	-0.604572
-152.525604	14.659600	165.810000	60.860000	1526.872979	4.006375	156.506233	156.506233	156.506233	4.005719	-0.229820
-152.525604	15.159600	165.810000	60.860000	1514.202129	4.006375	156.363910	156.363910	156.363910	4.006322	-0.232500
-152.525604	15.659600	165.810000	60.860000	1501.544278	4.006375	156.218812	156.218812	156.218812	4.006726	-0.234791
-152.525604	16.159600	165.810000	60.860000	1488.899798	4.006375	155.970860	155.970860	156.070860	4.006760	-0.336600
-152.525604	16.659600	165.810000	60.860000	1476.015792	4.007062	155.819977	155.819977	155.819977	4.004945	-0.338028
-152.525604	17.159600	165.810000	60.860000	1463.401394	4.007062	155.666081	155.666081	155.666081	4.003357	-0.339090
-152.525604	17.659600	165.810000	60.860000	1450.801565	4.007062	155.509087	155.509087	155.509087	4.001288	-0.339682
-152.525604	18.159600	165.810000	60.860000	1438.104576	4.007375	155.348910	155.348910	155.348910	3.999925	-0.339914
-152.525604	18.659600	165.810000	60.860000	1425.536161	4.007375	155.185460	155.185460	155.185460	3.998156	-0.339800
-152.525604	19.159600	165.810000	60.860000	1412.983641	4.007375	155.018647	155.018647	155.018647	3.995768	-0.339229
-152.525604	19.659600	165.810000	60.860000	1400.207272	4.008063	154.848375	154.848375	154.848375	3.994622	-0.338319
-152.525604	20.159600	165.810000	60.860000	1387.690125	4.008063	154.674547	154.674547	154.674547	3.994104	-0.337083
-152.525604	20.659600	165.810000	60.860000	1375.190340	4.008063	154.497062	154.497062	154.497062	3.994090	-0.335401
-152.525604	21.159600	165.810000	60.860000	1362.602203	4.008375	154.315818	154.315818	154.315818	3.994071	-0.333399
-152.525604	21.659600	165.810000	60.860000	1350.139710	4.008375	154.130706	154.130706	154.130706	3.995279	-0.331092
-152.525604	22.159600	165.810000	60.860000	1337.466817	4.009062	153.941618	153.941618	153.941618	3.997377	-0.328348
-152.525604	22.659600	165.810000	60.860000	1325.045029	4.009062	153.748439	153.748439	153.748439	4.000752	-0.325306
-152.525604	23.159600	165.810000	60.860000	1312.643424	4.009062	153.551052	153.551052	153.551052	4.003858	-0.321977
-152.525604	23.659600	165.810000	60.860000	1300.161282	4.009375	153.349335	153.349335	153.349335	4.007191	-0.318220
-152.525604	24.159600	165.810000	60.860000	1287.802914	4.009375	153.243165	153.243165	153.243165	4.009580	-0.214184
-152.525604	24.659600	165.810000	60.860000	1275.466682	4.009375	153.032410	153.032410	153.032410	4.011198	-0.209882
-152.525604	25.159600	165.810000	60.860000	1263.153288	4.009375	152.716939	152.716939	152.816939	4.013819	-0.305158
-152.525604	25.659600	165.810000	60.860000	1250.863462	4.009375	152.496613	152.496613	152.496613	4.015070	-0.300175
-152.525604	26.159600	165.810000	60.860000	1238.597957	4.009375	152.171290	152.171290	152.171290	4.020480	-0.394945
-152.525604	26.659600	165.810000	60.860000	1226.453154	4.009062	151.840822	151.840822	151.840822	4.028091	-0.489298
-152.025604	14.659600	165.810000	60.860000	1532.222182	4.006375	156.365011	156.365011	156.365011	4.010297	-0.188190
-152.025604	15.159600	165.810000	60.860000	1519.568945	4.006375	156.221471	156.221471	156.221471	4.010408	-0.192055
-152.025604	15.659600	165.810000	60.860000	1506.928808	4.006375	156.075165	156.075165	156.075165	4.010231	-0.195526
-152.025604	16.159600	165.810000	60.860000	1494.302148	4.006375	155.926017	155.926017	155.926017	4.009359	-0.198503
-152.025604	16.659600	165.810000	60.860000	1481.689352	4.006375	155.773948	155.773948	155.773948	4.008374	-0.201099
-152.025604	17.159600	165.810000	60.860000	1468.838770	4.007062	155.618877	155.618877	155.618877	4.006005	-0.203321
-152.025604	17.659600	165.810000	60.860000	1456.257080	4.007062	155.460721	155.460721	155.460721	4.004801	-0.205064
-152.025604	18.159600	165.810000	60.860000	1443.690499	4.007062	155.299394	155.299394	155.299394	4.003012	-0.206447
-152.025604	18.659600	165.810000	60.860000	1431.027865	4.007375	155.134808	155.134808	155.134808	4.001773	-0.207477
-152.025604	19.159600	165.810000	60.860000	1418.493823	4.007375	154.966873	154.966873	154.966873	3.999163	-0.208040
-152.025604	19.659600	165.810000	60.860000	1405.976264	4.007375	154.795495	154.795495	154.795495	3.998525	-0.208264
-152.025604	20.159600	165.810000	60.860000	1393.236661	4.008063	154.620576	154.620576	154.620576	3.998596	-0.208156
-152.025604	20.659600	165.810000	60.860000	1380.755704	4.008063	154.442018	154.442018	154.442018	3.998630	-0.207592
-152.025604	21.159600	165.810000	60.860000	1368.186078	4.008375	154.259718	154.259718	154.259718	3.998807	-0.206708
-152.025604	21.659600	165.810000	60.860000	1355.742654	4.008375	154.073569	154.073569	154.173569	3.999562	-0.205513
-152.025604	22.159600	165.810000	60.860000	1343.087987	4.009062	153.983464	153.983464	153.983464	4.002360	-0.103873
-152.025604	22.659600	165.810000	60.860000	1330.685511	4.009062	153.789289	153.789289	153.789289	4.005019	-0.101932
-152.025604	23.159600	165.810000	60.860000	1318.303341	4.009062	153.590929	153.590929	153.590929	4.008221	-0.099701
-152.025604	23.659600	165.810000	60.860000	1305.942108	4.009062	153.388263	153.388263	153.388263	4.011016	-0.097033
-152.025604	24.159600	165.810000	60.860000	1293.501636	4.009375	153.181167	153.181167	153.181167	4.012595	-0.094084
-152.025604	24.659600	165.810000	60.860000	1281.185217	4.009375	152.969515	152.969515	152.969515	4.013481	-0.090864
-152.025604	25.159600	165.810000	60.860000	1268.674221	4.010063	152.753173	152.753173	152.753173	4.015727	-0.087216
-152.025604	25.659600	165.810000	60.860000	1256.406565	4.010063	152.532007	152.532007	152.532007	4.016364	-0.083306
-152.025604	26.159600	165.810000	60.860000	1244.163354	4.010063	152.305874	152.205874	152.305874	4.016327	-0.079145
-152.025604	26.659600	165.810000	60.860000	1231.945374	4.010063	151.974631	151.974631	152.074631	4.022686	-0.174561
-151.525604	14.659600	165.810000	60.860000	1537.610493	4.006375	156.225791	156.225791	156.225791	4.012566	-0.147236
-151.525604	15.159600	165.810000	60.860000	1524.974738	4.006375	156.081069	156.081069	156.181069	4.012384	-0.152284
-151.525604	15.659600	165.810000	60.860000	1512.352181	4.006375	155.933592	155.933592	155.933592	4.012189	-0.156929
-151.525604	16.159600	165.810000	60.860000	1499.743200	4.006375	155.783283	155.783283	155.783283	4.011118	-0.161077
-151.525604	16.659600	165.810000	60.860000	1487.148186	4.006375	155.630065	155.630065	155.630065	4.009916	-0.164837
-151.525604	17.159600	165.810000	60.860000	1474.314547	4.007062	155.473857	155.473857	155.473857	4.007910	-0.168216
-151.525604	17.659600	165.810000	60.860000	1461.750842	4.007062	155.314578	155.314578	155.314578	4.006594	-0.171113
-151.525604	18.159600	165.810000	60.860000	1449.202351	4.007062	155.152141	155.152141	155.152141	4.005226	-0.173643
-151.525604	18.659600	165.810000	60.860000	1436.557484	4.007375	154.986459	154.986459	154.986459	4.004252	-0.175813
-151.525604	19.159600	165.810000	60.860000	1424.041747	4.007375	154.817442	154.817442	154.817442	4.002063	-0.177513
-151.525604	19.659600	165.810000	60.860000	1411.542603	4.007375	154.644998	154.644998	154.644998	4.000936	-0.178867
-151.525604	20.159600	165.810000	60.860000	1398.820569	4.008063	154.569031	154.569031	154.569031	4.001202	-0.079882
-151.525604	20.659600	165.810000	60.860000	1386.358248	4.008063	154.389442	154.289442	154.389442	4.000871	-0.080439
-151.525604	21.159600	165.810000	60.860000	1373.806934	4.008375	154.206129	154.206129	154.206129	4.001417	-0.080670
-151.525604	21.659600	165.810000	60.860000	1361.382372	4.008375	154.018988	154.018988	154.018988	4.002163	-0.080583
-151.525604	22.159600	165.810000	60.860000	1348.745714	4.009062	153.827910	153.827910	153.827910	4.003661	-0.080048
-151.525604	22.659600	165.810000	60.860000	1336.362330	4.009062	153.632785	153.632785	153.632785	4.006510	-0.079207
-151.525604	23.159600	165.810000	60.860000	1323.999370	4.009062	153.433497	153.433497	153.433497	4.008854	-0.078069
-151.525604	23.659600	165.810000	60.860000	1311.555229	4.009375	153.329928	153.329928	153.329928	4.012426	0.023510
-151.525604	24.159600	165.810000	60.860000	1299.235990	4.009375	153.021955	153.021955	153.121955	4.013883	-0.074627
-151.525604	24.659600	165.810000	60.860000	1286.718498	4.010063	152.909453	152.909453	152.909453	4.015350	0.027514
-151.525604	25.159600	165.810000	60.860000	1274.446830	4.010063	152.692290	152.692290	152.692290	4.017381	0.030087
-151.525604	25.659600	165.810000	60.860000	1262.198970	4.010063	152.370332	152.370332	152.370332	4.019514	-0.067074
-151.525604	26.159600	165.810000	60.860000	1249.975674	4.010063	152.143441	152.143441	152.143441	4.021412	-0.063978
-151.525604	26.659600	165.810000	60.860000	1237.777726	4.010063	151.911472	151.911472	151.911472	4.024389	-0.060456
-151.025604	14.659600	165.810000	60.860000	1543.037289	4.006375	156.088561	156.088561	156.188561	4.013870	-0.106900
-151.025604	15.159600	165.810000	60.860000	1530.418881	4.006375	155.942692	155.942692	155.942692	4.013626	-0.113126
-151.025604	15.659600	165.810000	60.860000	1517.813764	4.006375	155.794079	155.794079	155.794079	4.012463	-0.118945
-151.025604	16.159600	165.810000	60.860000	1505.222318	4.006375	155.642646	155.642646	155.642646	4.012538	-0.124261
-151.025604	16.659600	165.810000	60.860000	1492.644933	4.006375	155.488316	155.488316	155.488316	4.011103	-0.129182
-151.025604	17.159600	165.810000	60.860000	1479.828076	4.007062	155.331009	155.331009	155.431009	4.009668	-0.133718
-151.025604	17.659600	165.810000	60.860000	1467.282196	4.007062	155.170643	155.170643	155.170643	4.007718	-0.137765
-151.025604	18.159600	165.810000	60.860000	1454.751629	4.007062	155.007134	155.007134	155.007134	4.006734	-0.141437
-151.025604	18.659600	165.810000	60.860000	1442.124353	4.007375	154.940395	154.940395	154.940395	4.006481	-0.044747
-151.025604	19.159600	165.810000	60.860000	1429.626743	4.007375	154.670337	154.670337	154.670337	4.004375	-0.147581
-151.025604	19.659600	165.810000	60.860000	1417.145830	4.007375	154.496868	154.496868	154.596868	4.002796	-0.150061
-151.025604	20.159600	165.810000	60.860000	1404.441168	4.008063	154.419893	154.419893	154.419893	4.003198	-0.052199
-151.025604	20.659600	165.810000	60.860000	1391.997286	4.008063	154.239315	154.239315	154.239315	4.002712	-0.053873
-151.025604	21.159600	165.810000	60.860000	1379.464078	4.008375	154.055032	154.055032	154.055032	4.002543	-0.055215
-151.025604	21.659600	165.810000	60.860000	1367.058169	4.008375	153.866941	153.866941	153.866941	4.003671	-0.056235
-151.025604	22.159600	165.810000	60.860000	1354.439296	4.009062	153.774934	153.774934	153.774934	4.005822	0.043199
-151.025604	22.659600	165.810000	60.860000	1342.074780	4.009062	153.578903	153.578903	153.578903	4.008044	0.042944
-151.025604	23.159600	165.810000	60.860000	1329.627154	4.009375	153.378733	153.378733	153.378733	4.010988	0.042991
-151.025604	23.659600	165.810000	60.860000	1317.305296	4.009375	153.174307	153.174307	153.174307	4.013270	0.043482
-151.025604	24.159600	165.810000	60.860000	1304.781521	4.010063	153.065503	152.965503	153.065503	4.015958	0.144265
-151.025604	24.659600	165.810000	60.860000	1292.506077	4.010063	152.752197	152.752197	152.752197	4.017390	0.045328
-151.025604	25.159600	165.810000	60.860000	1280.253823	4.010063	152.534261	152.534261	152.534261	4.019761	0.046830
-151.025604	25.659600	165.810000	60.860000	1268.025488	4.010063	152.311561	152.311561	152.311561	4.021168	0.048601
-151.025604	26.159600	165.810000	60.860000	1255.821826	4.010063	151.983960	151.983960	151.983960	4.024918	-0.049366
-151.025604	26.659600	165.810000	60.860000	1243.643621	4.010063	151.751316	151.751316	151.751316	4.028741	-0.046902
-150.525604	14.659600	165.810000	60.860000	1548.501950	4.006375	156.053309	156.053309	156.053309	4.013780	0.032812
-150.525604	15.159600	165.810000	60.860000	1535.900749	4.006375	155.806328	155.806328	155.806328	4.014217	-0.074592
-150.525604	15.659600	165.810000	60.860000	1523.312927	4.006375	155.656614	155.656614	155.656614	4.012824	-0.081584
-150.525604	16.159600	165.810000	60.860000	1510.479666	4.007062	155.604092	155.604092	155.604092	4.012977	0.011937
-150.525604	16.659600	165.810000	60.860000	1497.921911	4.007062	155.448686	155.448686	155.448686	4.012740	0.005856
-150.525604	17.159600	165.810000	60.860000	1485.378713	4.007062	155.190316	155.190316	155.190316	4.010604	-0.099834
-150.525604	17.659600	165.810000	60.860000	1472.735633	4.007375	155.128901	155.128901	155.128901	4.010010	-0.005027
-150.525604	18.159600	165.810000	60.860000	1460.223794	4.007375	154.964358	154.964358	154.964358	4.008790	-0.009842
-150.525604	18.659600	165.810000	60.860000	1447.727810	4.007375	154.796601	154.796601	154.796601	4.008047	-0.014288
-150.525604	19.159600	165.810000	60.860000	1435.248144	4.007375	154.525541	154.525541	154.625541	4.005882	-0.118251
-150.525604	19.659600	165.810000	60.860000	1422.541226	4.008063	154.451086	154.451086	154.451086	4.005496	-0.021857
-150.525604	20.159600	165.810000	60.860000	1410.097781	4.008063	154.273144	154.273144	154.273144	4.004400	-0.025115
-150.525604	20.659600	165.810000	60.860000	1397.563170	4.008375	154.191617	154.191617	154.191617	4.005480	0.072098
-150.525604	21.159600	165.810000	60.860000	1385.156823	4.008375	153.906405	153.906405	153.906405	4.003995	-0.030353
-150.525604	21.659600	165.810000	60.860000	1372.533942	4.009062	153.817406	153.817406	153.817406	4.005853	0.067523
-150.525604	22.159600	165.810000	60.860000	1360.168036	4.009062	153.624515	153.624515	153.624515	4.007096	0.065859
-150.525604	22.659600	165.810000	60.860000	1347.717104	4.009375	153.427621	153.427621	153.427621	4.008821	0.064510
-150.525604	23.159600	165.810000	60.860000	1335.163881	4.010063	153.326613	153.326613	153.326613	4.012850	0.163469
-150.525604	23.659600	165.810000	60.860000	1322.862975	4.010063	153.121374	153.121374	153.121374	4.015171	0.162877
-150.525604	24.159600	165.810000	60.860000	1310.583984	4.010063	152.911785	152.911785	152.911785	4.016754	0.162580
-150.525604	24.659600	165.810000	60.860000	1298.226413	4.010375	152.697722	152.697722	152.697722	4.019321	0.162571
-150.525604	25.159600	165.810000	60.860000	1285.994259	4.010375	152.479059	152.479059	152.479059	4.020844	0.163002
-150.525604	25.659600	165.810000	60.860000	1273.567797	4.011063	152.355664	152.355664	152.355664	4.020954	0.263709
-150.525604	26.159600	165.810000	60.860000	1261.386522	4.011063	152.127401	152.127401	152.127401	4.022144	0.264683
-150.525604	26.659600	165.810000	60.860000	1249.230796	4.011063	151.894131	151.894131	151.894131	4.024169	0.266091
-150.025604	14.659600	165.810000	60.860000	1554.003860	4.006375	155.820022	155.820022	155.920022	4.015717	-0.028174
-150.025604	15.159600	165.810000	60.860000	1541.419719	4.006375	155.671962	155.671962	155.671962	4.014513	-0.036754
-150.025604	15.659600	165.810000	60.860000	1528.586736	4.007062	155.621182	155.621182	155.621182	4.014831	0.055085
-150.025604	16.159600	165.810000	60.860000	1516.032057	4.007062	155.467606	155.467606	155.467606	4.014233	0.047442
-150.025604	16.659600	165.810000	60.860000	1503.374368	4.007375	155.311159	155.311159	155.411159	4.013578	0.040204
-150.025604	17.159600	165.810000	60.860000	1490.849545	4.007375	155.151763	155.151763	155.151763	4.012739	0.033363
-150.025604	17.659600	165.810000	60.860000	1478.339784	4.007375	154.989336	154.989336	154.989336	4.011066	0.027024
-150.025604	18.159600	165.810000	60.860000	1465.845519	4.007375	154.823797	154.823797	154.823797	4.009807	0.021069
-150.025604	18.659600	165.810000	60.860000	1453.117906	4.008063	154.755059	154.755059	154.755059	4.010475	0.115489
-150.025604	19.159600	165.810000	60.860000	1440.658133	4.008063	154.583035	154.583035	154.583035	4.009580	0.110397
-150.025604	19.659600	165.810000	60.860000	1428.103897	4.008375	154.407634	154.407634	154.407634	4.009062	0.105668
-150.025604	20.159600	165.810000	60.860000	1415.679359	4.008375	154.228764	154.228764	154.228764	4.006908	0.101292
-150.025604	20.659600	165.810000	60.860000	1403.032071	4.009062	154.146328	154.146328	154.146328	4.008309	0.197393
-150.025604	21.159600	165.810000	60.860000	1390.645972	4.009062	153.960229	153.960229	153.960229	4.007699	0.193835
-150.025604	21.659600	165.810000	60.860000	1378.171412	4.009375	153.770364	153.770364	153.770364	4.008258	0.190609
-150.025604	22.159600	165.810000	60.860000	1365.824778	4.009375	153.576628	153.576628	153.576628	4.009605	0.187849
-150.025604	22.659600	165.810000	60.860000	1353.266218	4.010063	153.478915	153.478915	153.478915	4.012898	0.285409
-150.025604	23.159600	165.810000	60.860000	1340.962546	4.010063	153.277111	153.177111	153.277111	4.015131	0.283280
-150.025604	23.659600	165.810000	60.860000	1328.576695	4.010375	153.071104	153.071104	153.071104	4.017761	0.281607
-150.025604	24.159600	165.810000	60.860000	1316.091728	4.011063	152.960774	152.960774	152.960774	4.020259	0.380235
-150.025604	24.659600	165.810000	60.860000	1303.857160	4.011063	152.746000	152.746000	152.746000	4.021976	0.379153
-150.025604	25.159600	165.810000	60.860000	1291.645972	4.011063	152.426655	152.426655	152.426655	4.022716	0.278518
-150.025604	25.659600	165.810000	60.860000	1279.458891	4.011063	152.202611	152.202611	152.202611	4.023833	0.278164
-150.025604	26.159600	165.810000	60.860000	1267.296670	4.011063	151.873734	151.873734	151.973734	4.027105	0.178078
-150.025604	26.659600	165.810000	60.860000	1255.160091	4.011063	151.639884	151.639884	151.639884	4.030382	0.178434
-149.525604	14.659600	165.810000	60.860000	1559.274832	4.007062	155.888687	155.788687	155.888687	4.019334	0.210197
-149.525604	15.159600	165.810000	60.860000	1546.709758	4.007062	155.639582	155.639582	155.639582	4.017191	0.100444
-149.525604	15.659600	165.810000	60.860000	1534.038586	4.007375	155.587769	155.587769	155.587769	4.017994	0.191116
-149.525604	16.159600	165.810000	60.860000	1521.501951	4.007375	155.433174	155.433174	155.433174	4.017310	0.182311
-149.525604	16.659600	165.810000	60.860000	1508.979630	4.007375	155.175722	155.175722	155.175722	4.014282	0.073918
-149.525604	17.159600	165.810000	60.860000	1496.472034	4.007375	155.015335	155.015335	155.015335	4.013583	0.065928
-149.525604	17.659600	165.810000	60.860000	1483.725038	4.008063	155.051932	155.051932	155.051932	4.015865	0.258446
-149.525604	18.159600	165.810000	60.860000	1471.250307	4.008063	154.885432	154.885432	154.885432	4.014767	0.251354
-149.525604	18.659600	165.810000	60.860000	1458.677870	4.008375	154.715751	154.715751	154.715751	4.013572	0.244642
-149.525604	19.159600	165.810000	60.860000	1446.236626	4.008375	154.542800	154.542800	154.542800	4.012812	0.238425
-149.525604	19.659600	165.810000	60.860000	1433.812352	4.008375	154.266492	154.266492	154.266492	4.010042	0.132576
-149.525604	20.159600	165.810000	60.860000	1421.161794	4.009062	154.286733	154.286733	154.286733	4.011925	0.327085
-149.525604	20.659600	165.810000	60.860000	1408.775090	4.009062	154.003429	154.003429	154.003429	4.009265	0.222077
-149.525604	21.159600	165.810000	60.860000	1396.298052	4.009375	153.916481	153.916481	153.916481	4.010734	0.317414
-149.525604	21.659600	165.810000	60.860000	1383.712605	4.010063	153.825791	153.825791	153.825791	4.013176	0.413090
-149.525604	22.159600	165.810000	60.860000	1371.386161	4.010063	153.531253	153.531253	153.531253	4.012218	0.309236
-149.525604	22.659600	165.810000	60.860000	1358.974019	4.010375	153.432761	153.432761	153.432761	4.015842	0.405708
-149.525604	23.159600	165.810000	60.860000	1346.458732	4.011063	153.330205	153.330205	153.330205	4.019696	0.502496
-149.525604	23.659600	165.810000	60.860000	1334.197811	4.011063	153.023472	153.023472	153.023472	4.020175	0.399746
-149.525604	24.159600	165.810000	60.860000	1321.958983	4.011063	152.812445	152.812445	152.812445	4.021441	0.397298
-149.525604	24.659600	165.810000	60.860000	1309.640886	4.011375	152.597003	152.597003	152.597003	4.023062	0.395148
-149.525604	25.159600	165.810000	60.860000	1297.449240	4.011375	152.377022	152.377022	152.377022	4.024136	0.393451
-149.525604	25.659600	165.810000	60.860000	1285.061543	4.012062	152.252374	152.252374	152.252374	4.024960	0.492035
-149.525604	26.159600	165.810000	60.860000	1272.921111	4.012062	152.022927	152.022927	152.022927	4.025668	0.490897
-149.525604	26.659600	165.810000	60.860000	1260.806395	4.012062	151.688545	151.688545	151.688545	4.028505	0.390204
-149.025604	14.659600	165.810000	60.860000	1564.726413	4.007375	155.759290	155.759290	155.759290	4.020934	0.247916
-149.025604	15.159600	165.810000	60.860000	1552.179070	4.007375	155.609173	155.609173	155.609173	4.020248	0.236991
-149.025604	15.659600	165.810000	60.860000	1539.645339	4.007375	155.356361	155.356361	155.356361	4.016997	0.126499
-149.025604	16.159600	165.810000	60.860000	1527.125603	4.007375	155.200781	155.200781	155.200781	4.015602	0.116536
-149.025604	16.659600	165.810000	60.860000	1514.360458	4.008063	155.242358	155.242358	155.242358	4.019856	0.306991
-149.025604	17.159600	165.810000	60.860000	1501.872055	4.008063	155.081014	155.081014	155.081014	4.018831	0.297854
-149.025604	17.659600	165.810000	60.860000	1489.282754	4.008375	155.016671	155.016671	155.016671	4.019056	0.389232
-149.025604	18.159600	165.810000	60.860000	1476.826197	4.008375	154.749247	154.749247	154.749247	4.015846	0.281005
-149.025604	18.659600	165.810000	60.860000	1464.385745	4.008375	154.478659	154.478659	154.478659	4.013100	0.173165
-149.025604	19.159600	165.810000	60.860000	1451.712872	4.009062	154.504819	154.504819	154.504819	4.015772	0.365824
-149.025604	19.659600	165.810000	60.860000	1439.308166	4.009062	154.327641	154.327641	154.327641	4.014841	0.358857
-149.025604	20.159600	165.810000	60.860000	1426.809784	4.009375	154.147031	154.147031	154.147031	4.013334	0.352255
-149.025604	20.659600	165.810000	60.860000	1414.199148	4.010063	154.162897	154.162897	154.162897	4.016608	0.546140
-149.025604	21.159600	165.810000	60.860000	1401.851710	4.010063	153.875141	153.875141	153.875141	4.013519	0.440377
-149.025604	21.659600	165.810000	60.860000	1389.415127	4.010375	153.783664	153.783664	153.783664	4.016270	0.534957
-149.025604	22.159600	165.810000	60.860000	1376.871445	4.011063	153.688364	153.688364	153.688364	4.020098	0.630012
-149.025604	22.659600	165.810000	60.860000	1364.586190	4.011063	153.389135	153.389135	153.389135	4.019012	0.525398
-149.025604	23.159600	165.810000	60.860000	1352.321826	4.011063	153.085868	153.085868	153.085868	4.018781	0.421107
-149.025604	23.659600	165.810000	60.860000	1339.974583	4.011375	152.978452	152.978452	152.978452	4.023472	0.517279
-149.025604	24.159600	165.810000	60.860000	1327.527342	4.012062	152.866769	152.866769	152.866769	4.026443	0.613763
-149.025604	24.659600	165.810000	60.860000	1315.332555	4.012062	152.550703	152.550703	152.650703	4.025538	0.510549
-149.025604	25.159600	165.810000	60.860000	1303.161306	4.012062	152.330129	152.330129	152.330129	4.026038	0.507788
-149.025604	25.659600	165.810000	60.860000	1291.014320	4.012062	152.004922	152.004922	152.004922	4.026694	0.405318
-149.025604	26.159600	165.810000	60.860000	1278.892348	4.012062	151.774950	151.774950	151.774950	4.028224	0.403130
-149.025604	26.659600	165.810000	60.860000	1266.697500	4.012375	151.540081	151.540081	151.540081	4.030433	0.401387
-162.025604	19.986300	165.810000	60.860000	1292.777100	4.014375	158.766202	158.766202	158.766202	4.012213	-0.364556
-161.367599	17.746901	165.810000	60.860000	1356.639161	4.014375	158.646481	158.646481	158.646481	4.027805	-0.885231
-161.314896	21.956301	165.810000	60.860000	1248.950771	4.014375	158.105105	158.105105	158.105105	3.996625	0.015385
-161.095001	23.997200	165.810000	60.860000	1198.458887	4.016375	157.022630	157.022630	157.022630	3.996234	-0.161572
-160.047501	19.823400	165.810000	60.860000	1316.111631	4.013375	157.781782	157.781782	157.781782	4.000510	-0.467463
-159.664993	22.122999	165.810000	60.860000	1260.664927	4.015062	156.926224	156.926224	156.926224	3.989049	-0.320598
-159.401001	21.971001	165.810000	60.860000	1267.382143	4.014375	156.893041	156.893041	156.893041	3.988351	-0.289874
-158.982498	15.574000	165.810000	60.860000	1435.843651	4.012375	157.969296	157.969296	157.969296	4.017234	-1.113844
-158.933105	24.573799	165.810000	60.860000	1205.702234	4.016375	155.358312	155.358312	155.358312	3.997795	-0.561657
-158.903000	21.298401	165.810000	60.860000	1289.568716	4.014062	156.862847	156.862847	156.862847	3.987041	-0.344206
-158.760193	18.564699	165.810000	60.860000	1361.356190	4.012062	157.397632	157.397632	157.397632	3.997680	-0.686957
-158.185394	22.620199	165.810000	60.860000	1263.278411	4.014375	155.890706	155.890706	155.890706	3.986953	-0.494185
-158.179504	20.377800	165.810000	60.860000	1320.810909	4.012375	156.798695	156.798695	156.798695	3.984148	-0.417887
-157.931000	21.646000	165.810000	60.860000	1290.844525	4.013375	156.129520	156.129520	156.129520	3.983384	-0.516878
-157.859100	14.659600	165.810000	60.860000	1470.577113	4.011375	157.806657	157.806657	157.806657	4.012807	-1.043886
-157.700806	16.348400	165.810000	60.860000	1429.143167	4.010375	157.448083	157.448083	157.448083	4.005108	-0.858953
-157.627594	20.346100	165.810000	60.860000	1327.223953	4.012375	156.471791	156.471791	156.471791	3.981722	-0.515662
-157.270004	21.108999	165.810000	60.860000	1311.340780	4.013063	155.948402	155.948402	156.048402	3.980426	-0.610531
-157.227295	18.984800	165.810000	60.860000	1366.228734	4.011375	156.613888	156.613888	156.613888	3.986057	-0.668397
-156.964600	24.312099	165.810000	60.860000	1233.626217	4.014062	154.267377	154.267377	154.267377	3.996176	-0.891943
-156.932007	19.832701	165.810000	60.860000	1347.714241	4.011375	156.336006	156.236006	156.336006	3.981213	-0.533714
-156.808197	18.404200	165.810000	60.860000	1385.613693	4.010375	156.627490	156.627490	156.627490	3.987863	-0.668411
-156.755997	21.136000	165.810000	60.860000	1316.219910	4.012375	155.736807	155.736807	155.736807	3.979422	-0.593543
-156.658005	20.891001	165.810000	60.860000	1323.533631	4.012062	155.756390	155.756390	155.756390	3.979327	-0.622294
-156.510101	19.477699	165.810000	60.860000	1361.175135	4.011063	156.136368	156.136368	156.136368	3.981175	-0.678146
-156.465103	18.775000	165.810000	60.860000	1379.704960	4.010375	156.347409	156.347409	156.347409	3.984756	-0.684118
-156.387695	17.614901	165.810000	60.860000	1410.348204	4.009375	156.643358	156.643358	156.643358	3.992890	-0.728980
-156.206604	16.162001	165.810000	60.860000	1449.234578	4.009375	156.946945	156.946945	156.946945	4.000249	-0.790963
-156.167007	18.301001	165.810000	60.860000	1394.923945	4.010063	156.349043	156.349043	156.349043	3.986907	-0.714090
-155.996994	20.771000	165.810000	60.860000	1333.718671	4.011375	155.459728	155.459728	155.459728	3.978691	-0.687350
-155.772995	19.079000	165.810000	60.860000	1379.279097	4.010063	156.002309	156.002309	156.002309	3.982460	-0.643210
-155.765305	26.776699	165.810000	60.860000	1186.271735	4.011063	152.308272	152.308272	152.308272	4.016014	-1.226679
-155.714996	18.000299	165.810000	60.860000	1407.474903	4.009375	156.288960	156.288960	156.288960	3.989016	-0.686155
-155.710999	20.046000	165.810000	60.860000	1355.365542	4.010375	155.622584	155.622584	155.622584	3.979691	-0.665848
-155.679398	21.205500	165.810000	60.860000	1326.129800	4.011375	155.157237	155.157237	155.157237	3.979313	-0.700304
-155.636200	22.299900	165.810000	60.860000	1298.867161	4.012062	154.693862	154.693862	154.693862	3.982812	-0.730193
-154.994400	21.507000	165.810000	60.860000	1326.207222	4.010375	154.705423	154.705423	154.805423	3.981032	-0.762663
-154.983002	19.601000	165.810000	60.860000	1374.636955	4.009375	155.532028	155.532028	155.532028	3.981351	-0.617648
-154.797394	18.803101	165.810000	60.860000	1396.863071	4.009062	155.742201	155.742201	155.742201	3.985669	-0.603723
-154.691299	17.180099	165.810000	60.860000	1439.317785	4.008375	156.151543	156.151543	156.151543	3.995062	-0.672236
-154.617798	20.088900	165.810000	60.860000	1366.234905	4.009375	155.157508	155.157508	155.157508	3.981349	-0.677360
-154.495895	18.401699	165.810000	60.860000	1410.444755	4.008375	155.711852	155.711852	155.711852	3.988693	-0.647520
-154.482803	21.001900	165.810000	60.860000	1344.506168	4.010063	154.804817	154.804817	154.804817	3.981470	-0.648177
-154.393997	19.262501	165.810000	60.860000	1389.557744	4.009062	155.447110	155.447110	155.447110	3.984927	-0.585818
-154.251801	21.168699	165.810000	60.860000	1343.055212	4.009375	154.650182	154.650182	154.650182	3.982992	-0.650721
-154.030502	17.988400	165.810000	60.860000	1425.948971	4.008063	155.704829	155.704829	155.704829	3.992760	-0.607199
-153.992294	18.797600	165.810000	60.860000	1405.819915	4.008375	155.441839	155.441839	155.441839	3.988515	-0.591194
-153.982697	21.519699	165.810000	60.860000	1337.195454	4.009375	154.448326	154.448326	154.448326	3.984924	-0.616814
-153.967499	14.731300	165.810000	60.860000	1509.469803	4.007375	156.644268	156.644268	156.644268	4.004360	-0.613987
-153.902405	19.979099	165.810000	60.860000	1377.044283	4.008375	155.010752	155.010752	155.010752	3.984927	-0.583803
-153.868195	17.315399	165.810000	60.860000	1444.940383	4.007375	155.867634	155.867634	155.867634	3.996640	-0.594428
-153.700806	17.297501	165.810000	60.860000	1447.175015	4.007375	155.891145	155.891145	155.891145	3.997152	-0.512358
-153.503204	19.495199	165.810000	60.860000	1393.641873	4.008063	155.124823	155.124823	155.124823	3.988959	-0.484861
-153.295898	18.800900	165.810000	60.860000	1413.594364	4.007375	155.263787	155.263787	155.263787	3.992495	-0.502153
-153.292099	20.892599	165.810000	60.860000	1360.560526	4.009062	154.522986	154.522986	154.522986	3.988117	-0.510887
-153.290604	17.906200	165.810000	60.860000	1436.195504	4.007375	155.625416	155.625416	155.625416	3.995908	-0.430435
-152.981201	18.301800	165.810000	60.860000	1429.570186	4.007375	155.377326	155.377326	155.377326	3.996007	-0.434580
-152.765793	25.592800	165.810000	60.860000	1249.751631	4.009375	152.511915	152.511915	152.511915	4.014857	-0.403696
-152.132401	18.481400	165.810000	60.860000	1434.324085	4.007375	155.246823	155.246823	155.246823	4.001940	-0.193019
-151.686600	14.689100	165.810000	60.860000	1535.125070	4.006375	156.284857	156.284857	156.284857	4.011048	-0.137748
-151.637604	16.737801	165.810000	60.860000	1483.952869	4.006375	155.611876	155.611876	155.611876	4.009230	-0.199474
-150.914993	18.914200	165.810000	60.860000	1436.997019	4.007375	154.782693	154.782693	154.782693	4.006030	-0.078972
-149.000900	16.989000	165.810000	60.860000	1506.411511	4.008063	155.144188	155.144188	155.144188	4.019157	0.316853
