-162.025604	14.659600	-179.120000	51.040000	1068.392736	4.041000	161.274001	161.274001	161.274001	4.039953	-1.609555
-162.025604	15.159600	-179.120000	51.040000	1055.320938	4.041000	161.037216	161.037216	161.037216	4.038395	-1.661478
-162.025604	15.659600	-179.120000	51.040000	1042.261974	4.041000	160.795405	160.795405	160.795405	4.034068	-1.713212
-162.025604	16.159600	-179.120000	51.040000	1029.471109	4.040000	160.948376	160.948376	160.948376	4.031032	-1.364791
-162.025604	16.659600	-179.120000	51.040000	1016.436137	4.040000	160.795929	160.795929	160.795929	4.028520	-1.316273
-162.025604	17.159600	-179.120000	51.040000	1003.415604	4.040000	160.637855	160.637855	160.637855	4.026780	-1.267574
-162.025604	17.659600	-179.120000	51.040000	990.655314	4.039000	160.773933	160.773933	160.773933	4.028277	-0.918720
-162.025604	18.159600	-179.120000	51.040000	977.662251	4.039000	160.703932	160.703932	160.703932	4.024382	-0.769783
-162.025604	18.659600	-179.120000	51.040000	964.685502	4.039000	160.627610	160.527610	160.627610	4.020830	-0.620674
-162.025604	19.159600	-179.120000	51.040000	951.725762	4.039000	160.544712	160.544712	160.544712	4.016960	-0.471409
-162.025604	19.659600	-179.120000	51.040000	938.551388	4.040000	160.254969	160.254969	160.254969	4.011179	-0.522075
-162.025604	20.159600	-179.120000	51.040000	925.631098	4.040000	160.258101	160.258101	160.258101	4.009169	-0.272580
-162.025604	20.659600	-179.120000	51.040000	912.730129	4.040000	160.253810	160.153810	160.253810	4.007491	-0.022923
-162.025604	21.159600	-179.120000	51.040000	899.626666	4.041000	159.941784	159.941784	159.941784	3.999854	-0.073215
-162.025604	21.659600	-179.120000	51.040000	886.770161	4.041000	159.921694	159.921694	159.921694	4.001135	0.176644
-162.025604	22.159600	-179.120000	51.040000	873.719498	4.042000	159.693195	159.693195	159.693195	3.999707	0.226672
-162.025604	22.659600	-179.120000	51.040000	860.698358	4.043000	159.455919	159.455919	159.455919	3.999598	0.276734
-162.025604	23.159600	-179.120000	51.040000	847.707799	4.044000	159.109483	159.109483	159.109483	3.998835	0.226935
-162.025604	23.659600	-179.120000	51.040000	834.748946	4.045000	158.853479	158.853479	158.853479	4.000074	0.277316
-162.025604	24.159600	-179.120000	51.040000	821.619922	4.047000	158.387476	158.387476	158.387476	3.997980	0.127712
-162.025604	24.659600	-179.120000	51.040000	808.731367	4.048000	158.011022	158.011022	158.011022	3.998090	0.078231
-162.025604	25.159600	-179.120000	51.040000	795.878311	4.049000	157.723635	157.723635	157.723635	4.001584	0.128947
-162.025604	25.659600	-179.120000	51.040000	783.062186	4.050000	157.324808	157.324808	157.424808	4.002769	0.079657
-162.025604	26.159600	-179.120000	51.040000	770.284512	4.051000	157.014004	157.014004	157.014004	4.006316	0.130472
-162.025604	26.659600	-179.120000	51.040000	757.546909	4.052000	156.590653	156.590653	156.590653	4.007622	0.081507
-161.525604	14.659600	-179.120000	51.040000	1072.649175	4.040000	160.739869	160.739869	160.739869	4.039384	-1.699509
-161.525604	15.159600	-179.120000	51.040000	1059.606356	4.040000	160.597903	160.597903	160.597903	4.035020	-1.652895
-161.525604	15.659600	-179.120000	51.040000	1046.836100	4.039000	160.650841	160.650841	160.650841	4.030408	-1.406173
-161.525604	16.159600	-179.120000	51.040000	1033.817477	4.039000	160.498489	160.498489	160.498489	4.028282	-1.359287
-161.525604	16.659600	-179.120000	51.040000	1020.813385	4.039000	160.340647	160.340647	160.340647	4.025463	-1.312214
-161.525604	17.159600	-179.120000	51.040000	1007.824408	4.039000	160.177103	160.177103	160.277103	4.021972	-1.265047
-161.525604	17.659600	-179.120000	51.040000	995.097532	4.038000	160.407637	160.307637	160.407637	4.026201	-0.817717
-161.525604	18.159600	-179.120000	51.040000	982.137453	4.038000	160.232016	160.232016	160.232016	4.020202	-0.770208
-161.525604	18.659600	-179.120000	51.040000	969.194435	4.038000	160.149997	160.149997	160.249997	4.016845	-0.622621
-161.525604	19.159600	-179.120000	51.040000	956.032441	4.039000	159.961324	159.961324	159.961324	4.011502	-0.574869
-161.525604	19.659600	-179.120000	51.040000	943.128940	4.039000	159.965729	159.865729	159.965729	4.009424	-0.326947
-161.525604	20.159600	-179.120000	51.040000	930.244775	4.039000	159.862929	159.862929	159.862929	4.006284	-0.178963
-161.525604	20.659600	-179.120000	51.040000	917.153715	4.040000	159.652627	159.652627	159.652627	4.001613	-0.130809
-161.525604	21.159600	-179.120000	51.040000	904.090197	4.041000	159.434510	159.434510	159.434510	3.997592	-0.082497
-161.525604	21.659600	-179.120000	51.040000	891.275646	4.041000	159.408250	159.408250	159.408250	3.998820	0.165860
-161.525604	22.159600	-179.120000	51.040000	878.266758	4.042000	159.173501	159.173501	159.173501	3.997992	0.214395
-161.525604	22.659600	-179.120000	51.040000	865.288351	4.043000	158.929897	158.929897	158.929897	3.998283	0.263077
-161.525604	23.159600	-179.120000	51.040000	852.341520	4.044000	158.577054	158.577054	158.677054	3.997035	0.211783
-161.525604	23.659600	-179.120000	51.040000	839.219952	4.046000	158.114566	158.114566	158.114566	3.995784	0.060680
-161.525604	24.159600	-179.120000	51.040000	826.343054	4.047000	157.842004	157.842004	157.842004	3.997730	0.109711
-161.525604	24.659600	-179.120000	51.040000	813.501416	4.048000	157.558916	157.558916	157.558916	4.000063	0.158744
-161.525604	25.159600	-179.120000	51.040000	800.696421	4.049000	157.164826	157.164826	157.164826	4.001795	0.107984
-161.525604	25.659600	-179.120000	51.040000	787.929542	4.050000	156.859228	156.859228	156.859228	4.004440	0.157343
-161.525604	26.159600	-179.120000	51.040000	775.202343	4.051000	156.441588	156.441588	156.441588	4.006807	0.106679
-161.525604	26.659600	-179.120000	51.040000	762.516489	4.052000	156.011343	156.011343	156.011343	4.008481	0.056247
-161.025604	14.659600	-179.120000	51.040000	1077.006149	4.039000	160.309824	160.309824	160.309824	4.037410	-1.689615
-161.025604	15.159600	-179.120000	51.040000	1064.256281	4.038000	160.362800	160.362800	160.362800	4.029968	-1.444545
-161.025604	15.659600	-179.120000	51.040000	1051.253756	4.038000	160.210613	160.210613	160.210613	4.027789	-1.399363
-161.025604	16.159600	-179.120000	51.040000	1038.265838	4.038000	160.053071	160.053071	160.053071	4.024968	-1.353926
-161.025604	16.659600	-179.120000	51.040000	1025.293104	4.038000	159.889971	159.889971	159.989971	4.021746	-1.308384
-161.025604	17.159600	-179.120000	51.040000	1012.586923	4.037000	160.021102	160.021102	160.021102	4.021820	-0.962746
-161.025604	17.659600	-179.120000	51.040000	999.643197	4.037000	159.946241	159.846241	159.946241	4.021735	-0.816847
-161.025604	18.159600	-179.120000	51.040000	986.716572	4.037000	159.865155	159.765155	159.865155	4.017920	-0.670858
-161.025604	18.659600	-179.120000	51.040000	973.566594	4.038000	159.577601	159.577601	159.577601	4.011357	-0.724789
-161.025604	19.159600	-179.120000	51.040000	960.679520	4.038000	159.583322	159.583322	159.583322	4.008239	-0.478451
-161.025604	19.659600	-179.120000	51.040000	947.811777	4.038000	159.582050	159.582050	159.582050	4.007208	-0.232038
-161.025604	20.159600	-179.120000	51.040000	934.732709	4.039000	159.373501	159.373501	159.373501	4.002725	-0.185562
-161.025604	20.659600	-179.120000	51.040000	921.681137	4.040000	159.157379	159.157379	159.157379	3.998276	-0.138806
-161.025604	21.159600	-179.120000	51.040000	908.882877	4.040000	159.133371	159.133371	159.133371	3.997602	0.108008
-161.025604	21.659600	-179.120000	51.040000	895.885780	4.041000	158.901149	158.901149	158.901149	3.995953	0.154866
-161.025604	22.159600	-179.120000	51.040000	882.919048	4.042000	158.660367	158.660367	158.660367	3.995701	0.202019
-161.025604	22.659600	-179.120000	51.040000	869.983745	4.043000	158.410661	158.410661	158.410661	3.996838	0.249212
-161.025604	23.159600	-179.120000	51.040000	856.869114	4.045000	157.951648	157.951648	157.951648	3.994810	0.096429
-161.025604	23.659600	-179.120000	51.040000	844.003352	4.046000	157.682923	157.682923	157.682923	3.996725	0.143960
-161.025604	24.159600	-179.120000	51.040000	831.172597	4.047000	157.304060	157.304060	157.304060	3.997762	0.091510
-161.025604	24.659600	-179.120000	51.040000	818.378189	4.048000	157.014611	157.014611	157.014611	3.999984	0.139063
-161.025604	25.159600	-179.120000	51.040000	805.621551	4.049000	156.614100	156.614100	156.614100	4.002163	0.086951
-161.025604	25.659600	-179.120000	51.040000	792.904195	4.050000	156.202026	156.202026	156.302026	4.003936	0.034837
-161.025604	26.159600	-179.120000	51.040000	780.227724	4.051000	155.877861	155.877861	155.877861	4.007335	0.082703
-161.025604	26.659600	-179.120000	51.040000	767.593845	4.052000	155.441045	155.441045	155.441045	4.008847	0.030932
-160.525604	14.659600	-179.120000	51.040000	1081.730395	4.037000	160.083914	160.083914	160.083914	4.030151	-1.480131
-160.525604	15.159600	-179.120000	51.040000	1068.743723	4.037000	159.931955	159.931955	159.931955	4.027911	-1.436605
-160.525604	15.659600	-179.120000	51.040000	1055.771720	4.037000	159.774772	159.774772	159.774772	4.024676	-1.392888
-160.525604	16.159600	-179.120000	51.040000	1043.073332	4.036000	159.912172	159.812172	159.912172	4.019884	-1.048986
-160.525604	16.659600	-179.120000	51.040000	1030.129193	4.036000	159.743953	159.743953	159.743953	4.019069	-1.004977
-160.525604	17.159600	-179.120000	51.040000	1017.201518	4.036000	159.569901	159.569901	159.569901	4.017847	-0.960787
-160.525604	17.659600	-179.120000	51.040000	1004.290967	4.036000	159.489793	159.489793	159.489793	4.016517	-0.816411
-160.525604	18.159600	-179.120000	51.040000	991.152654	4.037000	159.303398	159.303398	159.303398	4.011342	-0.771944
-160.525604	18.659600	-179.120000	51.040000	978.281657	4.037000	159.210470	159.210470	159.210470	4.007031	-0.627306
-160.525604	19.159600	-179.120000	51.040000	965.429970	4.037000	159.210754	159.210754	159.210754	4.004598	-0.382480
-160.525604	19.659600	-179.120000	51.040000	952.362498	4.038000	159.003979	159.003979	159.003979	4.000614	-0.337578
-160.525604	20.159600	-179.120000	51.040000	939.322461	4.039000	158.889863	158.789863	158.889863	3.997725	-0.192519
-160.525604	20.659600	-179.120000	51.040000	926.540082	4.039000	158.768111	158.768111	158.768111	3.995656	-0.047265
-160.525604	21.159600	-179.120000	51.040000	913.554335	4.040000	158.538410	158.538410	158.538410	3.992852	-0.001952
-160.525604	21.659600	-179.120000	51.040000	900.598822	4.041000	158.300432	158.300432	158.300432	3.991703	0.043505
-160.525604	22.159600	-179.120000	51.040000	887.674579	4.042000	158.153832	158.053832	158.153832	3.993080	0.189166
-160.525604	22.659600	-179.120000	51.040000	874.782703	4.043000	157.898249	157.898249	157.898249	3.994203	0.234867
-160.525604	23.159600	-179.120000	51.040000	861.711269	4.045000	157.433300	157.433300	157.433300	3.993659	0.080697
-160.525604	23.659600	-179.120000	51.040000	848.890892	4.046000	157.158584	157.158584	157.158584	3.996280	0.126744
-160.525604	24.159600	-179.120000	51.040000	836.106557	4.047000	156.773677	156.773677	156.773677	3.997538	0.072811
-160.525604	24.659600	-179.120000	51.040000	823.359639	4.048000	156.478132	156.478132	156.478132	4.000262	0.118990
-160.525604	25.159600	-179.120000	51.040000	810.651597	4.049000	156.071479	156.071479	156.071479	4.002775	0.065403
-160.525604	25.659600	-179.120000	51.040000	797.983979	4.050000	155.653222	155.653222	155.653222	4.005557	0.011815
-160.525604	26.159600	-179.120000	51.040000	785.358429	4.051000	155.222836	155.222836	155.222836	4.008221	-0.041681
-160.525604	26.659600	-179.120000	51.040000	772.776691	4.052000	154.879770	154.879770	154.879770	4.009764	0.005081
-160.025604	14.659600	-179.120000	51.040000	1086.286173	4.036000	159.762186	159.762186	159.762186	4.026568	-1.370892
-160.025604	15.159600	-179.120000	51.040000	1073.329834	4.036000	159.605414	159.605414	159.605414	4.025003	-1.328834
-160.025604	15.659600	-179.120000	51.040000	1060.651569	4.035000	159.643363	159.643363	159.643363	4.018336	-1.086658
-160.025604	16.159600	-179.120000	51.040000	1047.723166	4.035000	159.475838	159.475838	159.475838	4.017184	-1.044288
-160.025604	16.659600	-179.120000	51.040000	1034.811248	4.035000	159.302636	159.302636	159.302636	4.015282	-1.001730
-160.025604	17.159600	-179.120000	51.040000	1021.916462	4.035000	159.123544	159.123544	159.123544	4.013889	-0.959069
-160.025604	17.659600	-179.120000	51.040000	1008.789479	4.036000	158.938340	158.938340	158.938340	4.011876	-0.916213
-160.025604	18.159600	-179.120000	51.040000	995.934221	4.036000	158.946790	158.946790	158.946790	4.007264	-0.673180
-160.025604	18.659600	-179.120000	51.040000	983.098241	4.036000	158.848649	158.848649	158.848649	4.003245	-0.530060
-160.025604	19.159600	-179.120000	51.040000	970.041984	4.037000	158.743661	158.743661	158.743661	3.999746	-0.386743
-160.025604	19.659600	-179.120000	51.040000	957.250150	4.037000	158.631558	158.631558	158.631558	3.997104	-0.243259
-160.025604	20.159600	-179.120000	51.040000	944.246197	4.038000	158.412057	158.412057	158.512057	3.993388	-0.199706
-160.025604	20.659600	-179.120000	51.040000	931.271379	4.039000	158.284863	158.284863	158.284863	3.991742	-0.055951
-160.025604	21.159600	-179.120000	51.040000	918.326653	4.040000	158.049664	158.049664	158.049664	3.989893	-0.012041
-160.025604	21.659600	-179.120000	51.040000	905.413024	4.041000	157.806135	157.806135	157.806135	3.989281	0.031919
-160.025604	22.159600	-179.120000	51.040000	892.531560	4.042000	157.553931	157.553931	157.553931	3.989613	0.076092
-160.025604	22.659600	-179.120000	51.040000	879.465857	4.044000	157.292693	157.292693	157.292693	3.990789	0.120404
-160.025604	23.159600	-179.120000	51.040000	866.655383	4.045000	156.922041	156.922041	156.922041	3.992887	0.064747
-160.025604	23.659600	-179.120000	51.040000	853.880635	4.046000	156.641575	156.641575	156.641575	3.995823	0.109315
-160.025604	24.159600	-179.120000	51.040000	841.142945	4.047000	156.250874	156.250874	156.250874	3.997234	0.054007
-160.025604	24.659600	-179.120000	51.040000	828.443722	4.048000	155.949498	155.949498	155.949498	4.000122	0.098708
-160.025604	25.159600	-179.120000	51.040000	815.784460	4.049000	155.536978	155.536978	155.536978	4.002971	0.043652
-160.025604	25.659600	-179.120000	51.040000	803.166741	4.050000	155.112824	155.112824	155.112824	4.006828	-0.011298
-160.025604	26.159600	-179.120000	51.040000	790.592244	4.051000	154.776518	154.776518	154.776518	4.008518	0.033736
-160.025604	26.659600	-179.120000	51.040000	778.062752	4.052000	154.327512	154.327512	154.327512	4.010270	-0.020963
-159.525604	14.659600	-179.120000	51.040000	1090.939030	4.035000	159.344681	159.344681	159.344681	4.025500	-1.361833
-159.525604	15.159600	-179.120000	51.040000	1078.013413	4.035000	159.183220	159.183220	159.183220	4.022726	-1.321316
-159.525604	15.659600	-179.120000	51.040000	1065.367710	4.034000	159.216427	159.216427	159.216427	4.015658	-1.080678
-159.525604	16.159600	-179.120000	51.040000	1052.471266	4.034000	159.044110	159.044110	159.044110	4.014326	-1.039762
-159.525604	16.659600	-179.120000	51.040000	1039.591949	4.034000	158.866063	158.866063	158.866063	4.012170	-0.998732
-159.525604	17.159600	-179.120000	51.040000	1026.730428	4.034000	158.782074	158.682074	158.782074	4.010001	-0.857596
-159.525604	17.659600	-179.120000	51.040000	1013.636131	4.035000	158.591920	158.591920	158.591920	4.006700	-0.816179
-159.525604	18.159600	-179.120000	51.040000	1000.815521	4.035000	158.495368	158.495368	158.595368	4.001540	-0.674661
-159.525604	18.659600	-179.120000	51.040000	987.770116	4.036000	158.392174	158.392174	158.392174	3.997758	-0.533055
-159.525604	19.159600	-179.120000	51.040000	974.993501	4.036000	158.282081	158.282081	158.282081	3.994438	-0.391159
-159.525604	19.659600	-179.120000	51.040000	962.000207	4.037000	158.164823	158.164823	158.164823	3.991840	-0.249181
-159.525604	20.159600	-179.120000	51.040000	949.035918	4.038000	157.940116	157.940116	157.940116	3.989087	-0.207131
-159.525604	20.659600	-179.120000	51.040000	936.101564	4.039000	157.807667	157.807667	157.807667	3.987199	-0.064781
-159.525604	21.159600	-179.120000	51.040000	923.198127	4.040000	157.567166	157.567166	157.567166	3.986594	-0.022365
-159.525604	21.659600	-179.120000	51.040000	910.326641	4.041000	157.318288	157.318288	157.318288	3.987026	0.020103
-159.525604	22.159600	-179.120000	51.040000	897.488199	4.042000	157.060691	157.060691	157.060691	3.987436	0.062885
-159.525604	22.659600	-179.120000	51.040000	884.465190	4.044000	156.794017	156.794017	156.794017	3.988977	0.105713
-159.525604	23.159600	-179.120000	51.040000	871.699572	4.045000	156.517890	156.517890	156.517890	3.992025	0.148574
-159.525604	23.659600	-179.120000	51.040000	858.970647	4.046000	156.131912	156.131912	156.131912	3.995528	0.091765
-159.525604	24.159600	-179.120000	51.040000	846.279777	4.047000	155.735668	155.735668	155.835668	3.997590	0.034983
-159.525604	24.659600	-179.120000	51.040000	833.628403	4.048000	155.428718	155.428718	155.428718	4.000134	0.078211
-159.525604	25.159600	-179.120000	51.040000	821.018050	4.049000	155.010602	155.010602	155.010602	4.002929	0.021792
-159.525604	25.659600	-179.120000	51.040000	808.450334	4.050000	154.580832	154.580832	154.580832	4.007735	-0.034623
-159.525604	26.159600	-179.120000	51.040000	795.926968	4.051000	154.238898	154.238898	154.238898	4.008522	0.008947
-159.525604	26.659600	-179.120000	51.040000	783.643165	4.051000	153.684260	153.684260	153.684260	4.013489	-0.147103
-159.025604	14.659600	-179.120000	51.040000	1095.687783	4.034000	158.931437	158.931437	158.931437	4.023828	-1.353203
-159.025604	15.159600	-179.120000	51.040000	1083.061736	4.033000	158.965409	158.965409	158.965409	4.014815	-1.114228
-159.025604	15.659600	-179.120000	51.040000	1070.180494	4.033000	158.794002	158.794002	158.794002	4.012556	-1.075060
-159.025604	16.159600	-179.120000	51.040000	1057.316362	4.033000	158.617023	158.617023	158.617023	4.009913	-1.035676
-159.025604	16.659600	-179.120000	51.040000	1044.469996	4.033000	158.534268	158.534268	158.534268	4.007312	-0.896176
-159.025604	17.159600	-179.120000	51.040000	1031.386346	4.034000	158.345524	158.345524	158.345524	4.005093	-0.856493
-159.025604	17.659600	-179.120000	51.040000	1018.580784	4.034000	158.250568	158.250568	158.250568	4.000486	-0.716595
-159.025604	18.159600	-179.120000	51.040000	1005.795151	4.034000	158.149167	158.149167	158.149167	3.996403	-0.576596
-159.025604	18.659600	-179.120000	51.040000	992.784142	4.035000	158.041079	158.041079	158.041079	3.991915	-0.436427
-159.025604	19.159600	-179.120000	51.040000	979.801136	4.036000	157.926046	157.926046	157.926046	3.988786	-0.296040
-159.025604	19.659600	-179.120000	51.040000	966.846993	4.037000	157.703803	157.703803	157.703803	3.986717	-0.255567
-159.025604	20.159600	-179.120000	51.040000	953.922620	4.038000	157.574069	157.574069	157.574069	3.984718	-0.114940
-159.025604	20.659600	-179.120000	51.040000	941.028972	4.039000	157.336550	157.336550	157.336550	3.983117	-0.074087
-159.025604	21.159600	-179.120000	51.040000	928.167053	4.040000	157.090939	157.090939	157.090939	3.983216	-0.033167
-159.025604	21.659600	-179.120000	51.040000	915.337925	4.041000	156.936912	156.936912	156.936912	3.983849	0.107892
-159.025604	22.159600	-179.120000	51.040000	902.542705	4.042000	156.674130	156.674130	156.674130	3.985507	0.149187
-159.025604	22.659600	-179.120000	51.040000	889.562550	4.044000	156.302238	156.302238	156.302238	3.987818	0.090529
-159.025604	23.159600	-179.120000	51.040000	876.841954	4.045000	156.020861	156.020861	156.020861	3.990565	0.131995
-159.025604	23.659600	-179.120000	51.040000	864.159000	4.046000	155.629607	155.629607	155.629607	3.994956	0.073709
-159.025604	24.159600	-179.120000	51.040000	851.515076	4.047000	155.328063	155.228063	155.328063	3.998040	0.115451
-159.025604	24.659600	-179.120000	51.040000	838.911654	4.048000	154.915795	154.915795	154.915795	4.000320	0.057296
-159.025604	25.159600	-179.120000	51.040000	826.350289	4.049000	154.492346	154.492346	154.492346	4.003416	-0.000592
-159.025604	25.659600	-179.120000	51.040000	813.832629	4.050000	154.057237	154.057237	154.057237	4.008060	-0.058473
-159.025604	26.159600	-179.120000	51.040000	801.360416	4.051000	153.709963	153.709963	153.709963	4.008007	-0.016274
-159.025604	26.659600	-179.120000	51.040000	789.130250	4.051000	153.249992	153.249992	153.249992	4.010526	-0.073784
-158.525604	14.659600	-179.120000	51.040000	1100.804196	4.032000	158.822488	158.822488	158.822488	4.012387	-1.044840
-158.525604	15.159600	-179.120000	51.040000	1087.937894	4.032000	158.652015	158.652015	158.652015	4.010726	-1.007338
-158.525604	15.659600	-179.120000	51.040000	1075.088674	4.032000	158.476121	158.476121	158.476121	4.007232	-0.969707
-158.525604	16.159600	-179.120000	51.040000	1062.257178	4.032000	158.394612	158.294612	158.394612	4.004333	-0.831854
-158.525604	16.659600	-179.120000	51.040000	1049.183865	4.033000	158.107285	158.107285	158.207285	4.002979	-0.893809
-158.525604	17.159600	-179.120000	51.040000	1036.393044	4.033000	158.013926	158.013926	158.013926	3.999844	-0.755652
-158.525604	17.659600	-179.120000	51.040000	1023.622065	4.033000	157.914314	157.914314	157.914314	3.996181	-0.617271
-158.525604	18.159600	-179.120000	51.040000	1010.621119	4.034000	157.808217	157.808217	157.808217	3.991095	-0.478711
-158.525604	18.659600	-179.120000	51.040000	997.648047	4.035000	157.695391	157.695391	157.695391	3.986994	-0.340056
-158.525604	19.159600	-179.120000	51.040000	984.947728	4.035000	157.575582	157.475582	157.575582	3.984581	-0.201174
-158.525604	19.659600	-179.120000	51.040000	972.029703	4.036000	157.348524	157.348524	157.348524	3.981755	-0.162126
-158.525604	20.159600	-179.120000	51.040000	959.142210	4.037000	157.113939	157.113939	157.213939	3.980727	-0.123001
-158.525604	20.659600	-179.120000	51.040000	946.051940	4.039000	156.971533	156.871533	156.971533	3.979349	0.016358
-158.525604	21.159600	-179.120000	51.040000	933.231729	4.040000	156.721002	156.721002	156.721002	3.979160	0.055867
-158.525604	21.659600	-179.120000	51.040000	920.445132	4.041000	156.462024	156.462024	156.462024	3.980767	0.095435
-158.525604	22.159600	-179.120000	51.040000	907.693293	4.042000	156.194263	156.194263	156.194263	3.983095	0.135247
-158.525604	22.659600	-179.120000	51.040000	894.756108	4.044000	155.817365	155.817365	155.817365	3.986084	0.075193
-158.525604	23.159600	-179.120000	51.040000	882.080657	4.045000	155.530961	155.530961	155.530961	3.989566	0.115177
-158.525604	23.659600	-179.120000	51.040000	869.443773	4.046000	155.134661	155.134661	155.134661	3.994222	0.055419
-158.525604	24.159600	-179.120000	51.040000	856.846875	4.047000	154.728057	154.728057	154.728057	3.998184	-0.004223
-158.525604	24.659600	-179.120000	51.040000	844.291460	4.048000	154.410720	154.410720	154.410720	4.000290	0.036151
-158.525604	25.159600	-179.120000	51.040000	831.779112	4.049000	153.982200	153.982200	153.982200	4.003780	-0.023199
-158.525604	25.659600	-179.120000	51.040000	819.311508	4.050000	153.542022	153.542022	153.642022	4.007481	-0.082454
-158.525604	26.159600	-179.120000	51.040000	807.089650	4.050000	153.089689	153.089689	153.089689	4.011233	-0.141716
-158.525604	26.659600	-179.120000	51.040000	794.713851	4.051000	152.724677	152.724677	152.724677	4.010167	-0.100678
-158.025604	14.659600	-179.120000	51.040000	1105.742465	4.031000	158.517865	158.517865	158.517865	4.009468	-0.936687
-158.025604	15.159600	-179.120000	51.040000	1092.907895	4.031000	158.343069	158.343069	158.343069	4.007024	-0.900723
-158.025604	15.659600	-179.120000	51.040000	1080.090997	4.031000	158.162813	158.162813	158.162813	4.003756	-0.864627
-158.025604	16.159600	-179.120000	51.040000	1067.292431	4.031000	158.076904	158.076904	158.076904	4.000092	-0.728233
-158.025604	16.659600	-179.120000	51.040000	1054.251352	4.032000	157.885140	157.885140	157.885140	3.998125	-0.691714
-158.025604	17.159600	-179.120000	51.040000	1041.494722	4.032000	157.687307	157.687307	157.687307	3.996145	-0.655078
-158.025604	17.659600	-179.120000	51.040000	1028.503513	4.033000	157.583184	157.583184	157.583184	3.992690	-0.518141
-158.025604	18.159600	-179.120000	51.040000	1015.791846	4.033000	157.472540	157.472540	157.472540	3.987023	-0.381094
-158.025604	18.659600	-179.120000	51.040000	1002.853655	4.034000	157.355133	157.355133	157.355133	3.983075	-0.243949
-158.025604	19.159600	-179.120000	51.040000	989.944884	4.035000	157.130710	157.130710	157.130710	3.980525	-0.206494
-158.025604	19.659600	-179.120000	51.040000	977.066437	4.036000	156.999005	156.899005	156.999005	3.978515	-0.068948
-158.025604	20.159600	-179.120000	51.040000	964.219263	4.037000	156.759742	156.759742	156.759742	3.976950	-0.031320
-158.025604	20.659600	-179.120000	51.040000	951.404362	4.038000	156.512631	156.512631	156.512631	3.976349	0.006626
-158.025604	21.159600	-179.120000	51.040000	938.390454	4.040000	156.257368	156.257368	156.257368	3.976691	0.044646
-158.025604	21.659600	-179.120000	51.040000	925.646523	4.041000	155.993634	155.993634	155.993634	3.978515	0.082727
-158.025604	22.159600	-179.120000	51.040000	912.938182	4.042000	155.721095	155.721095	155.721095	3.980790	0.121139
-158.025604	22.659600	-179.120000	51.040000	900.044042	4.044000	155.339403	155.339403	155.339403	3.984638	0.059607
-158.025604	23.159600	-179.120000	51.040000	887.413814	4.045000	155.048189	154.948189	155.048189	3.988868	0.098115
-158.025604	23.659600	-179.120000	51.040000	874.823058	4.046000	154.647070	154.647070	154.647070	3.993607	0.036971
-158.025604	24.159600	-179.120000	51.040000	862.273219	4.047000	154.235642	154.235642	154.235642	3.997306	-0.024139
-158.025604	24.659600	-179.120000	51.040000	849.765819	4.048000	153.813482	153.813482	153.813482	4.001130	-0.085231
-158.025604	25.159600	-179.120000	51.040000	837.302470	4.049000	153.480143	153.480143	153.480143	4.003858	-0.045955
-158.025604	25.659600	-179.120000	51.040000	825.088598	4.049000	153.035160	153.035160	153.035160	4.006604	-0.106667
-158.025604	26.159600	-179.120000	51.040000	812.715448	4.050000	152.578043	152.578043	152.578043	4.010060	-0.167385
-158.025604	26.659600	-179.120000	51.040000	800.589394	4.050000	152.108275	152.108275	152.108275	4.013335	-0.227711
-157.525604	14.659600	-179.120000	51.040000	1110.773071	4.030000	158.217595	158.217595	158.217595	4.006461	-0.828981
-157.525604	15.159600	-179.120000	51.040000	1097.970511	4.030000	158.038595	158.038595	158.038595	4.004573	-0.794557
-157.525604	15.659600	-179.120000	51.040000	1084.916996	4.031000	157.854103	157.854103	157.854103	4.001466	-0.759935
-157.525604	16.159600	-179.120000	51.040000	1072.154791	4.031000	157.663924	157.663924	157.663924	3.998622	-0.725071
-157.525604	16.659600	-179.120000	51.040000	1059.412222	4.031000	157.567856	157.567856	157.567856	3.995482	-0.590077
-157.525604	17.159600	-179.120000	51.040000	1046.430438	4.032000	157.365688	157.365688	157.365688	3.992027	-0.554900
-157.525604	17.659600	-179.120000	51.040000	1033.732559	4.032000	157.257198	157.257198	157.257198	3.989296	-0.419480
-157.525604	18.159600	-179.120000	51.040000	1020.803478	4.033000	157.142157	157.142157	157.142157	3.983975	-0.283947
-157.525604	18.659600	-179.120000	51.040000	1007.903625	4.034000	156.920323	156.920323	156.920323	3.979767	-0.248244
-157.525604	19.159600	-179.120000	51.040000	995.033881	4.035000	156.791445	156.791445	156.791445	3.977475	-0.112294
-157.525604	19.659600	-179.120000	51.040000	982.195167	4.036000	156.555260	156.555260	156.555260	3.975830	-0.076249
-157.525604	20.159600	-179.120000	51.040000	969.388455	4.037000	156.311492	156.311492	156.311492	3.974231	-0.040051
-157.525604	20.659600	-179.120000	51.040000	956.614764	4.038000	156.059854	156.059854	156.059854	3.973700	-0.003598
-157.525604	21.159600	-179.120000	51.040000	943.641535	4.040000	155.800043	155.800043	155.800043	3.974728	0.032931
-157.525604	21.659600	-179.120000	51.040000	930.940365	4.041000	155.531745	155.531745	155.531745	3.976285	0.069598
-157.525604	22.159600	-179.120000	51.040000	918.275599	4.042000	155.254628	155.254628	155.254628	3.979156	0.106528
-157.525604	22.659600	-179.120000	51.040000	905.648487	4.043000	154.868347	154.868347	154.868347	3.983422	0.043516
-157.525604	23.159600	-179.120000	51.040000	892.839570	4.045000	154.472539	154.472539	154.572539	3.988312	-0.019378
-157.525604	23.659600	-179.120000	51.040000	880.294956	4.046000	154.166824	154.066824	154.166824	3.993413	0.018005
-157.525604	24.159600	-179.120000	51.040000	867.792165	4.047000	153.750802	153.750802	153.750802	3.997452	-0.044574
-157.525604	24.659600	-179.120000	51.040000	855.332744	4.048000	153.324057	153.324057	153.324057	4.001354	-0.107056
-157.525604	25.159600	-179.120000	51.040000	843.126559	4.048000	152.886150	152.886150	152.886150	4.004725	-0.169242
-157.525604	25.659600	-179.120000	51.040000	830.755768	4.049000	152.536620	152.536620	152.536620	4.006242	-0.131413
-157.525604	26.159600	-179.120000	51.040000	818.635678	4.049000	151.974985	151.974985	151.974985	4.012873	-0.293511
-157.525604	26.659600	-179.120000	51.040000	806.560024	4.049000	151.500740	151.500740	151.500740	4.016579	-0.355289
-157.025604	14.659600	-179.120000	51.040000	1115.617911	4.030000	157.821700	157.821700	157.821700	4.007028	-0.821565
-157.025604	15.159600	-179.120000	51.040000	1102.850780	4.030000	157.738618	157.738618	157.738618	4.001675	-0.688618
-157.025604	15.659600	-179.120000	51.040000	1090.102476	4.030000	157.550013	157.550013	157.550013	3.998993	-0.655531
-157.025604	16.159600	-179.120000	51.040000	1077.373693	4.030000	157.455693	157.455693	157.455693	3.995810	-0.522193
-157.025604	16.659600	-179.120000	51.040000	1064.665157	4.030000	157.255455	157.255455	157.355455	3.992841	-0.488662
-157.025604	17.159600	-179.120000	51.040000	1051.716657	4.031000	157.049088	157.049088	157.149088	3.989804	-0.455006
-157.025604	17.659600	-179.120000	51.040000	1038.796373	4.032000	156.936374	156.936374	156.936374	3.987286	-0.321099
-157.025604	18.159600	-179.120000	51.040000	1026.159562	4.032000	156.817083	156.817083	156.817083	3.981971	-0.187012
-157.025604	18.659600	-179.120000	51.040000	1013.294943	4.033000	156.590975	156.590975	156.590975	3.977854	-0.152819
-157.025604	19.159600	-179.120000	51.040000	1000.461117	4.034000	156.457800	156.457800	156.457800	3.975318	-0.018370
-157.025604	19.659600	-179.120000	51.040000	987.414312	4.036000	156.217298	156.217298	156.217298	3.973247	0.016243
-157.025604	20.159600	-179.120000	51.040000	974.648168	4.037000	155.969195	155.969195	155.969195	3.972237	0.050945
-157.025604	20.659600	-179.120000	51.040000	961.915779	4.038000	155.713205	155.713205	155.713205	3.972010	0.085908
-157.025604	21.159600	-179.120000	51.040000	949.218238	4.039000	155.449029	155.449029	155.449029	3.973175	0.121021
-157.025604	21.659600	-179.120000	51.040000	936.324932	4.041000	155.076355	155.076355	155.076355	3.975168	0.056201
-157.025604	22.159600	-179.120000	51.040000	923.703778	4.042000	154.794857	154.794857	154.794857	3.978523	0.091654
-157.025604	22.659600	-179.120000	51.040000	911.121096	4.043000	154.404190	154.404190	154.404190	3.982996	0.027237
-157.025604	23.159600	-179.120000	51.040000	898.578226	4.044000	154.003998	154.003998	154.003998	3.987839	-0.037132
-157.025604	23.659600	-179.120000	51.040000	886.076582	4.045000	153.593904	153.593904	153.593904	3.993213	-0.101215
-157.025604	24.159600	-179.120000	51.040000	873.617654	4.046000	153.273515	153.173515	153.273515	3.997776	-0.065187
-157.025604	24.659600	-179.120000	51.040000	861.203012	4.047000	152.842420	152.842420	152.842420	4.001586	-0.129133
-157.025604	25.159600	-179.120000	51.040000	848.834314	4.048000	152.400186	152.400186	152.400186	4.004709	-0.192775
-157.025604	25.659600	-179.120000	51.040000	836.719956	4.048000	151.946361	151.946361	151.946361	4.008656	-0.256328
-157.025604	26.159600	-179.120000	51.040000	824.445407	4.049000	151.580470	151.580470	151.580470	4.008933	-0.219880
-157.025604	26.659600	-179.120000	51.040000	812.422960	4.049000	151.002016	151.002016	151.002016	4.016566	-0.383103
-156.525604	14.659600	-179.120000	51.040000	1120.828207	4.029000	157.630200	157.630200	157.630200	4.001567	-0.614387
-156.525604	15.159600	-179.120000	51.040000	1108.093552	4.029000	157.443155	157.443155	157.443155	3.999189	-0.582976
-156.525604	15.659600	-179.120000	51.040000	1095.378295	4.029000	157.350561	157.350561	157.350561	3.995675	-0.451421
-156.525604	16.159600	-179.120000	51.040000	1082.683142	4.029000	157.152226	157.152226	157.252226	3.993422	-0.419549
-156.525604	16.659600	-179.120000	51.040000	1069.743326	4.030000	156.947949	156.947949	156.947949	3.990947	-0.387539
-156.525604	17.159600	-179.120000	51.040000	1057.093786	4.030000	156.837521	156.837521	156.837521	3.988489	-0.255402
-156.525604	17.659600	-179.120000	51.040000	1044.207571	4.031000	156.620723	156.620723	156.620723	3.984832	-0.222945
-156.525604	18.159600	-179.120000	51.040000	1031.351024	4.032000	156.497327	156.497327	156.497327	3.980431	-0.090367
-156.525604	18.659600	-179.120000	51.040000	1018.525016	4.033000	156.267096	156.267096	156.267096	3.976647	-0.057679
-156.525604	19.159600	-179.120000	51.040000	1005.730463	4.034000	156.029782	156.029782	156.029782	3.974488	-0.024665
-156.525604	19.659600	-179.120000	51.040000	992.968324	4.035000	155.785124	155.785124	155.785124	3.972162	0.008452
-156.525604	20.159600	-179.120000	51.040000	979.996794	4.037000	155.532852	155.532852	155.532852	3.971145	0.041661
-156.525604	20.659600	-179.120000	51.040000	967.305764	4.038000	155.272684	155.272684	155.272684	3.971362	0.075204
-156.525604	21.159600	-179.120000	51.040000	954.650317	4.039000	155.004322	155.004322	155.004322	3.972619	0.108831
-156.525604	21.659600	-179.120000	51.040000	941.798506	4.041000	154.627459	154.627459	154.627459	3.975169	0.042531
-156.525604	22.159600	-179.120000	51.040000	929.220967	4.042000	154.341770	154.341770	154.341770	3.978445	0.076576
-156.525604	22.659600	-179.120000	51.040000	916.682694	4.043000	153.946917	153.946917	153.946917	3.982433	0.010686
-156.525604	23.159600	-179.120000	51.040000	904.185048	4.044000	153.542546	153.542546	153.542546	3.987753	-0.055152
-156.525604	23.659600	-179.120000	51.040000	891.729463	4.045000	153.128287	153.128287	153.128287	3.994169	-0.120630
-156.525604	24.159600	-179.120000	51.040000	879.317448	4.046000	152.703752	152.703752	152.803752	3.997901	-0.186064
-156.525604	24.659600	-179.120000	51.040000	866.950596	4.047000	152.368535	152.368535	152.368535	4.001879	-0.151469
-156.525604	25.159600	-179.120000	51.040000	854.841760	4.047000	151.922212	151.922212	151.922212	4.005182	-0.216495
-156.525604	25.659600	-179.120000	51.040000	842.567272	4.048000	151.464337	151.464337	151.464337	4.008712	-0.281499
-156.525604	26.159600	-179.120000	51.040000	830.548398	4.048000	150.994443	150.994443	150.994443	4.013192	-0.346498
-156.525604	26.659600	-179.120000	51.040000	818.575970	4.048000	150.412044	150.412044	150.412044	4.020795	-0.511097
-156.025604	14.659600	-179.120000	51.040000	1126.127189	4.028000	157.443112	157.343112	157.443112	3.997128	-0.407676
-156.025604	15.159600	-179.120000	51.040000	1113.425209	4.028000	157.252222	157.252222	157.252222	3.996782	-0.377802
-156.025604	15.659600	-179.120000	51.040000	1100.743186	4.028000	157.155761	157.055761	157.155761	3.993976	-0.247726
-156.025604	16.159600	-179.120000	51.040000	1087.811781	4.029000	156.853537	156.853537	156.853537	3.992348	-0.317380
-156.025604	16.659600	-179.120000	51.040000	1075.175016	4.029000	156.745352	156.645352	156.745352	3.989080	-0.186894
-156.025604	17.159600	-179.120000	51.040000	1062.296814	4.030000	156.530997	156.530997	156.530997	3.987013	-0.156220
-156.025604	17.659600	-179.120000	51.040000	1049.448048	4.031000	156.310254	156.310254	156.310254	3.983605	-0.125276
-156.025604	18.159600	-179.120000	51.040000	1036.629564	4.032000	156.082898	156.082898	156.082898	3.979656	-0.094208
-156.025604	18.659600	-179.120000	51.040000	1023.842252	4.033000	155.948693	155.948693	155.948693	3.976240	0.037032
-156.025604	19.159600	-179.120000	51.040000	1011.087042	4.034000	155.707392	155.707392	155.707392	3.973242	0.068545
-156.025604	19.659600	-179.120000	51.040000	998.364913	4.035000	155.458737	155.458737	155.458737	3.971720	0.100165
-156.025604	20.159600	-179.120000	51.040000	985.676888	4.036000	155.202462	155.202462	155.202462	3.971054	0.131939
-156.025604	20.659600	-179.120000	51.040000	972.783079	4.038000	154.838285	154.838285	154.838285	3.971430	0.063994
-156.025604	21.159600	-179.120000	51.040000	960.169733	4.039000	154.565914	154.565914	154.565914	3.972307	0.096136
-156.025604	21.659600	-179.120000	51.040000	947.593876	4.040000	154.185043	154.185043	154.185043	3.975074	0.028414
-156.025604	22.159600	-179.120000	51.040000	934.825422	4.042000	153.895352	153.895352	153.895352	3.978679	0.060982
-156.025604	22.659600	-179.120000	51.040000	922.331501	4.043000	153.496508	153.496508	153.496508	3.982946	-0.006381
-156.025604	23.159600	-179.120000	51.040000	909.878999	4.044000	153.088160	153.088160	153.088160	3.987548	-0.073629
-156.025604	23.659600	-179.120000	51.040000	897.469367	4.045000	152.669945	152.669945	152.669945	3.993775	-0.140573
-156.025604	24.159600	-179.120000	51.040000	885.104136	4.046000	152.341479	152.341479	152.341479	3.999222	-0.107469
-156.025604	24.659600	-179.120000	51.040000	873.000628	4.046000	151.902364	151.902364	151.902364	4.002745	-0.174272
-156.025604	25.159600	-179.120000	51.040000	860.726025	4.047000	151.452182	151.452182	151.452182	4.005879	-0.240754
-156.025604	25.659600	-179.120000	51.040000	848.710590	4.047000	150.990495	150.990495	150.990495	4.009531	-0.307209
-156.025604	26.159600	-179.120000	51.040000	836.533825	4.048000	150.616846	150.616846	150.616846	4.010427	-0.273597
-156.025604	26.659600	-179.120000	51.040000	824.614112	4.048000	150.030756	150.030756	150.030756	4.018475	-0.439640
-155.525604	14.659600	-179.120000	51.040000	1131.513645	4.027000	157.260450	157.260450	157.260450	3.995454	-0.201277
-155.525604	15.159600	-179.120000	51.040000	1118.566744	4.028000	156.965831	156.965831	156.965831	3.997734	-0.272886
-155.525604	15.659600	-179.120000	51.040000	1105.921258	4.028000	156.765623	156.765623	156.865623	3.995672	-0.244341
-155.525604	16.159600	-179.120000	51.040000	1093.025658	4.029000	156.559636	156.559636	156.559636	3.992455	-0.215519
-155.525604	16.659600	-179.120000	51.040000	1080.426557	4.029000	156.447671	156.447671	156.447671	3.989500	-0.086499
-155.525604	17.159600	-179.120000	51.040000	1067.585298	4.030000	156.229522	156.229522	156.229522	3.986221	-0.057344
-155.525604	17.659600	-179.120000	51.040000	1054.774061	4.031000	156.004972	156.004972	156.004972	3.983877	-0.027910
-155.525604	18.159600	-179.120000	51.040000	1041.993710	4.032000	155.773797	155.773797	155.773797	3.979737	0.001707
-155.525604	18.659600	-179.120000	51.040000	1029.245148	4.033000	155.535764	155.535764	155.535764	3.976382	0.031441
-155.525604	19.159600	-179.120000	51.040000	1016.529323	4.034000	155.290628	155.290628	155.290628	3.973534	0.061457
-155.525604	19.659600	-179.120000	51.040000	1003.847227	4.035000	155.038134	155.038134	155.038134	3.972009	0.091640
-155.525604	20.159600	-179.120000	51.040000	991.199902	4.036000	154.778016	154.778016	154.778016	3.971410	0.121921
-155.525604	20.659600	-179.120000	51.040000	978.588443	4.037000	154.509999	154.509999	154.509999	3.971817	0.152491
-155.525604	21.159600	-179.120000	51.040000	965.774823	4.039000	154.133791	154.133791	154.133791	3.973218	0.083210
-155.525604	21.659600	-179.120000	51.040000	953.241754	4.040000	153.849091	153.849091	153.849091	3.976293	0.114007
-155.525604	22.159600	-179.120000	51.040000	940.748156	4.041000	153.455583	153.455583	153.455583	3.979805	0.045103
-155.525604	22.659600	-179.120000	51.040000	928.295359	4.042000	153.052938	153.052938	153.052938	3.983812	-0.023672
-155.525604	23.159600	-179.120000	51.040000	915.658279	4.044000	152.640811	152.640811	152.740811	3.988518	-0.092388
-155.525604	23.659600	-179.120000	51.040000	903.517826	4.044000	152.218842	152.218842	152.218842	3.994697	-0.160794
-155.525604	24.159600	-179.120000	51.040000	891.196107	4.045000	151.886657	151.886657	151.886657	3.999881	-0.129090
-155.525604	24.659600	-179.120000	51.040000	878.921229	4.046000	151.443861	151.443861	151.443861	4.003601	-0.197350
-155.525604	25.159600	-179.120000	51.040000	866.909114	4.046000	150.990045	150.990045	150.990045	4.007382	-0.265282
-155.525604	25.659600	-179.120000	51.040000	854.730084	4.047000	150.624778	150.624778	150.624778	4.008545	-0.233128
-155.525604	26.159600	-179.120000	51.040000	842.811531	4.047000	150.047613	150.047613	150.047613	4.015813	-0.400961
-155.525604	26.659600	-179.120000	51.040000	830.941287	4.047000	149.558079	149.558079	149.558079	4.020908	-0.468442
-155.025604	14.659600	-179.120000	51.040000	1136.704021	4.027000	156.982222	156.982222	156.982222	3.996177	-0.095147
-155.025604	15.159600	-179.120000	51.040000	1124.071016	4.027000	156.783990	156.783990	156.783990	3.996306	-0.068289
-155.025604	15.659600	-179.120000	51.040000	1111.183124	4.028000	156.480156	156.480156	156.580156	3.997056	-0.141273
-155.025604	16.159600	-179.120000	51.040000	1098.596088	4.028000	156.370528	156.370528	156.370528	3.992830	-0.013922
-155.025604	16.659600	-179.120000	51.040000	1085.762078	4.029000	156.154911	156.154911	156.154911	3.989999	0.013579
-155.025604	17.159600	-179.120000	51.040000	1072.957828	4.030000	155.933098	155.933098	155.933098	3.987595	0.041220
-155.025604	17.659600	-179.120000	51.040000	1060.184174	4.031000	155.704877	155.704877	155.704877	3.984590	0.069198
-155.025604	18.159600	-179.120000	51.040000	1047.701842	4.031000	155.470023	155.470023	155.470023	3.981002	0.097310
-155.025604	18.659600	-179.120000	51.040000	1034.988839	4.032000	155.228307	155.228307	155.228307	3.978073	0.125542
-155.025604	19.159600	-179.120000	51.040000	1022.055778	4.034000	154.979484	154.979484	154.979484	3.975291	0.154118
-155.025604	19.659600	-179.120000	51.040000	1009.413710	4.035000	154.723304	154.723304	154.723304	3.973744	0.182808
-155.025604	20.159600	-179.120000	51.040000	996.807063	4.036000	154.459504	154.459504	154.459504	3.972800	0.211601
-155.025604	20.659600	-179.120000	51.040000	984.236945	4.037000	154.087809	154.087809	154.087809	3.973669	0.140744
-155.025604	21.159600	-179.120000	51.040000	971.463939	4.039000	153.807934	153.807934	153.807934	3.975402	0.169982
-155.025604	21.659600	-179.120000	51.040000	958.973577	4.040000	153.419580	153.419580	153.419580	3.978070	0.099304
-155.025604	22.159600	-179.120000	51.040000	946.523398	4.041000	153.022436	153.022436	153.022436	3.981570	0.028985
-155.025604	22.659600	-179.120000	51.040000	934.114746	4.042000	152.716176	152.716176	152.716176	3.986102	0.058743
-155.025604	23.159600	-179.120000	51.040000	921.749034	4.043000	152.300463	152.300463	152.300463	3.990783	-0.011437
-155.025604	23.659600	-179.120000	51.040000	909.427749	4.044000	151.874941	151.874941	151.874941	3.996697	-0.081246
-155.025604	24.159600	-179.120000	51.040000	897.152450	4.045000	151.439240	151.439240	151.439240	4.000649	-0.150998
-155.025604	24.659600	-179.120000	51.040000	885.143550	4.045000	150.992976	150.992976	150.992976	4.005154	-0.220710
-155.025604	25.159600	-179.120000	51.040000	872.962173	4.046000	150.635743	150.635743	150.635743	4.007902	-0.190034
-155.025604	25.659600	-179.120000	51.040000	861.044747	4.046000	150.067122	150.067122	150.067122	4.013789	-0.359325
-155.025604	26.159600	-179.120000	51.040000	848.964627	4.047000	149.686672	149.686672	149.686672	4.015803	-0.328598
-155.025604	26.659600	-179.120000	51.040000	837.146446	4.047000	149.193934	149.193934	149.193934	4.020305	-0.397464
-154.525604	14.659600	-179.120000	51.040000	1141.976683	4.027000	156.708436	156.708436	156.708436	4.000972	0.010498
-154.525604	15.159600	-179.120000	51.040000	1129.379913	4.027000	156.606706	156.606706	156.606706	3.997775	0.135822
-154.525604	15.659600	-179.120000	51.040000	1116.527455	4.028000	156.299362	156.299362	156.299362	3.997923	0.061355
-154.525604	16.159600	-179.120000	51.040000	1103.977711	4.028000	156.086216	156.086216	156.186216	3.994746	0.087182
-154.525604	16.659600	-179.120000	51.040000	1091.180201	4.029000	155.867071	155.867071	155.867071	3.992134	0.113163
-154.525604	17.159600	-179.120000	51.040000	1078.412998	4.030000	155.641725	155.641725	155.641725	3.989535	0.139336
-154.525604	17.659600	-179.120000	51.040000	1065.941390	4.030000	155.409965	155.409965	155.409965	3.986567	0.165804
-154.525604	18.159600	-179.120000	51.040000	1053.234178	4.031000	155.171571	155.171571	155.171571	3.983652	0.192409
-154.525604	18.659600	-179.120000	51.040000	1040.559957	4.032000	154.926313	154.926313	154.926313	3.980569	0.219189
-154.525604	19.159600	-179.120000	51.040000	1027.664891	4.034000	154.673951	154.673951	154.673951	3.977386	0.246268
-154.525604	19.659600	-179.120000	51.040000	1015.062817	4.035000	154.414237	154.414237	154.414237	3.975923	0.273465
-154.525604	20.159600	-179.120000	51.040000	1002.496794	4.036000	154.046910	154.046910	154.046910	3.975326	0.200818
-154.525604	20.659600	-179.120000	51.040000	989.967947	4.037000	153.771699	153.771699	153.771699	3.976399	0.228477
-154.525604	21.159600	-179.120000	51.040000	977.477452	4.038000	153.388322	153.388322	153.388322	3.977924	0.156235
-154.525604	21.659600	-179.120000	51.040000	964.787676	4.040000	153.096485	153.096485	153.096485	3.980538	0.184130
-154.525604	22.159600	-179.120000	51.040000	952.380781	4.041000	152.695881	152.695881	152.695881	3.984467	0.112339
-154.525604	22.659600	-179.120000	51.040000	940.016116	4.042000	152.286190	152.286190	152.286190	3.988413	0.040628
-154.525604	23.159600	-179.120000	51.040000	927.695110	4.043000	151.867078	151.867078	151.867078	3.993326	-0.030967
-154.525604	23.659600	-179.120000	51.040000	915.419261	4.044000	151.438195	151.438195	151.438195	3.998533	-0.102235
-154.525604	24.159600	-179.120000	51.040000	903.413485	4.044000	151.099180	151.099180	151.099180	4.002686	-0.073444
-154.525604	24.659600	-179.120000	51.040000	891.229690	4.045000	150.649652	150.649652	150.649652	4.006284	-0.144561
-154.525604	25.159600	-179.120000	51.040000	879.096038	4.046000	150.289216	150.289216	150.289216	4.008899	-0.115334
-154.525604	25.659600	-179.120000	51.040000	867.228648	4.046000	149.817459	149.817459	149.817459	4.012456	-0.186069
-154.525604	26.159600	-179.120000	51.040000	855.409213	4.046000	149.233950	149.233950	149.233950	4.020262	-0.356738
-154.525604	26.659600	-179.120000	51.040000	843.639801	4.046000	148.738239	148.738239	148.738239	4.025302	-0.427041
-154.025604	14.659600	-179.120000	51.040000	1147.615337	4.026000	156.739096	156.639096	156.739096	3.994043	0.415808
-154.025604	15.159600	-179.120000	51.040000	1134.769903	4.027000	156.333981	156.333981	156.333981	4.001338	0.239645
-154.025604	15.659600	-179.120000	51.040000	1121.952929	4.028000	156.023244	156.023244	156.123244	4.001862	0.163649
-154.025604	16.159600	-179.120000	51.040000	1109.440536	4.028000	155.906699	155.906699	155.906699	3.997006	0.287955
-154.025604	16.659600	-179.120000	51.040000	1096.679551	4.029000	155.684151	155.584151	155.684151	3.993914	0.312464
-154.025604	17.159600	-179.120000	51.040000	1083.949409	4.030000	155.355399	155.355399	155.355399	3.991839	0.237123
-154.025604	17.659600	-179.120000	51.040000	1071.250974	4.031000	155.120232	155.120232	155.120232	3.989621	0.262084
-154.025604	18.159600	-179.120000	51.040000	1058.585149	4.032000	154.878432	154.878432	154.878432	3.987117	0.287233
-154.025604	18.659600	-179.120000	51.040000	1045.952879	4.033000	154.629772	154.629772	154.629772	3.984249	0.312511
-154.025604	19.159600	-179.120000	51.040000	1033.355154	4.034000	154.374015	154.374015	154.374015	3.981038	0.338097
-154.025604	19.659600	-179.120000	51.040000	1020.793010	4.035000	154.010914	154.010914	154.010914	3.979554	0.263851
-154.025604	20.159600	-179.120000	51.040000	1008.267531	4.036000	153.740213	153.740213	153.740213	3.979237	0.289717
-154.025604	20.659600	-179.120000	51.040000	995.779853	4.037000	153.361644	153.361644	153.361644	3.979421	0.215895
-154.025604	21.159600	-179.120000	51.040000	983.331168	4.038000	153.074928	153.074928	153.074928	3.980695	0.242223
-154.025604	21.659600	-179.120000	51.040000	970.682396	4.040000	152.679776	152.679776	152.679776	3.983477	0.168643
-154.025604	22.159600	-179.120000	51.040000	958.318620	4.041000	152.375885	152.275885	152.375885	3.987831	0.195384
-154.025604	22.659600	-179.120000	51.040000	945.997754	4.042000	151.962940	151.962940	151.962940	3.991701	0.122256
-154.025604	23.159600	-179.120000	51.040000	933.721238	4.043000	151.540612	151.540612	151.540612	3.996285	0.049198
-154.025604	23.659600	-179.120000	51.040000	921.718507	4.043000	151.108558	151.108558	151.108558	4.001415	-0.023526
-154.025604	24.159600	-179.120000	51.040000	909.532234	4.044000	150.666422	150.666422	150.666422	4.005307	-0.096142
-154.025604	24.659600	-179.120000	51.040000	897.395091	4.045000	150.313831	150.313831	150.313831	4.008646	-0.068709
-154.025604	25.159600	-179.120000	51.040000	885.527696	4.045000	149.850398	149.850398	149.850398	4.011909	-0.140926
-154.025604	25.659600	-179.120000	51.040000	873.491132	4.046000	149.475716	149.475716	149.475716	4.013152	-0.113059
-154.025604	26.159600	-179.120000	51.040000	861.722171	4.046000	148.889365	148.889365	148.889365	4.021124	-0.285166
-154.025604	26.659600	-179.120000	51.040000	850.004027	4.046000	148.390905	148.390905	148.390905	4.027116	-0.356902
-153.525604	14.659600	-179.120000	51.040000	1153.050101	4.026000	156.474202	156.474202	156.574202	3.998908	0.520819
-153.525604	15.159600	-179.120000	51.040000	1140.239690	4.027000	156.165814	156.165814	156.165814	4.002947	0.443125
-153.525604	15.659600	-179.120000	51.040000	1127.458227	4.028000	155.851799	155.851799	155.851799	4.003775	0.365603
-153.525604	16.159600	-179.120000	51.040000	1114.983218	4.028000	155.731973	155.631973	155.731973	3.999581	0.488433
-153.525604	16.659600	-179.120000	51.040000	1102.258761	4.029000	155.406143	155.406143	155.406143	3.998091	0.411427
-153.525604	17.159600	-179.120000	51.040000	1089.565668	4.030000	155.174111	155.074111	155.174111	3.995086	0.434573
-153.525604	17.659600	-179.120000	51.040000	1076.904816	4.031000	154.835666	154.835666	154.835666	3.992694	0.358075
-153.525604	18.159600	-179.120000	51.040000	1064.277120	4.032000	154.590594	154.590594	154.590594	3.990714	0.381721
-153.525604	18.659600	-179.120000	51.040000	1051.683537	4.033000	154.338669	154.338669	154.338669	3.988021	0.405502
-153.525604	19.159600	-179.120000	51.040000	1039.125069	4.034000	154.079658	154.079658	154.079658	3.985350	0.429641
-153.525604	19.659600	-179.120000	51.040000	1026.602764	4.035000	153.713316	153.713316	153.713316	3.983930	0.353907
-153.525604	20.159600	-179.120000	51.040000	1014.117720	4.036000	153.439391	153.439391	153.439391	3.983046	0.378289
-153.525604	20.659600	-179.120000	51.040000	1001.671084	4.037000	153.057618	153.057618	153.057618	3.984089	0.303034
-153.525604	21.159600	-179.120000	51.040000	989.264059	4.038000	152.667722	152.667722	152.667722	3.985096	0.227887
-153.525604	21.659600	-179.120000	51.040000	976.897905	4.039000	152.369419	152.369419	152.369419	3.987325	0.252836
-153.525604	22.159600	-179.120000	51.040000	964.335248	4.041000	151.962409	151.962409	151.962409	3.990768	0.178157
-153.525604	22.659600	-179.120000	51.040000	952.057962	4.042000	151.546383	151.546383	151.546383	3.995146	0.103565
-153.525604	23.159600	-179.120000	51.040000	940.058207	4.042000	151.121018	151.121018	151.121018	3.999275	0.029049
-153.525604	23.659600	-179.120000	51.040000	927.869406	4.043000	150.785977	150.785977	150.785977	4.005131	0.054915
-153.525604	24.159600	-179.120000	51.040000	915.728756	4.044000	150.340909	150.340909	150.340909	4.007777	-0.019151
-153.525604	24.659600	-179.120000	51.040000	903.637934	4.045000	149.985449	149.985449	149.985449	4.011160	0.006836
-153.525604	25.159600	-179.120000	51.040000	891.819123	4.045000	149.519217	149.519217	149.519217	4.014558	-0.066781
-153.525604	25.659600	-179.120000	51.040000	880.047827	4.045000	149.041817	149.041817	149.041817	4.017432	-0.140352
-153.525604	26.159600	-179.120000	51.040000	868.111417	4.046000	148.652835	148.652835	148.652835	4.019076	-0.113892
-153.525604	26.659600	-179.120000	51.040000	856.444090	4.046000	148.051842	148.051842	148.051842	4.028901	-0.287020
-153.025604	14.659600	-179.120000	51.040000	1158.275659	4.027000	156.113754	156.113754	156.213754	4.008241	0.525326
-153.025604	15.159600	-179.120000	51.040000	1145.787986	4.027000	156.002201	156.002201	156.002201	4.005229	0.646101
-153.025604	15.659600	-179.120000	51.040000	1133.042036	4.028000	155.685022	155.685022	155.685022	4.006556	0.567091
-153.025604	16.159600	-179.120000	51.040000	1120.326287	4.029000	155.362032	155.362032	155.362032	4.005305	0.488400
-153.025604	16.659600	-179.120000	51.040000	1107.916470	4.029000	155.133041	155.133041	155.133041	4.002504	0.509877
-153.025604	17.159600	-179.120000	51.040000	1095.260390	4.030000	154.897850	154.897850	154.897850	3.999619	0.531551
-153.025604	17.659600	-179.120000	51.040000	1082.637070	4.031000	154.656255	154.556255	154.656255	3.996532	0.553546
-153.025604	18.159600	-179.120000	51.040000	1070.047437	4.032000	154.308042	154.308042	154.308042	3.994771	0.475690
-153.025604	18.659600	-179.120000	51.040000	1057.492459	4.033000	154.052987	154.052987	154.052987	3.992832	0.498013
-153.025604	19.159600	-179.120000	51.040000	1044.973149	4.034000	153.790859	153.690859	153.790859	3.990503	0.520660
-153.025604	19.659600	-179.120000	51.040000	1032.490567	4.035000	153.421419	153.421419	153.421419	3.988633	0.443437
-153.025604	20.159600	-179.120000	51.040000	1020.045821	4.036000	153.044416	153.044416	153.144416	3.988157	0.366374
-153.025604	20.659600	-179.120000	51.040000	1007.640070	4.037000	152.759590	152.759590	152.759590	3.989101	0.389639
-153.025604	21.159600	-179.120000	51.040000	995.274529	4.038000	152.366670	152.366670	152.366670	3.990189	0.313017
-153.025604	21.659600	-179.120000	51.040000	982.950469	4.039000	151.965375	151.965375	151.965375	3.991844	0.236534
-153.025604	22.159600	-179.120000	51.040000	970.669221	4.040000	151.655411	151.655411	151.655411	3.995313	0.260388
-153.025604	22.659600	-179.120000	51.040000	958.432181	4.041000	151.236473	151.236473	151.236473	3.999154	0.184334
-153.025604	23.159600	-179.120000	51.040000	946.240810	4.042000	150.808245	150.808245	150.808245	4.003582	0.108397
-153.025604	23.659600	-179.120000	51.040000	934.096643	4.043000	150.470394	150.470394	150.470394	4.008406	0.132808
-153.025604	24.159600	-179.120000	51.040000	922.001286	4.044000	150.022578	150.022578	150.022578	4.011421	0.057292
-153.025604	24.659600	-179.120000	51.040000	910.181440	4.044000	149.564438	149.564438	149.564438	4.014537	-0.018131
-153.025604	25.159600	-179.120000	51.040000	898.185826	4.045000	149.195601	149.195601	149.195601	4.017187	0.006809
-153.025604	25.659600	-179.120000	51.040000	886.463447	4.045000	148.715680	148.715680	148.715680	4.020040	-0.068199
-153.025604	26.159600	-179.120000	51.040000	874.575069	4.046000	148.324271	148.324271	148.324271	4.021394	-0.043141
-153.025604	26.659600	-179.120000	51.040000	862.958077	4.046000	147.720953	147.720953	147.720953	4.031349	-0.217700
-152.525604	14.659600	-179.120000	51.040000	1163.864758	4.027000	156.057747	156.057747	156.057747	4.007137	0.829475
-152.525604	15.159600	-179.120000	51.040000	1151.127652	4.028000	155.743138	155.743138	155.743138	4.010059	0.748758
-152.525604	15.659600	-179.120000	51.040000	1138.703048	4.028000	155.522905	155.522905	155.522905	4.009607	0.768222
-152.525604	16.159600	-179.120000	51.040000	1126.023267	4.029000	155.196866	155.196866	155.196866	4.009537	0.688013
-152.525604	16.659600	-179.120000	51.040000	1113.374983	4.030000	154.864831	154.864831	154.964831	4.007431	0.608014
-152.525604	17.159600	-179.120000	51.040000	1100.759056	4.031000	154.626604	154.626604	154.626604	4.004503	0.628177
-152.525604	17.659600	-179.120000	51.040000	1088.176383	4.032000	154.381983	154.381983	154.381983	4.001613	0.648668
-152.525604	18.159600	-179.120000	51.040000	1075.627902	4.033000	154.030756	154.030756	154.030756	4.000146	0.569350
-152.525604	18.659600	-179.120000	51.040000	1063.378195	4.033000	153.772703	153.772703	153.772703	3.997875	0.590177
-152.525604	19.159600	-179.120000	51.040000	1050.897920	4.034000	153.407595	153.407595	153.407595	3.995779	0.511333
-152.525604	19.659600	-179.120000	51.040000	1038.454918	4.035000	153.135196	153.135196	153.135196	3.993849	0.532663
-152.525604	20.159600	-179.120000	51.040000	1026.050309	4.036000	152.755259	152.755259	152.755259	3.993211	0.454117
-152.525604	20.659600	-179.120000	51.040000	1013.434225	4.038000	152.467528	152.467528	152.467528	3.994441	0.475906
-152.525604	21.159600	-179.120000	51.040000	1001.113078	4.039000	152.071735	152.071735	152.071735	3.995291	0.397849
-152.525604	21.659600	-179.120000	51.040000	988.833987	4.040000	151.667603	151.667603	151.667603	3.996876	0.319896
-152.525604	22.159600	-179.120000	51.040000	976.598292	4.041000	151.354845	151.354845	151.354845	3.999753	0.342286
-152.525604	22.659600	-179.120000	51.040000	964.646054	4.041000	150.933161	150.933161	150.933161	4.004054	0.264809
-152.525604	23.159600	-179.120000	51.040000	952.498367	4.042000	150.502237	150.502237	150.502237	4.007344	0.187415
-152.525604	23.659600	-179.120000	51.040000	940.398506	4.043000	150.161751	150.061751	150.161751	4.012035	0.210377
-152.525604	24.159600	-179.120000	51.040000	928.348086	4.044000	149.711364	149.711364	149.711364	4.014991	0.133447
-152.525604	24.659600	-179.120000	51.040000	916.575394	4.044000	149.250726	149.250726	149.350726	4.017865	0.056580
-152.525604	25.159600	-179.120000	51.040000	904.626009	4.045000	148.879472	148.879472	148.879472	4.019308	0.080082
-152.525604	25.659600	-179.120000	51.040000	892.952112	4.045000	148.397222	148.397222	148.397222	4.022743	0.003669
-152.525604	26.159600	-179.120000	51.040000	881.111278	4.046000	148.003581	148.003581	148.003581	4.023867	0.027296
-152.525604	26.659600	-179.120000	51.040000	869.544114	4.046000	147.398140	147.398140	147.498140	4.034466	-0.148688
-152.025604	14.659600	-179.120000	51.040000	1169.529812	4.027000	155.906173	155.906173	155.906173	4.008238	1.033294
-152.025604	15.159600	-179.120000	51.040000	1156.827699	4.028000	155.588616	155.588616	155.588616	4.012193	0.951048
-152.025604	15.659600	-179.120000	51.040000	1144.155913	4.029000	155.265439	155.265439	155.265439	4.014070	0.868989
-152.025604	16.159600	-179.120000	51.040000	1131.515253	4.030000	154.936462	154.936462	154.936462	4.014287	0.787300
-152.025604	16.659600	-179.120000	51.040000	1118.906550	4.031000	154.601499	154.601499	154.601499	4.012603	0.705788
-152.025604	17.159600	-179.120000	51.040000	1106.605129	4.031000	154.360356	154.360356	154.360356	4.009703	0.724443
-152.025604	17.659600	-179.120000	51.040000	1094.059808	4.032000	154.112831	154.112831	154.112831	4.007551	0.743468
-152.025604	18.159600	-179.120000	51.040000	1081.549177	4.033000	153.758716	153.758716	153.758716	4.005590	0.662652
-152.025604	18.659600	-179.120000	51.040000	1069.074225	4.034000	153.497794	153.497794	153.497794	4.003899	0.681985
-152.025604	19.159600	-179.120000	51.040000	1056.635985	4.035000	153.129839	153.129839	153.129839	4.001700	0.601690
-152.025604	19.659600	-179.120000	51.040000	1044.235535	4.036000	152.854618	152.854618	152.854618	3.999811	0.621535
-152.025604	20.159600	-179.120000	51.040000	1031.874004	4.037000	152.471887	152.471887	152.471887	3.999217	0.541509
-152.025604	20.659600	-179.120000	51.040000	1019.552570	4.038000	152.081393	152.081393	152.081393	4.000152	0.461860
-152.025604	21.159600	-179.120000	51.040000	1007.272466	4.039000	151.782875	151.782875	151.782875	4.000964	0.482332
-152.025604	21.659600	-179.120000	51.040000	995.034982	4.040000	151.376060	151.376060	151.376060	4.002343	0.402913
-152.025604	22.159600	-179.120000	51.040000	982.841466	4.041000	150.960663	150.960663	151.060663	4.004436	0.323877
-152.025604	22.659600	-179.120000	51.040000	970.693331	4.042000	150.636391	150.636391	150.636391	4.008689	0.344942
-152.025604	23.159600	-179.120000	51.040000	958.829214	4.042000	150.202938	150.202938	150.202938	4.011597	0.266096
-152.025604	23.659600	-179.120000	51.040000	946.773305	4.043000	149.759984	149.759984	149.759984	4.015192	0.187641
-152.025604	24.159600	-179.120000	51.040000	934.767440	4.044000	149.407199	149.407199	149.407199	4.017627	0.209267
-152.025604	24.659600	-179.120000	51.040000	923.041508	4.044000	148.944240	148.944240	148.944240	4.020124	0.130960
-152.025604	25.159600	-179.120000	51.040000	911.137907	4.045000	148.570749	148.570749	148.570749	4.021901	0.153056
-152.025604	25.659600	-179.120000	51.040000	899.512031	4.045000	148.086356	148.086356	148.086356	4.024591	0.075211
-152.025604	26.159600	-179.120000	51.040000	887.718226	4.046000	147.690673	147.690673	147.690673	4.025784	0.097411
-152.025604	26.659600	-179.120000	51.040000	876.200356	4.046000	147.083301	147.083301	147.083301	4.036026	-0.079973
-151.525604	14.659600	-179.120000	51.040000	1174.977794	4.028000	155.559023	155.559023	155.559023	4.015048	1.036589
-151.525604	15.159600	-179.120000	51.040000	1162.313842	4.029000	155.238622	155.238622	155.238622	4.016579	0.952816
-151.525604	15.659600	-179.120000	51.040000	1149.680645	4.030000	154.912609	154.912609	154.912609	4.017882	0.869265
-151.525604	16.159600	-179.120000	51.040000	1137.079011	4.031000	154.580807	154.580807	154.580807	4.016805	0.786057
-151.525604	16.659600	-179.120000	51.040000	1124.788746	4.031000	154.343029	154.343029	154.343029	4.015795	0.803032
-151.525604	17.159600	-179.120000	51.040000	1112.249619	4.032000	154.099086	154.099086	154.099086	4.013946	0.820210
-151.525604	17.659600	-179.120000	51.040000	1099.744699	4.033000	153.748777	153.748777	153.748777	4.011904	0.737732
-151.525604	18.159600	-179.120000	51.040000	1087.274942	4.034000	153.491898	153.491898	153.491898	4.010637	0.755418
-151.525604	18.659600	-179.120000	51.040000	1074.841345	4.035000	153.128233	153.128233	153.128233	4.008974	0.673289
-151.525604	19.159600	-179.120000	51.040000	1062.708256	4.035000	152.757561	152.757561	152.757561	4.006324	0.591504
-151.525604	19.659600	-179.120000	51.040000	1050.347021	4.036000	152.479650	152.479650	152.479650	4.004963	0.609865
-151.525604	20.159600	-179.120000	51.040000	1038.025221	4.037000	152.094262	152.094262	152.094262	4.004324	0.528391
-151.525604	20.659600	-179.120000	51.040000	1025.744045	4.038000	151.801148	151.801148	151.801148	4.004770	0.547266
-151.525604	21.159600	-179.120000	51.040000	1013.504732	4.039000	151.400049	151.400049	151.400049	4.004463	0.466268
-151.525604	21.659600	-179.120000	51.040000	1001.308580	4.040000	150.990697	150.990697	151.090697	4.005867	0.385412
-151.525604	22.159600	-179.120000	51.040000	989.156945	4.041000	150.672814	150.672814	150.672814	4.008182	0.404914
-151.525604	22.659600	-179.120000	51.040000	977.051247	4.042000	150.246110	150.246110	150.246110	4.010955	0.324522
-151.525604	23.159600	-179.120000	51.040000	965.231710	4.042000	149.810285	149.810285	149.910285	4.013969	0.244250
-151.525604	23.659600	-179.120000	51.040000	953.219377	4.043000	149.465027	149.465027	149.465027	4.017405	0.264346
-151.525604	24.159600	-179.120000	51.040000	941.257659	4.044000	149.110012	149.110012	149.110012	4.019488	0.284528
-151.525604	24.659600	-179.120000	51.040000	929.348259	4.045000	148.744902	148.644902	148.744902	4.021354	0.304806
-151.525604	25.159600	-179.120000	51.040000	917.719782	4.045000	148.269350	148.269350	148.269350	4.023374	0.225465
-151.525604	25.659600	-179.120000	51.040000	905.917482	4.046000	147.882991	147.882991	147.882991	4.023784	0.246189
-151.525604	26.159600	-179.120000	51.040000	894.394128	4.046000	147.285449	147.285449	147.285449	4.029818	0.066982
-151.525604	26.659600	-179.120000	51.040000	882.706828	4.047000	146.976334	146.976334	146.976334	4.028911	0.188174
-151.025604	14.659600	-179.120000	51.040000	1180.496494	4.029000	155.216286	155.216286	155.216286	4.020976	1.039504
-151.025604	15.159600	-179.120000	51.040000	1167.870615	4.030000	154.893144	154.893144	154.893144	4.022184	0.954234
-151.025604	15.659600	-179.120000	51.040000	1155.275907	4.031000	154.564401	154.564401	154.564401	4.019925	0.869160
-151.025604	16.159600	-179.120000	51.040000	1142.996665	4.031000	154.329881	154.329881	154.329881	4.019734	0.884437
-151.025604	16.659600	-179.120000	51.040000	1130.463600	4.032000	153.989401	153.989401	153.989401	4.018517	0.799931
-151.025604	17.159600	-179.120000	51.040000	1117.964266	4.033000	153.742772	153.742772	153.742772	4.017797	0.815602
-151.025604	17.659600	-179.120000	51.040000	1105.499587	4.034000	153.489797	153.489797	153.489797	4.015951	0.831623
-151.025604	18.159600	-179.120000	51.040000	1093.341490	4.034000	153.130273	153.130273	153.130273	4.015399	0.747843
-151.025604	18.659600	-179.120000	51.040000	1080.945914	4.035000	152.763990	152.763990	152.763990	4.012786	0.664221
-151.025604	19.159600	-179.120000	51.040000	1068.588021	4.036000	152.490727	152.490727	152.490727	4.011101	0.680950
-151.025604	19.659600	-179.120000	51.040000	1056.268907	4.037000	152.210258	152.210258	152.210258	4.010408	0.697859
-151.025604	20.159600	-179.120000	51.040000	1043.989714	4.038000	151.822346	151.822346	151.822346	4.008968	0.614906
-151.025604	20.659600	-179.120000	51.040000	1031.751638	4.039000	151.526748	151.426748	151.526748	4.009314	0.632309
-151.025604	21.159600	-179.120000	51.040000	1019.808352	4.039000	151.023208	151.023208	151.023208	4.007791	0.449871
-151.025604	21.659600	-179.120000	51.040000	1007.653234	4.040000	150.711464	150.711464	150.711464	4.009609	0.467551
-151.025604	22.159600	-179.120000	51.040000	995.543159	4.041000	150.291241	150.291241	150.291241	4.010821	0.385594
-151.025604	22.659600	-179.120000	51.040000	983.479550	4.042000	149.962257	149.962257	149.962257	4.013737	0.403774
-151.025604	23.159600	-179.120000	51.040000	971.463896	4.043000	149.524215	149.524215	149.524215	4.016560	0.322051
-151.025604	23.659600	-179.120000	51.040000	959.735080	4.043000	149.076811	149.076811	149.076811	4.018879	0.240702
-151.025604	24.159600	-179.120000	51.040000	947.817080	4.044000	148.719727	148.719727	148.719727	4.020777	0.259466
-151.025604	24.659600	-179.120000	51.040000	935.951945	4.045000	148.352633	148.352633	148.352633	4.022921	0.278305
-151.025604	25.159600	-179.120000	51.040000	924.369925	4.045000	147.875187	147.875187	147.875187	4.025162	0.197533
-151.025604	25.659600	-179.120000	51.040000	912.612998	4.046000	147.487036	147.487036	147.487036	4.026653	0.216847
-151.025604	26.159600	-179.120000	51.040000	900.914564	4.047000	147.087810	147.087810	147.087810	4.028109	0.236215
-151.025604	26.659600	-179.120000	51.040000	889.496411	4.047000	146.577130	146.577130	146.577130	4.033575	0.155988
-150.525604	14.659600	-179.120000	51.040000	1186.084625	4.030000	154.877947	154.877947	154.877947	4.024420	1.042057
-150.525604	15.159600	-179.120000	51.040000	1173.496711	4.031000	154.552166	154.552166	154.552166	4.024818	0.955261
-150.525604	15.659600	-179.120000	51.040000	1160.940370	4.032000	154.320797	154.320797	154.320797	4.023589	0.968667
-150.525604	16.159600	-179.120000	51.040000	1148.701249	4.032000	153.983666	153.983666	153.983666	4.022363	0.882459
-150.525604	16.659600	-179.120000	51.040000	1136.207388	4.033000	153.740592	153.740592	153.740592	4.021874	0.896443
-150.525604	17.159600	-179.120000	51.040000	1123.747682	4.034000	153.491389	153.491389	153.491389	4.021140	0.910609
-150.525604	17.659600	-179.120000	51.040000	1111.598551	4.034000	153.135864	153.135864	153.135864	4.019973	0.825160
-150.525604	18.159600	-179.120000	51.040000	1099.206850	4.035000	152.773814	152.773814	152.773814	4.018719	0.739885
-150.525604	18.659600	-179.120000	51.040000	1086.852229	4.036000	152.505033	152.505033	152.505033	4.017678	0.754773
-150.525604	19.159600	-179.120000	51.040000	1074.535744	4.037000	152.229303	152.229303	152.229303	4.015563	0.770047
-150.525604	19.659600	-179.120000	51.040000	1062.521627	4.037000	151.746402	151.746402	151.746402	4.012447	0.585475
-150.525604	20.159600	-179.120000	51.040000	1050.281671	4.038000	151.456098	151.456098	151.456098	4.012930	0.601046
-150.525604	20.659600	-179.120000	51.040000	1038.083315	4.039000	151.158148	151.158148	151.158148	4.013273	0.617007
-150.525604	21.159600	-179.120000	51.040000	1025.927812	4.040000	150.752305	150.752305	150.752305	4.012235	0.533102
-150.525604	21.659600	-179.120000	51.040000	1013.816471	4.041000	150.438308	150.438308	150.438308	4.013502	0.549320
-150.525604	22.159600	-179.120000	51.040000	1001.750660	4.042000	150.115890	150.115890	150.115890	4.015700	0.565932
-150.525604	22.659600	-179.120000	51.040000	989.976668	4.042000	149.584771	149.584771	149.584771	4.015626	0.382659
-150.525604	23.159600	-179.120000	51.040000	978.003245	4.043000	149.244662	149.244662	149.244662	4.019064	0.399489
-150.525604	23.659600	-179.120000	51.040000	966.079849	4.044000	148.895265	148.895265	148.895265	4.022242	0.416719
-150.525604	24.159600	-179.120000	51.040000	954.208111	4.045000	148.536268	148.536268	148.536268	4.023837	0.434043
-150.525604	24.659600	-179.120000	51.040000	942.622715	4.045000	147.967349	147.967349	148.067349	4.024247	0.251449
-150.525604	25.159600	-179.120000	51.040000	930.856531	4.046000	147.688173	147.688173	147.688173	4.026146	0.369264
-150.525604	25.659600	-179.120000	51.040000	919.374557	4.046000	147.098395	147.098395	147.098395	4.028054	0.187152
-150.525604	26.159600	-179.120000	51.040000	907.721465	4.047000	146.797656	146.797656	146.797656	4.028841	0.305100
-150.525604	26.659600	-179.120000	51.040000	896.129429	4.048000	146.385583	146.385583	146.385583	4.031452	0.323467
-150.025604	14.659600	-179.120000	51.040000	1191.740908	4.031000	154.543990	154.543990	154.543990	4.027856	1.044068
-150.025604	15.159600	-179.120000	51.040000	1179.190833	4.032000	154.315669	154.315669	154.315669	4.027515	1.055746
-150.025604	15.659600	-179.120000	51.040000	1166.672719	4.033000	154.081776	154.081776	154.081776	4.027539	1.067657
-150.025604	16.159600	-179.120000	51.040000	1154.473581	4.033000	153.742138	153.742138	153.742138	4.024703	0.979933
-150.025604	16.659600	-179.120000	51.040000	1142.018754	4.034000	153.496579	153.496579	153.496579	4.025518	0.992407
-150.025604	17.159600	-179.120000	51.040000	1129.598491	4.035000	153.244912	153.244912	153.244912	4.025609	1.005093
-150.025604	17.659600	-179.120000	51.040000	1117.490611	4.035000	152.786948	152.786948	152.786948	4.022921	0.818145
-150.025604	18.159600	-179.120000	51.040000	1105.139201	4.036000	152.522488	152.522488	152.522488	4.023689	0.831374
-150.025604	18.659600	-179.120000	51.040000	1092.825298	4.037000	152.251327	152.251327	152.251327	4.023121	0.844796
-150.025604	19.159600	-179.120000	51.040000	1080.817628	4.037000	151.773252	151.773252	151.773252	4.017633	0.658585
-150.025604	19.659600	-179.120000	51.040000	1068.578878	4.038000	151.488043	151.488043	151.488043	4.017901	0.672533
-150.025604	20.159600	-179.120000	51.040000	1056.380972	4.039000	151.195472	151.195472	151.195472	4.016923	0.686652
-150.025604	20.659600	-179.120000	51.040000	1044.225116	4.040000	150.895302	150.895302	150.895302	4.017509	0.701141
-150.025604	21.159600	-179.120000	51.040000	1032.368043	4.040000	150.387287	150.387287	150.387287	4.015019	0.515770
-150.025604	21.659600	-179.120000	51.040000	1020.297068	4.041000	150.071174	150.071174	150.071174	4.015785	0.530549
-150.025604	22.159600	-179.120000	51.040000	1008.272099	4.042000	149.746699	149.746699	149.746699	4.018195	0.545703
-150.025604	22.659600	-179.120000	51.040000	996.294568	4.043000	149.413587	149.313587	149.413587	4.020975	0.560978
-150.025604	23.159600	-179.120000	51.040000	984.609446	4.043000	148.871557	148.871557	148.871557	4.019782	0.376379
-150.025604	23.659600	-179.120000	51.040000	972.728349	4.044000	148.520315	148.520315	148.520315	4.023290	0.392165
-150.025604	24.159600	-179.120000	51.040000	960.899398	4.045000	148.159556	148.159556	148.159556	4.025109	0.408051
-150.025604	24.659600	-179.120000	51.040000	949.124299	4.046000	147.788966	147.788966	147.888966	4.026543	0.424037
-150.025604	25.159600	-179.120000	51.040000	937.636525	4.046000	147.308218	147.308218	147.308218	4.027720	0.340421
-150.025604	25.659600	-179.120000	51.040000	925.971630	4.047000	146.916973	146.916973	146.916973	4.028870	0.356885
-150.025604	26.159600	-179.120000	51.040000	914.366207	4.048000	146.614882	146.614882	146.614882	4.028794	0.473422
-150.025604	26.659600	-179.120000	51.040000	903.045329	4.048000	146.001582	146.001582	146.001582	4.034031	0.290372
-149.525604	14.659600	-179.120000	51.040000	1197.464072	4.032000	154.214397	154.214397	154.214397	4.029608	1.045673
-149.525604	15.159600	-179.120000	51.040000	1184.951693	4.033000	154.083633	154.083633	154.083633	4.030651	1.155852
-149.525604	15.659600	-179.120000	51.040000	1172.471648	4.034000	153.847316	153.847316	153.847316	4.031595	1.166242
-149.525604	16.159600	-179.120000	51.040000	1160.312336	4.034000	153.405275	153.405275	153.405275	4.027161	0.977006
-149.525604	16.659600	-179.120000	51.040000	1147.896356	4.035000	153.257334	153.257334	153.257334	4.029302	1.087995
-149.525604	17.159600	-179.120000	51.040000	1135.515333	4.036000	153.003311	153.003311	153.003311	4.030280	1.099177
-149.525604	17.659600	-179.120000	51.040000	1123.448498	4.036000	152.543019	152.543019	152.543019	4.027039	0.910731
-149.525604	18.159600	-179.120000	51.040000	1111.137142	4.037000	152.276261	152.276261	152.276261	4.027779	0.922491
-149.525604	18.659600	-179.120000	51.040000	1099.135902	4.037000	151.802835	151.802835	151.802835	4.023318	0.734424
-149.525604	19.159600	-179.120000	51.040000	1086.898353	4.038000	151.522533	151.522533	151.522533	4.021512	0.746730
-149.525604	19.659600	-179.120000	51.040000	1074.700913	4.039000	151.235137	151.235137	151.235137	4.022147	0.759222
-149.525604	20.159600	-179.120000	51.040000	1062.807815	4.039000	150.740423	150.740423	150.740423	4.017182	0.571866
-149.525604	20.659600	-179.120000	51.040000	1050.691062	4.040000	150.438159	150.438159	150.438159	4.016615	0.584888
-149.525604	21.159600	-179.120000	51.040000	1038.618063	4.041000	150.128102	150.128102	150.128102	4.018422	0.598073
-149.525604	21.659600	-179.120000	51.040000	1026.590135	4.042000	149.810004	149.810004	149.810004	4.019315	0.611392
-149.525604	22.159600	-179.120000	51.040000	1014.859669	4.042000	149.283607	149.283607	149.283607	4.016611	0.425093
-149.525604	22.659600	-179.120000	51.040000	1002.923053	4.043000	148.948641	148.948641	148.948641	4.019431	0.438935
-149.525604	23.159600	-179.120000	51.040000	991.035828	4.044000	148.704830	148.704830	148.704830	4.024620	0.552890
-149.525604	23.659600	-179.120000	51.040000	979.199558	4.045000	148.351886	148.351886	148.351886	4.027887	0.567236
-149.525604	24.159600	-179.120000	51.040000	967.655040	4.045000	147.789511	147.789511	147.789511	4.025416	0.381699
-149.525604	24.659600	-179.120000	51.040000	955.922696	4.046000	147.417399	147.417399	147.417399	4.027629	0.396254
-149.525604	25.159600	-179.120000	51.040000	944.246444	4.047000	147.135229	147.135229	147.135229	4.029865	0.511212
-149.525604	25.659600	-179.120000	51.040000	932.858598	4.047000	146.542671	146.542671	146.542671	4.030158	0.326261
-149.525604	26.159600	-179.120000	51.040000	921.297295	4.048000	146.239384	146.239384	146.239384	4.030969	0.441380
-149.525604	26.659600	-179.120000	51.040000	909.797948	4.049000	145.825015	145.825015	145.825015	4.033321	0.456917
-149.025604	14.659600	-179.120000	51.040000	1203.252860	4.033000	153.989146	153.989146	153.989146	4.032486	1.146886
-149.025604	15.159600	-179.120000	51.040000	1190.778013	4.034000	153.856037	153.756037	153.856037	4.034472	1.255542
-149.025604	15.659600	-179.120000	51.040000	1178.335862	4.035000	153.617393	153.617393	153.617393	4.036241	1.264414
-149.025604	16.159600	-179.120000	51.040000	1166.216201	4.035000	153.173049	153.173049	153.173049	4.032317	1.073689
-149.025604	16.659600	-179.120000	51.040000	1153.838862	4.036000	153.022829	153.022829	153.022829	4.034784	1.183171
-149.025604	17.159600	-179.120000	51.040000	1141.779686	4.036000	152.466556	152.466556	152.466556	4.028637	0.892851
-149.025604	17.659600	-179.120000	51.040000	1129.470847	4.037000	152.304042	152.304042	152.304042	4.031503	1.002931
-149.025604	18.159600	-179.120000	51.040000	1117.199289	4.038000	152.035096	152.035096	152.035096	4.032238	1.013200
-149.025604	18.659600	-179.120000	51.040000	1105.239684	4.038000	151.559519	151.559519	151.559519	4.027254	0.823646
-149.025604	19.159600	-179.120000	51.040000	1093.042734	4.039000	151.277104	151.277104	151.277104	4.026686	0.834492
-149.025604	19.659600	-179.120000	51.040000	1081.153906	4.039000	150.787639	150.787639	150.787639	4.022115	0.645507
-149.025604	20.159600	-179.120000	51.040000	1069.036077	4.040000	150.490903	150.490903	150.490903	4.022060	0.656681
-149.025604	20.659600	-179.120000	51.040000	1056.961147	4.041000	150.286667	150.286667	150.286667	4.023810	0.768255
-149.025604	21.159600	-179.120000	51.040000	1044.930384	4.042000	149.974694	149.974694	149.974694	4.025258	0.779978
-149.025604	21.659600	-179.120000	51.040000	1033.200658	4.042000	149.454739	149.454739	149.454739	4.020662	0.591840
-149.025604	22.159600	-179.120000	51.040000	1021.259224	4.043000	149.126550	149.126550	149.126550	4.022608	0.604105
-149.025604	22.659600	-179.120000	51.040000	1009.366101	4.044000	148.789863	148.789863	148.789863	4.025110	0.616500
-149.025604	23.159600	-179.120000	51.040000	997.769453	4.044000	148.244406	148.244406	148.244406	4.022554	0.429013
-149.025604	23.659600	-179.120000	51.040000	985.974533	4.045000	147.989899	147.989899	147.989899	4.028135	0.541933
-149.025604	24.159600	-179.120000	51.040000	974.232633	4.046000	147.626050	147.626050	147.626050	4.029978	0.554962
-149.025604	24.659600	-179.120000	51.040000	962.545455	4.047000	147.352558	147.352558	147.352558	4.032868	0.668089
-149.025604	25.159600	-179.120000	51.040000	951.149747	4.047000	146.769112	146.769112	146.769112	4.030591	0.481630
-149.025604	25.659600	-179.120000	51.040000	939.574516	4.048000	146.375390	146.375390	146.375390	4.032252	0.495259
-149.025604	26.159600	-179.120000	51.040000	928.059603	4.049000	146.071058	146.071058	146.071058	4.032438	0.608964
-149.025604	26.659600	-179.120000	51.040000	916.833417	4.049000	145.455772	145.455772	145.455772	4.035639	0.423091
-162.025604	19.986300	-179.120000	51.040000	930.107125	4.040000	160.261820	160.261820	160.261820	4.009005	-0.355073
-161.367599	17.746901	-179.120000	51.040000	994.182847	4.038000	160.118520	160.118520	160.118520	4.022645	-0.921498
-161.314896	21.956301	-179.120000	51.040000	885.404049	4.042000	158.968235	158.968235	158.968235	3.994918	0.103920
-161.095001	23.997200	-179.120000	51.040000	834.594625	4.047000	157.443824	157.443824	157.443824	3.996604	0.052515
-160.047501	19.823400	-179.120000	51.040000	952.621896	4.038000	158.561503	158.561503	158.561503	3.996151	-0.248363
-159.664993	22.122999	-179.120000	51.040000	897.019778	4.042000	157.207529	157.207529	157.207529	3.987687	0.054384
-159.401001	21.971001	-179.120000	51.040000	903.489004	4.042000	157.100477	157.100477	157.100477	3.986712	0.106386
-158.982498	15.574000	-179.120000	51.040000	1072.780564	4.033000	158.778855	158.778855	158.778855	4.011798	-1.090034
-158.933105	24.573799	-179.120000	51.040000	842.022282	4.048000	154.837958	154.837958	154.837958	4.000205	0.008081
-158.903000	21.298401	-179.120000	51.040000	925.901918	4.040000	157.003800	157.003800	157.003800	3.982095	0.074191
-158.760193	18.564699	-179.120000	51.040000	997.770922	4.035000	157.904061	157.904061	157.904061	3.989525	-0.385960
-158.185394	22.620199	-179.120000	51.040000	899.546941	4.043000	155.517572	155.517572	155.517572	3.984499	0.065333
-158.179504	20.377800	-179.120000	51.040000	956.911129	4.038000	156.741377	156.741377	156.741377	3.977338	-0.063199
-157.931000	21.646000	-179.120000	51.040000	926.980830	4.041000	155.959012	155.859012	155.959012	3.978237	0.125170
-157.859100	14.659600	-179.120000	51.040000	1107.316017	4.031000	158.284185	158.284185	158.284185	4.012436	-1.033972
-157.700806	16.348400	-179.120000	51.040000	1065.621954	4.031000	157.802686	157.802686	157.802686	3.998143	-0.645391
-157.627594	20.346100	-179.120000	51.040000	963.405400	4.038000	156.333751	156.333751	156.333751	3.973747	-0.000657
-157.270004	21.108999	-179.120000	51.040000	947.857068	4.039000	155.652359	155.652359	155.652359	3.973558	0.080111
-157.227295	18.984800	-179.120000	51.040000	1002.762394	4.034000	156.669760	156.569760	156.669760	3.976476	-0.072168
-156.964600	24.312099	-179.120000	51.040000	870.369421	4.047000	153.048709	153.048709	153.048709	3.998832	-0.123803
-156.932007	19.832701	-179.120000	51.040000	984.064827	4.036000	156.059885	156.059885	156.059885	3.972202	0.035908
-156.808197	18.404200	-179.120000	51.040000	1021.987641	4.033000	156.543919	156.543919	156.543919	3.978917	-0.151379
-156.755997	21.136000	-179.120000	51.040000	952.722650	4.039000	155.164175	155.164175	155.164175	3.972727	0.055745
-156.658005	20.891001	-179.120000	51.040000	959.875640	4.039000	155.299242	155.299242	155.299242	3.971285	0.126912
-156.510101	19.477699	-179.120000	51.040000	997.683011	4.035000	155.888815	155.888815	155.888815	3.972259	0.023206
-156.465103	18.775000	-179.120000	51.040000	1016.267244	4.033000	156.202550	156.202550	156.202550	3.975624	-0.010156
-156.387695	17.614901	-179.120000	51.040000	1046.771026	4.031000	156.552930	156.552930	156.552930	3.984438	-0.200260
-156.206604	16.162001	-179.120000	51.040000	1085.884501	4.029000	156.904452	156.904452	157.004452	3.993937	-0.409850
-156.167007	18.301001	-179.120000	51.040000	1031.577808	4.032000	156.190907	156.190907	156.190907	3.978973	-0.027617
-155.996994	20.771000	-179.120000	51.040000	970.339731	4.038000	154.814154	154.814154	154.814154	3.971035	0.130973
-155.772995	19.079000	-179.120000	51.040000	1015.836070	4.034000	155.500390	155.500390	155.500390	3.973395	0.024677
-155.765305	26.776699	-179.120000	51.040000	825.216670	4.047000	149.611319	149.511319	149.611319	4.022144	-0.526401
-155.714996	18.000299	-179.120000	51.040000	1044.201428	4.031000	156.047557	155.947557	156.047557	3.980784	0.039136
-155.710999	20.046000	-179.120000	51.040000	991.960094	4.036000	155.028124	155.028124	155.028124	3.971156	0.152643
-155.679398	21.205500	-179.120000	51.040000	962.910280	4.039000	154.223465	154.223465	154.223465	3.973263	0.073132
-155.636200	22.299900	-179.120000	51.040000	935.814235	4.042000	153.506829	153.506829	153.506829	3.980320	0.095822
-154.994400	21.507000	-179.120000	51.040000	963.306757	4.039000	153.493777	153.493777	153.493777	3.977133	0.101167
-154.983002	19.601000	-179.120000	51.040000	1011.341899	4.035000	154.704834	154.704834	154.704834	3.974225	0.164760
-154.797394	18.803101	-179.120000	51.040000	1033.701251	4.033000	155.007382	155.007382	155.007382	3.978503	0.165010
-154.691299	17.180099	-179.120000	51.040000	1076.083809	4.030000	155.756853	155.756853	155.756853	3.989338	0.136436
-154.617798	20.088900	-179.120000	51.040000	1003.182062	4.036000	154.230181	154.230181	154.230181	3.975075	0.268436
-154.495895	18.401699	-179.120000	51.040000	1047.291575	4.032000	155.063837	155.063837	155.063837	3.982389	0.238777
-154.482803	21.001900	-179.120000	51.040000	981.832859	4.038000	153.448919	153.448919	153.448919	3.976924	0.152170
-154.393997	19.262501	-179.120000	51.040000	1026.612938	4.034000	154.515569	154.515569	154.515569	3.978215	0.250068
-154.251801	21.168699	-179.120000	51.040000	980.450978	4.038000	153.189807	153.189807	153.189807	3.979023	0.183030
-154.030502	17.988400	-179.120000	51.040000	1063.036351	4.031000	155.002978	155.002978	155.002978	3.988637	0.315826
-153.992294	18.797600	-179.120000	51.040000	1042.923813	4.033000	154.586031	154.486031	154.586031	3.983301	0.371539
-153.982697	21.519699	-179.120000	51.040000	974.831621	4.039000	152.730078	152.730078	152.730078	3.982527	0.162225
-153.967499	14.731300	-179.120000	51.040000	1146.440497	4.026000	156.618130	156.618130	156.618130	3.995949	0.370623
-153.902405	19.979099	-179.120000	51.040000	1014.124777	4.036000	153.801996	153.801996	153.801996	3.980442	0.339891
-153.868195	17.315399	-179.120000	51.040000	1081.836024	4.030000	155.236309	155.236309	155.236309	3.992124	0.318349
-153.700806	17.297501	-179.120000	51.040000	1084.164142	4.030000	155.119882	155.119882	155.119882	3.993297	0.319661
-153.503204	19.495199	-179.120000	51.040000	1030.893581	4.035000	153.803522	153.803522	153.803522	3.985269	0.364874
-153.295898	18.800900	-179.120000	51.040000	1050.868661	4.033000	154.121849	154.121849	154.121849	3.989701	0.442599
-153.292099	20.892599	-179.120000	51.040000	998.539360	4.038000	152.749556	152.749556	152.749556	3.986094	0.321281
-153.290604	17.906200	-179.120000	51.040000	1073.497237	4.031000	154.645618	154.645618	154.645618	3.993323	0.476879
-152.981201	18.301800	-179.120000	51.040000	1067.065640	4.032000	154.247333	154.247333	154.247333	3.994047	0.526366
-152.765793	25.592800	-179.120000	51.040000	891.385952	4.045000	148.606336	148.606336	148.606336	4.021358	-0.028500
-152.132401	18.481400	-179.120000	51.040000	1072.145139	4.034000	153.670714	153.670714	153.670714	4.003370	0.676442
-151.686600	14.689100	-179.120000	51.040000	1172.390520	4.028000	155.648220	155.648220	155.648220	4.014090	1.027238
-151.637604	16.737801	-179.120000	51.040000	1121.543605	4.031000	154.336820	154.336820	154.336820	4.014903	0.757948
-150.914993	18.914200	-179.120000	51.040000	1075.882078	4.036000	152.628297	152.628297	152.628297	4.012096	0.753213
-149.000900	16.989000	-179.120000	51.040000	1146.201542	4.036000	152.657509	152.657509	152.657509	4.031399	1.008494
