-162.0256040	14.6596000	165.8100000	60.8600000	1420.1436588	4.0440927
-162.0256040	15.1596000	165.8100000	60.8600000	1407.2431662	4.0440927
-162.0256040	15.6596000	165.8100000	60.8600000	1394.3527521	4.0440927
-162.0256040	16.1596000	165.8100000	60.8600000	1381.8144127	4.0430927
-162.0256040	16.6596000	165.8100000	60.8600000	1368.9419118	4.0430927
-162.0256040	17.1596000	165.8100000	60.8600000	1356.0804557	4.0430927
-162.0256040	17.6596000	165.8100000	60.8600000	1343.2303909	4.0430927
-162.0256040	18.1596000	165.8100000	60.8600000	1330.5176094	4.0427112
-162.0256040	18.6596000	165.8100000	60.8600000	1317.8918501	4.0420927
-162.0256040	19.1596000	165.8100000	60.8600000	1305.0750059	4.0420927
-162.0256040	19.6596000	165.8100000	60.8600000	1292.2710837	4.0420927
-162.0256040	20.1596000	165.8100000	60.8600000	1279.2847419	4.0427112
-162.0256040	20.6596000	165.8100000	60.8600000	1266.5098980	4.0427112
-162.0256040	21.1596000	165.8100000	60.8600000	1253.6309992	4.0430927
-162.0256040	21.6596000	165.8100000	60.8600000	1240.8863010	4.0430927
-162.0256040	22.1596000	165.8100000	60.8600000	1227.9689410	4.0437112
-162.0256040	22.6596000	165.8100000	60.8600000	1215.1424759	4.0440927
-162.0256040	23.1596000	165.8100000	60.8600000	1202.2642024	4.0447112
-162.0256040	23.6596000	165.8100000	60.8600000	1189.4763800	4.0450927
-162.0256040	24.1596000	165.8100000	60.8600000	1176.5284658	4.0460927
-162.0256040	24.6596000	165.8100000	60.8600000	1163.7146212	4.0467112
-162.0256040	25.1596000	165.8100000	60.8600000	1150.9907323	4.0470927
-162.0256040	25.6596000	165.8100000	60.8600000	1138.2218484	4.0477112
-162.0256040	26.1596000	165.8100000	60.8600000	1125.5427455	4.0480927
-162.0256040	26.6596000	165.8100000	60.8600000	1112.8215490	4.0487112
-161.5256040	14.6596000	165.8100000	60.8600000	1424.5867828	4.0440927
-161.5256040	15.1596000	165.8100000	60.8600000	1412.0541417	4.0430927
-161.5256040	15.6596000	165.8100000	60.8600000	1399.1794155	4.0430927
-161.5256040	16.1596000	165.8100000	60.8600000	1386.3152690	4.0430927
-161.5256040	16.6596000	165.8100000	60.8600000	1373.4620278	4.0430927
-161.5256040	17.1596000	165.8100000	60.8600000	1360.9566429	4.0420927
-161.5256040	17.6596000	165.8100000	60.8600000	1348.1230658	4.0420927
-161.5256040	18.1596000	165.8100000	60.8600000	1335.3014513	4.0420927
-161.5256040	18.6596000	165.8100000	60.8600000	1322.4921786	4.0420927
-161.5256040	19.1596000	165.8100000	60.8600000	1309.6956419	4.0420927
-161.5256040	19.6596000	165.8100000	60.8600000	1296.9122510	4.0420927
-161.5256040	20.1596000	165.8100000	60.8600000	1284.1424320	4.0420927
-161.5256040	20.6596000	165.8100000	60.8600000	1271.1921042	4.0427112
-161.5256040	21.1596000	165.8100000	60.8600000	1258.3339933	4.0430927
-161.5256040	21.6596000	165.8100000	60.8600000	1245.6107703	4.0430927
-161.5256040	22.1596000	165.8100000	60.8600000	1232.7144107	4.0437112
-161.5256040	22.6596000	165.8100000	60.8600000	1219.9094759	4.0440927
-161.5256040	23.1596000	165.8100000	60.8600000	1206.9388832	4.0450927
-161.5256040	23.6596000	165.8100000	60.8600000	1194.1043479	4.0457112
-161.5256040	24.1596000	165.8100000	60.8600000	1181.3606094	4.0460927
-161.5256040	24.6596000	165.8100000	60.8600000	1168.5690756	4.0467112
-161.5256040	25.1596000	165.8100000	60.8600000	1155.8680630	4.0470927
-161.5256040	25.6596000	165.8100000	60.8600000	1143.1220567	4.0477112
-161.5256040	26.1596000	165.8100000	60.8600000	1130.4664118	4.0480927
-161.5256040	26.6596000	165.8100000	60.8600000	1117.7686843	4.0487112
-161.0256040	14.6596000	165.8100000	60.8600000	1429.4342039	4.0430927
-161.0256040	15.1596000	165.8100000	60.8600000	1416.5679039	4.0430927
-161.0256040	15.6596000	165.8100000	60.8600000	1404.0593244	4.0420927
-161.0256040	16.1596000	165.8100000	60.8600000	1391.2110587	4.0420927
-161.0256040	16.6596000	165.8100000	60.8600000	1378.3738910	4.0420927
-161.0256040	17.1596000	165.8100000	60.8600000	1365.5481644	4.0420927
-161.0256040	17.6596000	165.8100000	60.8600000	1352.7342347	4.0420927
-161.0256040	18.1596000	165.8100000	60.8600000	1339.9324716	4.0420927
-161.0256040	18.6596000	165.8100000	60.8600000	1327.1432593	4.0420927
-161.0256040	19.1596000	165.8100000	60.8600000	1314.3669967	4.0420927
-161.0256040	19.6596000	165.8100000	60.8600000	1301.6040986	4.0420927
-161.0256040	20.1596000	165.8100000	60.8600000	1288.8549964	4.0420927
-161.0256040	20.6596000	165.8100000	60.8600000	1275.9248902	4.0427112
-161.0256040	21.1596000	165.8100000	60.8600000	1263.0875076	4.0430927
-161.0256040	21.6596000	165.8100000	60.8600000	1250.3856989	4.0430927
-161.0256040	22.1596000	165.8100000	60.8600000	1237.3935366	4.0440927
-161.0256040	22.6596000	165.8100000	60.8600000	1224.7267820	4.0440927
-161.0256040	23.1596000	165.8100000	60.8600000	1211.7771532	4.0450927
-161.0256040	23.6596000	165.8100000	60.8600000	1198.9642910	4.0457112
-161.0256040	24.1596000	165.8100000	60.8600000	1186.2427720	4.0460927
-161.0256040	24.6596000	165.8100000	60.8600000	1173.3628330	4.0470927
-161.0256040	25.1596000	165.8100000	60.8600000	1160.7951875	4.0470927
-161.0256040	25.6596000	165.8100000	60.8600000	1147.9637474	4.0480927
-161.0256040	26.1596000	165.8100000	60.8600000	1135.4396131	4.0480927
-161.0256040	26.6596000	165.8100000	60.8600000	1122.7652101	4.0487112
-160.5256040	14.6596000	165.8100000	60.8600000	1434.3342375	4.0420927
-160.5256040	15.1596000	165.8100000	60.8600000	1421.4834433	4.0420927
-160.5256040	15.6596000	165.8100000	60.8600000	1408.6432760	4.0420927
-160.5256040	16.1596000	165.8100000	60.8600000	1395.8140582	4.0420927
-160.5256040	16.6596000	165.8100000	60.8600000	1383.1266526	4.0417112
-160.5256040	17.1596000	165.8100000	60.8600000	1370.3191417	4.0417112
-160.5256040	17.6596000	165.8100000	60.8600000	1357.5236238	4.0417112
-160.5256040	18.1596000	165.8100000	60.8600000	1344.7404731	4.0417112
-160.5256040	18.6596000	165.8100000	60.8600000	1331.9700784	4.0417112
-160.5256040	19.1596000	165.8100000	60.8600000	1319.0883472	4.0420927
-160.5256040	19.6596000	165.8100000	60.8600000	1306.3458944	4.0420927
-160.5256040	20.1596000	165.8100000	60.8600000	1293.6174559	4.0420927
-160.5256040	20.6596000	165.8100000	60.8600000	1280.7075051	4.0427112
-160.5256040	21.1596000	165.8100000	60.8600000	1267.8907817	4.0430927
-160.5256040	21.6596000	165.8100000	60.8600000	1255.0183154	4.0437112
-160.5256040	22.1596000	165.8100000	60.8600000	1242.2385387	4.0440927
-160.5256040	22.6596000	165.8100000	60.8600000	1229.4055685	4.0447112
-160.5256040	23.1596000	165.8100000	60.8600000	1216.6648375	4.0450927
-160.5256040	23.6596000	165.8100000	60.8600000	1203.8735433	4.0457112
-160.5256040	24.1596000	165.8100000	60.8600000	1191.1741343	4.0460927
-160.5256040	24.6596000	165.8100000	60.8600000	1178.3158090	4.0470927
-160.5256040	25.1596000	165.8100000	60.8600000	1165.5931216	4.0477112
-160.5256040	25.6596000	165.8100000	60.8600000	1153.0706252	4.0477112
-160.5256040	26.1596000	165.8100000	60.8600000	1140.4614885	4.0480927
-160.5256040	26.6596000	165.8100000	60.8600000	1127.8102551	4.0487112
-160.0256040	14.6596000	165.8100000	60.8600000	1438.9302020	4.0420927
-160.0256040	15.1596000	165.8100000	60.8600000	1426.2326771	4.0417112
-160.0256040	15.6596000	165.8100000	60.8600000	1413.6264869	4.0410927
-160.0256040	16.1596000	165.8100000	60.8600000	1400.8131236	4.0410927
-160.0256040	16.6596000	165.8100000	60.8600000	1388.0112290	4.0410927
-160.0256040	17.1596000	165.8100000	60.8600000	1375.2211548	4.0410927
-160.0256040	17.6596000	165.8100000	60.8600000	1362.4432658	4.0410927
-160.0256040	18.1596000	165.8100000	60.8600000	1349.6779408	4.0410927
-160.0256040	18.6596000	165.8100000	60.8600000	1336.9255731	4.0410927
-160.0256040	19.1596000	165.8100000	60.8600000	1323.9839184	4.0417112
-160.0256040	19.6596000	165.8100000	60.8600000	1311.1369077	4.0420927
-160.0256040	20.1596000	165.8100000	60.8600000	1298.4290710	4.0420927
-160.0256040	20.6596000	165.8100000	60.8600000	1285.5392002	4.0427112
-160.0256040	21.1596000	165.8100000	60.8600000	1272.7430576	4.0430927
-160.0256040	21.6596000	165.8100000	60.8600000	1259.8911099	4.0437112
-160.0256040	22.1596000	165.8100000	60.8600000	1247.1323644	4.0440927
-160.0256040	22.6596000	165.8100000	60.8600000	1234.3203703	4.0447112
-160.0256040	23.1596000	165.8100000	60.8600000	1221.6011404	4.0450927
-160.0256040	23.6596000	165.8100000	60.8600000	1208.7173327	4.0460927
-160.0256040	24.1596000	165.8100000	60.8600000	1195.9710486	4.0467112
-160.0256040	24.6596000	165.8100000	60.8600000	1183.3170346	4.0470927
-160.0256040	25.1596000	165.8100000	60.8600000	1170.7954630	4.0470927
-160.0256040	25.6596000	165.8100000	60.8600000	1158.1172896	4.0477112
-160.0256040	26.1596000	165.8100000	60.8600000	1145.5311825	4.0480927
-160.0256040	26.6596000	165.8100000	60.8600000	1133.0760588	4.0480927
-159.5256040	14.6596000	165.8100000	60.8600000	1443.9323130	4.0410927
-159.5256040	15.1596000	165.8100000	60.8600000	1431.1156710	4.0410927
-159.5256040	15.6596000	165.8100000	60.8600000	1418.3100017	4.0410927
-159.5256040	16.1596000	165.8100000	60.8600000	1405.5156358	4.0410927
-159.5256040	16.6596000	165.8100000	60.8600000	1392.7329162	4.0410927
-159.5256040	17.1596000	165.8100000	60.8600000	1379.9621987	4.0410927
-159.5256040	17.6596000	165.8100000	60.8600000	1367.2038523	4.0410927
-159.5256040	18.1596000	165.8100000	60.8600000	1354.4582598	4.0410927
-159.5256040	18.6596000	165.8100000	60.8600000	1341.7258189	4.0410927
-159.5256040	19.1596000	165.8100000	60.8600000	1328.8035520	4.0417112
-159.5256040	19.6596000	165.8100000	60.8600000	1315.9764098	4.0420927
-159.5256040	20.1596000	165.8100000	60.8600000	1303.2891039	4.0420927
-159.5256040	20.6596000	165.8100000	60.8600000	1290.4192291	4.0427112
-159.5256040	21.1596000	165.8100000	60.8600000	1277.6435801	4.0430927
-159.5256040	21.6596000	165.8100000	60.8600000	1264.8120544	4.0437112
-159.5256040	22.1596000	165.8100000	60.8600000	1252.0742401	4.0440927
-159.5256040	22.6596000	165.8100000	60.8600000	1239.1662458	4.0450927
-159.5256040	23.1596000	165.8100000	60.8600000	1226.5852695	4.0450927
-159.5256040	23.6596000	165.8100000	60.8600000	1213.7223192	4.0460927
-159.5256040	24.1596000	165.8100000	60.8600000	1200.9976001	4.0467112
-159.5256040	24.6596000	165.8100000	60.8600000	1188.3656892	4.0470927
-159.5256040	25.1596000	165.8100000	60.8600000	1175.8669482	4.0470927
-159.5256040	25.6596000	165.8100000	60.8600000	1163.2110855	4.0477112
-159.5256040	26.1596000	165.8100000	60.8600000	1150.7562829	4.0477112
-159.5256040	26.6596000	165.8100000	60.8600000	1138.2163357	4.0480927
-159.0256040	14.6596000	165.8100000	60.8600000	1448.7633947	4.0407112
-159.0256040	15.1596000	165.8100000	60.8600000	1435.9641677	4.0407112
-159.0256040	15.6596000	165.8100000	60.8600000	1423.1760799	4.0407112
-159.0256040	16.1596000	165.8100000	60.8600000	1410.3994659	4.0407112
-159.0256040	16.6596000	165.8100000	60.8600000	1397.6346726	4.0407112
-159.0256040	17.1596000	165.8100000	60.8600000	1384.8820596	4.0407112
-159.0256040	17.6596000	165.8100000	60.8600000	1372.1419999	4.0407112
-159.0256040	18.1596000	165.8100000	60.8600000	1359.2865584	4.0410927
-159.0256040	18.6596000	165.8100000	60.8600000	1346.5739812	4.0410927
-159.0256040	19.1596000	165.8100000	60.8600000	1333.6710262	4.0417112
-159.0256040	19.6596000	165.8100000	60.8600000	1320.8636743	4.0420927
-159.0256040	20.1596000	165.8100000	60.8600000	1308.1968196	4.0420927
-159.0256040	20.6596000	165.8100000	60.8600000	1295.3468480	4.0427112
-159.0256040	21.1596000	165.8100000	60.8600000	1282.5915965	4.0430927
-159.0256040	21.6596000	165.8100000	60.8600000	1269.7803877	4.0437112
-159.0256040	22.1596000	165.8100000	60.8600000	1257.0633954	4.0440927
-159.0256040	22.6596000	165.8100000	60.8600000	1244.1756765	4.0450927
-159.0256040	23.1596000	165.8100000	60.8600000	1231.4281372	4.0457112
-159.0256040	23.6596000	165.8100000	60.8600000	1218.7742059	4.0460927
-159.0256040	24.1596000	165.8100000	60.8600000	1206.2552873	4.0460927
-159.0256040	24.6596000	165.8100000	60.8600000	1193.5734573	4.0467112
-159.0256040	25.1596000	165.8100000	60.8600000	1180.9848962	4.0470927
-159.0256040	25.6596000	165.8100000	60.8600000	1168.3511780	4.0477112
-159.0256040	26.1596000	165.8100000	60.8600000	1155.9195561	4.0477112
-159.0256040	26.6596000	165.8100000	60.8600000	1143.5103143	4.0477112
-158.5256040	14.6596000	165.8100000	60.8600000	1453.7283447	4.0400927
-158.5256040	15.1596000	165.8100000	60.8600000	1440.9457472	4.0400927
-158.5256040	15.6596000	165.8100000	60.8600000	1428.1744519	4.0400927
-158.5256040	16.1596000	165.8100000	60.8600000	1415.4147972	4.0400927
-158.5256040	16.6596000	165.8100000	60.8600000	1402.6671338	4.0400927
-158.5256040	17.1596000	165.8100000	60.8600000	1389.9318250	4.0400927
-158.5256040	17.6596000	165.8100000	60.8600000	1376.9984285	4.0407112
-158.5256040	18.1596000	165.8100000	60.8600000	1364.2909193	4.0407112
-158.5256040	18.6596000	165.8100000	60.8600000	1351.4693521	4.0410927
-158.5256040	19.1596000	165.8100000	60.8600000	1338.7905128	4.0410927
-158.5256040	19.6596000	165.8100000	60.8600000	1325.9231066	4.0417112
-158.5256040	20.1596000	165.8100000	60.8600000	1313.1514855	4.0420927
-158.5256040	20.6596000	165.8100000	60.8600000	1300.3213159	4.0427112
-158.5256040	21.1596000	165.8100000	60.8600000	1287.5863573	4.0430927
-158.5256040	21.6596000	165.8100000	60.8600000	1274.7953517	4.0437112
-158.5256040	22.1596000	165.8100000	60.8600000	1262.0990638	4.0440927
-158.5256040	22.6596000	165.8100000	60.8600000	1249.3493043	4.0447112
-158.5256040	23.1596000	165.8100000	60.8600000	1236.6938574	4.0450927
-158.5256040	23.6596000	165.8100000	60.8600000	1223.9875956	4.0457112
-158.5256040	24.1596000	165.8100000	60.8600000	1211.3753380	4.0460927
-158.5256040	24.6596000	165.8100000	60.8600000	1198.7150116	4.0467112
-158.5256040	25.1596000	165.8100000	60.8600000	1186.2602980	4.0467112
-158.5256040	25.6596000	165.8100000	60.8600000	1173.7160963	4.0470927
-158.5256040	26.1596000	165.8100000	60.8600000	1161.3055812	4.0470927
-158.5256040	26.6596000	165.8100000	60.8600000	1148.9176984	4.0470927
-158.0256040	14.6596000	165.8100000	60.8600000	1458.5185001	4.0400927
-158.0256040	15.1596000	165.8100000	60.8600000	1445.8909641	4.0397112
-158.0256040	15.6596000	165.8100000	60.8600000	1433.1371646	4.0397112
-158.0256040	16.1596000	165.8100000	60.8600000	1420.3951675	4.0397112
-158.0256040	16.6596000	165.8100000	60.8600000	1407.5324172	4.0400927
-158.0256040	17.1596000	165.8100000	60.8600000	1394.8163010	4.0400927
-158.0256040	17.6596000	165.8100000	60.8600000	1382.1130878	4.0400927
-158.0256040	18.1596000	165.8100000	60.8600000	1369.2135448	4.0407112
-158.0256040	18.6596000	165.8100000	60.8600000	1356.4112260	4.0410927
-158.0256040	19.1596000	165.8100000	60.8600000	1343.7522824	4.0410927
-158.0256040	19.6596000	165.8100000	60.8600000	1330.9041957	4.0417112
-158.0256040	20.1596000	165.8100000	60.8600000	1318.1523717	4.0420927
-158.0256040	20.6596000	165.8100000	60.8600000	1305.3418949	4.0427112
-158.0256040	21.1596000	165.8100000	60.8600000	1292.6271163	4.0430927
-158.0256040	21.6596000	165.8100000	60.8600000	1279.8561918	4.0437112
-158.0256040	22.1596000	165.8100000	60.8600000	1267.1804820	4.0440927
-158.0256040	22.6596000	165.8100000	60.8600000	1254.4512071	4.0447112
-158.0256040	23.1596000	165.8100000	60.8600000	1241.8167518	4.0450927
-158.0256040	23.6596000	165.8100000	60.8600000	1229.1313933	4.0457112
-158.0256040	24.1596000	165.8100000	60.8600000	1216.5405559	4.0460927
-158.0256040	24.6596000	165.8100000	60.8600000	1204.0856112	4.0460927
-158.0256040	25.1596000	165.8100000	60.8600000	1191.4692076	4.0467112
-158.0256040	25.6596000	165.8100000	60.8600000	1179.0582319	4.0467112
-158.0256040	26.1596000	165.8100000	60.8600000	1166.6693695	4.0467112
-158.0256040	26.6596000	165.8100000	60.8600000	1154.3033808	4.0467112
-157.5256040	14.6596000	165.8100000	60.8600000	1463.7173220	4.0390927
-157.5256040	15.1596000	165.8100000	60.8600000	1450.9686010	4.0390927
-157.5256040	15.6596000	165.8100000	60.8600000	1438.2314952	4.0390927
-157.5256040	16.1596000	165.8100000	60.8600000	1425.2880833	4.0397112
-157.5256040	16.6596000	165.8100000	60.8600000	1412.5772023	4.0397112
-157.5256040	17.1596000	165.8100000	60.8600000	1399.8790081	4.0397112
-157.5256040	17.6596000	165.8100000	60.8600000	1387.0629078	4.0400927
-157.5256040	18.1596000	165.8100000	60.8600000	1374.1820615	4.0407112
-157.5256040	18.6596000	165.8100000	60.8600000	1361.5274213	4.0407112
-157.5256040	19.1596000	165.8100000	60.8600000	1348.7597592	4.0410927
-157.5256040	19.6596000	165.8100000	60.8600000	1335.9308868	4.0417112
-157.5256040	20.1596000	165.8100000	60.8600000	1323.1987513	4.0420927
-157.5256040	20.6596000	165.8100000	60.8600000	1310.4078500	4.0427112
-157.5256040	21.1596000	165.8100000	60.8600000	1297.7131305	4.0430927
-157.5256040	21.6596000	165.8100000	60.8600000	1284.9621569	4.0437112
-157.5256040	22.1596000	165.8100000	60.8600000	1272.3068911	4.0440927
-157.5256040	22.6596000	165.8100000	60.8600000	1259.5979567	4.0447112
-157.5256040	23.1596000	165.8100000	60.8600000	1246.9843444	4.0450927
-157.5256040	23.6596000	165.8100000	60.8600000	1234.3197301	4.0457112
-157.5256040	24.1596000	165.8100000	60.8600000	1221.8653443	4.0457112
-157.5256040	24.6596000	165.8100000	60.8600000	1209.4311888	4.0457112
-157.5256040	25.1596000	165.8100000	60.8600000	1196.9050873	4.0460927
-157.5256040	25.6596000	165.8100000	60.8600000	1184.5146189	4.0460927
-157.5256040	26.1596000	165.8100000	60.8600000	1172.1464935	4.0460927
-157.5256040	26.6596000	165.8100000	60.8600000	1159.8014752	4.0460927
-157.0256040	14.6596000	165.8100000	60.8600000	1468.6007811	4.0390927
-157.0256040	15.1596000	165.8100000	60.8600000	1455.8704936	4.0390927
-157.0256040	15.6596000	165.8100000	60.8600000	1443.1519696	4.0390927
-157.0256040	16.1596000	165.8100000	60.8600000	1430.4455576	4.0390927
-157.0256040	16.6596000	165.8100000	60.8600000	1417.5345393	4.0397112
-157.0256040	17.1596000	165.8100000	60.8600000	1404.8553887	4.0397112
-157.0256040	17.6596000	165.8100000	60.8600000	1392.1894703	4.0397112
-157.0256040	18.1596000	165.8100000	60.8600000	1379.4069318	4.0400927
-157.0256040	18.6596000	165.8100000	60.8600000	1366.5606691	4.0407112
-157.0256040	19.1596000	165.8100000	60.8600000	1353.8122347	4.0410927
-157.0256040	19.6596000	165.8100000	60.8600000	1341.0024638	4.0417112
-157.0256040	20.1596000	165.8100000	60.8600000	1328.4152655	4.0417112
-157.0256040	20.6596000	165.8100000	60.8600000	1315.5184499	4.0427112
-157.0256040	21.1596000	165.8100000	60.8600000	1302.9665936	4.0427112
-157.0256040	21.6596000	165.8100000	60.8600000	1290.1125001	4.0437112
-157.0256040	22.1596000	165.8100000	60.8600000	1277.5980455	4.0437112
-157.0256040	22.6596000	165.8100000	60.8600000	1264.9822385	4.0440927
-157.0256040	23.1596000	165.8100000	60.8600000	1252.3139594	4.0447112
-157.0256040	23.6596000	165.8100000	60.8600000	1239.7413685	4.0450927
-157.0256040	24.1596000	165.8100000	60.8600000	1227.1190202	4.0457112
-157.0256040	24.6596000	165.8100000	60.8600000	1214.7066518	4.0457112
-157.0256040	25.1596000	165.8100000	60.8600000	1202.3154017	4.0457112
-157.0256040	25.6596000	165.8100000	60.8600000	1189.9459776	4.0457112
-157.0256040	26.1596000	165.8100000	60.8600000	1177.5991160	4.0457112
-157.0256040	26.6596000	165.8100000	60.8600000	1165.2755837	4.0457112
-156.5256040	14.6596000	165.8100000	60.8600000	1473.6685131	4.0387112
-156.5256040	15.1596000	165.8100000	60.8600000	1460.9553907	4.0387112
-156.5256040	15.6596000	165.8100000	60.8600000	1448.2541770	4.0387112
-156.5256040	16.1596000	165.8100000	60.8600000	1435.4296460	4.0390927
-156.5256040	16.6596000	165.8100000	60.8600000	1422.7545139	4.0390927
-156.5256040	17.1596000	165.8100000	60.8600000	1409.8764755	4.0397112
-156.5256040	17.6596000	165.8100000	60.8600000	1397.2296708	4.0397112
-156.5256040	18.1596000	165.8100000	60.8600000	1384.4659279	4.0400927
-156.5256040	18.6596000	165.8100000	60.8600000	1371.6383219	4.0407112
-156.5256040	19.1596000	165.8100000	60.8600000	1359.0372899	4.0407112
-156.5256040	19.6596000	165.8100000	60.8600000	1346.3242542	4.0410927
-156.5256040	20.1596000	165.8100000	60.8600000	1333.5509488	4.0417112
-156.5256040	20.6596000	165.8100000	60.8600000	1320.8750623	4.0420927
-156.5256040	21.1596000	165.8100000	60.8600000	1308.1413924	4.0427112
-156.5256040	21.6596000	165.8100000	60.8600000	1295.5046432	4.0430927
-156.5256040	22.1596000	165.8100000	60.8600000	1282.8126671	4.0437112
-156.5256040	22.6596000	165.8100000	60.8600000	1270.2171978	4.0440927
-156.5256040	23.1596000	165.8100000	60.8600000	1257.5691355	4.0447112
-156.5256040	23.6596000	165.8100000	60.8600000	1245.1346767	4.0447112
-156.5256040	24.1596000	165.8100000	60.8600000	1232.7202043	4.0447112
-156.5256040	24.6596000	165.8100000	60.8600000	1220.2112961	4.0450927
-156.5256040	25.1596000	165.8100000	60.8600000	1207.8399599	4.0450927
-156.5256040	25.6596000	165.8100000	60.8600000	1195.3078823	4.0457112
-156.5256040	26.1596000	165.8100000	60.8600000	1182.9832395	4.0457112
-156.5256040	26.6596000	165.8100000	60.8600000	1170.8611470	4.0450927
-156.0256040	14.6596000	165.8100000	60.8600000	1478.8684892	4.0380927
-156.0256040	15.1596000	165.8100000	60.8600000	1465.9471669	4.0387112
-156.0256040	15.6596000	165.8100000	60.8600000	1453.2643859	4.0387112
-156.0256040	16.1596000	165.8100000	60.8600000	1440.5940074	4.0387112
-156.0256040	16.6596000	165.8100000	60.8600000	1427.9363986	4.0387112
-156.0256040	17.1596000	165.8100000	60.8600000	1415.1582765	4.0390927
-156.0256040	17.6596000	165.8100000	60.8600000	1402.3138050	4.0397112
-156.0256040	18.1596000	165.8100000	60.8600000	1389.6999630	4.0397112
-156.0256040	18.6596000	165.8100000	60.8600000	1376.9704672	4.0400927
-156.0256040	19.1596000	165.8100000	60.8600000	1364.1781346	4.0407112
-156.0256040	19.6596000	165.8100000	60.8600000	1351.4842569	4.0410927
-156.0256040	20.1596000	165.8100000	60.8600000	1338.7299684	4.0417112
-156.0256040	20.6596000	165.8100000	60.8600000	1326.1987225	4.0417112
-156.0256040	21.1596000	165.8100000	60.8600000	1313.3592442	4.0427112
-156.0256040	21.6596000	165.8100000	60.8600000	1300.8650528	4.0427112
-156.0256040	22.1596000	165.8100000	60.8600000	1288.2670894	4.0430927
-156.0256040	22.6596000	165.8100000	60.8600000	1275.6150578	4.0437112
-156.0256040	23.1596000	165.8100000	60.8600000	1263.1790191	4.0437112
-156.0256040	23.6596000	165.8100000	60.8600000	1250.4532919	4.0447112
-156.0256040	24.1596000	165.8100000	60.8600000	1238.0600440	4.0447112
-156.0256040	24.6596000	165.8100000	60.8600000	1225.6876308	4.0447112
-156.0256040	25.1596000	165.8100000	60.8600000	1213.3367379	4.0447112
-156.0256040	25.6596000	165.8100000	60.8600000	1201.0080783	4.0447112
-156.0256040	26.1596000	165.8100000	60.8600000	1188.7023937	4.0447112
-156.0256040	26.6596000	165.8100000	60.8600000	1176.4204557	4.0447112
-155.5256040	14.6596000	165.8100000	60.8600000	1483.8865643	4.0380927
-155.5256040	15.1596000	165.8100000	60.8600000	1471.2080056	4.0380927
-155.5256040	15.6596000	165.8100000	60.8600000	1458.5416317	4.0380927
-155.5256040	16.1596000	165.8100000	60.8600000	1445.6663580	4.0387112
-155.5256040	16.6596000	165.8100000	60.8600000	1433.0273744	4.0387112
-155.5256040	17.1596000	165.8100000	60.8600000	1420.4016835	4.0387112
-155.5256040	17.6596000	165.8100000	60.8600000	1407.6567277	4.0390927
-155.5256040	18.1596000	165.8100000	60.8600000	1394.8464110	4.0397112
-155.5256040	18.6596000	165.8100000	60.8600000	1382.2661494	4.0397112
-155.5256040	19.1596000	165.8100000	60.8600000	1369.5715248	4.0400927
-155.5256040	19.6596000	165.8100000	60.8600000	1356.8150999	4.0407112
-155.5256040	20.1596000	165.8100000	60.8600000	1344.1573197	4.0410927
-155.5256040	20.6596000	165.8100000	60.8600000	1331.4402003	4.0417112
-155.5256040	21.1596000	165.8100000	60.8600000	1318.8212028	4.0420927
-155.5256040	21.6596000	165.8100000	60.8600000	1306.1453939	4.0427112
-155.5256040	22.1596000	165.8100000	60.8600000	1293.6893227	4.0427112
-155.5256040	22.6596000	165.8100000	60.8600000	1281.1308924	4.0430927
-155.5256040	23.1596000	165.8100000	60.8600000	1268.5195665	4.0437112
-155.5256040	23.6596000	165.8100000	60.8600000	1256.1239311	4.0437112
-155.5256040	24.1596000	165.8100000	60.8600000	1243.6313403	4.0440927
-155.5256040	24.6596000	165.8100000	60.8600000	1231.0899604	4.0447112
-155.5256040	25.1596000	165.8100000	60.8600000	1218.7604696	4.0447112
-155.5256040	25.6596000	165.8100000	60.8600000	1206.4533997	4.0447112
-155.5256040	26.1596000	165.8100000	60.8600000	1194.1694944	4.0447112
-155.5256040	26.6596000	165.8100000	60.8600000	1181.9095271	4.0447112
-155.0256040	14.6596000	165.8100000	60.8600000	1489.0885006	4.0377112
-155.0256040	15.1596000	165.8100000	60.8600000	1476.4268732	4.0377112
-155.0256040	15.6596000	165.8100000	60.8600000	1463.6392860	4.0380927
-155.0256040	16.1596000	165.8100000	60.8600000	1451.0038450	4.0380927
-155.0256040	16.6596000	165.8100000	60.8600000	1438.1611591	4.0387112
-155.0256040	17.1596000	165.8100000	60.8600000	1425.5541298	4.0387112
-155.0256040	17.6596000	165.8100000	60.8600000	1412.9609307	4.0387112
-155.0256040	18.1596000	165.8100000	60.8600000	1400.2497202	4.0390927
-155.0256040	18.6596000	165.8100000	60.8600000	1387.4741464	4.0397112
-155.0256040	19.1596000	165.8100000	60.8600000	1374.7982643	4.0400927
-155.0256040	19.6596000	165.8100000	60.8600000	1362.0604219	4.0407112
-155.0256040	20.1596000	165.8100000	60.8600000	1349.5490720	4.0407112
-155.0256040	20.6596000	165.8100000	60.8600000	1336.9280466	4.0410927
-155.0256040	21.1596000	165.8100000	60.8600000	1324.2487647	4.0417112
-155.0256040	21.6596000	165.8100000	60.8600000	1311.6678633	4.0420927
-155.0256040	22.1596000	165.8100000	60.8600000	1299.0312722	4.0427112
-155.0256040	22.6596000	165.8100000	60.8600000	1286.6140595	4.0427112
-155.0256040	23.1596000	165.8100000	60.8600000	1274.0959106	4.0430927
-155.0256040	23.6596000	165.8100000	60.8600000	1261.5260525	4.0437112
-155.0256040	24.1596000	165.8100000	60.8600000	1249.1716189	4.0437112
-155.0256040	24.6596000	165.8100000	60.8600000	1236.8383833	4.0437112
-155.0256040	25.1596000	165.8100000	60.8600000	1224.5270358	4.0437112
-155.0256040	25.6596000	165.8100000	60.8600000	1212.2382935	4.0437112
-155.0256040	26.1596000	165.8100000	60.8600000	1199.9729018	4.0437112
-155.0256040	26.6596000	165.8100000	60.8600000	1187.7316361	4.0437112
-154.5256040	14.6596000	165.8100000	60.8600000	1494.1928116	4.0377112
-154.5256040	15.1596000	165.8100000	60.8600000	1481.5492194	4.0377112
-154.5256040	15.6596000	165.8100000	60.8600000	1468.9180692	4.0377112
-154.5256040	16.1596000	165.8100000	60.8600000	1456.2997234	4.0377112
-154.5256040	16.6596000	165.8100000	60.8600000	1443.5581781	4.0380927
-154.5256040	17.1596000	165.8100000	60.8600000	1430.7486117	4.0387112
-154.5256040	17.6596000	165.8100000	60.8600000	1418.1740962	4.0387112
-154.5256040	18.1596000	165.8100000	60.8600000	1405.6139621	4.0387112
-154.5256040	18.6596000	165.8100000	60.8600000	1392.7237962	4.0397112
-154.5256040	19.1596000	165.8100000	60.8600000	1380.1968331	4.0397112
-154.5256040	19.6596000	165.8100000	60.8600000	1367.5564509	4.0400927
-154.5256040	20.1596000	165.8100000	60.8600000	1354.8551482	4.0407112
-154.5256040	20.6596000	165.8100000	60.8600000	1342.3798729	4.0407112
-154.5256040	21.1596000	165.8100000	60.8600000	1329.5927484	4.0417112
-154.5256040	21.6596000	165.8100000	60.8600000	1317.1554840	4.0417112
-154.5256040	22.1596000	165.8100000	60.8600000	1304.6133706	4.0420927
-154.5256040	22.6596000	165.8100000	60.8600000	1292.0167019	4.0427112
-154.5256040	23.1596000	165.8100000	60.8600000	1279.6390861	4.0427112
-154.5256040	23.6596000	165.8100000	60.8600000	1267.2815331	4.0427112
-154.5256040	24.1596000	165.8100000	60.8600000	1254.6343394	4.0437112
-154.5256040	24.6596000	165.8100000	60.8600000	1242.3219061	4.0437112
-154.5256040	25.1596000	165.8100000	60.8600000	1230.0315292	4.0437112
-154.5256040	25.6596000	165.8100000	60.8600000	1217.7639273	4.0437112
-154.5256040	26.1596000	165.8100000	60.8600000	1205.5198473	4.0437112
-154.5256040	26.6596000	165.8100000	60.8600000	1193.3000656	4.0437112
-154.0256040	14.6596000	165.8100000	60.8600000	1499.5687742	4.0370927
-154.0256040	15.1596000	165.8100000	60.8600000	1486.7133968	4.0377112
-154.0256040	15.6596000	165.8100000	60.8600000	1474.1003026	4.0377112
-154.0256040	16.1596000	165.8100000	60.8600000	1461.5001361	4.0377112
-154.0256040	16.6596000	165.8100000	60.8600000	1448.9132746	4.0377112
-154.0256040	17.1596000	165.8100000	60.8600000	1436.2044244	4.0380927
-154.0256040	17.6596000	165.8100000	60.8600000	1423.4285086	4.0387112
-154.0256040	18.1596000	165.8100000	60.8600000	1410.8870657	4.0387112
-154.0256040	18.6596000	165.8100000	60.8600000	1398.2285056	4.0390927
-154.0256040	19.1596000	165.8100000	60.8600000	1385.5064113	4.0397112
-154.0256040	19.6596000	165.8100000	60.8600000	1373.0142617	4.0397112
-154.0256040	20.1596000	165.8100000	60.8600000	1360.4099878	4.0400927
-154.0256040	20.6596000	165.8100000	60.8600000	1347.7458431	4.0407112
-154.0256040	21.1596000	165.8100000	60.8600000	1335.3072919	4.0407112
-154.0256040	21.6596000	165.8100000	60.8600000	1322.5593129	4.0417112
-154.0256040	22.1596000	165.8100000	60.8600000	1310.1601466	4.0417112
-154.0256040	22.6596000	165.8100000	60.8600000	1297.6575132	4.0420927
-154.0256040	23.1596000	165.8100000	60.8600000	1285.1014711	4.0427112
-154.0256040	23.6596000	165.8100000	60.8600000	1272.7641905	4.0427112
-154.0256040	24.1596000	165.8100000	60.8600000	1260.4477708	4.0427112
-154.0256040	24.6596000	165.8100000	60.8600000	1248.0351184	4.0430927
-154.0256040	25.1596000	165.8100000	60.8600000	1235.5745799	4.0437112
-154.0256040	25.6596000	165.8100000	60.8600000	1223.3278813	4.0437112
-154.0256040	26.1596000	165.8100000	60.8600000	1211.1048668	4.0437112
-154.0256040	26.6596000	165.8100000	60.8600000	1198.9063135	4.0437112
-153.5256040	14.6596000	165.8100000	60.8600000	1504.7571124	4.0370927
-153.5256040	15.1596000	165.8100000	60.8600000	1492.1473525	4.0370927
-153.5256040	15.6596000	165.8100000	60.8600000	1479.5502736	4.0370927
-153.5256040	16.1596000	165.8100000	60.8600000	1466.7415169	4.0377112
-153.5256040	16.6596000	165.8100000	60.8600000	1454.1728396	4.0377112
-153.5256040	17.1596000	165.8100000	60.8600000	1441.6179805	4.0377112
-153.5256040	17.6596000	165.8100000	60.8600000	1428.9423477	4.0380927
-153.5256040	18.1596000	165.8100000	60.8600000	1416.2006125	4.0387112
-153.5256040	18.6596000	165.8100000	60.8600000	1403.6927998	4.0387112
-153.5256040	19.1596000	165.8100000	60.8600000	1391.0691257	4.0390927
-153.5256040	19.6596000	165.8100000	60.8600000	1378.3829261	4.0397112
-153.5256040	20.1596000	165.8100000	60.8600000	1365.9261910	4.0397112
-153.5256040	20.6596000	165.8100000	60.8600000	1353.1514645	4.0407112
-153.5256040	21.1596000	165.8100000	60.8600000	1340.7322639	4.0407112
-153.5256040	21.6596000	165.8100000	60.8600000	1328.2056972	4.0410927
-153.5256040	22.1596000	165.8100000	60.8600000	1315.6228929	4.0417112
-153.5256040	22.6596000	165.8100000	60.8600000	1303.2625073	4.0417112
-153.5256040	23.1596000	165.8100000	60.8600000	1290.6025504	4.0427112
-153.5256040	23.6596000	165.8100000	60.8600000	1278.2853325	4.0427112
-153.5256040	24.1596000	165.8100000	60.8600000	1265.9891245	4.0427112
-153.5256040	24.6596000	165.8100000	60.8600000	1253.7145951	4.0427112
-153.5256040	25.1596000	165.8100000	60.8600000	1241.2725221	4.0433298
-153.5256040	25.6596000	165.8100000	60.8600000	1228.9293896	4.0437112
-153.5256040	26.1596000	165.8100000	60.8600000	1216.7271882	4.0437112
-153.5256040	26.6596000	165.8100000	60.8600000	1204.5496018	4.0437112
-153.0256040	14.6596000	165.8100000	60.8600000	1510.1288200	4.0367112
-153.0256040	15.1596000	165.8100000	60.8600000	1497.5355897	4.0367112
-153.0256040	15.6596000	165.8100000	60.8600000	1484.8148416	4.0370927
-153.0256040	16.1596000	165.8100000	60.8600000	1472.2487553	4.0370927
-153.0256040	16.6596000	165.8100000	60.8600000	1459.4726002	4.0377112
-153.0256040	17.1596000	165.8100000	60.8600000	1446.9359161	4.0377112
-153.0256040	17.6596000	165.8100000	60.8600000	1434.2780737	4.0380927
-153.0256040	18.1596000	165.8100000	60.8600000	1421.5539329	4.0387112
-153.0256040	18.6596000	165.8100000	60.8600000	1409.0646553	4.0387112
-153.0256040	19.1596000	165.8100000	60.8600000	1396.5910293	4.0387112
-153.0256040	19.6596000	165.8100000	60.8600000	1383.7908910	4.0397112
-153.0256040	20.1596000	165.8100000	60.8600000	1371.3530684	4.0397112
-153.0256040	20.6596000	165.8100000	60.8600000	1358.8040393	4.0400927
-153.0256040	21.1596000	165.8100000	60.8600000	1346.1960080	4.0407112
-153.0256040	21.6596000	165.8100000	60.8600000	1333.8141345	4.0407112
-153.0256040	22.1596000	165.8100000	60.8600000	1321.1240220	4.0417112
-153.0256040	22.6596000	165.8100000	60.8600000	1308.7832099	4.0417112
-153.0256040	23.1596000	165.8100000	60.8600000	1296.4622860	4.0417112
-153.0256040	23.6596000	165.8100000	60.8600000	1283.8442238	4.0427112
-153.0256040	24.1596000	165.8100000	60.8600000	1271.5680037	4.0427112
-153.0256040	24.6596000	165.8100000	60.8600000	1259.3136042	4.0427112
-153.0256040	25.1596000	165.8100000	60.8600000	1247.0817204	4.0427112
-153.0256040	25.6596000	165.8100000	60.8600000	1234.5676929	4.0437112
-153.0256040	26.1596000	165.8100000	60.8600000	1222.3860467	4.0437112
-153.0256040	26.6596000	165.8100000	60.8600000	1210.2291597	4.0437112
-152.5256040	14.6596000	165.8100000	60.8600000	1515.3983892	4.0367112
-152.5256040	15.1596000	165.8100000	60.8600000	1502.8227622	4.0367112
-152.5256040	15.6596000	165.8100000	60.8600000	1490.2600355	4.0367112
-152.5256040	16.1596000	165.8100000	60.8600000	1477.5709535	4.0370927
-152.5256040	16.6596000	165.8100000	60.8600000	1464.8119078	4.0377112
-152.5256040	17.1596000	165.8100000	60.8600000	1452.2932607	4.0377112
-152.5256040	17.6596000	165.8100000	60.8600000	1439.7890720	4.0377112
-152.5256040	18.1596000	165.8100000	60.8600000	1427.1649353	4.0380927
-152.5256040	18.6596000	165.8100000	60.8600000	1414.4754641	4.0387112
-152.5256040	19.1596000	165.8100000	60.8600000	1402.0203384	4.0387112
-152.5256040	19.6596000	165.8100000	60.8600000	1389.4502190	4.0390927
-152.5256040	20.1596000	165.8100000	60.8600000	1376.8183905	4.0397112
-152.5256040	20.6596000	165.8100000	60.8600000	1364.4165342	4.0397112
-152.5256040	21.1596000	165.8100000	60.8600000	1351.6978231	4.0407112
-152.5256040	21.6596000	165.8100000	60.8600000	1339.3350628	4.0407112
-152.5256040	22.1596000	165.8100000	60.8600000	1326.8658841	4.0410927
-152.5256040	22.6596000	165.8100000	60.8600000	1314.3413765	4.0417112
-152.5256040	23.1596000	165.8100000	60.8600000	1302.0399509	4.0417112
-152.5256040	23.6596000	165.8100000	60.8600000	1289.4401346	4.0427112
-152.5256040	24.1596000	165.8100000	60.8600000	1277.1836731	4.0427112
-152.5256040	24.6596000	165.8100000	60.8600000	1264.9491660	4.0427112
-152.5256040	25.1596000	165.8100000	60.8600000	1252.5456677	4.0433298
-152.5256040	25.6596000	165.8100000	60.8600000	1240.2420394	4.0437112
-152.5256040	26.1596000	165.8100000	60.8600000	1228.0806848	4.0437112
-152.5256040	26.6596000	165.8100000	60.8600000	1215.9442244	4.0437112
-152.0256040	14.6596000	165.8100000	60.8600000	1520.7073927	4.0367112
-152.0256040	15.1596000	165.8100000	60.8600000	1508.1492456	4.0367112
-152.0256040	15.6596000	165.8100000	60.8600000	1495.6041006	4.0367112
-152.0256040	16.1596000	165.8100000	60.8600000	1482.9321973	4.0370927
-152.0256040	16.6596000	165.8100000	60.8600000	1470.1901167	4.0377112
-152.0256040	17.1596000	165.8100000	60.8600000	1457.6893633	4.0377112
-152.0256040	17.6596000	165.8100000	60.8600000	1445.2031770	4.0377112
-152.0256040	18.1596000	165.8100000	60.8600000	1432.5966403	4.0380927
-152.0256040	18.6596000	165.8100000	60.8600000	1419.9245579	4.0387112
-152.0256040	19.1596000	165.8100000	60.8600000	1407.4877667	4.0387112
-152.0256040	19.6596000	165.8100000	60.8600000	1394.9355789	4.0390927
-152.0256040	20.1596000	165.8100000	60.8600000	1382.3214725	4.0397112
-152.0256040	20.6596000	165.8100000	60.8600000	1369.9382961	4.0397112
-152.0256040	21.1596000	165.8100000	60.8600000	1357.2370132	4.0407112
-152.0256040	21.6596000	165.8100000	60.8600000	1344.8931683	4.0407112
-152.0256040	22.1596000	165.8100000	60.8600000	1332.4425003	4.0410927
-152.0256040	22.6596000	165.8100000	60.8600000	1319.9362945	4.0417112
-152.0256040	23.1596000	165.8100000	60.8600000	1307.6541477	4.0417112
-152.0256040	23.6596000	165.8100000	60.8600000	1295.0723413	4.0427112
-152.0256040	24.1596000	165.8100000	60.8600000	1282.8354036	4.0427112
-152.0256040	24.6596000	165.8100000	60.8600000	1270.6205459	4.0427112
-152.0256040	25.1596000	165.8100000	60.8600000	1258.1172580	4.0437112
-152.0256040	25.6596000	165.8100000	60.8600000	1245.9516841	4.0437112
-152.0256040	26.1596000	165.8100000	60.8600000	1233.8103523	4.0437112
-152.0256040	26.6596000	165.8100000	60.8600000	1221.5071945	4.0443298
-151.5256040	14.6596000	165.8100000	60.8600000	1526.0552100	4.0367112
-151.5256040	15.1596000	165.8100000	60.8600000	1513.5144137	4.0367112
-151.5256040	15.6596000	165.8100000	60.8600000	1500.9867167	4.0367112
-151.5256040	16.1596000	165.8100000	60.8600000	1488.3318498	4.0370927
-151.5256040	16.6596000	165.8100000	60.8600000	1475.8326689	4.0370927
-151.5256040	17.1596000	165.8100000	60.8600000	1463.1235760	4.0377112
-151.5256040	17.6596000	165.8100000	60.8600000	1450.6552379	4.0377112
-151.5256040	18.1596000	165.8100000	60.8600000	1438.0661376	4.0380927
-151.5256040	18.6596000	165.8100000	60.8600000	1425.4112727	4.0387112
-151.5256040	19.1596000	165.8100000	60.8600000	1412.9926446	4.0387112
-151.5256040	19.6596000	165.8100000	60.8600000	1400.4582075	4.0390927
-151.5256040	20.1596000	165.8100000	60.8600000	1387.8616338	4.0397112
-151.5256040	20.6596000	165.8100000	60.8600000	1375.4969475	4.0397112
-151.5256040	21.1596000	165.8100000	60.8600000	1362.8128872	4.0407112
-151.5256040	21.6596000	165.8100000	60.8600000	1350.4877544	4.0407112
-151.5256040	22.1596000	165.8100000	60.8600000	1337.8506084	4.0417112
-151.5256040	22.6596000	165.8100000	60.8600000	1325.5672565	4.0417112
-151.5256040	23.1596000	165.8100000	60.8600000	1313.3041640	4.0417112
-151.5256040	23.6596000	165.8100000	60.8600000	1300.7401264	4.0427112
-151.5256040	24.1596000	165.8100000	60.8600000	1288.5224724	4.0427112
-151.5256040	24.6596000	165.8100000	60.8600000	1276.0113834	4.0437112
-151.5256040	25.1596000	165.8100000	60.8600000	1263.8418310	4.0437112
-151.5256040	25.6596000	165.8100000	60.8600000	1251.6958889	4.0437112
-151.5256040	26.1596000	165.8100000	60.8600000	1239.3847255	4.0443298
-151.5256040	26.6596000	165.8100000	60.8600000	1227.1743832	4.0447112
-151.0256040	14.6596000	165.8100000	60.8600000	1531.4412231	4.0367112
-151.0256040	15.1596000	165.8100000	60.8600000	1518.9176434	4.0367112
-151.0256040	15.6596000	165.8100000	60.8600000	1506.4072553	4.0367112
-151.0256040	16.1596000	165.8100000	60.8600000	1493.7692773	4.0370927
-151.0256040	16.6596000	165.8100000	60.8600000	1481.0606729	4.0377112
-151.0256040	17.1596000	165.8100000	60.8600000	1468.5952544	4.0377112
-151.0256040	17.6596000	165.8100000	60.8600000	1456.1446048	4.0377112
-151.0256040	18.1596000	165.8100000	60.8600000	1443.5727723	4.0380927
-151.0256040	18.6596000	165.8100000	60.8600000	1430.9349484	4.0387112
-151.0256040	19.1596000	165.8100000	60.8600000	1418.5343067	4.0387112
-151.0256040	19.6596000	165.8100000	60.8600000	1405.8021517	4.0397112
-151.0256040	20.1596000	165.8100000	60.8600000	1393.4381987	4.0397112
-151.0256040	20.6596000	165.8100000	60.8600000	1380.9614066	4.0400927
-151.0256040	21.1596000	165.8100000	60.8600000	1368.4247589	4.0407112
-151.0256040	21.6596000	165.8100000	60.8600000	1356.1181298	4.0407112
-151.0256040	22.1596000	165.8100000	60.8600000	1343.4981977	4.0417112
-151.0256040	22.6596000	165.8100000	60.8600000	1331.2335613	4.0417112
-151.0256040	23.1596000	165.8100000	60.8600000	1318.6630296	4.0427112
-151.0256040	23.6596000	165.8100000	60.8600000	1306.4427784	4.0427112
-151.0256040	24.1596000	165.8100000	60.8600000	1293.9240996	4.0437112
-151.0256040	24.6596000	165.8100000	60.8600000	1281.7508026	4.0437112
-151.0256040	25.1596000	165.8100000	60.8600000	1269.6005032	4.0437112
-151.0256040	25.6596000	165.8100000	60.8600000	1257.1630298	4.0447112
-151.0256040	26.1596000	165.8100000	60.8600000	1245.0639099	4.0447112
-151.0256040	26.6596000	165.8100000	60.8600000	1232.9900285	4.0447112
-150.5256040	14.6596000	165.8100000	60.8600000	1536.8648169	4.0367112
-150.5256040	15.1596000	165.8100000	60.8600000	1524.3583145	4.0367112
-150.5256040	15.6596000	165.8100000	60.8600000	1511.8650911	4.0367112
-150.5256040	16.1596000	165.8100000	60.8600000	1499.2438492	4.0370927
-150.5256040	16.6596000	165.8100000	60.8600000	1486.5517455	4.0377112
-150.5256040	17.1596000	165.8100000	60.8600000	1474.1037580	4.0377112
-150.5256040	17.6596000	165.8100000	60.8600000	1461.5325549	4.0380927
-150.5256040	18.1596000	165.8100000	60.8600000	1448.8939570	4.0387112
-150.5256040	18.6596000	165.8100000	60.8600000	1436.4949289	4.0387112
-150.5256040	19.1596000	165.8100000	60.8600000	1423.9775960	4.0390927
-150.5256040	19.6596000	165.8100000	60.8600000	1411.3964534	4.0397112
-150.5256040	20.1596000	165.8100000	60.8600000	1399.0504959	4.0397112
-150.5256040	20.6596000	165.8100000	60.8600000	1386.3790114	4.0407112
-150.5256040	21.1596000	165.8100000	60.8600000	1374.0719471	4.0407112
-150.5256040	21.6596000	165.8100000	60.8600000	1361.4466759	4.0417112
-150.5256040	22.1596000	165.8100000	60.8600000	1349.1806612	4.0417112
-150.5256040	22.6596000	165.8100000	60.8600000	1336.6038104	4.0427112
-150.5256040	23.1596000	165.8100000	60.8600000	1324.3811562	4.0427112
-150.5256040	23.6596000	165.8100000	60.8600000	1311.9788574	4.0433298
-150.5256040	24.1596000	165.8100000	60.8600000	1299.6782788	4.0437112
-150.5256040	24.6596000	165.8100000	60.8600000	1287.5238676	4.0437112
-150.5256040	25.1596000	165.8100000	60.8600000	1275.0772319	4.0447112
-150.5256040	25.6596000	165.8100000	60.8600000	1262.9727332	4.0447112
-150.5256040	26.1596000	165.8100000	60.8600000	1250.7015318	4.0453298
-150.5256040	26.6596000	165.8100000	60.8600000	1238.5319868	4.0457112
-150.0256040	14.6596000	165.8100000	60.8600000	1542.3253792	4.0367112
-150.0256040	15.1596000	165.8100000	60.8600000	1529.8358097	4.0367112
-150.0256040	15.6596000	165.8100000	60.8600000	1517.2162284	4.0370927
-150.0256040	16.1596000	165.8100000	60.8600000	1504.5244237	4.0377112
-150.0256040	16.6596000	165.8100000	60.8600000	1492.0791706	4.0377112
-150.0256040	17.1596000	165.8100000	60.8600000	1479.6484495	4.0377112
-150.0256040	17.6596000	165.8100000	60.8600000	1466.8693850	4.0387112
-150.0256040	18.1596000	165.8100000	60.8600000	1454.4720631	4.0387112
-150.0256040	18.6596000	165.8100000	60.8600000	1442.0905624	4.0387112
-150.0256040	19.1596000	165.8100000	60.8600000	1429.3714254	4.0397112
-150.0256040	19.6596000	165.8100000	60.8600000	1417.0260200	4.0397112
-150.0256040	20.1596000	165.8100000	60.8600000	1404.3502229	4.0407112
-150.0256040	20.6596000	165.8100000	60.8600000	1392.0428620	4.0407112
-150.0256040	21.1596000	165.8100000	60.8600000	1379.4123974	4.0417112
-150.0256040	21.6596000	165.8100000	60.8600000	1367.1451666	4.0417112
-150.0256040	22.1596000	165.8100000	60.8600000	1354.5621679	4.0427112
-150.0256040	22.6596000	165.8100000	60.8600000	1342.3373003	4.0427112
-150.0256040	23.1596000	165.8100000	60.8600000	1330.1329921	4.0427112
-150.0256040	23.6596000	165.8100000	60.8600000	1317.6239425	4.0437112
-150.0256040	24.1596000	165.8100000	60.8600000	1305.4656580	4.0437112
-150.0256040	24.6596000	165.8100000	60.8600000	1293.0101124	4.0447112
-150.0256040	25.1596000	165.8100000	60.8600000	1280.9005118	4.0447112
-150.0256040	25.6596000	165.8100000	60.8600000	1268.5011981	4.0457112
-150.0256040	26.1596000	165.8100000	60.8600000	1256.4431386	4.0457112
-150.0256040	26.6596000	165.8100000	60.8600000	1244.4105004	4.0457112
-149.5256040	14.6596000	165.8100000	60.8600000	1547.8223008	4.0367112
-149.5256040	15.1596000	165.8100000	60.8600000	1535.2044418	4.0370927
-149.5256040	15.6596000	165.8100000	60.8600000	1522.5130015	4.0377112
-149.5256040	16.1596000	165.8100000	60.8600000	1510.0705565	4.0377112
-149.5256040	16.6596000	165.8100000	60.8600000	1497.6423196	4.0377112
-149.5256040	17.1596000	165.8100000	60.8600000	1485.0883931	4.0380927
-149.5256040	17.6596000	165.8100000	60.8600000	1472.4654243	4.0387112
-149.5256040	18.1596000	165.8100000	60.8600000	1460.0853603	4.0387112
-149.5256040	18.6596000	165.8100000	60.8600000	1447.3628289	4.0397112
-149.5256040	19.1596000	165.8100000	60.8600000	1435.0180925	4.0397112
-149.5256040	19.6596000	165.8100000	60.8600000	1422.3381053	4.0407112
-149.5256040	20.1596000	165.8100000	60.8600000	1410.0305843	4.0407112
-149.5256040	20.6596000	165.8100000	60.8600000	1397.6089588	4.0410927
-149.5256040	21.1596000	165.8100000	60.8600000	1385.1267820	4.0417112
-149.5256040	21.6596000	165.8100000	60.8600000	1372.7478351	4.0420927
-149.5256040	22.1596000	165.8100000	60.8600000	1360.3109071	4.0427112
-149.5256040	22.6596000	165.8100000	60.8600000	1347.9768631	4.0430927
-149.5256040	23.1596000	165.8100000	60.8600000	1335.5874794	4.0437112
-149.5256040	23.6596000	165.8100000	60.8600000	1323.4255534	4.0437112
-149.5256040	24.1596000	165.8100000	60.8600000	1310.9613428	4.0447112
-149.5256040	24.6596000	165.8100000	60.8600000	1298.8469087	4.0447112
-149.5256040	25.1596000	165.8100000	60.8600000	1286.4376919	4.0457112
-149.5256040	25.6596000	165.8100000	60.8600000	1274.3735029	4.0457112
-149.5256040	26.1596000	165.8100000	60.8600000	1262.1410779	4.0463298
-149.5256040	26.6596000	165.8100000	60.8600000	1250.0111162	4.0467112
-149.0256040	14.6596000	165.8100000	60.8600000	1553.2082009	4.0370927
-149.0256040	15.1596000	165.8100000	60.8600000	1540.7532216	4.0370927
-149.0256040	15.6596000	165.8100000	60.8600000	1528.0776298	4.0377112
-149.0256040	16.1596000	165.8100000	60.8600000	1515.6519572	4.0377112
-149.0256040	16.6596000	165.8100000	60.8600000	1502.8683596	4.0387112
-149.0256040	17.1596000	165.8100000	60.8600000	1490.4747282	4.0387112
-149.0256040	17.6596000	165.8100000	60.8600000	1477.9566067	4.0390927
-149.0256040	18.1596000	165.8100000	60.8600000	1465.3703788	4.0397112
-149.0256040	18.6596000	165.8100000	60.8600000	1453.0264276	4.0397112
-149.0256040	19.1596000	165.8100000	60.8600000	1440.3423712	4.0407112
-149.0256040	19.6596000	165.8100000	60.8600000	1428.0348250	4.0407112
-149.0256040	20.1596000	165.8100000	60.8600000	1415.3944014	4.0417112
-149.0256040	20.6596000	165.8100000	60.8600000	1403.1252132	4.0417112
-149.0256040	21.1596000	165.8100000	60.8600000	1390.5304176	4.0427112
-149.0256040	21.6596000	165.8100000	60.8600000	1378.3016750	4.0427112
-149.0256040	22.1596000	165.8100000	60.8600000	1365.7546418	4.0437112
-149.0256040	22.6596000	165.8100000	60.8600000	1353.5685779	4.0437112
-149.0256040	23.1596000	165.8100000	60.8600000	1341.0715920	4.0447112
-149.0256040	23.6596000	165.8100000	60.8600000	1328.9305981	4.0447112
-149.0256040	24.1596000	165.8100000	60.8600000	1316.8115909	4.0447112
-149.0256040	24.6596000	165.8100000	60.8600000	1304.3927461	4.0457112
-149.0256040	25.1596000	165.8100000	60.8600000	1292.3227277	4.0457112
-149.0256040	25.6596000	165.8100000	60.8600000	1279.9603956	4.0467112
-149.0256040	26.1596000	165.8100000	60.8600000	1267.9422135	4.0467112
-149.0256040	26.6596000	165.8100000	60.8600000	1255.9496008	4.0467112
-162.0256040	19.9863000	165.8100000	60.8600000	1283.9121812	4.0420927
-161.3675990	17.7469010	165.8100000	60.8600000	1347.3363227	4.0420927
-161.3148960	21.9563010	165.8100000	60.8600000	1239.8899030	4.0437112
-161.0950010	23.9972000	165.8100000	60.8600000	1189.6564549	4.0460927
-160.0475010	19.8234000	165.8100000	60.8600000	1306.7610992	4.0420927
-159.6649930	22.1229990	165.8100000	60.8600000	1251.6153385	4.0440927
-159.4010010	21.9710010	165.8100000	60.8600000	1258.0688807	4.0440927
-158.9824980	15.5740000	165.8100000	60.8600000	1425.9928125	4.0400927
-158.9331050	24.5737990	165.8100000	60.8600000	1196.6636627	4.0467112
-158.9030000	21.2984010	165.8100000	60.8600000	1280.1135137	4.0437112
-158.7601930	18.5646990	165.8100000	60.8600000	1351.5765421	4.0410927
-158.1853940	22.6201990	165.8100000	60.8600000	1253.8035357	4.0447112
-158.1795040	20.3778000	165.8100000	60.8600000	1310.8996268	4.0427112
-157.9310000	21.6460000	165.8100000	60.8600000	1281.1605035	4.0437112
-157.8591000	14.6596000	165.8100000	60.8600000	1460.2618591	4.0397112
-157.7008060	16.3484000	165.8100000	60.8600000	1418.7647750	4.0397112
-157.6275940	20.3461000	165.8100000	60.8600000	1317.4661215	4.0420927
-157.2700040	21.1089990	165.8100000	60.8600000	1301.6007487	4.0430927
-157.2272950	18.9848000	165.8100000	60.8600000	1356.1816514	4.0410927
-156.9646000	24.3120990	165.8100000	60.8600000	1223.9758163	4.0457112
-156.9320070	19.8327010	165.8100000	60.8600000	1337.5985751	4.0417112
-156.8081970	18.4042000	165.8100000	60.8600000	1375.4215338	4.0400927
-156.7559970	21.1360000	165.8100000	60.8600000	1306.3430778	4.0427112
-156.6580050	20.8910010	165.8100000	60.8600000	1313.4996074	4.0427112
-156.5101010	19.4776990	165.8100000	60.8600000	1351.0599541	4.0410927
-156.4651030	18.7750000	165.8100000	60.8600000	1369.3466159	4.0407112
-156.3876950	17.6149010	165.8100000	60.8600000	1399.7571799	4.0397112
-156.2066040	16.1620010	165.8100000	60.8600000	1438.7076772	4.0387112
-156.1670070	18.3010010	165.8100000	60.8600000	1384.6861432	4.0397112
-155.9969940	20.7710000	165.8100000	60.8600000	1323.5831328	4.0420927
-155.7729950	19.0790000	165.8100000	60.8600000	1368.8172775	4.0407112
-155.7653050	26.7766990	165.8100000	60.8600000	1176.4029040	4.0447112
-155.7149960	18.0002990	165.8100000	60.8600000	1396.9054556	4.0397112
-155.7109990	20.0460000	165.8100000	60.8600000	1345.0629506	4.0410927
-155.6793980	21.2055000	165.8100000	60.8600000	1316.0519329	4.0420927
-155.6362000	22.2999000	165.8100000	60.8600000	1288.8985226	4.0430927
-154.9944000	21.5070000	165.8100000	60.8600000	1315.9248531	4.0417112
-154.9830020	19.6010000	165.8100000	60.8600000	1363.9764629	4.0407112
-154.7973940	18.8031010	165.8100000	60.8600000	1386.2652547	4.0397112
-154.6912990	17.1800990	165.8100000	60.8600000	1428.5065367	4.0387112
-154.6177980	20.0889000	165.8100000	60.8600000	1355.6395717	4.0407112
-154.4958950	18.4016990	165.8100000	60.8600000	1399.7181783	4.0390927
-154.4828030	21.0019000	165.8100000	60.8600000	1334.1821492	4.0410927
-154.3939970	19.2625010	165.8100000	60.8600000	1379.0153525	4.0397112
-154.2518010	21.1686990	165.8100000	60.8600000	1332.5138457	4.0410927
-154.0305020	17.9884000	165.8100000	60.8600000	1415.1278052	4.0387112
-153.9922940	18.7976000	165.8100000	60.8600000	1395.1285109	4.0390927
-153.9826970	21.5196990	165.8100000	60.8600000	1326.4970421	4.0417112
-153.9674990	14.7313000	165.8100000	60.8600000	1498.3583441	4.0370927
-153.9024050	19.9790990	165.8100000	60.8600000	1366.3624782	4.0397112
-153.8681950	17.3153990	165.8100000	60.8600000	1433.9487426	4.0380927
-153.7008060	17.2975010	165.8100000	60.8600000	1436.1663762	4.0380927
-153.5032040	19.4951990	165.8100000	60.8600000	1382.7235101	4.0397112
-153.2958980	18.8009000	165.8100000	60.8600000	1402.6263232	4.0387112
-153.2920990	20.8925990	165.8100000	60.8600000	1349.9039737	4.0407112
-153.2906040	17.9062000	165.8100000	60.8600000	1425.2703857	4.0380927
-152.9812010	18.3018000	165.8100000	60.8600000	1418.4781886	4.0387112
-152.7657930	25.5928000	165.8100000	60.8600000	1239.1396499	4.0437112
-152.1324010	18.4814000	165.8100000	60.8600000	1423.1952027	4.0387112
-151.6866000	14.6891000	165.8100000	60.8600000	1523.5884647	4.0367112
-151.6376040	16.7378010	165.8100000	60.8600000	1472.4360671	4.0377112
-150.9149930	18.9142000	165.8100000	60.8600000	1425.8473976	4.0387112
-149.0009000	16.9890000	165.8100000	60.8600000	1494.9797347	4.0387112
