-162.025604	14.659600	-179.120000	51.040000	1067.946768	4.042688	161.574001	161.574001	161.574001	4.042215	-1.309555
-162.025604	15.159600	-179.120000	51.040000	1054.880426	4.042688	161.437216	161.437216	161.437216	4.039219	-1.261478
-162.025604	15.659600	-179.120000	51.040000	1041.826914	4.042688	161.195405	161.195405	161.195405	4.036057	-1.313212
-162.025604	16.159600	-179.120000	51.040000	1029.041282	4.041688	161.348376	161.348376	161.348376	4.034711	-0.964791
-162.025604	16.659600	-179.120000	51.040000	1016.011752	4.041688	161.195929	161.195929	161.195929	4.032596	-0.916273
-162.025604	17.159600	-179.120000	51.040000	1002.996655	4.041688	161.137855	161.137855	161.137855	4.032132	-0.767574
-162.025604	17.659600	-179.120000	51.040000	989.996584	4.041688	160.973933	160.973933	160.973933	4.030929	-0.718720
-162.025604	18.159600	-179.120000	51.040000	977.012160	4.041688	160.903932	160.903932	160.903932	4.028079	-0.569783
-162.025604	18.659600	-179.120000	51.040000	964.044040	4.041688	160.827610	160.827610	160.827610	4.023806	-0.420674
-162.025604	19.159600	-179.120000	51.040000	951.092917	4.041688	160.844712	160.744712	160.844712	4.020033	-0.171409
-162.025604	19.659600	-179.120000	51.040000	937.999967	4.042375	160.654969	160.554969	160.654969	4.015140	-0.122075
-162.025604	20.159600	-179.120000	51.040000	925.015757	4.042688	160.558101	160.558101	160.558101	4.011423	0.027420
-162.025604	20.659600	-179.120000	51.040000	912.123365	4.042688	160.553810	160.553810	160.553810	4.010759	0.277077
-162.025604	21.159600	-179.120000	51.040000	899.028761	4.043687	160.341784	160.341784	160.341784	4.004895	0.326785
-162.025604	21.659600	-179.120000	51.040000	885.961703	4.044688	160.121694	160.121694	160.121694	4.001258	0.376644
-162.025604	22.159600	-179.120000	51.040000	872.923135	4.045687	159.893195	159.893195	159.893195	3.998574	0.426672
-162.025604	22.659600	-179.120000	51.040000	859.914057	4.046687	159.655919	159.655919	159.655919	3.997301	0.476734
-162.025604	23.159600	-179.120000	51.040000	846.935527	4.047688	159.409483	159.409483	159.409483	3.998000	0.526935
-162.025604	23.659600	-179.120000	51.040000	833.847074	4.049375	159.053479	159.053479	159.053479	3.996807	0.477316
-162.025604	24.159600	-179.120000	51.040000	820.871970	4.050688	158.687476	158.687476	158.687476	3.997354	0.427712
-162.025604	24.659600	-179.120000	51.040000	807.858251	4.052375	158.311022	158.311022	158.311022	3.997369	0.378231
-162.025604	25.159600	-179.120000	51.040000	794.957995	4.053687	157.923635	157.923635	157.923635	3.997590	0.328947
-162.025604	25.659600	-179.120000	51.040000	782.156912	4.054688	157.624808	157.624808	157.624808	4.000414	0.379657
-162.025604	26.159600	-179.120000	51.040000	769.204569	4.056687	157.114004	157.114004	157.114004	3.999586	0.230472
-162.025604	26.659600	-179.120000	51.040000	756.485087	4.057688	156.790653	156.790653	156.790653	4.002509	0.281507
-161.525604	14.659600	-179.120000	51.040000	1072.201320	4.041688	161.239869	161.239869	161.239869	4.040437	-1.199509
-161.525604	15.159600	-179.120000	51.040000	1059.163946	4.041688	160.997903	160.997903	160.997903	4.038551	-1.252895
-161.525604	15.659600	-179.120000	51.040000	1046.140013	4.041688	160.850841	160.850841	160.850841	4.034931	-1.206173
-161.525604	16.159600	-179.120000	51.040000	1033.385728	4.040687	160.998489	160.998489	160.998489	4.032330	-0.859287
-161.525604	16.659600	-179.120000	51.040000	1020.387067	4.040687	160.840647	160.840647	160.840647	4.030178	-0.812214
-161.525604	17.159600	-179.120000	51.040000	1007.403514	4.040687	160.777103	160.777103	160.777103	4.029257	-0.665047
-161.525604	17.659600	-179.120000	51.040000	994.435685	4.040687	160.607637	160.607637	160.607637	4.029349	-0.617717
-161.525604	18.159600	-179.120000	51.040000	981.484225	4.040687	160.532016	160.532016	160.532016	4.026447	-0.470208
-161.525604	18.659600	-179.120000	51.040000	968.385052	4.041375	160.349997	160.349997	160.349997	4.020350	-0.422621
-161.525604	19.159600	-179.120000	51.040000	955.396733	4.041688	160.261324	160.261324	160.261324	4.014983	-0.274869
-161.525604	19.659600	-179.120000	51.040000	942.501812	4.041688	160.265729	160.265729	160.265729	4.012059	-0.026947
-161.525604	20.159600	-179.120000	51.040000	929.396262	4.042688	160.062929	160.062929	160.062929	4.008191	0.021037
-161.525604	20.659600	-179.120000	51.040000	916.544010	4.042688	160.052627	160.052627	160.052627	4.007192	0.269191
-161.525604	21.159600	-179.120000	51.040000	903.489325	4.043687	159.834510	159.834510	159.834510	4.002387	0.317503
-161.525604	21.659600	-179.120000	51.040000	890.463080	4.044688	159.608250	159.608250	159.608250	3.999243	0.365860
-161.525604	22.159600	-179.120000	51.040000	877.466250	4.045687	159.373501	159.373501	159.373501	3.996894	0.414395
-161.525604	22.659600	-179.120000	51.040000	864.499867	4.046687	159.229897	159.229897	159.229897	3.998060	0.563077
-161.525604	23.159600	-179.120000	51.040000	851.420413	4.048375	158.777054	158.777054	158.777054	3.994591	0.411783
-161.525604	23.659600	-179.120000	51.040000	838.455790	4.049688	158.514566	158.514566	158.514566	3.996869	0.460680
-161.525604	24.159600	-179.120000	51.040000	825.450705	4.051375	158.042004	158.042004	158.042004	3.995325	0.309711
-161.525604	24.659600	-179.120000	51.040000	812.560489	4.052688	157.758916	157.758916	157.758916	3.997532	0.358744
-161.525604	25.159600	-179.120000	51.040000	799.770533	4.053687	157.464826	157.464826	157.464826	4.000165	0.407984
-161.525604	25.659600	-179.120000	51.040000	786.885221	4.055375	156.959228	156.959228	156.959228	3.999439	0.257343
-161.525604	26.159600	-179.120000	51.040000	774.115506	4.056687	156.641588	156.641588	156.641588	4.002341	0.306679
-161.525604	26.659600	-179.120000	51.040000	761.447700	4.057688	156.211343	156.211343	156.211343	4.004626	0.256247
-161.025604	14.659600	-179.120000	51.040000	1076.556364	4.040687	160.809824	160.809824	160.809824	4.040316	-1.189615
-161.025604	15.159600	-179.120000	51.040000	1063.548436	4.040687	160.662800	160.662800	160.662800	4.036660	-1.144545
-161.025604	15.659600	-179.120000	51.040000	1050.554558	4.040687	160.510613	160.510613	160.510613	4.033231	-1.099363
-161.025604	16.159600	-179.120000	51.040000	1037.655531	4.040375	160.453071	160.453071	160.453071	4.029912	-0.953926
-161.025604	16.659600	-179.120000	51.040000	1024.864809	4.039688	160.489971	160.489971	160.489971	4.027965	-0.708384
-161.025604	17.159600	-179.120000	51.040000	1011.913276	4.039688	160.421102	160.321102	160.421102	4.027321	-0.562746
-161.025604	17.659600	-179.120000	51.040000	998.808179	4.040375	160.146241	160.146241	160.146241	4.025981	-0.616847
-161.025604	18.159600	-179.120000	51.040000	985.816104	4.040687	159.965155	159.965155	159.965155	4.021521	-0.570858
-161.025604	18.659600	-179.120000	51.040000	972.919066	4.040687	159.977601	159.977601	159.977601	4.018141	-0.324789
-161.025604	19.159600	-179.120000	51.040000	960.040564	4.040687	159.983322	159.983322	159.983322	4.014166	-0.078451
-161.025604	19.659600	-179.120000	51.040000	946.947026	4.041688	159.782050	159.782050	159.782050	4.009337	-0.032038
-161.025604	20.159600	-179.120000	51.040000	933.952297	4.042375	159.573501	159.573501	159.573501	4.005163	0.014438
-161.025604	20.659600	-179.120000	51.040000	921.068422	4.042688	159.557379	159.457379	159.557379	4.003456	0.261194
-161.025604	21.159600	-179.120000	51.040000	908.054054	4.043687	159.333371	159.333371	159.333371	3.999673	0.308008
-161.025604	21.659600	-179.120000	51.040000	895.069011	4.044688	159.101149	159.101149	159.101149	3.996742	0.354866
-161.025604	22.159600	-179.120000	51.040000	882.114300	4.045687	158.860367	158.860367	158.960367	3.995077	0.402019
-161.025604	22.659600	-179.120000	51.040000	869.043341	4.047375	158.510661	158.510661	158.510661	3.993871	0.349212
-161.025604	23.159600	-179.120000	51.040000	856.088687	4.048687	158.251648	158.251648	158.251648	3.994293	0.396429
-161.025604	23.659600	-179.120000	51.040000	843.234834	4.049688	157.982923	157.982923	157.982923	3.996480	0.443960
-161.025604	24.159600	-179.120000	51.040000	830.210993	4.051687	157.504060	157.504060	157.504060	3.995820	0.291510
-161.025604	24.659600	-179.120000	51.040000	817.431621	4.052688	157.214611	157.214611	157.214611	3.997554	0.339063
-161.025604	25.159600	-179.120000	51.040000	804.553518	4.054375	156.814100	156.814100	156.814100	3.998881	0.286951
-161.025604	25.659600	-179.120000	51.040000	791.792265	4.055688	156.402026	156.402026	156.402026	4.000224	0.234837
-161.025604	26.159600	-179.120000	51.040000	779.133841	4.056687	156.077861	156.077861	156.077861	4.003393	0.282703
-161.025604	26.659600	-179.120000	51.040000	766.517940	4.057688	155.641045	155.641045	155.641045	4.005575	0.230932
-160.525604	14.659600	-179.120000	51.040000	1081.010749	4.039688	160.483914	160.483914	160.483914	4.036114	-1.080131
-160.525604	15.159600	-179.120000	51.040000	1068.032717	4.039688	160.331955	160.331955	160.331955	4.033551	-1.036605
-160.525604	15.659600	-179.120000	51.040000	1055.069344	4.039688	160.174772	160.174772	160.174772	4.030038	-0.992888
-160.525604	16.159600	-179.120000	51.040000	1042.201820	4.039375	160.112172	160.112172	160.112172	4.026630	-0.848986
-160.525604	16.659600	-179.120000	51.040000	1029.268497	4.039375	160.043953	159.943953	160.043953	4.024816	-0.704977
-160.525604	17.159600	-179.120000	51.040000	1016.272999	4.039688	159.769901	159.769901	159.869901	4.023014	-0.760787
-160.525604	17.659600	-179.120000	51.040000	1003.374233	4.039688	159.689793	159.689793	159.689793	4.021777	-0.616411
-160.525604	18.159600	-179.120000	51.040000	990.493267	4.039688	159.703398	159.703398	159.703398	4.018898	-0.371944
-160.525604	18.659600	-179.120000	51.040000	977.464482	4.040375	159.510470	159.510470	159.510470	4.013286	-0.327306
-160.525604	19.159600	-179.120000	51.040000	964.548928	4.040687	159.510754	159.410754	159.510754	4.009553	-0.082480
-160.525604	19.659600	-179.120000	51.040000	951.567171	4.041375	159.303979	159.303979	159.303979	4.005076	-0.037578
-160.525604	20.159600	-179.120000	51.040000	938.697864	4.041688	159.189863	159.189863	159.189863	4.002400	0.107481
-160.525604	20.659600	-179.120000	51.040000	925.694948	4.042688	159.068111	158.968111	159.068111	4.000042	0.252735
-160.525604	21.159600	-179.120000	51.040000	912.721252	4.043687	158.838410	158.838410	158.838410	3.995932	0.298048
-160.525604	21.659600	-179.120000	51.040000	899.624842	4.045375	158.500432	158.500432	158.500432	3.993049	0.243505
-160.525604	22.159600	-179.120000	51.040000	886.714815	4.046375	158.353832	158.353832	158.353832	3.993266	0.389166
-160.525604	22.659600	-179.120000	51.040000	873.769646	4.047688	157.998249	157.998249	157.998249	3.992267	0.334867
-160.525604	23.159600	-179.120000	51.040000	860.926433	4.048687	157.733300	157.733300	157.733300	3.993493	0.380697
-160.525604	23.659600	-179.120000	51.040000	847.908548	4.050688	157.358584	157.358584	157.358584	3.994766	0.326744
-160.525604	24.159600	-179.120000	51.040000	835.139245	4.051687	157.073677	157.073677	157.073677	3.997370	0.372811
-160.525604	24.659600	-179.120000	51.040000	822.267820	4.053375	156.678132	156.678132	156.678132	3.998267	0.318990
-160.525604	25.159600	-179.120000	51.040000	809.514499	4.054688	156.271479	156.271479	156.271479	3.999470	0.265403
-160.525604	25.659600	-179.120000	51.040000	796.864926	4.055688	155.853222	155.853222	155.853222	4.001635	0.211815
-160.525604	26.159600	-179.120000	51.040000	784.257353	4.056687	155.522836	155.522836	155.522836	4.004419	0.258319
-160.525604	26.659600	-179.120000	51.040000	771.693521	4.057688	155.079770	155.079770	155.079770	4.006765	0.205081
-160.025604	14.659600	-179.120000	51.040000	1085.563318	4.038687	160.162186	160.162186	160.162186	4.031963	-0.970892
-160.025604	15.159600	-179.120000	51.040000	1072.615599	4.038687	160.005414	160.005414	160.005414	4.029642	-0.928834
-160.025604	15.659600	-179.120000	51.040000	1059.683148	4.038687	159.843363	159.843363	159.843363	4.026687	-0.886658
-160.025604	16.159600	-179.120000	51.040000	1046.766550	4.038687	159.675838	159.675838	159.675838	4.024692	-0.844288
-160.025604	16.659600	-179.120000	51.040000	1033.866421	4.038687	159.602636	159.602636	159.602636	4.021890	-0.701730
-160.025604	17.159600	-179.120000	51.040000	1020.983408	4.038687	159.423544	159.423544	159.423544	4.020880	-0.659069
-160.025604	17.659600	-179.120000	51.040000	1008.118193	4.038687	159.338340	159.338340	159.338340	4.019147	-0.516213
-160.025604	18.159600	-179.120000	51.040000	995.102095	4.039375	159.246790	159.246790	159.246790	4.014386	-0.373180
-160.025604	18.659600	-179.120000	51.040000	982.200852	4.039688	159.148649	159.148649	159.148649	4.009927	-0.230060
-160.025604	19.159600	-179.120000	51.040000	969.156733	4.040687	158.943661	158.943661	158.943661	4.004612	-0.186743
-160.025604	19.659600	-179.120000	51.040000	956.213878	4.041375	158.831558	158.831558	158.831558	4.001662	-0.043259
-160.025604	20.159600	-179.120000	51.040000	943.384700	4.041688	158.712057	158.712057	158.712057	3.998746	0.100294
-160.025604	20.659600	-179.120000	51.040000	930.421930	4.042688	158.484863	158.484863	158.484863	3.995638	0.144049
-160.025604	21.159600	-179.120000	51.040000	917.333255	4.044375	158.249664	158.249664	158.249664	3.992732	0.187959
-160.025604	21.659600	-179.120000	51.040000	904.433839	4.045375	158.006135	158.006135	158.006135	3.991081	0.231919
-160.025604	22.159600	-179.120000	51.040000	891.497693	4.046687	157.753931	157.753931	157.753931	3.990408	0.276092
-160.025604	22.659600	-179.120000	51.040000	878.664653	4.047688	157.492693	157.492693	157.492693	3.990984	0.320404
-160.025604	23.159600	-179.120000	51.040000	865.719039	4.049375	157.222041	157.222041	157.222041	3.992829	0.364747
-160.025604	23.659600	-179.120000	51.040000	852.892516	4.050688	156.841575	156.841575	156.841575	3.994737	0.309315
-160.025604	24.159600	-179.120000	51.040000	840.027269	4.052375	156.450874	156.450874	156.450874	3.996330	0.254007
-160.025604	24.659600	-179.120000	51.040000	827.281380	4.053687	156.149498	156.149498	156.149498	3.998600	0.298708
-160.025604	25.159600	-179.120000	51.040000	814.640162	4.054688	155.736978	155.736978	155.736978	4.000230	0.243652
-160.025604	25.659600	-179.120000	51.040000	802.040419	4.055688	155.312824	155.312824	155.412824	4.002995	0.188702
-160.025604	26.159600	-179.120000	51.040000	789.483830	4.056687	154.976518	154.976518	154.976518	4.004848	0.233736
-160.025604	26.659600	-179.120000	51.040000	776.972173	4.057688	154.527512	154.527512	154.527512	4.007319	0.179037
-159.525604	14.659600	-179.120000	51.040000	1090.212898	4.037687	159.844681	159.844681	159.844681	4.026811	-0.861833
-159.525604	15.159600	-179.120000	51.040000	1077.295885	4.037687	159.683220	159.683220	159.683220	4.025524	-0.821316
-159.525604	15.659600	-179.120000	51.040000	1064.394743	4.037687	159.516427	159.516427	159.516427	4.023239	-0.780678
-159.525604	16.159600	-179.120000	51.040000	1051.510076	4.037687	159.344110	159.344110	159.344110	4.021442	-0.739762
-159.525604	16.659600	-179.120000	51.040000	1038.642522	4.037687	159.266063	159.266063	159.266063	4.019055	-0.598732
-159.525604	17.159600	-179.120000	51.040000	1025.792747	4.037687	159.082074	159.082074	159.082074	4.017574	-0.557596
-159.525604	17.659600	-179.120000	51.040000	1012.710638	4.038687	158.891920	158.891920	158.891920	4.014309	-0.516179
-159.525604	18.159600	-179.120000	51.040000	999.901733	4.038687	158.895368	158.795368	158.895368	4.009931	-0.274661
-159.525604	18.659600	-179.120000	51.040000	986.868463	4.039688	158.692174	158.692174	158.692174	4.005621	-0.233055
-159.525604	19.159600	-179.120000	51.040000	973.937760	4.040375	158.582081	158.582081	158.582081	4.001251	-0.091159
-159.525604	19.659600	-179.120000	51.040000	961.122294	4.040687	158.464823	158.364823	158.464823	3.998117	0.050819
-159.525604	20.159600	-179.120000	51.040000	948.170050	4.041688	158.240116	158.240116	158.240116	3.995039	0.092869
-159.525604	20.659600	-179.120000	51.040000	935.247709	4.042688	158.007667	158.007667	158.007667	3.991986	0.135219
-159.525604	21.159600	-179.120000	51.040000	922.199460	4.044375	157.767166	157.767166	157.767166	3.990305	0.177635
-159.525604	21.659600	-179.120000	51.040000	909.271900	4.045687	157.518288	157.518288	157.518288	3.988917	0.220103
-159.525604	22.159600	-179.120000	51.040000	896.448590	4.046687	157.360691	157.260691	157.360691	3.989388	0.362885
-159.525604	22.659600	-179.120000	51.040000	883.509368	4.048375	156.994017	156.994017	156.994017	3.989729	0.305713
-159.525604	23.159600	-179.120000	51.040000	870.690583	4.049688	156.717890	156.717890	156.717890	3.991906	0.348574
-159.525604	23.659600	-179.120000	51.040000	857.976638	4.050688	156.331912	156.331912	156.331912	3.994794	0.291765
-159.525604	24.159600	-179.120000	51.040000	845.157288	4.052375	155.935668	155.935668	155.935668	3.996707	0.234983
-159.525604	24.659600	-179.120000	51.040000	832.458787	4.053687	155.628718	155.628718	155.628718	3.998994	0.278211
-159.525604	25.159600	-179.120000	51.040000	819.866411	4.054688	155.210602	155.210602	155.210602	4.000827	0.221792
-159.525604	25.659600	-179.120000	51.040000	807.316604	4.055688	154.780832	154.780832	154.780832	4.003692	0.165377
-159.525604	26.159600	-179.120000	51.040000	794.811075	4.056687	154.438898	154.438898	154.438898	4.005080	0.208947
-159.525604	26.659600	-179.120000	51.040000	782.351639	4.057688	153.984260	153.984260	153.984260	4.008171	0.152897
-159.025604	14.659600	-179.120000	51.040000	1094.958310	4.036688	159.531437	159.531437	159.531437	4.021554	-0.753203
-159.025604	15.159600	-179.120000	51.040000	1082.072364	4.036688	159.365409	159.265409	159.365409	4.020515	-0.714228
-159.025604	15.659600	-179.120000	51.040000	1069.202889	4.036688	159.194002	159.194002	159.194002	4.019118	-0.675060
-159.025604	16.159600	-179.120000	51.040000	1056.350508	4.036688	159.017023	159.017023	159.017023	4.017035	-0.635676
-159.025604	16.659600	-179.120000	51.040000	1043.338184	4.037375	158.834268	158.834268	158.834268	4.014986	-0.596176
-159.025604	17.159600	-179.120000	51.040000	1030.444412	4.037687	158.645524	158.645524	158.645524	4.013045	-0.556493
-159.025604	17.659600	-179.120000	51.040000	1017.650545	4.037687	158.550568	158.550568	158.550568	4.009271	-0.416595
-159.025604	18.159600	-179.120000	51.040000	1004.627777	4.038687	158.449167	158.449167	158.449167	4.005063	-0.276596
-159.025604	18.659600	-179.120000	51.040000	991.708872	4.039375	158.341079	158.241079	158.341079	4.000694	-0.136427
-159.025604	19.159600	-179.120000	51.040000	978.906757	4.039688	158.126046	158.126046	158.126046	3.996747	-0.096040
-159.025604	19.659600	-179.120000	51.040000	965.964657	4.040687	158.003803	158.003803	158.003803	3.993938	0.044433
-159.025604	20.159600	-179.120000	51.040000	953.052294	4.041688	157.774069	157.774069	157.774069	3.991084	0.085060
-159.025604	20.659600	-179.120000	51.040000	940.010765	4.043375	157.536550	157.536550	157.536550	3.988965	0.125913
-159.025604	21.159600	-179.120000	51.040000	927.163011	4.044375	157.390939	157.390939	157.390939	3.987695	0.266833
-159.025604	21.659600	-179.120000	51.040000	914.277378	4.045687	157.136912	157.136912	157.136912	3.987025	0.307892
-159.025604	22.159600	-179.120000	51.040000	901.497242	4.046687	156.874130	156.874130	156.874130	3.987485	0.349187
-159.025604	22.659600	-179.120000	51.040000	888.601219	4.048375	156.502238	156.502238	156.502238	3.988864	0.290529
-159.025604	23.159600	-179.120000	51.040000	875.827014	4.049688	156.220861	156.220861	156.220861	3.991085	0.331995
-159.025604	23.659600	-179.120000	51.040000	863.012513	4.051375	155.829607	155.829607	155.829607	3.994603	0.273709
-159.025604	24.159600	-179.120000	51.040000	850.320069	4.052688	155.428063	155.428063	155.528063	3.997242	0.215451
-159.025604	24.659600	-179.120000	51.040000	837.734625	4.053687	155.115795	155.115795	155.115795	3.999019	0.257296
-159.025604	25.159600	-179.120000	51.040000	825.191171	4.054688	154.692346	154.692346	154.692346	4.001505	0.199408
-159.025604	25.659600	-179.120000	51.040000	812.691350	4.055688	154.257237	154.257237	154.257237	4.004361	0.141527
-159.025604	26.159600	-179.120000	51.040000	800.236905	4.056687	153.909963	153.909963	153.909963	4.004765	0.183726
-159.025604	26.659600	-179.120000	51.040000	787.829680	4.057688	153.449992	153.449992	153.449992	4.008347	0.126216
-158.525604	14.659600	-179.120000	51.040000	1099.611044	4.036375	159.022488	159.022488	159.022488	4.023848	-0.844840
-158.525604	15.159600	-179.120000	51.040000	1086.758688	4.036375	158.952015	158.952015	158.952015	4.018683	-0.707338
-158.525604	15.659600	-179.120000	51.040000	1073.923395	4.036375	158.776121	158.776121	158.776121	4.016192	-0.669707
-158.525604	16.159600	-179.120000	51.040000	1061.023660	4.036688	158.594612	158.594612	158.694612	4.013716	-0.631854
-158.525604	16.659600	-179.120000	51.040000	1048.225440	4.036688	158.507285	158.507285	158.507285	4.011056	-0.493809
-158.525604	17.159600	-179.120000	51.040000	1035.269985	4.037375	158.313926	158.313926	158.313926	4.008717	-0.455652
-158.525604	17.659600	-179.120000	51.040000	1022.433705	4.037687	158.214314	158.214314	158.214314	4.005478	-0.317271
-158.525604	18.159600	-179.120000	51.040000	1009.526259	4.038375	158.008217	158.008217	158.008217	4.000451	-0.278711
-158.525604	18.659600	-179.120000	51.040000	996.737151	4.038687	157.895391	157.895391	157.895391	3.996278	-0.140056
-158.525604	19.159600	-179.120000	51.040000	983.804833	4.039688	157.775582	157.775582	157.775582	3.993097	-0.001174
-158.525604	19.659600	-179.120000	51.040000	970.902077	4.040687	157.548524	157.548524	157.548524	3.989442	0.037874
-158.525604	20.159600	-179.120000	51.040000	958.029809	4.041688	157.413939	157.413939	157.413939	3.987671	0.176999
-158.525604	20.659600	-179.120000	51.040000	945.028298	4.043375	157.171533	157.171533	157.171533	3.985754	0.216358
-158.525604	21.159600	-179.120000	51.040000	932.150182	4.044688	156.921002	156.921002	156.921002	3.984721	0.255867
-158.525604	21.659600	-179.120000	51.040000	919.378668	4.045687	156.662024	156.662024	156.662024	3.984961	0.295435
-158.525604	22.159600	-179.120000	51.040000	906.487859	4.047375	156.394263	156.394263	156.394263	3.985801	0.335247
-158.525604	22.659600	-179.120000	51.040000	893.720176	4.048687	156.017365	156.017365	156.017365	3.987541	0.275193
-158.525604	23.159600	-179.120000	51.040000	881.059652	4.049688	155.730961	155.730961	155.730961	3.990491	0.315177
-158.525604	23.659600	-179.120000	51.040000	868.290276	4.051375	155.334661	155.334661	155.334661	3.994307	0.255419
-158.525604	24.159600	-179.120000	51.040000	855.644386	4.052688	154.928057	154.928057	154.928057	3.997083	0.195777
-158.525604	24.659600	-179.120000	51.040000	843.106883	4.053687	154.610720	154.610720	154.610720	3.999051	0.236151
-158.525604	25.159600	-179.120000	51.040000	830.612379	4.054688	154.182200	154.182200	154.182200	4.001912	0.176801
-158.525604	25.659600	-179.120000	51.040000	818.162546	4.055688	153.742022	153.742022	153.742022	4.004518	0.117546
-158.525604	26.159600	-179.120000	51.040000	805.759154	4.056687	153.389689	153.389689	153.389689	4.004256	0.158284
-158.525604	26.659600	-179.120000	51.040000	793.465188	4.057375	152.924677	152.824677	152.924677	4.007440	0.099322
-158.025604	14.659600	-179.120000	51.040000	1104.458133	4.035687	158.717865	158.717865	158.717865	4.020268	-0.736687
-158.025604	15.159600	-179.120000	51.040000	1091.638471	4.035687	158.643069	158.643069	158.643069	4.014395	-0.600723
-158.025604	15.659600	-179.120000	51.040000	1078.836460	4.035687	158.462813	158.462813	158.462813	4.012320	-0.564627
-158.025604	16.159600	-179.120000	51.040000	1066.052759	4.035687	158.376904	158.376904	158.376904	4.009061	-0.428233
-158.025604	16.659600	-179.120000	51.040000	1053.108658	4.036375	158.185140	158.185140	158.185140	4.007199	-0.391714
-158.025604	17.159600	-179.120000	51.040000	1040.285314	4.036688	157.987307	157.987307	157.987307	4.005159	-0.355078
-158.025604	17.659600	-179.120000	51.040000	1027.389003	4.037375	157.783184	157.783184	157.783184	4.001835	-0.318141
-158.025604	18.159600	-179.120000	51.040000	1014.612577	4.037687	157.672540	157.672540	157.672540	3.997183	-0.181094
-158.025604	18.659600	-179.120000	51.040000	1001.689695	4.038687	157.555133	157.555133	157.555133	3.993057	-0.043949
-158.025604	19.159600	-179.120000	51.040000	988.796191	4.039688	157.330710	157.330710	157.330710	3.989834	-0.006494
-158.025604	19.659600	-179.120000	51.040000	975.932968	4.040687	157.199005	157.199005	157.199005	3.986618	0.131052
-158.025604	20.159600	-179.120000	51.040000	963.100974	4.041688	156.959742	156.959742	156.959742	3.984626	0.168680
-158.025604	20.659600	-179.120000	51.040000	950.139629	4.043375	156.712631	156.712631	156.712631	3.983057	0.206626
-158.025604	21.159600	-179.120000	51.040000	937.302929	4.044688	156.457368	156.457368	156.457368	3.982741	0.244646
-158.025604	21.659600	-179.120000	51.040000	924.574032	4.045687	156.193634	156.193634	156.193634	3.983148	0.282727
-158.025604	22.159600	-179.120000	51.040000	911.725783	4.047375	155.821095	155.821095	155.821095	3.984242	0.221139
-158.025604	22.659600	-179.120000	51.040000	899.001988	4.048687	155.539403	155.539403	155.539403	3.986575	0.259607
-158.025604	23.159600	-179.120000	51.040000	886.386636	4.049688	155.148189	155.148189	155.148189	3.989832	0.198115
-158.025604	23.659600	-179.120000	51.040000	873.662424	4.051375	154.747070	154.747070	154.747070	3.993900	0.136971
-158.025604	24.159600	-179.120000	51.040000	861.129516	4.052375	154.435642	154.435642	154.435642	3.996546	0.175861
-158.025604	24.659600	-179.120000	51.040000	848.573562	4.053687	154.013482	154.013482	154.013482	3.999240	0.114769
-158.025604	25.159600	-179.120000	51.040000	836.127989	4.054688	153.680143	153.580143	153.680143	4.001791	0.154045
-158.025604	25.659600	-179.120000	51.040000	823.791571	4.055375	153.235160	153.235160	153.235160	4.003857	0.093333
-158.025604	26.159600	-179.120000	51.040000	811.438186	4.056375	152.778043	152.778043	152.778043	4.006726	0.032615
-158.025604	26.659600	-179.120000	51.040000	799.269613	4.056687	152.308275	152.308275	152.308275	4.010776	-0.027711
-157.525604	14.659600	-179.120000	51.040000	1109.482576	4.034688	158.517595	158.517595	158.517595	4.012426	-0.528981
-157.525604	15.159600	-179.120000	51.040000	1096.694890	4.034688	158.338595	158.338595	158.338595	4.011192	-0.494557
-157.525604	15.659600	-179.120000	51.040000	1083.740773	4.035375	158.154103	158.154103	158.154103	4.009593	-0.459935
-157.525604	16.159600	-179.120000	51.040000	1070.909471	4.035687	157.963924	157.963924	157.963924	4.006732	-0.425071
-157.525604	16.659600	-179.120000	51.040000	1058.181703	4.035687	157.867856	157.767856	157.867856	4.004181	-0.290077
-157.525604	17.159600	-179.120000	51.040000	1045.296221	4.036375	157.665688	157.665688	157.665688	4.002036	-0.254900
-157.525604	17.659600	-179.120000	51.040000	1032.532165	4.036688	157.457198	157.457198	157.457198	3.999026	-0.219480
-157.525604	18.159600	-179.120000	51.040000	1019.618391	4.037687	157.342157	157.342157	157.342157	3.994105	-0.083947
-157.525604	18.659600	-179.120000	51.040000	1006.733804	4.038687	157.120323	157.120323	157.120323	3.990243	-0.048244
-157.525604	19.159600	-179.120000	51.040000	993.879282	4.039688	156.991445	156.991445	156.991445	3.987148	0.087706
-157.525604	19.659600	-179.120000	51.040000	981.055748	4.040687	156.755260	156.755260	156.755260	3.984355	0.123751
-157.525604	20.159600	-179.120000	51.040000	968.264171	4.041688	156.511492	156.511492	156.511492	3.982464	0.159949
-157.525604	20.659600	-179.120000	51.040000	955.343104	4.043375	156.259854	156.259854	156.259854	3.981131	0.196402
-157.525604	21.159600	-179.120000	51.040000	942.547924	4.044688	156.000043	156.000043	156.000043	3.980983	0.232931
-157.525604	21.659600	-179.120000	51.040000	929.861741	4.045687	155.731745	155.731745	155.731745	3.981456	0.269598
-157.525604	22.159600	-179.120000	51.040000	917.056111	4.047375	155.354628	155.354628	155.354628	3.983064	0.206528
-157.525604	22.659600	-179.120000	51.040000	904.376255	4.048687	155.068347	155.068347	155.068347	3.985713	0.243516
-157.525604	23.159600	-179.120000	51.040000	891.806112	4.049688	154.672539	154.672539	154.672539	3.989365	0.180622
-157.525604	23.659600	-179.120000	51.040000	879.127062	4.051375	154.266824	154.266824	154.266824	3.993444	0.118005
-157.525604	24.159600	-179.120000	51.040000	866.641143	4.052375	153.850802	153.850802	153.850802	3.996463	0.055426
-157.525604	24.659600	-179.120000	51.040000	854.198527	4.053375	153.524057	153.524057	153.524057	3.999085	0.092944
-157.525604	25.159600	-179.120000	51.040000	841.800849	4.054375	153.086150	153.086150	153.086150	4.002651	0.030758
-157.525604	25.659600	-179.120000	51.040000	829.449832	4.055375	152.736620	152.736620	152.736620	4.003389	0.068587
-157.525604	26.159600	-179.120000	51.040000	817.285815	4.055688	152.174985	152.174985	152.174985	4.009641	-0.093511
-157.525604	26.659600	-179.120000	51.040000	805.093598	4.056375	151.700740	151.700740	151.700740	4.014279	-0.155289
-157.025604	14.659600	-179.120000	51.040000	1114.408103	4.034375	158.121700	158.121700	158.121700	4.013391	-0.521565
-157.025604	15.159600	-179.120000	51.040000	1101.654817	4.034375	158.038618	158.038618	158.038618	4.008562	-0.388618
-157.025604	15.659600	-179.120000	51.040000	1088.835996	4.034688	157.850013	157.850013	157.850013	4.006056	-0.355531
-157.025604	16.159600	-179.120000	51.040000	1076.122002	4.034688	157.655693	157.655693	157.655693	4.004068	-0.322193
-157.025604	16.659600	-179.120000	51.040000	1063.164724	4.035687	157.455455	157.455455	157.455455	4.001684	-0.288662
-157.025604	17.159600	-179.120000	51.040000	1050.316151	4.036375	157.349088	157.349088	157.349088	3.999792	-0.155006
-157.025604	17.659600	-179.120000	51.040000	1037.590099	4.036688	157.136374	157.136374	157.136374	3.996942	-0.121099
-157.025604	18.159600	-179.120000	51.040000	1024.714111	4.037687	156.917083	156.917083	157.017083	3.991716	-0.087012
-157.025604	18.659600	-179.120000	51.040000	1011.867967	4.038687	156.790975	156.790975	156.790975	3.988225	0.047181
-157.025604	19.159600	-179.120000	51.040000	999.052563	4.039688	156.557800	156.557800	156.557800	3.985263	0.081630
-157.025604	19.659600	-179.120000	51.040000	986.268839	4.040687	156.317298	156.317298	156.317298	3.982369	0.116243
-157.025604	20.159600	-179.120000	51.040000	973.517784	4.041688	156.069195	156.069195	156.069195	3.980985	0.150945
-157.025604	20.659600	-179.120000	51.040000	960.637073	4.043375	155.813205	155.813205	155.813205	3.980106	0.185908
-157.025604	21.159600	-179.120000	51.040000	947.883481	4.044688	155.549029	155.549029	155.549029	3.980045	0.221021
-157.025604	21.659600	-179.120000	51.040000	935.240068	4.045687	155.276355	155.276355	155.276355	3.980769	0.256201
-157.025604	22.159600	-179.120000	51.040000	922.477082	4.047375	154.894857	154.894857	154.894857	3.982558	0.191654
-157.025604	22.659600	-179.120000	51.040000	909.841176	4.048687	154.504190	154.504190	154.604190	3.985344	0.127237
-157.025604	23.159600	-179.120000	51.040000	897.316238	4.049688	154.203998	154.203998	154.203998	3.989189	0.162868
-157.025604	23.659600	-179.120000	51.040000	884.832459	4.050688	153.793904	153.793904	153.793904	3.993478	0.098785
-157.025604	24.159600	-179.120000	51.040000	872.243323	4.052375	153.373515	153.373515	153.373515	3.996641	0.034813
-157.025604	24.659600	-179.120000	51.040000	859.848546	4.053375	153.042420	153.042420	153.042420	3.999203	0.070867
-157.025604	25.159600	-179.120000	51.040000	847.643363	4.053687	152.600186	152.600186	152.600186	4.002181	0.007225
-157.025604	25.659600	-179.120000	51.040000	835.339934	4.054688	152.146361	152.146361	152.146361	4.005561	-0.056328
-157.025604	26.159600	-179.120000	51.040000	823.149391	4.055375	151.680470	151.680470	151.680470	4.009590	-0.119880
-157.025604	26.659600	-179.120000	51.040000	811.083342	4.055688	151.202016	151.202016	151.202016	4.013831	-0.183103
-156.525604	14.659600	-179.120000	51.040000	1119.525707	4.033688	157.930200	157.830200	157.930200	4.007123	-0.314387
-156.525604	15.159600	-179.120000	51.040000	1106.805851	4.033688	157.743155	157.743155	157.743155	4.005510	-0.282976
-156.525604	15.659600	-179.120000	51.040000	1093.918924	4.034375	157.550561	157.550561	157.550561	4.004226	-0.251421
-156.525604	16.159600	-179.120000	51.040000	1081.156938	4.034688	157.352226	157.352226	157.352226	4.001734	-0.219549
-156.525604	16.659600	-179.120000	51.040000	1068.318462	4.035375	157.147949	157.147949	157.147949	3.999849	-0.187539
-156.525604	17.159600	-179.120000	51.040000	1055.604024	4.035687	156.937521	156.937521	157.037521	3.997864	-0.155402
-156.525604	17.659600	-179.120000	51.040000	1042.736334	4.036688	156.820723	156.820723	156.820723	3.994466	-0.022945
-156.525604	18.159600	-179.120000	51.040000	1029.898261	4.037687	156.597327	156.597327	156.597327	3.990014	0.009633
-156.525604	18.659600	-179.120000	51.040000	1017.169381	4.038375	156.367096	156.367096	156.367096	3.986701	0.042321
-156.525604	19.159600	-179.120000	51.040000	1004.314490	4.039688	156.129782	156.129782	156.129782	3.984119	0.075335
-156.525604	19.659600	-179.120000	51.040000	991.570665	4.040687	155.985124	155.985124	155.985124	3.981238	0.208452
-156.525604	20.159600	-179.120000	51.040000	978.860207	4.041688	155.732852	155.732852	155.732852	3.979882	0.241661
-156.525604	20.659600	-179.120000	51.040000	966.019892	4.043375	155.372684	155.372684	155.372684	3.979491	0.175204
-156.525604	21.159600	-179.120000	51.040000	953.381583	4.044375	155.104322	155.104322	155.104322	3.979711	0.208831
-156.525604	21.659600	-179.120000	51.040000	940.707301	4.045687	154.827459	154.827459	154.827459	3.980598	0.242531
-156.525604	22.159600	-179.120000	51.040000	927.986944	4.047375	154.441770	154.441770	154.441770	3.982547	0.176576
-156.525604	22.659600	-179.120000	51.040000	915.465622	4.048375	154.046917	154.046917	154.046917	3.985239	0.110686
-156.525604	23.159600	-179.120000	51.040000	902.915185	4.049688	153.742546	153.742546	153.742546	3.989287	0.144848
-156.525604	23.659600	-179.120000	51.040000	890.477402	4.050688	153.328287	153.328287	153.328287	3.994092	0.079370
-156.525604	24.159600	-179.120000	51.040000	878.083120	4.051687	152.903752	152.903752	152.903752	3.996777	0.013936
-156.525604	24.659600	-179.120000	51.040000	865.733928	4.052688	152.468535	152.468535	152.468535	4.000407	-0.051469
-156.525604	25.159600	-179.120000	51.040000	853.431501	4.053687	152.122212	152.122212	152.122212	4.002364	-0.016495
-156.525604	25.659600	-179.120000	51.040000	841.242442	4.054375	151.664337	151.664337	151.664337	4.005746	-0.081499
-156.525604	26.159600	-179.120000	51.040000	829.178554	4.054688	151.194443	151.194443	151.194443	4.010213	-0.146498
-156.525604	26.659600	-179.120000	51.040000	817.087331	4.055375	150.712044	150.712044	150.712044	4.014530	-0.211097
-156.025604	14.659600	-179.120000	51.040000	1124.626480	4.033375	157.543112	157.543112	157.543112	4.008746	-0.307676
-156.025604	15.159600	-179.120000	51.040000	1111.855281	4.033688	157.352222	157.352222	157.352222	4.006405	-0.277802
-156.025604	15.659600	-179.120000	51.040000	1099.191139	4.033688	157.255761	157.255761	157.255761	4.002690	-0.147726
-156.025604	16.159600	-179.120000	51.040000	1086.362492	4.034375	157.053537	157.053537	157.053537	4.000446	-0.117380
-156.025604	16.659600	-179.120000	51.040000	1073.659396	4.034688	156.845352	156.845352	156.845352	3.998364	-0.086894
-156.025604	17.159600	-179.120000	51.040000	1060.799719	4.035687	156.630997	156.630997	156.630997	3.996436	-0.056220
-156.025604	17.659600	-179.120000	51.040000	1048.050563	4.036375	156.410254	156.410254	156.510254	3.992922	-0.025276
-156.025604	18.159600	-179.120000	51.040000	1035.249491	4.037375	156.282898	156.282898	156.282898	3.988990	0.105792
-156.025604	18.659600	-179.120000	51.040000	1022.479540	4.038375	156.048693	156.048693	156.048693	3.986062	0.137032
-156.025604	19.159600	-179.120000	51.040000	1009.741640	4.039375	155.807392	155.807392	155.807392	3.983072	0.168545
-156.025604	19.659600	-179.120000	51.040000	996.959658	4.040687	155.558737	155.558737	155.558737	3.980938	0.200165
-156.025604	20.159600	-179.120000	51.040000	984.289836	4.041688	155.302462	155.302462	155.302462	3.979313	0.231939
-156.025604	20.659600	-179.120000	51.040000	971.489927	4.043375	154.938285	154.938285	154.938285	3.979327	0.163994
-156.025604	21.159600	-179.120000	51.040000	958.893663	4.044375	154.665914	154.665914	154.665914	3.979621	0.196136
-156.025604	21.659600	-179.120000	51.040000	946.261732	4.045687	154.385043	154.385043	154.385043	3.980944	0.228414
-156.025604	22.159600	-179.120000	51.040000	933.742563	4.046687	153.995352	153.995352	153.995352	3.982917	0.160982
-156.025604	22.659600	-179.120000	51.040000	921.106930	4.048375	153.696508	153.596508	153.696508	3.985998	0.193619
-156.025604	23.159600	-179.120000	51.040000	908.671259	4.049375	153.288160	153.288160	153.288160	3.989631	0.126371
-156.025604	23.659600	-179.120000	51.040000	896.278394	4.050375	152.869945	152.869945	152.869945	3.994310	0.059427
-156.025604	24.159600	-179.120000	51.040000	883.929861	4.051375	152.441479	152.441479	152.441479	3.997694	-0.007469
-156.025604	24.659600	-179.120000	51.040000	871.627268	4.052375	152.102364	152.102364	152.102364	4.000365	0.025728
-156.025604	25.159600	-179.120000	51.040000	859.372309	4.053375	151.652182	151.652182	151.652182	4.003054	-0.040754
-156.025604	25.659600	-179.120000	51.040000	847.310446	4.053687	151.190495	151.190495	151.190495	4.006718	-0.107209
-156.025604	26.159600	-179.120000	51.040000	835.218482	4.054375	150.716846	150.716846	150.716846	4.011583	-0.173597
-156.025604	26.659600	-179.120000	51.040000	823.114492	4.055375	150.330756	150.330756	150.330756	4.011728	-0.139640
-155.525604	14.659600	-179.120000	51.040000	1129.917817	4.032687	157.360450	157.360450	157.360450	4.003705	-0.101277
-155.525604	15.159600	-179.120000	51.040000	1117.076110	4.033375	157.065831	157.065831	157.065831	4.005477	-0.172886
-155.525604	15.659600	-179.120000	51.040000	1104.361911	4.033688	156.965623	156.865623	156.965623	4.001870	-0.044341
-155.525604	16.159600	-179.120000	51.040000	1091.569422	4.034375	156.659636	156.659636	156.759636	4.000440	-0.115519
-155.525604	16.659600	-179.120000	51.040000	1078.903534	4.034688	156.547671	156.547671	156.547671	3.997670	0.013501
-155.525604	17.159600	-179.120000	51.040000	1066.080750	4.035687	156.329522	156.329522	156.329522	3.995102	0.042656
-155.525604	17.659600	-179.120000	51.040000	1053.369484	4.036375	156.104972	156.104972	156.104972	3.992443	0.072090
-155.525604	18.159600	-179.120000	51.040000	1040.606495	4.037375	155.873797	155.873797	155.873797	3.988797	0.101707
-155.525604	18.659600	-179.120000	51.040000	1027.875245	4.038375	155.635764	155.635764	155.635764	3.985829	0.131441
-155.525604	19.159600	-179.120000	51.040000	1015.176679	4.039375	155.390628	155.390628	155.390628	3.982958	0.161457
-155.525604	19.659600	-179.120000	51.040000	1002.511789	4.040375	155.138134	155.138134	155.138134	3.980860	0.191640
-155.525604	20.159600	-179.120000	51.040000	989.805078	4.041688	154.878016	154.878016	154.878016	3.979767	0.221921
-155.525604	20.659600	-179.120000	51.040000	977.211706	4.042688	154.609999	154.609999	154.609999	3.979517	0.252491
-155.525604	21.159600	-179.120000	51.040000	964.491304	4.044375	154.233791	154.233791	154.233791	3.980138	0.183210
-155.525604	21.659600	-179.120000	51.040000	951.901671	4.045687	153.949091	153.949091	153.949091	3.981672	0.214007
-155.525604	22.159600	-179.120000	51.040000	939.425964	4.046687	153.555583	153.555583	153.555583	3.983576	0.145103
-155.525604	22.659600	-179.120000	51.040000	926.990990	4.047688	153.252938	153.252938	153.252938	3.986709	0.176328
-155.525604	23.159600	-179.120000	51.040000	914.442868	4.049375	152.840811	152.840811	152.840811	3.990368	0.107612
-155.525604	23.659600	-179.120000	51.040000	902.095756	4.050375	152.418842	152.418842	152.418842	3.995073	0.039206
-155.525604	24.159600	-179.120000	51.040000	889.793777	4.051375	151.986657	151.986657	152.086657	3.998668	-0.029090
-155.525604	24.659600	-179.120000	51.040000	877.538554	4.052375	151.643861	151.643861	151.643861	4.001139	0.002650
-155.525604	25.159600	-179.120000	51.040000	865.478594	4.052688	151.190045	151.190045	151.190045	4.004236	-0.065282
-155.525604	25.659600	-179.120000	51.040000	853.385798	4.053375	150.724778	150.724778	150.724778	4.008366	-0.133128
-155.525604	26.159600	-179.120000	51.040000	841.278439	4.054375	150.347613	150.347613	150.347613	4.010123	-0.100961
-155.525604	26.659600	-179.120000	51.040000	829.365862	4.054688	149.858079	149.858079	149.858079	4.014712	-0.168442
-155.025604	14.659600	-179.120000	51.040000	1135.100872	4.032687	156.982222	156.982222	156.982222	4.006396	-0.095147
-155.025604	15.159600	-179.120000	51.040000	1122.485684	4.032687	156.883990	156.883990	156.883990	4.002602	0.031711
-155.025604	15.659600	-179.120000	51.040000	1109.616357	4.033688	156.580156	156.580156	156.580156	4.002771	-0.041273
-155.025604	16.159600	-179.120000	51.040000	1096.860122	4.034375	156.370528	156.370528	156.370528	4.000285	-0.013922
-155.025604	16.659600	-179.120000	51.040000	1084.231534	4.034688	156.254911	156.154911	156.254911	3.997241	0.113579
-155.025604	17.159600	-179.120000	51.040000	1071.528682	4.035375	156.033098	156.033098	156.033098	3.995283	0.141220
-155.025604	17.659600	-179.120000	51.040000	1058.772393	4.036375	155.804877	155.704877	155.804877	3.993006	0.169198
-155.025604	18.159600	-179.120000	51.040000	1046.047527	4.037375	155.570023	155.570023	155.570023	3.989526	0.197310
-155.025604	18.659600	-179.120000	51.040000	1033.355003	4.038375	155.328307	155.328307	155.328307	3.986459	0.225542
-155.025604	19.159600	-179.120000	51.040000	1020.695780	4.039375	155.079484	155.079484	155.079484	3.983880	0.254118
-155.025604	19.659600	-179.120000	51.040000	1008.070867	4.040375	154.823304	154.823304	154.823304	3.981681	0.282808
-155.025604	20.159600	-179.120000	51.040000	995.404348	4.041688	154.459504	154.459504	154.459504	3.980687	0.211601
-155.025604	20.659600	-179.120000	51.040000	982.852262	4.042688	154.187809	154.187809	154.187809	3.980593	0.240744
-155.025604	21.159600	-179.120000	51.040000	970.172859	4.044375	153.907934	153.907934	153.907934	3.981666	0.269982
-155.025604	21.659600	-179.120000	51.040000	957.699412	4.045375	153.519580	153.519580	153.519580	3.982764	0.199304
-155.025604	22.159600	-179.120000	51.040000	945.193088	4.046687	153.222436	153.222436	153.222436	3.984956	0.228985
-155.025604	22.659600	-179.120000	51.040000	932.802201	4.047688	152.816176	152.816176	152.816176	3.988023	0.158743
-155.025604	23.159600	-179.120000	51.040000	920.454184	4.048687	152.400463	152.400463	152.400463	3.991640	0.088563
-155.025604	23.659600	-179.120000	51.040000	908.150522	4.049688	151.974941	151.974941	151.974941	3.995953	0.018754
-155.025604	24.159600	-179.120000	51.040000	895.892775	4.050688	151.639240	151.639240	151.639240	3.999516	0.049002
-155.025604	24.659600	-179.120000	51.040000	883.682580	4.051687	151.192976	151.192976	151.192976	4.002928	-0.020710
-155.025604	25.159600	-179.120000	51.040000	871.588874	4.052375	150.835743	150.835743	150.835743	4.004931	0.009966
-155.025604	25.659600	-179.120000	51.040000	859.478103	4.053375	150.367122	150.367122	150.367122	4.008337	-0.059325
-155.025604	26.159600	-179.120000	51.040000	847.564063	4.053687	149.886672	149.886672	149.886672	4.013107	-0.128598
-155.025604	26.659600	-179.120000	51.040000	835.623660	4.054375	149.393934	149.393934	149.393934	4.018579	-0.197464
-154.525604	14.659600	-179.120000	51.040000	1140.454475	4.032375	156.808436	156.808436	156.808436	4.004018	0.110498
-154.525604	15.159600	-179.120000	51.040000	1127.787094	4.032687	156.606706	156.606706	156.606706	4.003040	0.135822
-154.525604	15.659600	-179.120000	51.040000	1115.039539	4.033375	156.399362	156.399362	156.399362	4.001589	0.161355
-154.525604	16.159600	-179.120000	51.040000	1102.233241	4.034375	156.086216	156.086216	156.086216	4.001031	0.087182
-154.525604	16.659600	-179.120000	51.040000	1089.642019	4.034688	155.867071	155.867071	155.867071	3.998621	0.113163
-154.525604	17.159600	-179.120000	51.040000	1076.976586	4.035375	155.641725	155.641725	155.641725	3.996102	0.139336
-154.525604	17.659600	-179.120000	51.040000	1064.257858	4.036375	155.409965	155.409965	155.409965	3.993839	0.165804
-154.525604	18.159600	-179.120000	51.040000	1051.571127	4.037375	155.171571	155.171571	155.171571	3.990566	0.192409
-154.525604	18.659600	-179.120000	51.040000	1038.917326	4.038375	154.926313	154.926313	154.926313	3.987704	0.219189
-154.525604	19.159600	-179.120000	51.040000	1026.297430	4.039375	154.673951	154.673951	154.673951	3.985233	0.246268
-154.525604	19.659600	-179.120000	51.040000	1013.712459	4.040375	154.414237	154.414237	154.414237	3.983213	0.273465
-154.525604	20.159600	-179.120000	51.040000	1001.086073	4.041688	154.146910	154.146910	154.146910	3.982537	0.300818
-154.525604	20.659600	-179.120000	51.040000	988.575201	4.042688	153.771699	153.771699	153.771699	3.982399	0.228477
-154.525604	21.159600	-179.120000	51.040000	976.102618	4.043687	153.488322	153.488322	153.488322	3.983188	0.256235
-154.525604	21.659600	-179.120000	51.040000	963.505786	4.045375	153.196485	153.096485	153.196485	3.984781	0.284130
-154.525604	22.159600	-179.120000	51.040000	951.115688	4.046375	152.795881	152.795881	152.795881	3.986722	0.212339
-154.525604	22.659600	-179.120000	51.040000	938.695279	4.047688	152.386190	152.386190	152.386190	3.989410	0.140628
-154.525604	23.159600	-179.120000	51.040000	926.391907	4.048687	152.067078	152.067078	152.067078	3.994001	0.169033
-154.525604	23.659600	-179.120000	51.040000	914.133620	4.049688	151.638195	151.638195	151.638195	3.997788	0.097765
-154.525604	24.159600	-179.120000	51.040000	901.921992	4.050688	151.299180	151.299180	151.299180	4.001264	0.126556
-154.525604	24.659600	-179.120000	51.040000	889.827307	4.051375	150.849652	150.849652	150.849652	4.004281	0.055439
-154.525604	25.159600	-179.120000	51.040000	877.713089	4.052375	150.489216	150.489216	150.489216	4.006336	0.084666
-154.525604	25.659600	-179.120000	51.040000	865.797601	4.052688	150.017459	150.017459	150.017459	4.009480	0.013931
-154.525604	26.159600	-179.120000	51.040000	853.852823	4.053375	149.533950	149.533950	149.533950	4.014287	-0.056738
-154.525604	26.659600	-179.120000	51.040000	841.897121	4.054375	149.038239	149.038239	149.038239	4.019777	-0.127041
-154.025604	14.659600	-179.120000	51.040000	1145.801012	4.032375	156.539096	156.539096	156.539096	4.004400	0.215808
-154.025604	15.159600	-179.120000	51.040000	1133.169482	4.032687	156.333981	156.333981	156.333981	4.004076	0.239645
-154.025604	15.659600	-179.120000	51.040000	1120.457782	4.033375	156.123244	156.123244	156.123244	4.002884	0.263649
-154.025604	16.159600	-179.120000	51.040000	1107.687433	4.034375	155.806699	155.806699	155.806699	4.002123	0.187955
-154.025604	16.659600	-179.120000	51.040000	1095.133617	4.034688	155.584151	155.584151	155.584151	3.999957	0.212464
-154.025604	17.159600	-179.120000	51.040000	1082.421799	4.035687	155.355399	155.355399	155.355399	3.997624	0.237123
-154.025604	17.659600	-179.120000	51.040000	1069.824455	4.036375	155.120232	155.120232	155.120232	3.995303	0.262084
-154.025604	18.159600	-179.120000	51.040000	1057.175845	4.037375	154.878432	154.878432	154.878432	3.992749	0.287233
-154.025604	18.659600	-179.120000	51.040000	1044.560738	4.038375	154.629772	154.629772	154.629772	3.989956	0.312511
-154.025604	19.159600	-179.120000	51.040000	1031.980121	4.039375	154.374015	154.374015	154.374015	3.987375	0.338097
-154.025604	19.659600	-179.120000	51.040000	1019.435029	4.040375	154.010914	154.010914	154.010914	3.985615	0.263851
-154.025604	20.159600	-179.120000	51.040000	1006.848689	4.041688	153.740213	153.740213	153.740213	3.984811	0.289717
-154.025604	20.659600	-179.120000	51.040000	994.378931	4.042688	153.461644	153.461644	153.461644	3.984946	0.315895
-154.025604	21.159600	-179.120000	51.040000	981.948101	4.043687	153.074928	153.074928	153.074928	3.985293	0.242223
-154.025604	21.659600	-179.120000	51.040000	969.392674	4.045375	152.779776	152.779776	152.779776	3.987045	0.268643
-154.025604	22.159600	-179.120000	51.040000	957.045640	4.046375	152.475885	152.475885	152.475885	3.989483	0.295384
-154.025604	22.659600	-179.120000	51.040000	944.741451	4.047375	152.062940	152.062940	152.062940	3.992319	0.222256
-154.025604	23.159600	-179.120000	51.040000	932.481545	4.048375	151.640612	151.640612	151.640612	3.995644	0.149198
-154.025604	23.659600	-179.120000	51.040000	920.267432	4.049375	151.308558	151.308558	151.308558	4.000108	0.176474
-154.025604	24.159600	-179.120000	51.040000	908.100698	4.050375	150.966422	150.866422	150.966422	4.003247	0.203858
-154.025604	24.659600	-179.120000	51.040000	895.983006	4.051375	150.513831	150.513831	150.513831	4.006388	0.131291
-154.025604	25.159600	-179.120000	51.040000	883.916108	4.052375	150.150398	150.150398	150.150398	4.008346	0.159074
-154.025604	25.659600	-179.120000	51.040000	872.049751	4.052688	149.675716	149.675716	149.675716	4.011474	0.086941
-154.025604	26.159600	-179.120000	51.040000	860.154294	4.053375	149.189365	149.189365	149.189365	4.016238	0.014834
-154.025604	26.659600	-179.120000	51.040000	848.248202	4.054375	148.790905	148.690905	148.790905	4.017772	0.043098
-153.525604	14.659600	-179.120000	51.040000	1151.227184	4.032375	156.274202	156.274202	156.274202	4.005936	0.320819
-153.525604	15.159600	-179.120000	51.040000	1138.631555	4.032687	156.065814	156.065814	156.065814	4.005925	0.343125
-153.525604	15.659600	-179.120000	51.040000	1125.868512	4.033688	155.751799	155.751799	155.751799	4.006615	0.265603
-153.525604	16.159600	-179.120000	51.040000	1113.221357	4.034375	155.531973	155.531973	155.531973	4.004135	0.288433
-153.525604	16.659600	-179.120000	51.040000	1100.704963	4.034688	155.306143	155.306143	155.306143	4.002035	0.311427
-153.525604	17.159600	-179.120000	51.040000	1088.030143	4.035687	155.074111	155.074111	155.074111	3.999671	0.334573
-153.525604	17.659600	-179.120000	51.040000	1075.387510	4.036688	154.835666	154.835666	154.835666	3.997390	0.358075
-153.525604	18.159600	-179.120000	51.040000	1062.860239	4.037375	154.590594	154.590594	154.590594	3.995040	0.381721
-153.525604	18.659600	-179.120000	51.040000	1050.283769	4.038375	154.338669	154.338669	154.338669	3.992393	0.405502
-153.525604	19.159600	-179.120000	51.040000	1037.742358	4.039375	153.979658	153.979658	153.979658	3.990317	0.329641
-153.525604	19.659600	-179.120000	51.040000	1025.157763	4.040687	153.713316	153.713316	153.713316	3.988460	0.353907
-153.525604	20.159600	-179.120000	51.040000	1012.690645	4.041688	153.439391	153.439391	153.439391	3.987614	0.378289
-153.525604	20.659600	-179.120000	51.040000	1000.261872	4.042688	153.057618	153.057618	153.057618	3.987932	0.303034
-153.525604	21.159600	-179.120000	51.040000	987.872647	4.043687	152.767722	152.767722	152.767722	3.988336	0.327887
-153.525604	21.659600	-179.120000	51.040000	975.358440	4.045375	152.469419	152.469419	152.469419	3.990013	0.352836
-153.525604	22.159600	-179.120000	51.040000	963.054276	4.046375	152.062409	152.062409	152.062409	3.991828	0.278157
-153.525604	22.659600	-179.120000	51.040000	950.793611	4.047375	151.746383	151.746383	151.746383	3.995583	0.303565
-153.525604	23.159600	-179.120000	51.040000	938.577894	4.048375	151.321018	151.321018	151.321018	3.999007	0.229049
-153.525604	23.659600	-179.120000	51.040000	926.408648	4.049375	150.985977	150.985977	150.985977	4.003275	0.254915
-153.525604	24.159600	-179.120000	51.040000	914.287466	4.050375	150.640909	150.540909	150.640909	4.005609	0.280849
-153.525604	24.659600	-179.120000	51.040000	902.216026	4.051375	150.185449	150.185449	150.185449	4.008645	0.206836
-153.525604	25.159600	-179.120000	51.040000	890.196085	4.052375	149.819217	149.819217	149.819217	4.010796	0.233219
-153.525604	25.659600	-179.120000	51.040000	878.378475	4.052688	149.341817	149.341817	149.341817	4.014136	0.159648
-153.525604	26.159600	-179.120000	51.040000	866.531915	4.053375	148.852835	148.852835	148.852835	4.019166	0.086108
-153.525604	26.659600	-179.120000	51.040000	854.674961	4.054375	148.451842	148.451842	148.451842	4.020721	0.112980
-153.025604	14.659600	-179.120000	51.040000	1156.731725	4.032375	156.013754	156.013754	156.013754	4.007778	0.425326
-153.025604	15.159600	-179.120000	51.040000	1143.976999	4.033375	155.702201	155.702201	155.702201	4.010478	0.346101
-153.025604	15.659600	-179.120000	51.040000	1131.444448	4.033688	155.485022	155.485022	155.585022	4.008762	0.367091
-153.025604	16.159600	-179.120000	51.040000	1118.833678	4.034375	155.262032	155.262032	155.262032	4.006250	0.388400
-153.025604	16.659600	-179.120000	51.040000	1106.166209	4.035375	155.033041	155.033041	155.033041	4.004463	0.409877
-153.025604	17.159600	-179.120000	51.040000	1093.716839	4.035687	154.797850	154.797850	154.797850	4.002418	0.431551
-153.025604	17.659600	-179.120000	51.040000	1081.111688	4.036688	154.556255	154.556255	154.556255	3.999989	0.453546
-153.025604	18.159600	-179.120000	51.040000	1068.540166	4.037687	154.308042	154.308042	154.308042	3.997876	0.475690
-153.025604	18.659600	-179.120000	51.040000	1056.003242	4.038687	153.952987	153.952987	154.052987	3.995934	0.398013
-153.025604	19.159600	-179.120000	51.040000	1043.501927	4.039688	153.690859	153.690859	153.690859	3.993761	0.420660
-153.025604	19.659600	-179.120000	51.040000	1031.037279	4.040687	153.421419	153.421419	153.421419	3.991991	0.443437
-153.025604	20.159600	-179.120000	51.040000	1018.610404	4.041688	153.144416	153.144416	153.144416	3.991453	0.466374
-153.025604	20.659600	-179.120000	51.040000	1006.222462	4.042688	152.759590	152.759590	152.759590	3.991571	0.389639
-153.025604	21.159600	-179.120000	51.040000	993.874663	4.043687	152.466670	152.466670	152.466670	3.992132	0.413017
-153.025604	21.659600	-179.120000	51.040000	981.401465	4.045375	152.165375	152.165375	152.165375	3.993722	0.436534
-153.025604	22.159600	-179.120000	51.040000	969.139949	4.046375	151.755411	151.755411	151.755411	3.995540	0.360388
-153.025604	22.659600	-179.120000	51.040000	956.922561	4.047375	151.436473	151.436473	151.436473	3.998924	0.384334
-153.025604	23.159600	-179.120000	51.040000	944.750762	4.048375	151.008245	151.008245	151.008245	4.002459	0.308397
-153.025604	23.659600	-179.120000	51.040000	932.626081	4.049375	150.670394	150.670394	150.670394	4.006276	0.332808
-153.025604	24.159600	-179.120000	51.040000	920.550124	4.050375	150.322578	150.322578	150.322578	4.008846	0.357292
-153.025604	24.659600	-179.120000	51.040000	908.524575	4.051375	149.864438	149.864438	149.864438	4.011679	0.281869
-153.025604	25.159600	-179.120000	51.040000	896.551201	4.052375	149.495601	149.495601	149.495601	4.013286	0.306809
-153.025604	25.659600	-179.120000	51.040000	884.781925	4.052688	149.015680	149.015680	149.015680	4.016835	0.231801
-153.025604	26.159600	-179.120000	51.040000	872.916507	4.053687	148.624271	148.524271	148.624271	4.018549	0.256859
-153.025604	26.659600	-179.120000	51.040000	861.175493	4.054375	148.120953	148.120953	148.120953	4.024495	0.182300
-152.525604	14.659600	-179.120000	51.040000	1162.223303	4.032687	155.757747	155.757747	155.757747	4.009742	0.529475
-152.525604	15.159600	-179.120000	51.040000	1149.593626	4.033375	155.543138	155.543138	155.543138	4.009816	0.548758
-152.525604	15.659600	-179.120000	51.040000	1137.097478	4.033688	155.322905	155.322905	155.322905	4.009502	0.568222
-152.525604	16.159600	-179.120000	51.040000	1124.435969	4.034688	154.996866	154.996866	154.996866	4.009269	0.488013
-152.525604	16.659600	-179.120000	51.040000	1111.892003	4.035375	154.764831	154.764831	154.764831	4.007038	0.508014
-152.525604	17.159600	-179.120000	51.040000	1099.293243	4.036375	154.526604	154.526604	154.526604	4.005022	0.528177
-152.525604	17.659600	-179.120000	51.040000	1086.727685	4.037375	154.281983	154.281983	154.281983	4.002885	0.548668
-152.525604	18.159600	-179.120000	51.040000	1074.379167	4.037687	153.930756	153.930756	154.030756	4.001615	0.469350
-152.525604	18.659600	-179.120000	51.040000	1061.880689	4.038687	153.672703	153.672703	153.672703	3.999416	0.490177
-152.525604	19.159600	-179.120000	51.040000	1049.418355	4.039688	153.407595	153.407595	153.407595	3.997491	0.511333
-152.525604	19.659600	-179.120000	51.040000	1036.993234	4.040687	153.135196	153.135196	153.135196	3.996110	0.532663
-152.525604	20.159600	-179.120000	51.040000	1024.606442	4.041688	152.755259	152.755259	152.855259	3.995092	0.454117
-152.525604	20.659600	-179.120000	51.040000	1012.087034	4.043375	152.467528	152.467528	152.467528	3.995561	0.475906
-152.525604	21.159600	-179.120000	51.040000	999.782595	4.044375	152.171735	152.171735	152.171735	3.995912	0.497849
-152.525604	21.659600	-179.120000	51.040000	987.520148	4.045375	151.867603	151.867603	151.867603	3.997365	0.519896
-152.525604	22.159600	-179.120000	51.040000	975.301031	4.046375	151.454845	151.454845	151.454845	3.999450	0.442286
-152.525604	22.659600	-179.120000	51.040000	963.126647	4.047375	151.133161	151.133161	151.133161	4.002782	0.464809
-152.525604	23.159600	-179.120000	51.040000	950.998464	4.048375	150.702237	150.702237	150.702237	4.005741	0.387415
-152.525604	23.659600	-179.120000	51.040000	938.918023	4.049375	150.361751	150.361751	150.361751	4.009469	0.410377
-152.525604	24.159600	-179.120000	51.040000	926.886934	4.050375	150.011364	150.011364	150.011364	4.011997	0.433447
-152.525604	24.659600	-179.120000	51.040000	914.906891	4.051375	149.650726	149.650726	149.650726	4.013574	0.456580
-152.525604	25.159600	-179.120000	51.040000	902.979664	4.052375	149.179472	149.179472	149.179472	4.016244	0.380082
-152.525604	25.659600	-179.120000	51.040000	891.107115	4.053375	148.797222	148.797222	148.797222	4.017516	0.403669
-152.525604	26.159600	-179.120000	51.040000	879.440320	4.053687	148.203581	148.203581	148.303581	4.025642	0.227296
-152.525604	26.659600	-179.120000	51.040000	867.681045	4.054688	147.798140	147.798140	147.798140	4.028166	0.251312
-152.025604	14.659600	-179.120000	51.040000	1167.880367	4.032687	155.606173	155.606173	155.606173	4.008197	0.733294
-152.025604	15.159600	-179.120000	51.040000	1155.196573	4.033688	155.288616	155.288616	155.288616	4.011980	0.651048
-152.025604	15.659600	-179.120000	51.040000	1142.631556	4.034375	155.065439	155.065439	155.065439	4.011771	0.668989
-152.025604	16.159600	-179.120000	51.040000	1130.008110	4.035375	154.736462	154.736462	154.736462	4.012291	0.587300
-152.025604	16.659600	-179.120000	51.040000	1117.606928	4.035687	154.501499	154.501499	154.501499	4.010257	0.605788
-152.025604	17.159600	-179.120000	51.040000	1105.045977	4.036688	154.260356	154.260356	154.260356	4.008300	0.624443
-152.025604	17.659600	-179.120000	51.040000	1092.518713	4.037687	154.012831	154.012831	154.012831	4.006319	0.643468
-152.025604	18.159600	-179.120000	51.040000	1080.109658	4.038375	153.658716	153.658716	153.658716	4.005266	0.562652
-152.025604	18.659600	-179.120000	51.040000	1067.651662	4.039375	153.397794	153.397794	153.397794	4.003475	0.581985
-152.025604	19.159600	-179.120000	51.040000	1055.230321	4.040375	153.129839	153.129839	153.129839	4.001475	0.601690
-152.025604	19.659600	-179.120000	51.040000	1042.846712	4.041375	152.854618	152.854618	152.854618	4.000536	0.621535
-152.025604	20.159600	-179.120000	51.040000	1030.501961	4.042375	152.571887	152.571887	152.571887	3.999984	0.641509
-152.025604	20.659600	-179.120000	51.040000	1018.197245	4.043375	152.181393	152.181393	152.181393	4.000245	0.561860
-152.025604	21.159600	-179.120000	51.040000	1005.933797	4.044375	151.882875	151.882875	151.882875	4.000710	0.582332
-152.025604	21.659600	-179.120000	51.040000	993.712903	4.045375	151.576060	151.576060	151.576060	4.002179	0.602913
-152.025604	22.159600	-179.120000	51.040000	981.460113	4.046687	151.160663	151.160663	151.160663	4.004253	0.523877
-152.025604	22.659600	-179.120000	51.040000	969.329389	4.047688	150.836391	150.836391	150.836391	4.007094	0.544942
-152.025604	23.159600	-179.120000	51.040000	957.245450	4.048687	150.502938	150.502938	150.502938	4.010093	0.566096
-152.025604	23.659600	-179.120000	51.040000	945.209841	4.049688	150.059984	150.059984	150.059984	4.013210	0.487641
-152.025604	24.159600	-179.120000	51.040000	933.224182	4.050688	149.707199	149.707199	149.707199	4.015068	0.509267
-152.025604	24.659600	-179.120000	51.040000	921.290170	4.051687	149.344240	149.344240	149.344240	4.016496	0.530960
-152.025604	25.159600	-179.120000	51.040000	909.479711	4.052375	148.870749	148.870749	148.870749	4.019231	0.453056
-152.025604	25.659600	-179.120000	51.040000	897.653480	4.053375	148.486356	148.486356	148.486356	4.020254	0.475211
-152.025604	26.159600	-179.120000	51.040000	885.884495	4.054375	147.990673	147.990673	147.990673	4.024307	0.397411
-152.025604	26.659600	-179.120000	51.040000	874.174805	4.055375	147.583301	147.583301	147.583301	4.026621	0.420027
-151.525604	14.659600	-179.120000	51.040000	1173.411985	4.033375	155.259023	155.259023	155.259023	4.012351	0.736589
-151.525604	15.159600	-179.120000	51.040000	1160.765293	4.034375	154.938622	154.938622	154.938622	4.014618	0.652816
-151.525604	15.659600	-179.120000	51.040000	1148.344947	4.034688	154.712609	154.712609	154.712609	4.014442	0.669265
-151.525604	16.159600	-179.120000	51.040000	1135.758281	4.035687	154.480807	154.480807	154.480807	4.013127	0.686057
-151.525604	16.659600	-179.120000	51.040000	1123.290935	4.036375	154.143029	154.143029	154.143029	4.012539	0.603032
-151.525604	17.159600	-179.120000	51.040000	1110.768872	4.037375	153.899086	153.899086	153.899086	4.010594	0.620210
-151.525604	17.659600	-179.120000	51.040000	1098.467966	4.037687	153.648777	153.648777	153.648777	4.008840	0.637732
-151.525604	18.159600	-179.120000	51.040000	1086.012998	4.038687	153.391898	153.391898	153.391898	4.007881	0.655418
-151.525604	18.659600	-179.120000	51.040000	1073.594141	4.039688	153.128233	153.128233	153.128233	4.006892	0.673289
-151.525604	19.159600	-179.120000	51.040000	1061.212434	4.040687	152.757561	152.757561	152.857561	4.004806	0.591504
-151.525604	19.659600	-179.120000	51.040000	1048.868964	4.041688	152.479650	152.479650	152.479650	4.003268	0.609865
-151.525604	20.159600	-179.120000	51.040000	1036.564865	4.042688	152.194262	152.194262	152.194262	4.003122	0.628391
-151.525604	20.659600	-179.120000	51.040000	1024.301324	4.043687	151.901148	151.901148	151.901148	4.003357	0.647266
-151.525604	21.159600	-179.120000	51.040000	1012.079578	4.044688	151.600049	151.500049	151.600049	4.003793	0.666268
-151.525604	21.659600	-179.120000	51.040000	999.900924	4.045687	151.190697	151.190697	151.190697	4.004811	0.585412
-151.525604	22.159600	-179.120000	51.040000	987.766715	4.046687	150.872814	150.872814	150.872814	4.006928	0.604914
-151.525604	22.659600	-179.120000	51.040000	975.678370	4.047688	150.546110	150.546110	150.546110	4.009419	0.624522
-151.525604	23.159600	-179.120000	51.040000	963.473766	4.049375	150.210285	150.210285	150.210285	4.012332	0.644250
-151.525604	23.659600	-179.120000	51.040000	951.483739	4.050375	149.765027	149.765027	149.765027	4.014964	0.564346
-151.525604	24.159600	-179.120000	51.040000	939.544224	4.051375	149.410012	149.410012	149.410012	4.016922	0.584528
-151.525604	24.659600	-179.120000	51.040000	927.656921	4.052375	149.044902	149.044902	149.044902	4.018224	0.604806
-151.525604	25.159600	-179.120000	51.040000	915.823610	4.053375	148.669350	148.669350	148.669350	4.019487	0.625465
-151.525604	25.659600	-179.120000	51.040000	904.199482	4.053687	148.082991	148.082991	148.082991	4.023778	0.446189
-151.525604	26.159600	-179.120000	51.040000	892.477816	4.054688	147.685449	147.685449	147.685449	4.025878	0.466982
-151.525604	26.659600	-179.120000	51.040000	880.816023	4.055688	147.276334	147.276334	147.276334	4.028493	0.488174
-151.025604	14.659600	-179.120000	51.040000	1179.124655	4.033688	155.016286	154.916286	155.016286	4.013526	0.839504
-151.025604	15.159600	-179.120000	51.040000	1166.513784	4.034688	154.693144	154.693144	154.693144	4.015380	0.754234
-151.025604	15.659600	-179.120000	51.040000	1154.023403	4.035375	154.364401	154.364401	154.364401	4.015411	0.669160
-151.025604	16.159600	-179.120000	51.040000	1141.474607	4.036375	154.129881	154.129881	154.129881	4.014744	0.684437
-151.025604	16.659600	-179.120000	51.040000	1129.150879	4.036688	153.889401	153.889401	153.889401	4.013473	0.699931
-151.025604	17.159600	-179.120000	51.040000	1116.666381	4.037687	153.642772	153.642772	153.642772	4.012721	0.715602
-151.025604	17.659600	-179.120000	51.040000	1104.216491	4.038687	153.389797	153.389797	153.389797	4.011431	0.731623
-151.025604	18.159600	-179.120000	51.040000	1091.886636	4.039375	153.030273	153.030273	153.130273	4.010149	0.647843
-151.025604	18.659600	-179.120000	51.040000	1079.507911	4.040375	152.763990	152.763990	152.763990	4.009068	0.664221
-151.025604	19.159600	-179.120000	51.040000	1067.166809	4.041375	152.490727	152.490727	152.490727	4.007911	0.680950
-151.025604	19.659600	-179.120000	51.040000	1054.864427	4.042375	152.210258	152.210258	152.210258	4.006824	0.697859
-151.025604	20.159600	-179.120000	51.040000	1042.601905	4.043375	151.922346	151.922346	151.922346	4.006200	0.714906
-151.025604	20.659600	-179.120000	51.040000	1030.380435	4.044375	151.626748	151.526748	151.626748	4.006212	0.732309
-151.025604	21.159600	-179.120000	51.040000	1018.201265	4.045375	151.223208	151.223208	151.223208	4.006050	0.649871
-151.025604	21.659600	-179.120000	51.040000	1006.065695	4.046375	150.911464	150.911464	150.911464	4.007622	0.667551
-151.025604	22.159600	-179.120000	51.040000	993.975086	4.047375	150.591241	150.591241	150.591241	4.009639	0.685594
-151.025604	22.659600	-179.120000	51.040000	981.930861	4.048375	150.162257	150.162257	150.162257	4.010733	0.603774
-151.025604	23.159600	-179.120000	51.040000	969.934506	4.049375	149.824215	149.824215	149.824215	4.013704	0.622051
-151.025604	23.659600	-179.120000	51.040000	957.987579	4.050375	149.476811	149.476811	149.476811	4.016743	0.640702
-151.025604	24.159600	-179.120000	51.040000	946.018734	4.051687	149.119727	149.119727	149.119727	4.018638	0.659466
-151.025604	24.659600	-179.120000	51.040000	934.176548	4.052688	148.652633	148.652633	148.652633	4.020090	0.578305
-151.025604	25.159600	-179.120000	51.040000	922.460013	4.053375	148.275187	148.275187	148.275187	4.021898	0.597533
-151.025604	25.659600	-179.120000	51.040000	910.727842	4.054375	147.787036	147.787036	147.787036	4.025005	0.516847
-151.025604	26.159600	-179.120000	51.040000	899.054033	4.055375	147.387810	147.387810	147.387810	4.027032	0.536215
-151.025604	26.659600	-179.120000	51.040000	887.440629	4.056375	146.977130	146.977130	146.977130	4.029391	0.555988
-150.525604	14.659600	-179.120000	51.040000	1184.706634	4.034688	154.577947	154.577947	154.577947	4.017381	0.742057
-150.525604	15.159600	-179.120000	51.040000	1172.224454	4.035375	154.352166	154.352166	154.352166	4.016692	0.755261
-150.525604	15.659600	-179.120000	51.040000	1159.682037	4.036375	154.120797	154.120797	154.120797	4.017060	0.768667
-150.525604	16.159600	-179.120000	51.040000	1147.367351	4.036688	153.783666	153.783666	153.783666	4.015601	0.682459
-150.525604	16.659600	-179.120000	51.040000	1134.888324	4.037687	153.540592	153.540592	153.540592	4.014551	0.696443
-150.525604	17.159600	-179.120000	51.040000	1122.530265	4.038375	153.291389	153.291389	153.291389	4.013635	0.710609
-150.525604	17.659600	-179.120000	51.040000	1110.119404	4.039375	153.035864	153.035864	153.035864	4.013042	0.725160
-150.525604	18.159600	-179.120000	51.040000	1097.744553	4.040375	152.773814	152.773814	152.773814	4.012368	0.739885
-150.525604	18.659600	-179.120000	51.040000	1085.591400	4.040687	152.505033	152.405033	152.505033	4.011956	0.754773
-150.525604	19.159600	-179.120000	51.040000	1073.289511	4.041688	152.129303	152.129303	152.129303	4.009647	0.670047
-150.525604	19.659600	-179.120000	51.040000	1061.026808	4.042688	151.846402	151.846402	151.846402	4.009054	0.685475
-150.525604	20.159600	-179.120000	51.040000	1048.804437	4.043687	151.556098	151.556098	151.556098	4.008270	0.701046
-150.525604	20.659600	-179.120000	51.040000	1036.623600	4.044688	151.258148	151.258148	151.258148	4.008347	0.717007
-150.525604	21.159600	-179.120000	51.040000	1024.485546	4.045687	150.952305	150.952305	150.952305	4.009142	0.733102
-150.525604	21.659600	-179.120000	51.040000	1012.391583	4.046687	150.538308	150.538308	150.538308	4.008863	0.649320
-150.525604	22.159600	-179.120000	51.040000	1000.343078	4.047688	150.215890	150.215890	150.215890	4.010814	0.665932
-150.525604	22.659600	-179.120000	51.040000	988.173657	4.049375	149.984771	149.984771	149.984771	4.014699	0.782659
-150.525604	23.159600	-179.120000	51.040000	976.222480	4.050375	149.544662	149.544662	149.544662	4.015877	0.699489
-150.525604	23.659600	-179.120000	51.040000	964.321228	4.051375	149.195265	149.195265	149.195265	4.018936	0.716719
-150.525604	24.159600	-179.120000	51.040000	952.471530	4.052375	148.836268	148.836268	148.836268	4.020622	0.734043
-150.525604	24.659600	-179.120000	51.040000	940.675090	4.053375	148.467349	148.467349	148.467349	4.022161	0.751449
-150.525604	25.159600	-179.120000	51.040000	928.933691	4.054375	147.988173	147.988173	147.988173	4.023330	0.669264
-150.525604	25.659600	-179.120000	51.040000	917.249198	4.055375	147.598395	147.598395	147.598395	4.024999	0.687152
-150.525604	26.159600	-179.120000	51.040000	905.623563	4.056375	147.197656	147.197656	147.197656	4.026077	0.705100
-150.525604	26.659600	-179.120000	51.040000	894.058828	4.057375	146.785583	146.785583	146.785583	4.027882	0.723467
-150.025604	14.659600	-179.120000	51.040000	1190.448871	4.035375	154.243990	154.243990	154.243990	4.018065	0.744068
-150.025604	15.159600	-179.120000	51.040000	1178.113381	4.035687	154.015669	154.015669	154.015669	4.017517	0.755746
-150.025604	15.659600	-179.120000	51.040000	1165.606969	4.036688	153.781776	153.781776	153.781776	4.017205	0.767657
-150.025604	16.159600	-179.120000	51.040000	1153.133312	4.037687	153.542138	153.542138	153.542138	4.017222	0.779933
-150.025604	16.659600	-179.120000	51.040000	1140.781543	4.038375	153.296579	153.296579	153.296579	4.016516	0.792407
-150.025604	17.159600	-179.120000	51.040000	1128.375039	4.039375	153.144912	153.144912	153.144912	4.017612	0.905093
-150.025604	17.659600	-179.120000	51.040000	1116.193918	4.039688	152.686948	152.686948	152.686948	4.013916	0.718145
-150.025604	18.159600	-179.120000	51.040000	1103.857158	4.040687	152.522488	152.422488	152.522488	4.015279	0.831374
-150.025604	18.659600	-179.120000	51.040000	1091.557854	4.041688	152.251327	152.251327	152.251327	4.015045	0.844796
-150.025604	19.159600	-179.120000	51.040000	1079.297069	4.042688	151.973252	151.973252	151.973252	4.014386	0.858585
-150.025604	19.659600	-179.120000	51.040000	1067.075908	4.043687	151.688043	151.688043	151.688043	4.014051	0.872533
-150.025604	20.159600	-179.120000	51.040000	1054.977037	4.044375	151.295472	151.295472	151.295472	4.011488	0.786652
-150.025604	20.659600	-179.120000	51.040000	1042.837680	4.045375	150.995302	150.995302	150.995302	4.011804	0.801141
-150.025604	21.159600	-179.120000	51.040000	1030.741565	4.046375	150.587287	150.587287	150.587287	4.010727	0.715770
-150.025604	21.659600	-179.120000	51.040000	1018.611357	4.047688	150.371174	150.371174	150.371174	4.013777	0.830549
-150.025604	22.159600	-179.120000	51.040000	1006.606666	4.048687	149.946699	149.946699	149.946699	4.013835	0.745703
-150.025604	22.659600	-179.120000	51.040000	994.649326	4.049688	149.613587	149.613587	149.613587	4.015894	0.760978
-150.025604	23.159600	-179.120000	51.040000	982.740829	4.050688	149.271557	149.271557	149.271557	4.018452	0.776379
-150.025604	23.659600	-179.120000	51.040000	970.882737	4.051687	148.820315	148.820315	148.820315	4.019329	0.692165
-150.025604	24.159600	-179.120000	51.040000	959.076679	4.052688	148.459556	148.459556	148.459556	4.021663	0.708051
-150.025604	24.659600	-179.120000	51.040000	947.324360	4.053687	148.088966	148.088966	148.088966	4.023684	0.724037
-150.025604	25.159600	-179.120000	51.040000	935.468949	4.055375	147.808218	147.808218	147.808218	4.025662	0.840421
-150.025604	25.659600	-179.120000	51.040000	923.831548	4.056375	147.416973	147.416973	147.416973	4.026606	0.856885
-150.025604	26.159600	-179.120000	51.040000	912.408070	4.056687	146.814882	146.814882	146.814882	4.029205	0.673422
-150.025604	26.659600	-179.120000	51.040000	900.889360	4.057688	146.401582	146.401582	146.401582	4.031570	0.690372
-149.525604	14.659600	-179.120000	51.040000	1196.369924	4.035687	153.914397	153.914397	153.914397	4.018273	0.745673
-149.525604	15.159600	-179.120000	51.040000	1183.869245	4.036688	153.783633	153.783633	153.783633	4.019368	0.855852
-149.525604	15.659600	-179.120000	51.040000	1171.400866	4.037687	153.547316	153.547316	153.547316	4.019828	0.866242
-149.525604	16.159600	-179.120000	51.040000	1159.055306	4.038375	153.305275	153.305275	153.305275	4.019658	0.877006
-149.525604	16.659600	-179.120000	51.040000	1146.653085	4.039375	153.157334	153.157334	153.157334	4.021026	0.987995
-149.525604	17.159600	-179.120000	51.040000	1134.478815	4.039688	152.703311	152.703311	152.703311	4.016618	0.799177
-149.525604	17.659600	-179.120000	51.040000	1122.145215	4.040687	152.543019	152.543019	152.543019	4.018608	0.910731
-149.525604	18.159600	-179.120000	51.040000	1109.848460	4.041688	152.276261	152.276261	152.276261	4.018508	0.922491
-149.525604	18.659600	-179.120000	51.040000	1097.674423	4.042375	151.902835	151.902835	151.902835	4.016329	0.834424
-149.525604	19.159600	-179.120000	51.040000	1085.453503	4.043375	151.622533	151.622533	151.622533	4.015596	0.846730
-149.525604	19.659600	-179.120000	51.040000	1073.272631	4.044375	151.335137	151.335137	151.335137	4.015299	0.859222
-149.525604	20.159600	-179.120000	51.040000	1061.132967	4.045375	151.040423	151.040423	151.040423	4.014829	0.871866
-149.525604	20.659600	-179.120000	51.040000	1049.035717	4.046375	150.738159	150.738159	150.738159	4.015134	0.884888
-149.525604	21.159600	-179.120000	51.040000	1036.982143	4.047375	150.428102	150.428102	150.428102	4.015989	0.898073
-149.525604	21.659600	-179.120000	51.040000	1024.973560	4.048375	150.110004	150.110004	150.110004	4.017043	0.911392
-149.525604	22.159600	-179.120000	51.040000	1013.011339	4.049375	149.683607	149.683607	149.683607	4.016528	0.825093
-149.525604	22.659600	-179.120000	51.040000	1001.096914	4.050375	149.348641	149.348641	149.348641	4.018371	0.838935
-149.525604	23.159600	-179.120000	51.040000	989.231779	4.051375	149.004830	149.004830	149.004830	4.021040	0.852890
-149.525604	23.659600	-179.120000	51.040000	977.342126	4.052688	148.651886	148.651886	148.651886	4.024080	0.867236
-149.525604	24.159600	-179.120000	51.040000	965.581250	4.053687	148.289511	148.289511	148.289511	4.025670	0.881699
-149.525604	24.659600	-179.120000	51.040000	953.874554	4.054688	147.917399	147.917399	147.917399	4.026869	0.896254
-149.525604	25.159600	-179.120000	51.040000	942.223819	4.055688	147.435229	147.435229	147.435229	4.027262	0.811212
-149.525604	25.659600	-179.120000	51.040000	930.630903	4.056687	147.042671	147.042671	147.042671	4.028872	0.826261
-149.525604	26.159600	-179.120000	51.040000	919.097751	4.057688	146.639384	146.639384	146.639384	4.029725	0.841380
-149.525604	26.659600	-179.120000	51.040000	907.696283	4.058375	146.125015	146.125015	146.125015	4.032700	0.756917
-149.025604	14.659600	-179.120000	51.040000	1202.153694	4.036688	153.689146	153.689146	153.689146	4.019901	0.846886
-149.025604	15.159600	-179.120000	51.040000	1189.690513	4.037687	153.556037	153.556037	153.556037	4.021498	0.955542
-149.025604	15.659600	-179.120000	51.040000	1177.351091	4.038375	153.317393	153.317393	153.317393	4.022298	0.964414
-149.025604	16.159600	-179.120000	51.040000	1164.953088	4.039375	153.073049	153.073049	153.073049	4.022505	0.973689
-149.025604	16.659600	-179.120000	51.040000	1152.785618	4.039688	152.722829	152.722829	152.722829	4.019593	0.883171
-149.025604	17.159600	-179.120000	51.040000	1140.455138	4.040687	152.466556	152.466556	152.466556	4.019342	0.892851
-149.025604	17.659600	-179.120000	51.040000	1128.160901	4.041688	152.304042	152.304042	152.304042	4.021340	1.002931
-149.025604	18.159600	-179.120000	51.040000	1115.990164	4.042375	151.935096	151.935096	151.935096	4.019195	0.913200
-149.025604	18.659600	-179.120000	51.040000	1103.770453	4.043375	151.759519	151.759519	151.759519	4.021376	1.023646
-149.025604	19.159600	-179.120000	51.040000	1091.590076	4.044375	151.477104	151.477104	151.477104	4.020824	1.034492
-149.025604	19.659600	-179.120000	51.040000	1079.450147	4.045375	151.187639	151.187639	151.187639	4.020794	1.045507
-149.025604	20.159600	-179.120000	51.040000	1067.351830	4.046375	150.890903	150.890903	150.890903	4.021155	1.056681
-149.025604	20.659600	-179.120000	51.040000	1055.296336	4.047375	150.586667	150.586667	150.586667	4.021502	1.068255
-149.025604	21.159600	-179.120000	51.040000	1043.284928	4.048375	150.174694	150.174694	150.174694	4.019588	0.979978
-149.025604	21.659600	-179.120000	51.040000	1031.318924	4.049375	149.854739	149.854739	149.854739	4.020994	0.991840
-149.025604	22.159600	-179.120000	51.040000	1019.399698	4.050375	149.526550	149.526550	149.526550	4.022369	1.004105
-149.025604	22.659600	-179.120000	51.040000	1007.528684	4.051375	149.189863	149.189863	149.189863	4.024168	1.016500
-149.025604	23.159600	-179.120000	51.040000	995.707376	4.052375	148.744406	148.744406	148.744406	4.023798	0.929013
-149.025604	23.659600	-179.120000	51.040000	983.937335	4.053375	148.389899	148.389899	148.389899	4.027081	0.941933
-149.025604	24.159600	-179.120000	51.040000	972.220192	4.054375	148.026050	148.026050	148.026050	4.028765	0.954962
-149.025604	24.659600	-179.120000	51.040000	960.557646	4.055375	147.552558	147.552558	147.552558	4.028398	0.868089
-149.025604	25.159600	-179.120000	51.040000	948.951474	4.056375	147.169112	147.169112	147.169112	4.029951	0.881630
-149.025604	25.659600	-179.120000	51.040000	937.403530	4.057375	146.775390	146.775390	146.775390	4.030703	0.895259
-149.025604	26.159600	-179.120000	51.040000	925.915753	4.058375	146.371058	146.371058	146.371058	4.031501	0.908964
-149.025604	26.659600	-179.120000	51.040000	914.490165	4.059375	145.855772	145.855772	145.855772	4.034069	0.823091
-162.025604	19.986300	-179.120000	51.040000	929.488809	4.042688	160.561820	160.561820	160.561820	4.011541	-0.055073
-161.367599	17.746901	-179.120000	51.040000	993.521608	4.040687	160.418520	160.418520	160.418520	4.027716	-0.621498
-161.314896	21.956301	-179.120000	51.040000	884.597035	4.045687	159.168235	159.168235	159.168235	3.994545	0.303920
-161.095001	23.997200	-179.120000	51.040000	833.834861	4.050688	157.843824	157.843824	157.843824	3.997811	0.452515
-160.047501	19.823400	-179.120000	51.040000	951.752757	4.041688	158.761503	158.761503	158.761503	4.000803	-0.048363
-159.664993	22.122999	-179.120000	51.040000	895.980712	4.046687	157.507529	157.507529	157.507529	3.989272	0.354384
-159.401001	21.971001	-179.120000	51.040000	902.512141	4.046375	157.300477	157.300477	157.300477	3.988593	0.306386
-158.982498	15.574000	-179.120000	51.040000	1071.800583	4.036688	159.178855	159.078855	159.178855	4.018992	-0.690034
-158.933105	24.573799	-179.120000	51.040000	840.840889	4.053687	155.037958	155.037958	155.037958	3.999050	0.208081
-158.903000	21.298401	-179.120000	51.040000	924.828866	4.044688	157.203800	157.203800	157.203800	3.986839	0.274191
-158.760193	18.564699	-179.120000	51.040000	996.859915	4.038687	158.104061	158.104061	158.204061	3.998345	-0.185960
-158.185394	22.620199	-179.120000	51.040000	898.283279	4.048687	155.717572	155.717572	155.717572	3.986461	0.265333
-158.179504	20.377800	-179.120000	51.040000	955.801590	4.042688	156.941377	156.941377	156.941377	3.984500	0.136801
-157.931000	21.646000	-179.120000	51.040000	925.906793	4.045687	156.059012	156.059012	156.059012	3.982862	0.225170
-157.859100	14.659600	-179.120000	51.040000	1106.115510	4.035375	158.684185	158.584185	158.684185	4.016166	-0.633972
-157.700806	16.348400	-179.120000	51.040000	1064.384222	4.035687	158.002686	158.002686	158.102686	4.007307	-0.445391
-157.627594	20.346100	-179.120000	51.040000	962.288332	4.042688	156.533751	156.533751	156.533751	3.981616	0.199343
-157.270004	21.108999	-179.120000	51.040000	946.597362	4.044375	155.752359	155.752359	155.752359	3.980291	0.180111
-157.227295	18.984800	-179.120000	51.040000	1001.428069	4.039375	156.769760	156.769760	156.769760	3.986731	0.027832
-156.964600	24.312099	-179.120000	51.040000	869.214980	4.052375	153.248709	153.248709	153.248709	3.997372	0.076197
-156.932007	19.832701	-179.120000	51.040000	982.756030	4.041375	156.159885	156.159885	156.159885	3.981612	0.135908
-156.808197	18.404200	-179.120000	51.040000	1020.801179	4.037687	156.743919	156.743919	156.743919	3.988989	0.048621
-156.755997	21.136000	-179.120000	51.040000	951.456478	4.044375	155.364175	155.364175	155.364175	3.979531	0.255745
-156.658005	20.891001	-179.120000	51.040000	958.762939	4.043687	155.399242	155.399242	155.399242	3.979262	0.226912
-156.510101	19.477699	-179.120000	51.040000	996.355773	4.040375	155.988815	155.988815	155.988815	3.981920	0.123206
-156.465103	18.775000	-179.120000	51.040000	1014.836082	4.038687	156.302550	156.302550	156.302550	3.985613	0.089844
-156.387695	17.614901	-179.120000	51.040000	1045.296176	4.036688	156.652930	156.652930	156.752930	3.994000	-0.100260
-156.206604	16.162001	-179.120000	51.040000	1084.353785	4.034688	157.104452	157.104452	157.104452	4.001719	-0.209850
-156.167007	18.301001	-179.120000	51.040000	1030.124726	4.037687	156.290907	156.290907	156.290907	3.988492	0.072383
-155.996994	20.771000	-179.120000	51.040000	969.049826	4.043375	154.914154	154.914154	154.914154	3.979213	0.230973
-155.772995	19.079000	-179.120000	51.040000	1014.484349	4.039375	155.600390	155.600390	155.600390	3.983335	0.124677
-155.765305	26.776699	-179.120000	51.040000	823.652098	4.054688	149.811319	149.811319	149.811319	4.020145	-0.326401
-155.714996	18.000299	-179.120000	51.040000	1042.730199	4.036688	156.147557	156.147557	156.147557	3.989866	0.139136
-155.710999	20.046000	-179.120000	51.040000	990.640796	4.041375	155.128124	155.128124	155.128124	3.979833	0.252643
-155.679398	21.205500	-179.120000	51.040000	961.630568	4.044375	154.323465	154.323465	154.323465	3.980121	0.173132
-155.636200	22.299900	-179.120000	51.040000	934.571456	4.047375	153.606829	153.606829	153.606829	3.984037	0.195822
-154.994400	21.507000	-179.120000	51.040000	961.952190	4.044688	153.593777	153.593777	153.593777	3.982189	0.201167
-154.983002	19.601000	-179.120000	51.040000	1009.996491	4.040375	154.804834	154.804834	154.804834	3.982015	0.264760
-154.797394	18.803101	-179.120000	51.040000	1032.245538	4.038687	155.107382	155.107382	155.107382	3.986295	0.265010
-154.691299	17.180099	-179.120000	51.040000	1074.567284	4.035687	155.756853	155.756853	155.756853	3.996032	0.136436
-154.617798	20.088900	-179.120000	51.040000	1001.847840	4.041375	154.230181	154.230181	154.230181	3.982339	0.268436
-154.495895	18.401699	-179.120000	51.040000	1045.816358	4.037687	155.063837	155.063837	155.063837	3.989456	0.238777
-154.482803	21.001900	-179.120000	51.040000	980.451899	4.043687	153.548919	153.548919	153.548919	3.982786	0.252170
-154.393997	19.262501	-179.120000	51.040000	1025.167565	4.039688	154.515569	154.515569	154.515569	3.985434	0.250068
-154.251801	21.168699	-179.120000	51.040000	979.071962	4.043687	153.289807	153.289807	153.289807	3.984391	0.283030
-154.030502	17.988400	-179.120000	51.040000	1061.538585	4.036688	155.002978	155.002978	155.002978	3.993744	0.315826
-153.992294	18.797600	-179.120000	51.040000	1041.455112	4.038687	154.486031	154.486031	154.486031	3.989431	0.271539
-153.982697	21.519699	-179.120000	51.040000	973.460848	4.044688	152.830078	152.830078	152.830078	3.986491	0.262225
-153.967499	14.731300	-179.120000	51.040000	1144.628029	4.032375	156.518130	156.418130	156.518130	4.002698	0.270623
-153.902405	19.979099	-179.120000	51.040000	1012.776001	4.041375	153.801996	153.801996	153.801996	3.985925	0.339891
-153.868195	17.315399	-179.120000	51.040000	1080.311392	4.035687	155.136309	155.136309	155.136309	3.997834	0.218349
-153.700806	17.297501	-179.120000	51.040000	1082.636229	4.035687	155.119882	155.119882	155.119882	3.998526	0.319661
-153.503204	19.495199	-179.120000	51.040000	1029.522163	4.040375	153.803522	153.803522	153.803522	3.989446	0.364874
-153.295898	18.800900	-179.120000	51.040000	1049.388771	4.038687	154.021849	154.021849	154.121849	3.993747	0.342599
-153.292099	20.892599	-179.120000	51.040000	997.211969	4.043375	152.849556	152.849556	152.849556	3.989521	0.421281
-153.290604	17.906200	-179.120000	51.040000	1071.802192	4.037375	154.545618	154.545618	154.545618	3.997327	0.376879
-152.981201	18.301800	-179.120000	51.040000	1065.562569	4.037687	154.147333	154.147333	154.147333	3.997392	0.426366
-152.765793	25.592800	-179.120000	51.040000	889.695093	4.052688	148.906336	148.906336	148.906336	4.018074	0.271500
-152.132401	18.481400	-179.120000	51.040000	1070.900756	4.038687	153.570714	153.570714	153.570714	4.003629	0.576442
-151.686600	14.689100	-179.120000	51.040000	1170.828159	4.033375	155.348220	155.348220	155.348220	4.011506	0.727238
-151.637604	16.737801	-179.120000	51.040000	1120.050115	4.036375	154.236820	154.236820	154.236820	4.011540	0.657948
-150.914993	18.914200	-179.120000	51.040000	1074.633975	4.040687	152.528297	152.528297	152.528297	4.008540	0.653213
-149.000900	16.989000	-179.120000	51.040000	1144.871864	4.040687	152.657509	152.657509	152.657509	4.022328	1.008494
