-162.0256040	14.6596000	165.8100000	60.8600000	1433.2898946	4.0070000
-162.0256040	15.1596000	165.8100000	60.8600000	1420.6245182	4.0060000
-162.0256040	15.6596000	165.8100000	60.8600000	1407.6115302	4.0060000
-162.0256040	16.1596000	165.8100000	60.8600000	1394.9572457	4.0050000
-162.0256040	16.6596000	165.8100000	60.8600000	1382.3074562	4.0040000
-162.0256040	17.1596000	165.8100000	60.8600000	1369.3204284	4.0040000
-162.0256040	17.6596000	165.8100000	60.8600000	1356.6837352	4.0030000
-162.0256040	18.1596000	165.8100000	60.8600000	1343.7168372	4.0030000
-162.0256040	18.6596000	165.8100000	60.8600000	1331.0947103	4.0020000
-162.0256040	19.1596000	165.8100000	60.8600000	1318.1494649	4.0020000
-162.0256040	19.6596000	165.8100000	60.8600000	1305.5434935	4.0010000
-162.0256040	20.1596000	165.8100000	60.8600000	1292.6215470	4.0010000
-162.0256040	20.6596000	165.8100000	60.8600000	1279.7135228	4.0010000
-162.0256040	21.1596000	165.8100000	60.8600000	1266.8198813	4.0010000
-162.0256040	21.6596000	165.8100000	60.8600000	1253.9411019	4.0010000
-162.0256040	22.1596000	165.8100000	60.8600000	1241.0776839	4.0010000
-162.0256040	22.6596000	165.8100000	60.8600000	1228.2301475	4.0010000
-162.0256040	23.1596000	165.8100000	60.8600000	1215.3990345	4.0010000
-162.0256040	23.6596000	165.8100000	60.8600000	1202.5849100	4.0010000
-162.0256040	24.1596000	165.8100000	60.8600000	1189.4910646	4.0020000
-162.0256040	24.6596000	165.8100000	60.8600000	1176.7159025	4.0020000
-162.0256040	25.1596000	165.8100000	60.8600000	1163.9595687	4.0020000
-162.0256040	25.6596000	165.8100000	60.8600000	1151.2227320	4.0020000
-162.0256040	26.1596000	165.8100000	60.8600000	1138.5060907	4.0020000
-162.0256040	26.6596000	165.8100000	60.8600000	1125.8103742	4.0020000
-161.5256040	14.6596000	165.8100000	60.8600000	1438.1330537	4.0060000
-161.5256040	15.1596000	165.8100000	60.8600000	1425.4845934	4.0050000
-161.5256040	15.6596000	165.8100000	60.8600000	1412.4874120	4.0050000
-161.5256040	16.1596000	165.8100000	60.8600000	1399.8504366	4.0040000
-161.5256040	16.6596000	165.8100000	60.8600000	1387.2181620	4.0030000
-161.5256040	17.1596000	165.8100000	60.8600000	1374.2475432	4.0030000
-161.5256040	17.6596000	165.8100000	60.8600000	1361.6287874	4.0020000
-161.5256040	18.1596000	165.8100000	60.8600000	1348.6787238	4.0020000
-161.5256040	18.6596000	165.8100000	60.8600000	1336.0749775	4.0010000
-161.5256040	19.1596000	165.8100000	60.8600000	1323.1470126	4.0010000
-161.5256040	19.6596000	165.8100000	60.8600000	1310.2323284	4.0010000
-161.5256040	20.1596000	165.8100000	60.8600000	1297.3313556	4.0010000
-161.5256040	20.6596000	165.8100000	60.8600000	1284.4445420	4.0010000
-161.5256040	21.1596000	165.8100000	60.8600000	1271.5723535	4.0010000
-161.5256040	21.6596000	165.8100000	60.8600000	1258.7152752	4.0010000
-161.5256040	22.1596000	165.8100000	60.8600000	1245.8738122	4.0010000
-161.5256040	22.6596000	165.8100000	60.8600000	1233.0484903	4.0010000
-161.5256040	23.1596000	165.8100000	60.8600000	1220.2398574	4.0010000
-161.5256040	23.6596000	165.8100000	60.8600000	1207.4484845	4.0010000
-161.5256040	24.1596000	165.8100000	60.8600000	1194.3764471	4.0020000
-161.5256040	24.6596000	165.8100000	60.8600000	1181.6245920	4.0020000
-161.5256040	25.1596000	165.8100000	60.8600000	1168.8918549	4.0020000
-161.5256040	25.6596000	165.8100000	60.8600000	1156.1789110	4.0020000
-161.5256040	26.1596000	165.8100000	60.8600000	1143.4864649	4.0020000
-161.5256040	26.6596000	165.8100000	60.8600000	1130.8152523	4.0020000
-161.0256040	14.6596000	165.8100000	60.8600000	1443.0299623	4.0050000
-161.0256040	15.1596000	165.8100000	60.8600000	1430.3984404	4.0040000
-161.0256040	15.6596000	165.8100000	60.8600000	1417.4170704	4.0040000
-161.0256040	16.1596000	165.8100000	60.8600000	1404.7974191	4.0030000
-161.0256040	16.6596000	165.8100000	60.8600000	1392.1826704	4.0020000
-161.0256040	17.1596000	165.8100000	60.8600000	1379.2284535	4.0020000
-161.0256040	17.6596000	165.8100000	60.8600000	1366.6276379	4.0010000
-161.0256040	18.1596000	165.8100000	60.8600000	1353.6943929	4.0010000
-161.0256040	18.6596000	165.8100000	60.8600000	1340.7738276	4.0010000
-161.0256040	19.1596000	165.8100000	60.8600000	1327.8663450	4.0010000
-161.0256040	19.6596000	165.8100000	60.8600000	1315.3011073	4.0000000
-161.0256040	20.1596000	165.8100000	60.8600000	1302.4178440	4.0000000
-161.0256040	20.6596000	165.8100000	60.8600000	1289.5489749	4.0000000
-161.0256040	21.1596000	165.8100000	60.8600000	1276.6949713	4.0000000
-161.0256040	21.6596000	165.8100000	60.8600000	1263.5404387	4.0010000
-161.0256040	22.1596000	165.8100000	60.8600000	1250.7208629	4.0010000
-161.0256040	22.6596000	165.8100000	60.8600000	1237.9176812	4.0010000
-161.0256040	23.1596000	165.8100000	60.8600000	1225.1314472	4.0010000
-161.0256040	23.6596000	165.8100000	60.8600000	1212.3627375	4.0010000
-161.0256040	24.1596000	165.8100000	60.8600000	1199.3123997	4.0020000
-161.0256040	24.6596000	165.8100000	60.8600000	1186.5837480	4.0020000
-161.0256040	25.1596000	165.8100000	60.8600000	1173.8744960	4.0020000
-161.0256040	25.6596000	165.8100000	60.8600000	1161.1853247	4.0020000
-161.0256040	26.1596000	165.8100000	60.8600000	1148.5169446	4.0020000
-161.0256040	26.6596000	165.8100000	60.8600000	1135.8700975	4.0020000
-160.5256040	14.6596000	165.8100000	60.8600000	1447.9800087	4.0040000
-160.5256040	15.1596000	165.8100000	60.8600000	1435.3654393	4.0030000
-160.5256040	15.6596000	165.8100000	60.8600000	1422.3998769	4.0030000
-160.5256040	16.1596000	165.8100000	60.8600000	1409.7975561	4.0020000
-160.5256040	16.6596000	165.8100000	60.8600000	1396.8512102	4.0020000
-160.5256040	17.1596000	165.8100000	60.8600000	1384.2625050	4.0010000
-160.5256040	17.6596000	165.8100000	60.8600000	1371.3367892	4.0010000
-160.5256040	18.1596000	165.8100000	60.8600000	1358.7631725	4.0000000
-160.5256040	18.6596000	165.8100000	60.8600000	1345.8596105	4.0000000
-160.5256040	19.1596000	165.8100000	60.8600000	1332.9693457	4.0000000
-160.5256040	19.6596000	165.8100000	60.8600000	1320.0928019	4.0000000
-160.5256040	20.1596000	165.8100000	60.8600000	1307.2304198	4.0000000
-160.5256040	20.6596000	165.8100000	60.8600000	1294.3826576	4.0000000
-160.5256040	21.1596000	165.8100000	60.8600000	1281.5499919	4.0000000
-160.5256040	21.6596000	165.8100000	60.8600000	1268.7329183	4.0000000
-160.5256040	22.1596000	165.8100000	60.8600000	1255.6180480	4.0010000
-160.5256040	22.6596000	165.8100000	60.8600000	1242.8369222	4.0010000
-160.5256040	23.1596000	165.8100000	60.8600000	1230.0729958	4.0010000
-160.5256040	23.6596000	165.8100000	60.8600000	1217.3268508	4.0010000
-160.5256040	24.1596000	165.8100000	60.8600000	1204.2980942	4.0020000
-160.5256040	24.6596000	165.8100000	60.8600000	1191.5925318	4.0020000
-160.5256040	25.1596000	165.8100000	60.8600000	1178.9066426	4.0020000
-160.5256040	25.6596000	165.8100000	60.8600000	1166.2411130	4.0020000
-160.5256040	26.1596000	165.8100000	60.8600000	1153.5966591	4.0020000
-160.5256040	26.6596000	165.8100000	60.8600000	1141.2592003	4.0010000
-160.0256040	14.6596000	165.8100000	60.8600000	1452.9825805	4.0030000
-160.0256040	15.1596000	165.8100000	60.8600000	1440.3849693	4.0020000
-160.0256040	15.6596000	165.8100000	60.8600000	1427.4352027	4.0020000
-160.0256040	16.1596000	165.8100000	60.8600000	1414.8502104	4.0010000
-160.0256040	16.6596000	165.8100000	60.8600000	1401.9200323	4.0010000
-160.0256040	17.1596000	165.8100000	60.8600000	1389.3490434	4.0000000
-160.0256040	17.6596000	165.8100000	60.8600000	1376.4398849	4.0000000
-160.0256040	18.1596000	165.8100000	60.8600000	1363.5434195	4.0000000
-160.0256040	18.6596000	165.8100000	60.8600000	1350.6600445	4.0000000
-160.0256040	19.1596000	165.8100000	60.8600000	1337.7901724	4.0000000
-160.0256040	19.6596000	165.8100000	60.8600000	1324.9342318	4.0000000
-160.0256040	20.1596000	165.8100000	60.8600000	1312.0926683	4.0000000
-160.0256040	20.6596000	165.8100000	60.8600000	1299.2659447	4.0000000
-160.0256040	21.1596000	165.8100000	60.8600000	1286.4545423	4.0000000
-160.0256040	21.6596000	165.8100000	60.8600000	1273.6589617	4.0000000
-160.0256040	22.1596000	165.8100000	60.8600000	1260.5645825	4.0010000
-160.0256040	22.6596000	165.8100000	60.8600000	1247.8054186	4.0010000
-160.0256040	23.1596000	165.8100000	60.8600000	1235.0636988	4.0010000
-160.0256040	23.6596000	165.8100000	60.8600000	1222.3400100	4.0010000
-160.0256040	24.1596000	165.8100000	60.8600000	1209.6349637	4.0010000
-160.0256040	24.6596000	165.8100000	60.8600000	1196.6501090	4.0020000
-160.0256040	25.1596000	165.8100000	60.8600000	1183.9874500	4.0020000
-160.0256040	25.6596000	165.8100000	60.8600000	1171.6381841	4.0010000
-160.0256040	26.1596000	165.8100000	60.8600000	1159.0143517	4.0010000
-160.0256040	26.6596000	165.8100000	60.8600000	1146.4126282	4.0010000
-159.5256040	14.6596000	165.8100000	60.8600000	1458.0370649	4.0020000
-159.5256040	15.1596000	165.8100000	60.8600000	1445.4564097	4.0010000
-159.5256040	15.6596000	165.8100000	60.8600000	1432.5224190	4.0010000
-159.5256040	16.1596000	165.8100000	60.8600000	1419.9547449	4.0000000
-159.5256040	16.6596000	165.8100000	60.8600000	1407.0407063	4.0000000
-159.5256040	17.1596000	165.8100000	60.8600000	1394.1387929	4.0000000
-159.5256040	17.6596000	165.8100000	60.8600000	1381.5947764	3.9990000
-159.5256040	18.1596000	165.8100000	60.8600000	1368.7150263	3.9990000
-159.5256040	18.6596000	165.8100000	60.8600000	1355.8485662	3.9990000
-159.5256040	19.1596000	165.8100000	60.8600000	1342.9958131	3.9990000
-159.5256040	19.6596000	165.8100000	60.8600000	1330.1572002	3.9990000
-159.5256040	20.1596000	165.8100000	60.8600000	1317.3331775	3.9990000
-159.5256040	20.6596000	165.8100000	60.8600000	1304.1980816	4.0000000
-159.5256040	21.1596000	165.8100000	60.8600000	1291.4078589	4.0000000
-159.5256040	21.6596000	165.8100000	60.8600000	1278.6336814	4.0000000
-159.5256040	22.1596000	165.8100000	60.8600000	1265.8760745	4.0000000
-159.5256040	22.6596000	165.8100000	60.8600000	1252.8223791	4.0010000
-159.5256040	23.1596000	165.8100000	60.8600000	1240.1027551	4.0010000
-159.5256040	23.6596000	165.8100000	60.8600000	1227.4014044	4.0010000
-159.5256040	24.1596000	165.8100000	60.8600000	1214.7189432	4.0010000
-159.5256040	24.6596000	165.8100000	60.8600000	1202.0560133	4.0010000
-159.5256040	25.1596000	165.8100000	60.8600000	1189.4132831	4.0010000
-159.5256040	25.6596000	165.8100000	60.8600000	1176.7914495	4.0010000
-159.5256040	26.1596000	165.8100000	60.8600000	1164.1912385	4.0010000
-159.5256040	26.6596000	165.8100000	60.8600000	1151.9013108	4.0000000
-159.0256040	14.6596000	165.8100000	60.8600000	1463.1428489	4.0010000
-159.0256040	15.1596000	165.8100000	60.8600000	1450.5791394	4.0000000
-159.0256040	15.6596000	165.8100000	60.8600000	1437.6608969	4.0000000
-159.0256040	16.1596000	165.8100000	60.8600000	1425.1105226	3.9990000
-159.0256040	16.6596000	165.8100000	60.8600000	1412.2125872	3.9990000
-159.0256040	17.1596000	165.8100000	60.8600000	1399.3269590	3.9990000
-159.0256040	17.6596000	165.8100000	60.8600000	1386.4540152	3.9990000
-159.0256040	18.1596000	165.8100000	60.8600000	1373.5941466	3.9990000
-159.0256040	18.6596000	165.8100000	60.8600000	1360.7477593	3.9990000
-159.0256040	19.1596000	165.8100000	60.8600000	1347.9152743	3.9990000
-159.0256040	19.6596000	165.8100000	60.8600000	1335.0971292	3.9990000
-159.0256040	20.1596000	165.8100000	60.8600000	1322.2937781	3.9990000
-159.0256040	20.6596000	165.8100000	60.8600000	1309.5056931	3.9990000
-159.0256040	21.1596000	165.8100000	60.8600000	1296.4091812	4.0000000
-159.0256040	21.6596000	165.8100000	60.8600000	1283.6563077	4.0000000
-159.0256040	22.1596000	165.8100000	60.8600000	1270.9202262	4.0000000
-159.0256040	22.6596000	165.8100000	60.8600000	1258.2014876	4.0000000
-159.0256040	23.1596000	165.8100000	60.8600000	1245.1893678	4.0010000
-159.0256040	23.6596000	165.8100000	60.8600000	1232.5102278	4.0010000
-159.0256040	24.1596000	165.8100000	60.8600000	1219.8502164	4.0010000
-159.0256040	24.6596000	165.8100000	60.8600000	1207.2099799	4.0010000
-159.0256040	25.1596000	165.8100000	60.8600000	1194.5901914	4.0010000
-159.0256040	25.6596000	165.8100000	60.8600000	1182.2870499	4.0000000
-159.0256040	26.1596000	165.8100000	60.8600000	1169.7071460	4.0000000
-159.0256040	26.6596000	165.8100000	60.8600000	1157.1498891	4.0000000
-158.5256040	14.6596000	165.8100000	60.8600000	1468.2993195	4.0000000
-158.5256040	15.1596000	165.8100000	60.8600000	1455.7525378	3.9990000
-158.5256040	15.6596000	165.8100000	60.8600000	1442.8500079	3.9990000
-158.5256040	16.1596000	165.8100000	60.8600000	1429.9592383	3.9990000
-158.5256040	16.6596000	165.8100000	60.8600000	1417.4350305	3.9980000
-158.5256040	17.1596000	165.8100000	60.8600000	1404.5656388	3.9980000
-158.5256040	17.6596000	165.8100000	60.8600000	1391.7091127	3.9980000
-158.5256040	18.1596000	165.8100000	60.8600000	1378.8658472	3.9980000
-158.5256040	18.6596000	165.8100000	60.8600000	1366.0362524	3.9980000
-158.5256040	19.1596000	165.8100000	60.8600000	1353.2207534	3.9980000
-158.5256040	19.6596000	165.8100000	60.8600000	1340.4197919	3.9980000
-158.5256040	20.1596000	165.8100000	60.8600000	1327.3018348	3.9990000
-158.5256040	20.6596000	165.8100000	60.8600000	1314.5345347	3.9990000
-158.5256040	21.1596000	165.8100000	60.8600000	1301.7831972	3.9990000
-158.5256040	21.6596000	165.8100000	60.8600000	1288.7260743	4.0000000
-158.5256040	22.1596000	165.8100000	60.8600000	1276.0114036	4.0000000
-158.5256040	22.6596000	165.8100000	60.8600000	1263.3142946	4.0000000
-158.5256040	23.1596000	165.8100000	60.8600000	1250.6353246	4.0000000
-158.5256040	23.6596000	165.8100000	60.8600000	1237.9750944	4.0000000
-158.5256040	24.1596000	165.8100000	60.8600000	1225.3342290	4.0000000
-158.5256040	24.6596000	165.8100000	60.8600000	1212.7133789	4.0000000
-158.5256040	25.1596000	165.8100000	60.8600000	1200.1132215	4.0000000
-158.5256040	25.6596000	165.8100000	60.8600000	1187.5344622	4.0000000
-158.5256040	26.1596000	165.8100000	60.8600000	1175.2716538	3.9990000
-158.5256040	26.6596000	165.8100000	60.8600000	1162.7347921	3.9990000
-158.0256040	14.6596000	165.8100000	60.8600000	1473.5058638	3.9990000
-158.0256040	15.1596000	165.8100000	60.8600000	1460.6106489	3.9990000
-158.0256040	15.6596000	165.8100000	60.8600000	1448.0891240	3.9980000
-158.0256040	16.1596000	165.8100000	60.8600000	1435.2141892	3.9980000
-158.0256040	16.6596000	165.8100000	60.8600000	1422.3515378	3.9980000
-158.0256040	17.1596000	165.8100000	60.8600000	1409.5015407	3.9980000
-158.0256040	17.6596000	165.8100000	60.8600000	1397.0140107	3.9970000
-158.0256040	18.1596000	165.8100000	60.8600000	1383.8410619	3.9980000
-158.0256040	18.6596000	165.8100000	60.8600000	1371.0313926	3.9980000
-158.0256040	19.1596000	165.8100000	60.8600000	1358.2360038	3.9980000
-158.0256040	19.6596000	165.8100000	60.8600000	1345.4553407	3.9980000
-158.0256040	20.1596000	165.8100000	60.8600000	1332.6898657	3.9980000
-158.0256040	20.6596000	165.8100000	60.8600000	1319.6099913	3.9990000
-158.0256040	21.1596000	165.8100000	60.8600000	1306.8795353	3.9990000
-158.0256040	21.6596000	165.8100000	60.8600000	1294.1657597	3.9990000
-158.0256040	22.1596000	165.8100000	60.8600000	1281.1488352	4.0000000
-158.0256040	22.6596000	165.8100000	60.8600000	1268.4732255	4.0000000
-158.0256040	23.1596000	165.8100000	60.8600000	1255.8159703	4.0000000
-158.0256040	23.6596000	165.8100000	60.8600000	1243.1776744	4.0000000
-158.0256040	24.1596000	165.8100000	60.8600000	1230.5589666	4.0000000
-158.0256040	24.6596000	165.8100000	60.8600000	1217.9605013	4.0000000
-158.0256040	25.1596000	165.8100000	60.8600000	1205.3829597	4.0000000
-158.0256040	25.6596000	165.8100000	60.8600000	1193.1253323	3.9990000
-158.0256040	26.1596000	165.8100000	60.8600000	1180.5886609	3.9990000
-158.0256040	26.6596000	165.8100000	60.8600000	1168.3673010	3.9980000
-157.5256040	14.6596000	165.8100000	60.8600000	1478.7618696	3.9980000
-157.5256040	15.1596000	165.8100000	60.8600000	1465.8821133	3.9980000
-157.5256040	15.6596000	165.8100000	60.8600000	1453.3776176	3.9970000
-157.5256040	16.1596000	165.8100000	60.8600000	1440.5184627	3.9970000
-157.5256040	16.6596000	165.8100000	60.8600000	1427.6717555	3.9970000
-157.5256040	17.1596000	165.8100000	60.8600000	1414.8378706	3.9970000
-157.5256040	17.6596000	165.8100000	60.8600000	1402.0171960	3.9970000
-157.5256040	18.1596000	165.8100000	60.8600000	1389.2101343	3.9970000
-157.5256040	18.6596000	165.8100000	60.8600000	1376.4171027	3.9970000
-157.5256040	19.1596000	165.8100000	60.8600000	1363.6385342	3.9970000
-157.5256040	19.6596000	165.8100000	60.8600000	1350.5369900	3.9980000
-157.5256040	20.1596000	165.8100000	60.8600000	1337.7919003	3.9980000
-157.5256040	20.6596000	165.8100000	60.8600000	1325.0626686	3.9980000
-157.5256040	21.1596000	165.8100000	60.8600000	1312.0216276	3.9990000
-157.5256040	21.6596000	165.8100000	60.8600000	1299.3288126	3.9990000
-157.5256040	22.1596000	165.8100000	60.8600000	1286.6534169	3.9990000
-157.5256040	22.6596000	165.8100000	60.8600000	1273.9960035	3.9990000
-157.5256040	23.1596000	165.8100000	60.8600000	1261.3571573	3.9990000
-157.5256040	23.6596000	165.8100000	60.8600000	1248.7374869	3.9990000
-157.5256040	24.1596000	165.8100000	60.8600000	1236.1376248	3.9990000
-157.5256040	24.6596000	165.8100000	60.8600000	1223.5582293	3.9990000
-157.5256040	25.1596000	165.8100000	60.8600000	1210.9999850	3.9990000
-157.5256040	25.6596000	165.8100000	60.8600000	1198.7633707	3.9980000
-157.5256040	26.1596000	165.8100000	60.8600000	1186.2464668	3.9980000
-157.5256040	26.6596000	165.8100000	60.8600000	1174.0466064	3.9970000
-157.0256040	14.6596000	165.8100000	60.8600000	1484.0667247	3.9970000
-157.0256040	15.1596000	165.8100000	60.8600000	1471.2023736	3.9970000
-157.0256040	15.6596000	165.8100000	60.8600000	1458.3499098	3.9970000
-157.0256040	16.1596000	165.8100000	60.8600000	1445.8714248	3.9960000
-157.0256040	16.6596000	165.8100000	60.8600000	1433.0405948	3.9960000
-157.0256040	17.1596000	165.8100000	60.8600000	1420.2227501	3.9960000
-157.0256040	17.6596000	165.8100000	60.8600000	1407.4182824	3.9960000
-157.0256040	18.1596000	165.8100000	60.8600000	1394.6275975	3.9960000
-157.0256040	18.6596000	165.8100000	60.8600000	1381.5053942	3.9970000
-157.0256040	19.1596000	165.8100000	60.8600000	1368.7467458	3.9970000
-157.0256040	19.6596000	165.8100000	60.8600000	1356.0031863	3.9970000
-157.0256040	20.1596000	165.8100000	60.8600000	1343.2751851	3.9970000
-157.0256040	20.6596000	165.8100000	60.8600000	1330.2304223	3.9980000
-157.0256040	21.1596000	165.8100000	60.8600000	1317.5381936	3.9980000
-157.0256040	21.6596000	165.8100000	60.8600000	1304.8630371	3.9980000
-157.0256040	22.1596000	165.8100000	60.8600000	1291.8823659	3.9990000
-157.0256040	22.6596000	165.8100000	60.8600000	1279.2461716	3.9990000
-157.0256040	23.1596000	165.8100000	60.8600000	1266.6287452	3.9990000
-157.0256040	23.6596000	165.8100000	60.8600000	1254.0306985	3.9990000
-157.0256040	24.1596000	165.8100000	60.8600000	1241.4526675	3.9990000
-157.0256040	24.6596000	165.8100000	60.8600000	1229.2026910	3.9980000
-157.0256040	25.1596000	165.8100000	60.8600000	1216.6635665	3.9980000
-157.0256040	25.6596000	165.8100000	60.8600000	1204.1465285	3.9980000
-157.0256040	26.1596000	165.8100000	60.8600000	1191.9504588	3.9970000
-157.0256040	26.6596000	165.8100000	60.8600000	1179.7719046	3.9960000
-156.5256040	14.6596000	165.8100000	60.8600000	1489.0471837	3.9970000
-156.5256040	15.1596000	165.8100000	60.8600000	1476.5708116	3.9960000
-156.5256040	15.6596000	165.8100000	60.8600000	1463.7338409	3.9960000
-156.5256040	16.1596000	165.8100000	60.8600000	1450.9092615	3.9960000
-156.5256040	16.6596000	165.8100000	60.8600000	1438.0974413	3.9960000
-156.5256040	17.1596000	165.8100000	60.8600000	1425.2987613	3.9960000
-156.5256040	17.6596000	165.8100000	60.8600000	1412.5136164	3.9960000
-156.5256040	18.1596000	165.8100000	60.8600000	1399.7424156	3.9960000
-156.5256040	18.6596000	165.8100000	60.8600000	1386.9855830	3.9960000
-156.5256040	19.1596000	165.8100000	60.8600000	1374.2435580	3.9960000
-156.5256040	19.6596000	165.8100000	60.8600000	1361.1761620	3.9970000
-156.5256040	20.1596000	165.8100000	60.8600000	1348.4683171	3.9970000
-156.5256040	20.6596000	165.8100000	60.8600000	1335.7766952	3.9970000
-156.5256040	21.1596000	165.8100000	60.8600000	1322.7708643	3.9980000
-156.5256040	21.6596000	165.8100000	60.8600000	1310.1164006	3.9980000
-156.5256040	22.1596000	165.8100000	60.8600000	1297.4797413	3.9980000
-156.5256040	22.6596000	165.8100000	60.8600000	1284.8614560	3.9980000
-156.5256040	23.1596000	165.8100000	60.8600000	1272.2621366	3.9980000
-156.5256040	23.6596000	165.8100000	60.8600000	1259.6823979	3.9980000
-156.5256040	24.1596000	165.8100000	60.8600000	1247.1228791	3.9980000
-156.5256040	24.6596000	165.8100000	60.8600000	1234.5842446	3.9980000
-156.5256040	25.1596000	165.8100000	60.8600000	1222.3729318	3.9970000
-156.5256040	25.6596000	165.8100000	60.8600000	1209.8750411	3.9970000
-156.5256040	26.1596000	165.8100000	60.8600000	1197.6998481	3.9960000
-156.5256040	26.6596000	165.8100000	60.8600000	1185.5423985	3.9950000
-156.0256040	14.6596000	165.8100000	60.8600000	1494.4464602	3.9960000
-156.0256040	15.1596000	165.8100000	60.8600000	1481.6159424	3.9960000
-156.0256040	15.6596000	165.8100000	60.8600000	1469.1652604	3.9950000
-156.0256040	16.1596000	165.8100000	60.8600000	1456.3562492	3.9950000
-156.0256040	16.6596000	165.8100000	60.8600000	1443.5601472	3.9950000
-156.0256040	17.1596000	165.8100000	60.8600000	1430.7773387	3.9950000
-156.0256040	17.6596000	165.8100000	60.8600000	1418.0082216	3.9950000
-156.0256040	18.1596000	165.8100000	60.8600000	1405.2532080	3.9950000
-156.0256040	18.6596000	165.8100000	60.8600000	1392.1642485	3.9960000
-156.0256040	19.1596000	165.8100000	60.8600000	1379.4419236	3.9960000
-156.0256040	19.6596000	165.8100000	60.8600000	1366.7350273	3.9960000
-156.0256040	20.1596000	165.8100000	60.8600000	1354.0440354	3.9960000
-156.0256040	20.6596000	165.8100000	60.8600000	1341.0338474	3.9970000
-156.0256040	21.1596000	165.8100000	60.8600000	1328.3793304	3.9970000
-156.0256040	21.6596000	165.8100000	60.8600000	1315.7422506	3.9970000
-156.0256040	22.1596000	165.8100000	60.8600000	1303.1231595	3.9970000
-156.0256040	22.6596000	165.8100000	60.8600000	1290.1998378	3.9980000
-156.0256040	23.1596000	165.8100000	60.8600000	1277.6216113	3.9980000
-156.0256040	23.6596000	165.8100000	60.8600000	1265.3796571	3.9970000
-156.0256040	24.1596000	165.8100000	60.8600000	1252.8384739	3.9970000
-156.0256040	24.6596000	165.8100000	60.8600000	1240.3183741	3.9970000
-156.0256040	25.1596000	165.8100000	60.8600000	1227.8200515	3.9970000
-156.0256040	25.6596000	165.8100000	60.8600000	1215.6483679	3.9960000
-156.0256040	26.1596000	165.8100000	60.8600000	1203.4938516	3.9950000
-156.0256040	26.6596000	165.8100000	60.8600000	1191.0590850	3.9950000
-155.5256040	14.6596000	165.8100000	60.8600000	1499.8927428	3.9950000
-155.5256040	15.1596000	165.8100000	60.8600000	1487.0774248	3.9950000
-155.5256040	15.6596000	165.8100000	60.8600000	1474.2744231	3.9950000
-155.5256040	16.1596000	165.8100000	60.8600000	1461.4840988	3.9950000
-155.5256040	16.6596000	165.8100000	60.8600000	1448.7068259	3.9950000
-155.5256040	17.1596000	165.8100000	60.8600000	1435.9429912	3.9950000
-155.5256040	17.6596000	165.8100000	60.8600000	1423.1929956	3.9950000
-155.5256040	18.1596000	165.8100000	60.8600000	1410.4572540	3.9950000
-155.5256040	18.6596000	165.8100000	60.8600000	1397.7361966	3.9950000
-155.5256040	19.1596000	165.8100000	60.8600000	1385.0302687	3.9950000
-155.5256040	19.6596000	165.8100000	60.8600000	1371.9965039	3.9960000
-155.5256040	20.1596000	165.8100000	60.8600000	1359.3254096	3.9960000
-155.5256040	20.6596000	165.8100000	60.8600000	1346.6708778	3.9960000
-155.5256040	21.1596000	165.8100000	60.8600000	1334.0334235	3.9960000
-155.5256040	21.6596000	165.8100000	60.8600000	1321.0829796	3.9970000
-155.5256040	22.1596000	165.8100000	60.8600000	1308.4844560	3.9970000
-155.5256040	22.6596000	165.8100000	60.8600000	1295.9046692	3.9970000
-155.5256040	23.1596000	165.8100000	60.8600000	1283.3442166	3.9970000
-155.5256040	23.6596000	165.8100000	60.8600000	1270.8037187	3.9970000
-155.5256040	24.1596000	165.8100000	60.8600000	1258.2838200	3.9970000
-155.5256040	24.6596000	165.8100000	60.8600000	1246.0969481	3.9960000
-155.5256040	25.1596000	165.8100000	60.8600000	1233.6171608	3.9960000
-155.5256040	25.6596000	165.8100000	60.8600000	1221.4657399	3.9950000
-155.5256040	26.1596000	165.8100000	60.8600000	1209.0289814	3.9950000
-155.5256040	26.6596000	165.8100000	60.8600000	1196.9160624	3.9940000
-155.0256040	14.6596000	165.8100000	60.8600000	1505.3854235	3.9940000
-155.0256040	15.1596000	165.8100000	60.8600000	1492.5852244	3.9940000
-155.0256040	15.6596000	165.8100000	60.8600000	1479.7974764	3.9940000
-155.0256040	16.1596000	165.8100000	60.8600000	1467.0225434	3.9940000
-155.0256040	16.6596000	165.8100000	60.8600000	1454.2608021	3.9940000
-155.0256040	17.1596000	165.8100000	60.8600000	1441.5126421	3.9940000
-155.0256040	17.6596000	165.8100000	60.8600000	1428.7784671	3.9940000
-155.0256040	18.1596000	165.8100000	60.8600000	1416.0586948	3.9940000
-155.0256040	18.6596000	165.8100000	60.8600000	1403.0024805	3.9950000
-155.0256040	19.1596000	165.8100000	60.8600000	1390.3160040	3.9950000
-155.0256040	19.6596000	165.8100000	60.8600000	1377.6452719	3.9950000
-155.0256040	20.1596000	165.8100000	60.8600000	1364.9907658	3.9950000
-155.0256040	20.6596000	165.8100000	60.8600000	1352.0145579	3.9960000
-155.0256040	21.1596000	165.8100000	60.8600000	1339.3971776	3.9960000
-155.0256040	21.6596000	165.8100000	60.8600000	1326.7975723	3.9960000
-155.0256040	22.1596000	165.8100000	60.8600000	1314.2162988	3.9960000
-155.0256040	22.6596000	165.8100000	60.8600000	1301.6539350	3.9960000
-155.0256040	23.1596000	165.8100000	60.8600000	1289.1110808	3.9960000
-155.0256040	23.6596000	165.8100000	60.8600000	1276.5883591	3.9960000
-155.0256040	24.1596000	165.8100000	60.8600000	1264.0864165	3.9960000
-155.0256040	24.6596000	165.8100000	60.8600000	1251.9192183	3.9950000
-155.0256040	25.1596000	165.8100000	60.8600000	1239.4577579	3.9950000
-155.0256040	25.6596000	165.8100000	60.8600000	1227.3263939	3.9940000
-155.0256040	26.1596000	165.8100000	60.8600000	1214.9083413	3.9940000
-155.0256040	26.6596000	165.8100000	60.8600000	1202.8158706	3.9930000
-154.5256040	14.6596000	165.8100000	60.8600000	1510.5455973	3.9940000
-154.5256040	15.1596000	165.8100000	60.8600000	1497.7636308	3.9940000
-154.5256040	15.6596000	165.8100000	60.8600000	1484.9942424	3.9940000
-154.5256040	16.1596000	165.8100000	60.8600000	1472.2377985	3.9940000
-154.5256040	16.6596000	165.8100000	60.8600000	1459.4946783	3.9940000
-154.5256040	17.1596000	165.8100000	60.8600000	1446.7652741	3.9940000
-154.5256040	17.6596000	165.8100000	60.8600000	1434.0499920	3.9940000
-154.5256040	18.1596000	165.8100000	60.8600000	1421.3492521	3.9940000
-154.5256040	18.6596000	165.8100000	60.8600000	1408.6634899	3.9940000
-154.5256040	19.1596000	165.8100000	60.8600000	1395.9931561	3.9940000
-154.5256040	19.6596000	165.8100000	60.8600000	1382.9924502	3.9950000
-154.5256040	20.1596000	165.8100000	60.8600000	1370.3575546	3.9950000
-154.5256040	20.6596000	165.8100000	60.8600000	1357.7395359	3.9950000
-154.5256040	21.1596000	165.8100000	60.8600000	1345.1389138	3.9950000
-154.5256040	21.6596000	165.8100000	60.8600000	1332.5562276	3.9950000
-154.5256040	22.1596000	165.8100000	60.8600000	1319.6617081	3.9960000
-154.5256040	22.6596000	165.8100000	60.8600000	1307.1197317	3.9960000
-154.5256040	23.1596000	165.8100000	60.8600000	1294.5974278	3.9960000
-154.5256040	23.6596000	165.8100000	60.8600000	1282.4163462	3.9950000
-154.5256040	24.1596000	165.8100000	60.8600000	1269.9321615	3.9950000
-154.5256040	24.6596000	165.8100000	60.8600000	1257.4696020	3.9950000
-154.5256040	25.1596000	165.8100000	60.8600000	1245.3410928	3.9940000
-154.5256040	25.6596000	165.8100000	60.8600000	1232.9208025	3.9940000
-154.5256040	26.1596000	165.8100000	60.8600000	1220.8299927	3.9930000
-154.5256040	26.6596000	165.8100000	60.8600000	1208.4550194	3.9930000
-154.0256040	14.6596000	165.8100000	60.8600000	1515.7481612	3.9940000
-154.0256040	15.1596000	165.8100000	60.8600000	1503.3607309	3.9930000
-154.0256040	15.6596000	165.8100000	60.8600000	1490.6064027	3.9930000
-154.0256040	16.1596000	165.8100000	60.8600000	1477.8651470	3.9930000
-154.0256040	16.6596000	165.8100000	60.8600000	1465.1373454	3.9930000
-154.0256040	17.1596000	165.8100000	60.8600000	1452.0597412	3.9940000
-154.0256040	17.6596000	165.8100000	60.8600000	1439.3632254	3.9940000
-154.0256040	18.1596000	165.8100000	60.8600000	1426.6813860	3.9940000
-154.0256040	18.6596000	165.8100000	60.8600000	1414.0146606	3.9940000
-154.0256040	19.1596000	165.8100000	60.8600000	1401.3635022	3.9940000
-154.0256040	19.6596000	165.8100000	60.8600000	1388.7283803	3.9940000
-154.0256040	20.1596000	165.8100000	60.8600000	1376.1097808	3.9940000
-154.0256040	20.6596000	165.8100000	60.8600000	1363.1669041	3.9950000
-154.0256040	21.1596000	165.8100000	60.8600000	1350.5860295	3.9950000
-154.0256040	21.6596000	165.8100000	60.8600000	1338.0232403	3.9950000
-154.0256040	22.1596000	165.8100000	60.8600000	1325.4790978	3.9950000
-154.0256040	22.6596000	165.8100000	60.8600000	1312.9541840	3.9950000
-154.0256040	23.1596000	165.8100000	60.8600000	1300.4491029	3.9950000
-154.0256040	23.6596000	165.8100000	60.8600000	1287.9644814	3.9950000
-154.0256040	24.1596000	165.8100000	60.8600000	1275.5009700	3.9950000
-154.0256040	24.6596000	165.8100000	60.8600000	1263.3754833	3.9940000
-154.0256040	25.1596000	165.8100000	60.8600000	1250.9531349	3.9940000
-154.0256040	25.6596000	165.8100000	60.8600000	1238.8641894	3.9930000
-154.0256040	26.1596000	165.8100000	60.8600000	1226.4859422	3.9930000
-154.0256040	26.6596000	165.8100000	60.8600000	1214.4366083	3.9920000
-153.5256040	14.6596000	165.8100000	60.8600000	1521.3733930	3.9930000
-153.5256040	15.1596000	165.8100000	60.8600000	1508.6243899	3.9930000
-153.5256040	15.6596000	165.8100000	60.8600000	1495.8882077	3.9930000
-153.5256040	16.1596000	165.8100000	60.8600000	1483.1652177	3.9930000
-153.5256040	16.6596000	165.8100000	60.8600000	1470.4558038	3.9930000
-153.5256040	17.1596000	165.8100000	60.8600000	1457.7603629	3.9930000
-153.5256040	17.6596000	165.8100000	60.8600000	1445.0793057	3.9930000
-153.5256040	18.1596000	165.8100000	60.8600000	1432.4130571	3.9930000
-153.5256040	18.6596000	165.8100000	60.8600000	1419.4065832	3.9940000
-153.5256040	19.1596000	165.8100000	60.8600000	1406.7744504	3.9940000
-153.5256040	19.6596000	165.8100000	60.8600000	1394.1584888	3.9940000
-153.5256040	20.1596000	165.8100000	60.8600000	1381.5591867	3.9940000
-153.5256040	20.6596000	165.8100000	60.8600000	1368.9770498	3.9940000
-153.5256040	21.1596000	165.8100000	60.8600000	1356.4126023	3.9940000
-153.5256040	21.6596000	165.8100000	60.8600000	1343.8663873	3.9940000
-153.5256040	22.1596000	165.8100000	60.8600000	1331.3389681	3.9940000
-153.5256040	22.6596000	165.8100000	60.8600000	1318.8309287	3.9940000
-153.5256040	23.1596000	165.8100000	60.8600000	1306.3428747	3.9940000
-153.5256040	23.6596000	165.8100000	60.8600000	1293.8754347	3.9940000
-153.5256040	24.1596000	165.8100000	60.8600000	1281.4292609	3.9940000
-153.5256040	24.6596000	165.8100000	60.8600000	1269.0050300	3.9940000
-153.5256040	25.1596000	165.8100000	60.8600000	1256.9181465	3.9930000
-153.5256040	25.6596000	165.8100000	60.8600000	1244.5368370	3.9930000
-153.5256040	26.1596000	165.8100000	60.8600000	1232.4883295	3.9920000
-153.5256040	26.6596000	165.8100000	60.8600000	1220.1529980	3.9920000
-153.0256040	14.6596000	165.8100000	60.8600000	1526.6601520	3.9930000
-153.0256040	15.1596000	165.8100000	60.8600000	1513.9290640	3.9930000
-153.0256040	15.6596000	165.8100000	60.8600000	1501.2109097	3.9930000
-153.0256040	16.1596000	165.8100000	60.8600000	1488.5060624	3.9930000
-153.0256040	16.6596000	165.8100000	60.8600000	1475.8149080	3.9930000
-153.0256040	17.1596000	165.8100000	60.8600000	1463.1378455	3.9930000
-153.0256040	17.6596000	165.8100000	60.8600000	1450.4752877	3.9930000
-153.0256040	18.1596000	165.8100000	60.8600000	1437.8276614	3.9930000
-153.0256040	18.6596000	165.8100000	60.8600000	1425.1954086	3.9930000
-153.0256040	19.1596000	165.8100000	60.8600000	1412.5789865	3.9930000
-153.0256040	19.6596000	165.8100000	60.8600000	1399.6283479	3.9940000
-153.0256040	20.1596000	165.8100000	60.8600000	1387.0481746	3.9940000
-153.0256040	20.6596000	165.8100000	60.8600000	1374.4852989	3.9940000
-153.0256040	21.1596000	165.8100000	60.8600000	1361.9402468	3.9940000
-153.0256040	21.6596000	165.8100000	60.8600000	1349.4135629	3.9940000
-153.0256040	22.1596000	165.8100000	60.8600000	1336.9058122	3.9940000
-153.0256040	22.6596000	165.8100000	60.8600000	1324.4175801	3.9940000
-153.0256040	23.1596000	165.8100000	60.8600000	1311.9494737	3.9940000
-153.0256040	23.6596000	165.8100000	60.8600000	1299.5021228	3.9940000
-153.0256040	24.1596000	165.8100000	60.8600000	1287.0761807	3.9940000
-153.0256040	24.6596000	165.8100000	60.8600000	1274.9915519	3.9930000
-153.0256040	25.1596000	165.8100000	60.8600000	1262.6073861	3.9930000
-153.0256040	25.6596000	165.8100000	60.8600000	1250.2467470	3.9930000
-153.0256040	26.1596000	165.8100000	60.8600000	1238.2204913	3.9920000
-153.0256040	26.6596000	165.8100000	60.8600000	1225.9061274	3.9920000
-152.5256040	14.6596000	165.8100000	60.8600000	1531.9874070	3.9930000
-152.5256040	15.1596000	165.8100000	60.8600000	1519.2741151	3.9930000
-152.5256040	15.6596000	165.8100000	60.8600000	1506.5738646	3.9930000
-152.5256040	16.1596000	165.8100000	60.8600000	1493.8870310	3.9930000
-152.5256040	16.6596000	165.8100000	60.8600000	1481.2140019	3.9930000
-152.5256040	17.1596000	165.8100000	60.8600000	1468.5551785	3.9930000
-152.5256040	17.6596000	165.8100000	60.8600000	1455.9109753	3.9930000
-152.5256040	18.1596000	165.8100000	60.8600000	1443.2818210	3.9930000
-152.5256040	18.6596000	165.8100000	60.8600000	1430.6681594	3.9930000
-152.5256040	19.1596000	165.8100000	60.8600000	1418.0704494	3.9930000
-152.5256040	19.6596000	165.8100000	60.8600000	1405.4891662	3.9930000
-152.5256040	20.1596000	165.8100000	60.8600000	1392.5760472	3.9940000
-152.5256040	20.6596000	165.8100000	60.8600000	1380.0322519	3.9940000
-152.5256040	21.1596000	165.8100000	60.8600000	1367.5064076	3.9940000
-152.5256040	21.6596000	165.8100000	60.8600000	1354.9990604	3.9940000
-152.5256040	22.1596000	165.8100000	60.8600000	1342.5107767	3.9940000
-152.5256040	22.6596000	165.8100000	60.8600000	1330.0421431	3.9940000
-152.5256040	23.1596000	165.8100000	60.8600000	1317.5937679	3.9940000
-152.5256040	23.6596000	165.8100000	60.8600000	1305.1662819	3.9940000
-152.5256040	24.1596000	165.8100000	60.8600000	1293.0840960	3.9930000
-152.5256040	24.6596000	165.8100000	60.8600000	1280.6972742	3.9930000
-152.5256040	25.1596000	165.8100000	60.8600000	1268.3333845	3.9930000
-152.5256040	25.6596000	165.8100000	60.8600000	1256.3077855	3.9920000
-152.5256040	26.1596000	165.8100000	60.8600000	1243.9888961	3.9920000
-152.5256040	26.6596000	165.8100000	60.8600000	1231.6952234	3.9920000
-152.0256040	14.6596000	165.8100000	60.8600000	1537.3545281	3.9930000
-152.0256040	15.1596000	165.8100000	60.8600000	1524.6589072	3.9930000
-152.0256040	15.6596000	165.8100000	60.8600000	1511.9764310	3.9930000
-152.0256040	16.1596000	165.8100000	60.8600000	1499.3074763	3.9930000
-152.0256040	16.6596000	165.8100000	60.8600000	1486.6524329	3.9930000
-152.0256040	17.1596000	165.8100000	60.8600000	1474.0117034	3.9930000
-152.0256040	17.6596000	165.8100000	60.8600000	1461.3857043	3.9930000
-152.0256040	18.1596000	165.8100000	60.8600000	1448.7748659	3.9930000
-152.0256040	18.6596000	165.8100000	60.8600000	1436.1796336	3.9930000
-152.0256040	19.1596000	165.8100000	60.8600000	1423.6004680	3.9930000
-152.0256040	19.6596000	165.8100000	60.8600000	1411.0378457	3.9930000
-152.0256040	20.1596000	165.8100000	60.8600000	1398.4922601	3.9930000
-152.0256040	20.6596000	165.8100000	60.8600000	1385.9642219	3.9930000
-152.0256040	21.1596000	165.8100000	60.8600000	1373.1103805	3.9940000
-152.0256040	21.6596000	165.8100000	60.8600000	1360.6221700	3.9940000
-152.0256040	22.1596000	165.8100000	60.8600000	1348.1531460	3.9940000
-152.0256040	22.6596000	165.8100000	60.8600000	1335.7038964	3.9940000
-152.0256040	23.1596000	165.8100000	60.8600000	1323.6064291	3.9930000
-152.0256040	23.6596000	165.8100000	60.8600000	1311.1954710	3.9930000
-152.0256040	24.1596000	165.8100000	60.8600000	1298.8061883	3.9930000
-152.0256040	24.6596000	165.8100000	60.8600000	1286.4392605	3.9930000
-152.0256040	25.1596000	165.8100000	60.8600000	1274.0953924	3.9930000
-152.0256040	25.6596000	165.8100000	60.8600000	1262.0913912	3.9920000
-152.0256040	26.1596000	165.8100000	60.8600000	1249.7927841	3.9920000
-152.0256040	26.6596000	165.8100000	60.8600000	1237.5195211	3.9920000
-151.5256040	14.6596000	165.8100000	60.8600000	1542.7608877	3.9930000
-151.5256040	15.1596000	165.8100000	60.8600000	1530.0828077	3.9930000
-151.5256040	15.6596000	165.8100000	60.8600000	1517.4179704	3.9930000
-151.5256040	16.1596000	165.8100000	60.8600000	1504.7667545	3.9930000
-151.5256040	16.6596000	165.8100000	60.8600000	1492.1295513	3.9930000
-151.5256040	17.1596000	165.8100000	60.8600000	1479.5067652	3.9930000
-151.5256040	17.6596000	165.8100000	60.8600000	1466.8988141	3.9930000
-151.5256040	18.1596000	165.8100000	60.8600000	1454.3061299	3.9930000
-151.5256040	18.6596000	165.8100000	60.8600000	1441.7291595	3.9930000
-151.5256040	19.1596000	165.8100000	60.8600000	1429.1683649	3.9930000
-151.5256040	19.6596000	165.8100000	60.8600000	1416.6242241	3.9930000
-151.5256040	20.1596000	165.8100000	60.8600000	1404.0972318	3.9930000
-151.5256040	20.6596000	165.8100000	60.8600000	1391.5878999	3.9930000
-151.5256040	21.1596000	165.8100000	60.8600000	1379.0967584	3.9930000
-151.5256040	21.6596000	165.8100000	60.8600000	1366.6243561	3.9930000
-151.5256040	22.1596000	165.8100000	60.8600000	1354.1712613	3.9930000
-151.5256040	22.6596000	165.8100000	60.8600000	1341.7380628	3.9930000
-151.5256040	23.1596000	165.8100000	60.8600000	1329.3253709	3.9930000
-151.5256040	23.6596000	165.8100000	60.8600000	1316.9338177	3.9930000
-151.5256040	24.1596000	165.8100000	60.8600000	1304.5640588	3.9930000
-151.5256040	24.6596000	165.8100000	60.8600000	1292.2167738	3.9930000
-151.5256040	25.1596000	165.8100000	60.8600000	1279.8926677	3.9930000
-151.5256040	25.6596000	165.8100000	60.8600000	1267.9100049	3.9920000
-151.5256040	26.1596000	165.8100000	60.8600000	1255.6314026	3.9920000
-151.5256040	26.6596000	165.8100000	60.8600000	1243.3782630	3.9920000
-151.0256040	14.6596000	165.8100000	60.8600000	1548.2058613	3.9930000
-151.0256040	15.1596000	165.8100000	60.8600000	1535.5451864	3.9930000
-151.0256040	15.6596000	165.8100000	60.8600000	1522.8978475	3.9930000
-151.0256040	16.1596000	165.8100000	60.8600000	1509.8860915	3.9940000
-151.0256040	16.6596000	165.8100000	60.8600000	1497.2697375	3.9940000
-151.0256040	17.1596000	165.8100000	60.8600000	1485.0397123	3.9930000
-151.0256040	17.6596000	165.8100000	60.8600000	1472.4496477	3.9930000
-151.0256040	18.1596000	165.8100000	60.8600000	1459.8749507	3.9930000
-151.0256040	18.6596000	165.8100000	60.8600000	1447.3160693	3.9930000
-151.0256040	19.1596000	165.8100000	60.8600000	1434.7734670	3.9930000
-151.0256040	19.6596000	165.8100000	60.8600000	1422.2476230	3.9930000
-151.0256040	20.1596000	165.8100000	60.8600000	1409.7390329	3.9930000
-151.0256040	20.6596000	165.8100000	60.8600000	1397.2482099	3.9930000
-151.0256040	21.1596000	165.8100000	60.8600000	1384.7756847	3.9930000
-151.0256040	21.6596000	165.8100000	60.8600000	1372.3220072	3.9930000
-151.0256040	22.1596000	165.8100000	60.8600000	1359.8877464	3.9930000
-151.0256040	22.6596000	165.8100000	60.8600000	1347.4734917	3.9930000
-151.0256040	23.1596000	165.8100000	60.8600000	1335.0798538	3.9930000
-151.0256040	23.6596000	165.8100000	60.8600000	1322.7074654	3.9930000
-151.0256040	24.1596000	165.8100000	60.8600000	1310.3569822	3.9930000
-151.0256040	24.6596000	165.8100000	60.8600000	1298.0290839	3.9930000
-151.0256040	25.1596000	165.8100000	60.8600000	1285.7244753	3.9930000
-151.0256040	25.6596000	165.8100000	60.8600000	1273.4438873	3.9930000
-151.0256040	26.1596000	165.8100000	60.8600000	1261.5040069	3.9920000
-151.0256040	26.6596000	165.8100000	60.8600000	1249.2706993	3.9920000
-150.5256040	14.6596000	165.8100000	60.8600000	1553.2998213	3.9940000
-150.5256040	15.1596000	165.8100000	60.8600000	1540.6595762	3.9940000
-150.5256040	15.6596000	165.8100000	60.8600000	1528.0327521	3.9940000
-150.5256040	16.1596000	165.8100000	60.8600000	1515.4197306	3.9940000
-150.5256040	16.6596000	165.8100000	60.8600000	1502.8209057	3.9940000
-150.5256040	17.1596000	165.8100000	60.8600000	1490.2366845	3.9940000
-150.5256040	17.6596000	165.8100000	60.8600000	1477.6674875	3.9940000
-150.5256040	18.1596000	165.8100000	60.8600000	1465.1137493	3.9940000
-150.5256040	18.6596000	165.8100000	60.8600000	1452.5759191	3.9940000
-150.5256040	19.1596000	165.8100000	60.8600000	1440.0544610	3.9940000
-150.5256040	19.6596000	165.8100000	60.8600000	1427.5498553	3.9940000
-150.5256040	20.1596000	165.8100000	60.8600000	1415.0625986	3.9940000
-150.5256040	20.6596000	165.8100000	60.8600000	1402.5932046	3.9940000
-150.5256040	21.1596000	165.8100000	60.8600000	1390.1422049	3.9940000
-150.5256040	21.6596000	165.8100000	60.8600000	1377.7101496	3.9940000
-150.5256040	22.1596000	165.8100000	60.8600000	1365.2976084	3.9940000
-150.5256040	22.6596000	165.8100000	60.8600000	1352.9051709	3.9940000
-150.5256040	23.1596000	165.8100000	60.8600000	1340.5334480	3.9940000
-150.5256040	23.6596000	165.8100000	60.8600000	1328.1830722	3.9940000
-150.5256040	24.1596000	165.8100000	60.8600000	1316.1842397	3.9930000
-150.5256040	24.6596000	165.8100000	60.8600000	1303.8754671	3.9930000
-150.5256040	25.1596000	165.8100000	60.8600000	1291.5900867	3.9930000
-150.5256040	25.6596000	165.8100000	60.8600000	1279.3288290	3.9930000
-150.5256040	26.1596000	165.8100000	60.8600000	1267.0924513	3.9930000
-150.5256040	26.6596000	165.8100000	60.8600000	1254.8817392	3.9930000
-150.0256040	14.6596000	165.8100000	60.8600000	1558.8187781	3.9940000
-150.0256040	15.1596000	165.8100000	60.8600000	1546.1956469	3.9940000
-150.0256040	15.6596000	165.8100000	60.8600000	1533.5860202	3.9940000
-150.0256040	16.1596000	165.8100000	60.8600000	1520.9902809	3.9940000
-150.0256040	16.6596000	165.8100000	60.8600000	1508.4088241	3.9940000
-150.0256040	17.1596000	165.8100000	60.8600000	1495.8420584	3.9940000
-150.0256040	17.6596000	165.8100000	60.8600000	1483.2904051	3.9940000
-150.0256040	18.1596000	165.8100000	60.8600000	1470.7543001	3.9940000
-150.0256040	18.6596000	165.8100000	60.8600000	1458.2341935	3.9940000
-150.0256040	19.1596000	165.8100000	60.8600000	1445.7305505	3.9940000
-150.0256040	19.6596000	165.8100000	60.8600000	1433.2438521	3.9940000
-150.0256040	20.1596000	165.8100000	60.8600000	1420.7745958	3.9940000
-150.0256040	20.6596000	165.8100000	60.8600000	1408.3232960	3.9940000
-150.0256040	21.1596000	165.8100000	60.8600000	1395.8904848	3.9940000
-150.0256040	21.6596000	165.8100000	60.8600000	1383.4767130	3.9940000
-150.0256040	22.1596000	165.8100000	60.8600000	1371.0825504	3.9940000
-150.0256040	22.6596000	165.8100000	60.8600000	1358.7085870	3.9940000
-150.0256040	23.1596000	165.8100000	60.8600000	1346.3554338	3.9940000
-150.0256040	23.6596000	165.8100000	60.8600000	1334.0237234	3.9940000
-150.0256040	24.1596000	165.8100000	60.8600000	1321.7141110	3.9940000
-150.0256040	24.6596000	165.8100000	60.8600000	1309.4272758	3.9940000
-150.0256040	25.1596000	165.8100000	60.8600000	1297.4887809	3.9930000
-150.0256040	25.6596000	165.8100000	60.8600000	1285.2465714	3.9930000
-150.0256040	26.1596000	165.8100000	60.8600000	1273.0293345	3.9930000
-150.0256040	26.6596000	165.8100000	60.8600000	1260.8378546	3.9930000
-149.5256040	14.6596000	165.8100000	60.8600000	1563.9828998	3.9950000
-149.5256040	15.1596000	165.8100000	60.8600000	1551.3798872	3.9950000
-149.5256040	15.6596000	165.8100000	60.8600000	1538.7904543	3.9950000
-149.5256040	16.1596000	165.8100000	60.8600000	1526.2149849	3.9950000
-149.5256040	16.6596000	165.8100000	60.8600000	1513.6538756	3.9950000
-149.5256040	17.1596000	165.8100000	60.8600000	1501.1075353	3.9950000
-149.5256040	17.6596000	165.8100000	60.8600000	1488.9490899	3.9940000
-149.5256040	18.1596000	165.8100000	60.8600000	1476.4304360	3.9940000
-149.5256040	18.6596000	165.8100000	60.8600000	1463.9278652	3.9940000
-149.5256040	19.1596000	165.8100000	60.8600000	1451.4418435	3.9940000
-149.5256040	19.6596000	165.8100000	60.8600000	1438.9728528	3.9940000
-149.5256040	20.1596000	165.8100000	60.8600000	1426.5213911	3.9940000
-149.5256040	20.6596000	165.8100000	60.8600000	1414.0879732	3.9940000
-149.5256040	21.1596000	165.8100000	60.8600000	1401.6731319	3.9940000
-149.5256040	21.6596000	165.8100000	60.8600000	1389.2774180	3.9940000
-149.5256040	22.1596000	165.8100000	60.8600000	1376.9014018	3.9940000
-149.5256040	22.6596000	165.8100000	60.8600000	1364.5456732	3.9940000
-149.5256040	23.1596000	165.8100000	60.8600000	1352.2108431	3.9940000
-149.5256040	23.6596000	165.8100000	60.8600000	1339.8975439	3.9940000
-149.5256040	24.1596000	165.8100000	60.8600000	1327.6064304	3.9940000
-149.5256040	24.6596000	165.8100000	60.8600000	1315.3381811	3.9940000
-149.5256040	25.1596000	165.8100000	60.8600000	1303.0934989	3.9940000
-149.5256040	25.6596000	165.8100000	60.8600000	1290.8731120	3.9940000
-149.5256040	26.1596000	165.8100000	60.8600000	1278.6777755	3.9940000
-149.5256040	26.6596000	165.8100000	60.8600000	1266.8254542	3.9930000
-149.0256040	14.6596000	165.8100000	60.8600000	1569.5733402	3.9950000
-149.0256040	15.1596000	165.8100000	60.8600000	1556.9871309	3.9950000
-149.0256040	15.6596000	165.8100000	60.8600000	1544.4145749	3.9950000
-149.0256040	16.1596000	165.8100000	60.8600000	1531.8560573	3.9950000
-149.0256040	16.6596000	165.8100000	60.8600000	1519.3119754	3.9950000
-149.0256040	17.1596000	165.8100000	60.8600000	1506.7827392	3.9950000
-149.0256040	17.6596000	165.8100000	60.8600000	1494.2687723	3.9950000
-149.0256040	18.1596000	165.8100000	60.8600000	1481.7705119	3.9950000
-149.0256040	18.6596000	165.8100000	60.8600000	1469.2884097	3.9950000
-149.0256040	19.1596000	165.8100000	60.8600000	1456.8229322	3.9950000
-149.0256040	19.6596000	165.8100000	60.8600000	1444.3745616	3.9950000
-149.0256040	20.1596000	165.8100000	60.8600000	1431.9437963	3.9950000
-149.0256040	20.6596000	165.8100000	60.8600000	1419.5311515	3.9950000
-149.0256040	21.1596000	165.8100000	60.8600000	1407.1371600	3.9950000
-149.0256040	21.6596000	165.8100000	60.8600000	1394.7623726	3.9950000
-149.0256040	22.1596000	165.8100000	60.8600000	1382.4073595	3.9950000
-149.0256040	22.6596000	165.8100000	60.8600000	1370.0727103	3.9950000
-149.0256040	23.1596000	165.8100000	60.8600000	1357.7590354	3.9950000
-149.0256040	23.6596000	165.8100000	60.8600000	1345.8038388	3.9940000
-149.0256040	24.1596000	165.8100000	60.8600000	1333.5309583	3.9940000
-149.0256040	24.6596000	165.8100000	60.8600000	1321.2810213	3.9940000
-149.0256040	25.1596000	165.8100000	60.8600000	1309.0547296	3.9940000
-149.0256040	25.6596000	165.8100000	60.8600000	1296.8528103	3.9940000
-149.0256040	26.1596000	165.8100000	60.8600000	1284.6760170	3.9940000
-149.0256040	26.6596000	165.8100000	60.8600000	1272.5251305	3.9940000
-162.0256040	19.9863000	165.8100000	60.8600000	1297.0987401	4.0010000
-161.3675990	17.7469010	165.8100000	60.8600000	1360.8341626	4.0020000
-161.3148960	21.9563010	165.8100000	60.8600000	1253.1259039	4.0010000
-161.0950010	23.9972000	165.8100000	60.8600000	1202.7636935	4.0020000
-160.0475010	19.8234000	165.8100000	60.8600000	1320.5123759	4.0000000
-159.6649930	22.1229990	165.8100000	60.8600000	1265.4121143	4.0000000
-159.4010010	21.9710010	165.8100000	60.8600000	1271.9367951	4.0000000
-158.9824980	15.5740000	165.8100000	60.8600000	1440.2857891	4.0000000
-158.9331050	24.5737990	165.8100000	60.8600000	1210.3354908	4.0010000
-158.9030000	21.2984010	165.8100000	60.8600000	1294.1023521	4.0000000
-158.7601930	18.5646990	165.8100000	60.8600000	1366.1445978	3.9980000
-158.1853940	22.6201990	165.8100000	60.8600000	1267.8183145	4.0000000
-158.1795040	20.3778000	165.8100000	60.8600000	1325.2284723	3.9990000
-157.9310000	21.6460000	165.8100000	60.8600000	1295.4846544	3.9990000
-157.8591000	14.6596000	165.8100000	60.8600000	1475.1278447	3.9990000
-157.7008060	16.3484000	165.8100000	60.8600000	1433.9254475	3.9970000
-157.6275940	20.3461000	165.8100000	60.8600000	1331.9960471	3.9980000
-157.2700040	21.1089990	165.8100000	60.8600000	1316.2812629	3.9980000
-157.2272950	18.9848000	165.8100000	60.8600000	1371.1423006	3.9970000
-156.9646000	24.3120990	165.8100000	60.8600000	1238.2727486	3.9990000
-156.9320070	19.8327010	165.8100000	60.8600000	1352.5612210	3.9970000
-156.8081970	18.4042000	165.8100000	60.8600000	1390.5982238	3.9960000
-156.7559970	21.1360000	165.8100000	60.8600000	1320.9524384	3.9980000
-156.6580050	20.8910010	165.8100000	60.8600000	1328.1890023	3.9980000
-156.5101010	19.4776990	165.8100000	60.8600000	1365.9641036	3.9970000
-156.4651030	18.7750000	165.8100000	60.8600000	1384.6682350	3.9960000
-156.3876950	17.6149010	165.8100000	60.8600000	1415.0687733	3.9960000
-156.2066040	16.1620010	165.8100000	60.8600000	1454.4492796	3.9950000
-156.1670070	18.3010010	165.8100000	60.8600000	1399.8328783	3.9960000
-155.9969940	20.7710000	165.8100000	60.8600000	1338.5153172	3.9970000
-155.7729950	19.0790000	165.8100000	60.8600000	1384.1329739	3.9960000
-155.7653050	26.7766990	165.8100000	60.8600000	1191.3395225	3.9940000
-155.7149960	18.0002990	165.8100000	60.8600000	1412.5393430	3.9950000
-155.7109990	20.0460000	165.8100000	60.8600000	1360.2412600	3.9960000
-155.6793980	21.2055000	165.8100000	60.8600000	1330.8991530	3.9970000
-155.6362000	22.2999000	165.8100000	60.8600000	1303.7618743	3.9970000
-154.9944000	21.5070000	165.8100000	60.8600000	1330.9780467	3.9960000
-154.9830020	19.6010000	165.8100000	60.8600000	1379.5832365	3.9950000
-154.7973940	18.8031010	165.8100000	60.8600000	1402.1310305	3.9940000
-154.6912990	17.1800990	165.8100000	60.8600000	1444.4981000	3.9940000
-154.6177980	20.0889000	165.8100000	60.8600000	1371.1509536	3.9950000
-154.4958950	18.4016990	165.8100000	60.8600000	1415.5211518	3.9940000
-154.4828030	21.0019000	165.8100000	60.8600000	1349.5754062	3.9950000
-154.3939970	19.2625010	165.8100000	60.8600000	1394.7981534	3.9940000
-154.2518010	21.1686990	165.8100000	60.8600000	1347.8878545	3.9950000
-154.0305020	17.9884000	165.8100000	60.8600000	1430.9695989	3.9940000
-153.9922940	18.7976000	165.8100000	60.8600000	1410.8796666	3.9940000
-153.9826970	21.5196990	165.8100000	60.8600000	1342.0070112	3.9950000
-153.9674990	14.7313000	165.8100000	60.8600000	1514.9039663	3.9930000
-153.9024050	19.9790990	165.8100000	60.8600000	1382.0004672	3.9940000
-153.8681950	17.3153990	165.8100000	60.8600000	1450.1422374	3.9930000
-153.7008060	17.2975010	165.8100000	60.8600000	1452.3849146	3.9930000
-153.5032040	19.4951990	165.8100000	60.8600000	1398.5487508	3.9940000
-153.2958980	18.8009000	165.8100000	60.8600000	1418.6833714	3.9930000
-153.2920990	20.8925990	165.8100000	60.8600000	1365.6915785	3.9940000
-153.2906040	17.9062000	165.8100000	60.8600000	1441.3658764	3.9930000
-152.9812010	18.3018000	165.8100000	60.8600000	1434.7167065	3.9930000
-152.7657930	25.5928000	165.8100000	60.8600000	1254.8767680	3.9930000
-152.1324010	18.4814000	165.8100000	60.8600000	1439.4877203	3.9930000
-151.6866000	14.6891000	165.8100000	60.8600000	1540.2671390	3.9930000
-151.6376040	16.7378010	165.8100000	60.8600000	1488.9235321	3.9930000
-150.9149930	18.9142000	165.8100000	60.8600000	1442.1702771	3.9930000
-149.0009000	16.9890000	165.8100000	60.8600000	1511.3370372	3.9950000
