-162.025604	14.659600	153.730000	46.140000	1322.497778	4.077093	137.065412	137.065412	137.065412	4.055638	-2.727535
-162.025604	15.159600	153.730000	46.140000	1312.375514	4.076474	136.631849	136.631849	136.631849	4.055048	-2.872685
-162.025604	15.659600	153.730000	46.140000	1302.416400	4.075474	136.293095	136.293095	136.293095	4.052969	-2.917501
-162.025604	16.159600	153.730000	46.140000	1292.497875	4.074474	136.049039	136.049039	136.049039	4.051472	-2.861739
-162.025604	16.659600	153.730000	46.140000	1282.741255	4.073093	135.899572	135.899572	135.899572	4.053193	-2.705619
-162.025604	17.159600	153.730000	46.140000	1272.906631	4.072093	135.544579	135.544579	135.544579	4.048685	-2.749193
-162.025604	17.659600	153.730000	46.140000	1263.308221	4.070474	135.483947	135.483947	135.583947	4.053022	-2.492200
-162.025604	18.159600	153.730000	46.140000	1253.562006	4.069474	135.317558	135.317558	135.317558	4.051918	-2.334871
-162.025604	18.659600	153.730000	46.140000	1243.862698	4.068474	135.145295	135.145295	135.145295	4.048521	-2.177264
-162.025604	19.159600	153.730000	46.140000	1234.211665	4.067474	135.067039	135.067039	135.067039	4.046320	-1.919100
-162.025604	19.659600	153.730000	46.140000	1224.610314	4.066474	134.982668	134.982668	134.982668	4.045473	-1.660622
-162.025604	20.159600	153.730000	46.140000	1215.060088	4.065474	134.992060	134.992060	135.092060	4.046126	-1.301893
-162.025604	20.659600	153.730000	46.140000	1205.562471	4.064474	134.995090	134.995090	135.095090	4.044103	-0.942616
-162.025604	21.159600	153.730000	46.140000	1195.936943	4.064093	134.991633	134.991633	134.991633	4.040371	-0.583047
-162.025604	21.659600	153.730000	46.140000	1186.258584	4.064093	134.781562	134.781562	134.881562	4.033044	-0.423254
-162.025604	22.159600	153.730000	46.140000	1176.642114	4.064093	134.764750	134.664750	134.764750	4.033581	-0.062921
-162.025604	22.659600	153.730000	46.140000	1167.089142	4.064093	134.641067	134.641067	134.641067	4.030733	0.197684
-162.025604	23.159600	153.730000	46.140000	1157.492673	4.064474	134.510383	134.510383	134.510383	4.031529	0.458485
-162.025604	23.659600	153.730000	46.140000	1147.897882	4.065093	134.372568	134.272568	134.372568	4.030736	0.719819
-162.025604	24.159600	153.730000	46.140000	1138.440945	4.065474	134.227489	134.127489	134.227489	4.035574	0.981405
-162.025604	24.659600	153.730000	46.140000	1128.884372	4.066474	133.875015	133.875015	133.875015	4.034905	1.043160
-162.025604	25.159600	153.730000	46.140000	1119.404626	4.067474	133.515013	133.515013	133.515013	4.033153	1.105440
-162.025604	25.659600	153.730000	46.140000	1109.834788	4.069093	133.047350	133.047350	133.047350	4.031294	1.067953
-162.025604	26.159600	153.730000	46.140000	1100.515641	4.070093	132.671893	132.671893	132.771893	4.033881	1.130608
-162.025604	26.659600	153.730000	46.140000	1091.278889	4.071093	132.288511	132.288511	132.288511	4.034885	1.193783
-161.525604	14.659600	153.730000	46.140000	1331.594507	4.075474	136.874021	136.874021	136.874021	4.054455	-2.720816
-161.525604	15.159600	153.730000	46.140000	1321.423038	4.075093	136.440811	136.440811	136.440811	4.054417	-2.867646
-161.525604	15.659600	153.730000	46.140000	1311.692096	4.073474	136.302485	136.302485	136.302485	4.054190	-2.714098
-161.525604	16.159600	153.730000	46.140000	1301.801021	4.072474	136.058937	136.058937	136.058937	4.053321	-2.659966
-161.525604	16.659600	153.730000	46.140000	1291.951598	4.071474	135.710059	135.710059	135.710059	4.050638	-2.705510
-161.525604	17.159600	153.730000	46.140000	1282.145040	4.070474	135.555741	135.455741	135.555741	4.051742	-2.550698
-161.525604	17.659600	153.730000	46.140000	1272.382594	4.069474	135.295870	135.295870	135.295870	4.049876	-2.495314
-161.525604	18.159600	153.730000	46.140000	1262.783939	4.068093	135.230334	135.130334	135.230334	4.051044	-2.239633
-161.525604	18.659600	153.730000	46.140000	1253.112717	4.067093	135.059017	135.059017	135.059017	4.046973	-2.083619
-161.525604	19.159600	153.730000	46.140000	1243.489559	4.066093	134.981802	134.981802	135.081802	4.044523	-1.827043
-161.525604	19.659600	153.730000	46.140000	1233.915854	4.065093	134.998573	134.998573	135.098573	4.044570	-1.470198
-161.525604	20.159600	153.730000	46.140000	1224.278116	4.064474	134.909209	134.909209	135.009209	4.041700	-1.213042
-161.525604	20.659600	153.730000	46.140000	1214.623603	4.064093	134.813590	134.813590	134.913590	4.037635	-0.955333
-161.525604	21.159600	153.730000	46.140000	1205.096071	4.063474	134.911594	134.811594	134.911594	4.038152	-0.497382
-161.525604	21.659600	153.730000	46.140000	1195.555876	4.063093	134.903097	134.803097	134.903097	4.038054	-0.139142
-161.525604	22.159600	153.730000	46.140000	1185.964083	4.063093	134.787975	134.787975	134.887975	4.035343	0.119642
-161.525604	22.659600	153.730000	46.140000	1176.324978	4.063474	134.666103	134.666103	134.766103	4.033487	0.378641
-161.525604	23.159600	153.730000	46.140000	1166.684358	4.064093	134.537354	134.537354	134.537354	4.031189	0.637909
-161.525604	23.659600	153.730000	46.140000	1157.004482	4.065093	134.301601	134.201601	134.301601	4.030984	0.797714
-161.525604	24.159600	153.730000	46.140000	1147.572016	4.065474	134.158717	134.058717	134.158717	4.034493	1.057705
-161.525604	24.659600	153.730000	46.140000	1138.038023	4.066474	133.808573	133.808573	133.808573	4.033642	1.117946
-161.525604	25.159600	153.730000	46.140000	1128.408722	4.068093	133.351041	133.351041	133.351041	4.031234	1.078716
-161.525604	25.659600	153.730000	46.140000	1119.030560	4.069093	132.985992	132.985992	133.085992	4.032392	1.139646
-161.525604	26.159600	153.730000	46.140000	1109.628291	4.070474	132.613297	132.613297	132.613297	4.034074	1.200805
-161.525604	26.659600	153.730000	46.140000	1100.412669	4.071474	132.132828	132.132828	132.132828	4.035929	1.162487
-161.025604	14.659600	153.730000	46.140000	1340.529204	4.074474	136.586400	136.486400	136.586400	4.052511	-2.814825
-161.025604	15.159600	153.730000	46.140000	1330.587830	4.073474	136.253577	136.253577	136.253577	4.052344	-2.863299
-161.025604	15.659600	153.730000	46.140000	1320.685648	4.072474	136.015716	136.015716	136.015716	4.051281	-2.811387
-161.025604	16.159600	153.730000	46.140000	1310.823795	4.071474	135.672712	135.672712	135.672712	4.048938	-2.858926
-161.025604	16.659600	153.730000	46.140000	1301.125375	4.070093	135.624458	135.624458	135.624458	4.050139	-2.606092
-161.025604	17.159600	153.730000	46.140000	1291.346833	4.069093	135.370847	135.370847	135.370847	4.048755	-2.552895
-161.025604	17.659600	153.730000	46.140000	1281.612226	4.068093	135.111771	135.111771	135.111771	4.046618	-2.499164
-161.025604	18.159600	153.730000	46.140000	1272.116289	4.066474	135.147118	135.147118	135.147118	4.049794	-2.145085
-161.025604	18.659600	153.730000	46.140000	1262.471964	4.065474	135.076777	134.976777	135.076777	4.048159	-1.890664
-161.025604	19.159600	153.730000	46.140000	1252.684845	4.065093	134.900634	134.900634	135.000634	4.041718	-1.735727
-161.025604	19.659600	153.730000	46.140000	1243.138982	4.064093	134.918574	134.918574	134.918574	4.041865	-1.380463
-161.025604	20.159600	153.730000	46.140000	1233.527925	4.063474	134.830480	134.830480	134.930480	4.039194	-1.124879
-161.025604	20.659600	153.730000	46.140000	1223.899246	4.063093	134.836237	134.736237	134.836237	4.036793	-0.768795
-161.025604	21.159600	153.730000	46.140000	1214.397796	4.062474	134.935724	134.835724	134.935724	4.037729	-0.312405
-161.025604	21.659600	153.730000	46.140000	1204.769654	4.062474	134.828821	134.728821	134.828821	4.034167	-0.055717
-161.025604	22.159600	153.730000	46.140000	1195.020738	4.063093	134.615409	134.615409	134.715409	4.028713	0.101456
-161.025604	22.659600	153.730000	46.140000	1185.406665	4.063474	134.495365	134.495365	134.595365	4.028617	0.358914
-161.025604	23.159600	153.730000	46.140000	1175.790117	4.064093	134.468565	134.368565	134.468565	4.030153	0.716648
-161.025604	23.659600	153.730000	46.140000	1166.133000	4.065093	134.134888	134.134888	134.234888	4.026850	0.774854
-161.025604	24.159600	153.730000	46.140000	1156.548235	4.066093	133.894208	133.894208	133.894208	4.028547	0.933323
-161.025604	24.659600	153.730000	46.140000	1147.037490	4.067093	133.646401	133.646401	133.646401	4.030456	1.092049
-161.025604	25.159600	153.730000	46.140000	1137.602477	4.068093	133.291343	133.291343	133.291343	4.031224	1.151231
-161.025604	25.659600	153.730000	46.140000	1128.139193	4.069474	132.928909	132.928909	132.928909	4.032438	1.210657
-161.025604	26.159600	153.730000	46.140000	1118.691849	4.071093	132.558973	132.558973	132.558973	4.033694	1.270321
-161.025604	26.659600	153.730000	46.140000	1109.497050	4.072093	132.081411	132.081411	132.081411	4.035791	1.230425
-160.525604	14.659600	153.730000	46.140000	1349.501681	4.073474	136.202478	136.202478	136.202478	4.053954	-3.009610
-160.525604	15.159600	153.730000	46.140000	1339.714729	4.072093	136.070080	136.070080	136.070080	4.050744	-2.859728
-160.525604	15.659600	153.730000	46.140000	1329.840447	4.071093	135.832717	135.732717	135.832717	4.049226	-2.809492
-160.525604	16.159600	153.730000	46.140000	1320.206979	4.069474	135.690289	135.690289	135.690289	4.047652	-2.658660
-160.525604	16.659600	153.730000	46.140000	1310.412772	4.068474	135.442692	135.442692	135.542692	4.046059	-2.607447
-160.525604	17.159600	153.730000	46.140000	1300.661094	4.067474	135.289821	135.289821	135.289821	4.046957	-2.455908
-160.525604	17.659600	153.730000	46.140000	1290.953163	4.066474	135.031570	135.031570	135.131570	4.044979	-2.403786
-160.525604	18.159600	153.730000	46.140000	1281.290230	4.065474	134.967830	134.967830	134.967830	4.045061	-2.151306
-160.525604	18.659600	153.730000	46.140000	1271.673579	4.064474	134.898493	134.898493	134.998493	4.042727	-1.898527
-160.525604	19.159600	153.730000	46.140000	1262.104530	4.063474	135.023448	134.923448	135.023448	4.042837	-1.445176
-160.525604	19.659600	153.730000	46.140000	1252.393750	4.063093	134.842583	134.842583	134.942583	4.037930	-1.291491
-160.525604	20.159600	153.730000	46.140000	1242.808686	4.062474	134.855785	134.855785	134.855785	4.037981	-0.937533
-160.525604	20.659600	153.730000	46.140000	1233.205139	4.062093	134.862940	134.762940	134.862940	4.035144	-0.583015
-160.525604	21.159600	153.730000	46.140000	1223.542719	4.062093	134.763931	134.763931	134.863931	4.030605	-0.328183
-160.525604	21.659600	153.730000	46.140000	1213.939597	4.062093	134.758642	134.658642	134.758642	4.029531	0.026893
-160.525604	22.159600	153.730000	46.140000	1204.284179	4.062474	134.646957	134.546957	134.646957	4.028659	0.282520
-160.525604	22.659600	153.730000	46.140000	1194.623184	4.063093	134.528755	134.428755	134.528755	4.028137	0.538440
-160.525604	23.159600	153.730000	46.140000	1184.917786	4.064093	134.303918	134.303918	134.403918	4.025722	0.694576
-160.525604	23.659600	153.730000	46.140000	1175.282638	4.065093	134.072326	134.072326	134.172326	4.025937	0.851255
-160.525604	24.159600	153.730000	46.140000	1165.719343	4.066093	133.833859	133.833859	133.833859	4.028762	1.008206
-160.525604	24.659600	153.730000	46.140000	1156.121110	4.067474	133.488394	133.488394	133.488394	4.028774	1.065347
-160.525604	25.159600	153.730000	46.140000	1146.707399	4.068474	133.135813	133.135813	133.235813	4.029790	1.123021
-160.525604	25.659600	153.730000	46.140000	1137.197733	4.070093	132.775992	132.775992	132.875992	4.032361	1.180948
-160.525604	26.159600	153.730000	46.140000	1127.835346	4.071474	132.408811	132.408811	132.508811	4.034395	1.239038
-160.525604	26.659600	153.730000	46.140000	1118.659974	4.072474	131.934150	131.934150	131.934150	4.037958	1.197653
-160.025604	14.659600	153.730000	46.140000	1358.844765	4.071474	136.222191	136.222191	136.222191	4.049811	-2.805107
-160.025604	15.159600	153.730000	46.140000	1348.958358	4.070474	135.890249	135.890249	135.890249	4.050474	-2.856909
-160.025604	15.659600	153.730000	46.140000	1339.110856	4.069474	135.753417	135.753417	135.753417	4.047497	-2.708308
-160.025604	16.159600	153.730000	46.140000	1329.303374	4.068474	135.511597	135.511597	135.511597	4.046123	-2.659105
-160.025604	16.659600	153.730000	46.140000	1319.660817	4.067093	135.364688	135.364688	135.364688	4.044642	-2.509558
-160.025604	17.159600	153.730000	46.140000	1309.935952	4.066093	135.112586	135.112586	135.112586	4.043688	-2.459632
-160.025604	17.659600	153.730000	46.140000	1300.254632	4.065093	134.955189	134.955189	135.055189	4.044067	-2.309117
-160.025604	18.159600	153.730000	46.140000	1290.618093	4.064093	134.892390	134.892390	134.992390	4.042091	-2.058286
-160.025604	18.659600	153.730000	46.140000	1281.027604	4.063093	134.924084	134.824084	134.924084	4.041151	-1.707099
-160.025604	19.159600	153.730000	46.140000	1271.365076	4.062474	134.850163	134.850163	134.950163	4.037195	-1.455335
-160.025604	19.659600	153.730000	46.140000	1261.679341	4.062093	134.770517	134.770517	134.870517	4.035408	-1.203281
-160.025604	20.159600	153.730000	46.140000	1252.119588	4.061474	134.785036	134.785036	134.885036	4.033009	-0.850895
-160.025604	20.659600	153.730000	46.140000	1242.423775	4.061474	134.693610	134.693610	134.793610	4.029516	-0.597942
-160.025604	21.159600	153.730000	46.140000	1232.785452	4.061474	134.696125	134.696125	134.796125	4.027266	-0.244728
-160.025604	21.659600	153.730000	46.140000	1223.019801	4.062093	134.592467	134.592467	134.692467	4.024728	0.008797
-160.025604	22.159600	153.730000	46.140000	1213.388320	4.062474	134.482524	134.482524	134.582524	4.023990	0.262879
-160.025604	22.659600	153.730000	46.140000	1203.750305	4.063093	134.366178	134.366178	134.466178	4.024124	0.517195
-160.025604	23.159600	153.730000	46.140000	1194.066575	4.064093	134.243315	134.243315	134.343315	4.025026	0.771800
-160.025604	23.659600	153.730000	46.140000	1184.452615	4.065093	134.013817	134.013817	134.113817	4.025935	0.926954
-160.025604	24.159600	153.730000	46.140000	1174.799789	4.066474	133.777568	133.777568	133.777568	4.028244	1.082313
-160.025604	24.659600	153.730000	46.140000	1165.153868	4.068093	133.434450	133.434450	133.434450	4.029914	1.137943
-160.025604	25.159600	153.730000	46.140000	1155.761212	4.069093	133.084345	133.084345	133.084345	4.030348	1.194111
-160.025604	25.659600	153.730000	46.140000	1146.337408	4.070474	132.727136	132.727136	132.727136	4.032321	1.250458
-160.025604	26.159600	153.730000	46.140000	1136.927234	4.072093	132.362706	132.362706	132.362706	4.033788	1.307055
-160.025604	26.659600	153.730000	46.140000	1127.771005	4.073093	131.890936	131.890936	131.890936	4.036896	1.264183
-159.525604	14.659600	153.730000	46.140000	1367.892606	4.070474	135.845469	135.845469	135.845469	4.055622	-3.001368
-159.525604	15.159600	153.730000	46.140000	1358.161337	4.069093	135.814015	135.814015	135.814015	4.047706	-2.754813
-159.525604	15.659600	153.730000	46.140000	1348.340610	4.068093	135.577746	135.577746	135.577746	4.046308	-2.707848
-159.525604	16.159600	153.730000	46.140000	1338.763332	4.066474	135.536564	135.436564	135.536564	4.043270	-2.460318
-159.525604	16.659600	153.730000	46.140000	1329.021994	4.065474	135.290372	135.290372	135.290372	4.043287	-2.412392
-159.525604	17.159600	153.730000	46.140000	1319.322798	4.064474	135.139068	135.039068	135.139068	4.042651	-2.264079
-159.525604	17.659600	153.730000	46.140000	1309.666934	4.063474	134.982551	134.982551	134.982551	4.042149	-2.115220
-159.525604	18.159600	153.730000	46.140000	1299.857711	4.063093	134.920720	134.920720	134.920720	4.039582	-1.865988
-159.525604	18.659600	153.730000	46.140000	1290.293616	4.062093	134.853469	134.753469	134.853469	4.036923	-1.616393
-159.525604	19.159600	153.730000	46.140000	1280.656315	4.061474	134.880695	134.780695	134.880695	4.034211	-1.266267
-159.525604	19.659600	153.730000	46.140000	1270.994958	4.061093	134.802291	134.802291	134.902291	4.032513	-1.015793
-159.525604	20.159600	153.730000	46.140000	1261.267706	4.061093	134.718149	134.718149	134.818149	4.029302	-0.764977
-159.525604	20.659600	153.730000	46.140000	1251.596201	4.061093	134.728160	134.628160	134.728160	4.026613	-0.413648
-159.525604	21.159600	153.730000	46.140000	1241.981827	4.061093	134.632216	134.632216	134.732216	4.024552	-0.161992
-159.525604	21.659600	153.730000	46.140000	1232.122607	4.062093	134.530205	134.530205	134.630205	4.022634	0.089983
-159.525604	22.159600	153.730000	46.140000	1222.514324	4.062474	134.522017	134.422017	134.522017	4.022645	0.442455
-159.525604	22.659600	153.730000	46.140000	1212.784676	4.063474	134.407539	134.307539	134.407539	4.022712	0.695232
-159.525604	23.159600	153.730000	46.140000	1203.122789	4.064474	134.186659	134.186659	134.186659	4.023217	0.848308
-159.525604	23.659600	153.730000	46.140000	1193.530174	4.065474	133.959263	133.959263	133.959263	4.025335	1.001865
-159.525604	24.159600	153.730000	46.140000	1183.828315	4.067093	133.725237	133.725237	133.725237	4.027972	1.155706
-159.525604	24.659600	153.730000	46.140000	1174.270308	4.068474	133.384467	133.384467	133.384467	4.030042	1.209824
-159.525604	25.159600	153.730000	46.140000	1164.897344	4.069474	133.036839	133.036839	133.036839	4.030947	1.264407
-159.525604	25.659600	153.730000	46.140000	1155.424486	4.071093	132.682238	132.682238	132.682238	4.032372	1.319255
-159.525604	26.159600	153.730000	46.140000	1146.098672	4.072474	132.320551	132.320551	132.320551	4.033337	1.374361
-159.525604	26.659600	153.730000	46.140000	1136.960217	4.073474	131.851663	131.851663	131.851663	4.036087	1.329914
-159.025604	14.659600	153.730000	46.140000	1377.314217	4.068474	135.972248	135.972248	135.972248	4.045930	-2.698430
-159.025604	15.159600	153.730000	46.140000	1367.480578	4.067474	135.741313	135.741313	135.741313	4.044410	-2.653518
-159.025604	15.659600	153.730000	46.140000	1357.685511	4.066474	135.505635	135.505635	135.505635	4.043889	-2.608230
-159.025604	16.159600	153.730000	46.140000	1347.930106	4.065474	135.365119	135.365119	135.365119	4.041621	-2.462329
-159.025604	16.659600	153.730000	46.140000	1338.341086	4.064093	135.219671	135.219671	135.219671	4.040250	-2.316023
-159.025604	17.159600	153.730000	46.140000	1328.667509	4.063093	135.069191	135.069191	135.069191	4.039714	-2.169370
-159.025604	17.659600	153.730000	46.140000	1318.913183	4.062474	135.013581	134.913581	135.013581	4.038240	-1.922117
-159.025604	18.159600	153.730000	46.140000	1309.327896	4.061474	134.852741	134.852741	134.952741	4.035572	-1.774483
-159.025604	18.659600	153.730000	46.140000	1299.590185	4.061093	134.886570	134.886570	134.886570	4.032522	-1.426530
-159.025604	19.159600	153.730000	46.140000	1289.977460	4.060474	134.914965	134.814965	134.914965	4.029899	-1.077989
-159.025604	19.659600	153.730000	46.140000	1280.219537	4.060474	134.837822	134.837822	134.937822	4.028465	-0.829091
-159.025604	20.159600	153.730000	46.140000	1270.515682	4.060474	134.755038	134.755038	134.855038	4.026885	-0.579901
-159.025604	20.659600	153.730000	46.140000	1260.867227	4.060474	134.766505	134.666505	134.766505	4.023528	-0.230136
-159.025604	21.159600	153.730000	46.140000	1251.084956	4.061093	134.672117	134.572117	134.672117	4.021919	0.019964
-159.025604	21.659600	153.730000	46.140000	1241.247238	4.062093	134.571768	134.571768	134.571768	4.021239	0.270329
-159.025604	22.159600	153.730000	46.140000	1231.661421	4.062474	134.465347	134.465347	134.565347	4.020467	0.521258
-159.025604	22.659600	153.730000	46.140000	1221.952400	4.063474	134.352747	134.352747	134.352747	4.021551	0.772501
-159.025604	23.159600	153.730000	46.140000	1212.126201	4.065093	134.133858	134.133858	134.133858	4.021343	0.923981
-159.025604	23.659600	153.730000	46.140000	1202.554742	4.066093	133.908569	133.908569	133.908569	4.024304	1.076014
-159.025604	24.159600	153.730000	46.140000	1192.941685	4.067474	133.676769	133.576769	133.676769	4.027345	1.228340
-159.025604	24.659600	153.730000	46.140000	1183.333373	4.069093	133.338348	133.338348	133.338348	4.029488	1.280877
-159.025604	25.159600	153.730000	46.140000	1173.979874	4.070093	132.993194	132.993194	132.993194	4.031064	1.333956
-159.025604	25.659600	153.730000	46.140000	1164.592319	4.071474	132.641197	132.641197	132.641197	4.031946	1.387309
-159.025604	26.159600	153.730000	46.140000	1155.216054	4.073093	132.282245	132.282245	132.282245	4.032425	1.440844
-159.025604	26.659600	153.730000	46.140000	1146.095117	4.074093	131.716229	131.716229	131.716229	4.039362	1.294914
-158.525604	14.659600	153.730000	46.140000	1386.434228	4.067474	135.702462	135.702462	135.702462	4.049823	-2.796236
-158.525604	15.159600	153.730000	46.140000	1376.756463	4.066093	135.672073	135.672073	135.672073	4.042069	-2.553009
-158.525604	15.659600	153.730000	46.140000	1366.987049	4.065093	135.537014	135.437014	135.537014	4.039019	-2.409357
-158.525604	16.159600	153.730000	46.140000	1357.257099	4.064093	135.397192	135.397192	135.397192	4.037798	-2.265084
-158.525604	16.659600	153.730000	46.140000	1347.567719	4.063093	135.252514	135.152514	135.252514	4.037522	-2.120445
-158.525604	17.159600	153.730000	46.140000	1337.920042	4.062093	135.102883	135.102883	135.102883	4.036889	-1.975404
-158.525604	17.659600	153.730000	46.140000	1328.315231	4.061093	134.948204	134.948204	135.048204	4.036113	-1.829757
-158.525604	18.159600	153.730000	46.140000	1318.630587	4.060474	134.888379	134.888379	134.988379	4.032052	-1.583772
-158.525604	18.659600	153.730000	46.140000	1308.916537	4.060093	135.023308	134.923308	135.023308	4.029764	-1.137409
-158.525604	19.159600	153.730000	46.140000	1299.129794	4.060093	134.952892	134.852892	134.952892	4.027106	-0.890453
-158.525604	19.659600	153.730000	46.140000	1289.395498	4.060093	134.977031	134.877031	134.977031	4.024755	-0.543187
-158.525604	20.159600	153.730000	46.140000	1279.714929	4.060093	134.895621	134.895621	134.995621	4.023994	-0.295566
-158.525604	20.659600	153.730000	46.140000	1269.970083	4.060474	134.808559	134.808559	134.908559	4.021874	-0.047364
-158.525604	21.159600	153.730000	46.140000	1260.209868	4.061093	134.715743	134.715743	134.815743	4.020714	0.201121
-158.525604	21.659600	153.730000	46.140000	1250.392934	4.062093	134.717067	134.617067	134.717067	4.019814	0.549938
-158.525604	22.159600	153.730000	46.140000	1240.639964	4.063093	134.512425	134.512425	134.612425	4.020423	0.699324
-158.525604	22.659600	153.730000	46.140000	1230.952355	4.064093	134.401711	134.301711	134.401711	4.020937	0.948965
-158.525604	23.159600	153.730000	46.140000	1221.331539	4.065093	134.184819	134.184819	134.184819	4.022446	1.098917
-158.525604	23.659600	153.730000	46.140000	1211.665308	4.066474	133.961641	133.861641	133.961641	4.024970	1.249428
-158.525604	24.159600	153.730000	46.140000	1202.000637	4.068093	133.632070	133.632070	133.632070	4.028211	1.300166
-158.525604	24.659600	153.730000	46.140000	1192.479727	4.069474	133.295997	133.295997	133.295997	4.030087	1.351195
-158.525604	25.159600	153.730000	46.140000	1182.964595	4.071093	132.953314	132.953314	132.953314	4.031648	1.402772
-158.525604	25.659600	153.730000	46.140000	1173.705119	4.072093	132.503915	132.503915	132.603915	4.034262	1.354549
-158.525604	26.159600	153.730000	46.140000	1164.412670	4.073474	132.147690	132.147690	132.147690	4.035084	1.406596
-158.525604	26.659600	153.730000	46.140000	1155.307909	4.074474	131.684532	131.684532	131.684532	4.038494	1.359183
-158.025604	14.659600	153.730000	46.140000	1395.931272	4.065474	135.836047	135.836047	135.836047	4.040778	-2.494840
-158.025604	15.159600	153.730000	46.140000	1386.148210	4.064474	135.606231	135.606231	135.606231	4.040377	-2.453257
-158.025604	15.659600	153.730000	46.140000	1376.403341	4.063474	135.471817	135.471817	135.571817	4.037466	-2.311240
-158.025604	16.159600	153.730000	46.140000	1366.697730	4.062474	135.432714	135.432714	135.432714	4.034331	-2.068640
-158.025604	16.659600	153.730000	46.140000	1357.032471	4.061474	135.288830	135.188830	135.288830	4.033887	-1.925622
-158.025604	17.159600	153.730000	46.140000	1347.203460	4.061093	135.140072	135.040072	135.140072	4.034058	-1.782194
-158.025604	17.659600	153.730000	46.140000	1337.623701	4.060093	134.986346	134.986346	134.986346	4.034024	-1.638202
-158.025604	18.159600	153.730000	46.140000	1327.962935	4.059474	135.027556	135.027556	135.127556	4.030800	-1.293816
-158.025604	18.659600	153.730000	46.140000	1318.271912	4.059093	135.063607	135.063607	135.163607	4.027919	-0.949043
-158.025604	19.159600	153.730000	46.140000	1308.506979	4.059093	135.094399	134.994399	135.094399	4.026366	-0.603725
-158.025604	19.659600	153.730000	46.140000	1298.672124	4.059474	135.019836	135.019836	135.119836	4.023320	-0.358036
-158.025604	20.159600	153.730000	46.140000	1288.817228	4.060093	135.039817	134.939817	135.039817	4.021655	-0.011983
-158.025604	20.659600	153.730000	46.140000	1279.214845	4.060093	134.954242	134.854242	134.954242	4.019761	0.234597
-158.025604	21.159600	153.730000	46.140000	1269.355811	4.061093	134.863009	134.763009	134.863009	4.019616	0.481525
-158.025604	21.659600	153.730000	46.140000	1259.558952	4.062093	134.766017	134.666017	134.766017	4.019509	0.728795
-158.025604	22.159600	153.730000	46.140000	1249.825610	4.063093	134.563163	134.563163	134.563163	4.019225	0.876574
-158.025604	22.659600	153.730000	46.140000	1240.040772	4.064474	134.454343	134.454343	134.454343	4.020967	1.124680
-158.025604	23.159600	153.730000	46.140000	1230.439557	4.065474	134.239453	134.139453	134.239453	4.023008	1.273105
-158.025604	23.659600	153.730000	46.140000	1220.720399	4.067093	133.918389	133.918389	133.918389	4.025465	1.322022
-158.025604	24.159600	153.730000	46.140000	1211.144052	4.068474	133.591047	133.591047	133.591047	4.028847	1.371246
-158.025604	24.659600	153.730000	46.140000	1201.570260	4.070093	133.257320	133.257320	133.257320	4.030896	1.420767
-158.025604	25.159600	153.730000	46.140000	1192.141107	4.071474	132.917104	132.917104	132.917104	4.032216	1.470764
-158.025604	25.659600	153.730000	46.140000	1182.718732	4.073093	132.570295	132.570295	132.570295	4.032610	1.521045
-158.025604	26.159600	153.730000	46.140000	1173.552852	4.074093	132.116786	132.116786	132.116786	4.035007	1.471605
-158.025604	26.659600	153.730000	46.140000	1164.464033	4.075093	131.556475	131.556475	131.556475	4.041660	1.322622
-157.525604	14.659600	153.730000	46.140000	1405.252258	4.064093	135.772939	135.772939	135.772939	4.039635	-2.394272
-157.525604	15.159600	153.730000	46.140000	1395.493939	4.063093	135.643722	135.643722	135.643722	4.037258	-2.254331
-157.525604	15.659600	153.730000	46.140000	1385.773607	4.062093	135.509977	135.509977	135.609977	4.035944	-2.113993
-157.525604	16.159600	153.730000	46.140000	1376.092316	4.061093	135.471617	135.471617	135.471617	4.033082	-1.873021
-157.525604	16.659600	153.730000	46.140000	1366.451144	4.060093	135.328550	135.328550	135.328550	4.032605	-1.731622
-157.525604	17.159600	153.730000	46.140000	1356.723700	4.059474	135.180687	135.180687	135.280687	4.032852	-1.589853
-157.525604	17.659600	153.730000	46.140000	1346.961697	4.059093	135.127935	135.027935	135.227935	4.032940	-1.347467
-157.525604	18.159600	153.730000	46.140000	1337.120405	4.059093	135.170201	135.070201	135.170201	4.029033	-1.004677
-157.525604	18.659600	153.730000	46.140000	1327.530779	4.058474	135.207390	135.107390	135.307390	4.026706	-0.661546
-157.525604	19.159600	153.730000	46.140000	1317.587121	4.059093	135.139409	135.139409	135.239409	4.025335	-0.417811
-157.525604	19.659600	153.730000	46.140000	1307.897531	4.059093	135.166160	135.166160	135.266160	4.022597	-0.073696
-157.525604	20.159600	153.730000	46.140000	1298.138965	4.059474	135.087546	135.087546	135.187546	4.021002	0.170732
-157.525604	20.659600	153.730000	46.140000	1288.361281	4.060093	135.003470	135.003470	135.103470	4.018888	0.415751
-157.525604	21.159600	153.730000	46.140000	1278.522052	4.061093	134.913833	134.913833	135.013833	4.018260	0.661126
-157.525604	21.659600	153.730000	46.140000	1268.744564	4.062093	134.818535	134.818535	134.818535	4.018182	0.906788
-157.525604	22.159600	153.730000	46.140000	1258.911950	4.063474	134.617476	134.617476	134.717476	4.019750	1.053027
-157.525604	22.659600	153.730000	46.140000	1249.072794	4.065093	134.410555	134.410555	134.410555	4.021127	1.199601
-157.525604	23.159600	153.730000	46.140000	1239.374757	4.066474	134.197672	134.197672	134.197672	4.023692	1.346434
-157.525604	23.659600	153.730000	46.140000	1229.861118	4.067474	133.878724	133.878724	133.878724	4.026545	1.393831
-157.525604	24.159600	153.730000	46.140000	1220.230616	4.069093	133.553609	133.553609	133.553609	4.029530	1.441543
-157.525604	24.659600	153.730000	46.140000	1210.743759	4.070474	133.222226	133.222226	133.222226	4.031700	1.489486
-157.525604	25.159600	153.730000	46.140000	1201.260421	4.072093	132.884472	132.884472	132.884472	4.032975	1.537983
-157.525604	25.659600	153.730000	46.140000	1191.922584	4.073474	132.440244	132.440244	132.440244	4.035109	1.486774
-157.525604	26.159600	153.730000	46.140000	1182.772020	4.074474	131.989442	131.989442	131.989442	4.037262	1.435768
-157.525604	26.659600	153.730000	46.140000	1173.697831	4.075474	131.431962	131.431962	131.431962	4.043747	1.285306
-157.025604	14.659600	153.730000	46.140000	1414.474502	4.063093	135.613073	135.613073	135.613073	4.044480	-2.394481
-157.025604	15.159600	153.730000	46.140000	1404.955198	4.061474	135.784480	135.784480	135.784480	4.032379	-1.956227
-157.025604	15.659600	153.730000	46.140000	1395.045791	4.061093	135.551428	135.551428	135.551428	4.033339	-1.917523
-157.025604	16.159600	153.730000	46.140000	1385.389127	4.060093	135.513833	135.413833	135.513833	4.032059	-1.678179
-157.025604	16.659600	153.730000	46.140000	1375.772339	4.059093	135.471606	135.371606	135.471606	4.031799	-1.438447
-157.025604	17.159600	153.730000	46.140000	1366.068111	4.058474	135.324658	135.224658	135.424658	4.031900	-1.298290
-157.025604	17.659600	153.730000	46.140000	1356.328481	4.058093	135.272899	135.172899	135.272899	4.032737	-1.057508
-157.025604	18.159600	153.730000	46.140000	1346.508356	4.058093	135.316239	135.216239	135.316239	4.028028	-0.716367
-157.025604	18.659600	153.730000	46.140000	1336.737290	4.058093	135.254585	135.254585	135.354585	4.025490	-0.474824
-157.025604	19.159600	153.730000	46.140000	1326.891725	4.058474	135.287845	135.287845	135.387845	4.024099	-0.132672
-157.025604	19.659600	153.730000	46.140000	1317.022503	4.059093	135.315925	135.215925	135.315925	4.020949	0.209812
-157.025604	20.159600	153.730000	46.140000	1307.285267	4.059474	135.238730	135.138730	135.238730	4.020208	0.452674
-157.025604	20.659600	153.730000	46.140000	1297.406086	4.060474	135.056165	135.056165	135.156165	4.018458	0.596132
-157.025604	21.159600	153.730000	46.140000	1287.586928	4.061474	134.968133	134.968133	134.968133	4.017354	0.839893
-157.025604	21.659600	153.730000	46.140000	1277.829064	4.062474	134.874537	134.874537	134.874537	4.018474	1.084010
-157.025604	22.159600	153.730000	46.140000	1267.940791	4.064093	134.675280	134.675280	134.675280	4.019609	1.228709
-157.025604	22.659600	153.730000	46.140000	1258.192902	4.065474	134.470264	134.470264	134.470264	4.021549	1.373685
-157.025604	23.159600	153.730000	46.140000	1248.439392	4.067093	134.159390	134.159390	134.159390	4.024181	1.418993
-157.025604	23.659600	153.730000	46.140000	1238.827778	4.068474	133.842558	133.842558	133.842558	4.027128	1.464872
-157.025604	24.159600	153.730000	46.140000	1229.214495	4.070093	133.519670	133.519670	133.519670	4.030452	1.511000
-157.025604	24.659600	153.730000	46.140000	1219.744765	4.071474	133.190626	133.190626	133.190626	4.032234	1.557439
-157.025604	25.159600	153.730000	46.140000	1210.461245	4.072474	132.755326	132.755326	132.755326	4.034248	1.504438
-157.025604	25.659600	153.730000	46.140000	1201.067887	4.074093	132.413671	132.413671	132.413671	4.034470	1.551657
-157.025604	26.159600	153.730000	46.140000	1191.932436	4.075093	131.965562	131.865562	131.965562	4.036373	1.499168
-157.025604	26.659600	153.730000	46.140000	1182.872665	4.076093	131.410900	131.410900	131.410900	4.042359	1.347227
-156.525604	14.659600	153.730000	46.140000	1423.945084	4.061474	135.756389	135.756389	135.856389	4.038719	-2.095523
-156.525604	15.159600	153.730000	46.140000	1414.234950	4.060474	135.728441	135.728441	135.728441	4.033248	-1.858913
-156.525604	15.659600	153.730000	46.140000	1404.562359	4.059474	135.696105	135.696105	135.796105	4.031118	-1.621843
-156.525604	16.159600	153.730000	46.140000	1394.715775	4.059093	135.659296	135.559296	135.659296	4.030029	-1.384174
-156.525604	16.659600	153.730000	46.140000	1385.122793	4.058093	135.517928	135.417928	135.517928	4.030962	-1.246062
-156.525604	17.159600	153.730000	46.140000	1375.231542	4.058093	135.371914	135.371914	135.471914	4.031895	-1.107515
-156.525604	17.659600	153.730000	46.140000	1365.594934	4.057474	135.321168	135.321168	135.421168	4.030413	-0.868389
-156.525604	18.159600	153.730000	46.140000	1355.796282	4.057474	135.465599	135.365599	135.565599	4.027460	-0.428844
-156.525604	18.659600	153.730000	46.140000	1345.841197	4.058093	135.405118	135.405118	135.505118	4.024285	-0.188890
-156.525604	19.159600	153.730000	46.140000	1336.142646	4.058093	135.439634	135.339634	135.439634	4.023487	0.151625
-156.525604	19.659600	153.730000	46.140000	1326.168361	4.059093	135.369057	135.369057	135.469057	4.019930	0.392534
-156.525604	20.159600	153.730000	46.140000	1316.251239	4.060093	135.293292	135.293292	135.393292	4.019268	0.633830
-156.525604	20.659600	153.730000	46.140000	1306.392475	4.061093	135.212248	135.112248	135.212248	4.018169	0.875667
-156.525604	21.159600	153.730000	46.140000	1296.593294	4.062093	135.025830	135.025830	135.125830	4.018072	1.017876
-156.525604	21.659600	153.730000	46.140000	1286.854950	4.063093	134.933944	134.833944	134.933944	4.018438	1.260448
-156.525604	22.159600	153.730000	46.140000	1277.058859	4.064474	134.636494	134.636494	134.636494	4.019371	1.303543
-156.525604	22.659600	153.730000	46.140000	1267.254190	4.066093	134.433386	134.433386	134.433386	4.021637	1.446986
-156.525604	23.159600	153.730000	46.140000	1257.590642	4.067474	134.124521	134.124521	134.124521	4.024532	1.490772
-156.525604	23.659600	153.730000	46.140000	1247.922367	4.069093	133.809805	133.809805	133.809805	4.028593	1.535061
-156.525604	24.159600	153.730000	46.140000	1238.396754	4.070474	133.489141	133.489141	133.489141	4.031355	1.579677
-156.525604	24.659600	153.730000	46.140000	1228.870369	4.072093	133.062431	133.062431	133.062431	4.033329	1.524614
-156.525604	25.159600	153.730000	46.140000	1219.602537	4.073093	132.629578	132.629578	132.629578	4.036011	1.470036
-156.525604	25.659600	153.730000	46.140000	1210.293282	4.074474	132.290486	132.290486	132.290486	4.036247	1.515765
-156.525604	26.159600	153.730000	46.140000	1201.171656	4.075474	131.745059	131.745059	131.745059	4.041398	1.361793
-156.525604	26.659600	153.730000	46.140000	1192.125016	4.076474	131.293199	131.293199	131.293199	4.044205	1.308288
-156.025604	14.659600	153.730000	46.140000	1433.365749	4.060093	135.902824	135.902824	135.902824	4.035219	-1.797419
-156.025604	15.159600	153.730000	46.140000	1423.678725	4.059093	135.975543	135.875543	135.975543	4.028701	-1.462451
-156.025604	15.659600	153.730000	46.140000	1413.896103	4.058474	135.843943	135.843943	135.843943	4.029045	-1.327061
-156.025604	16.159600	153.730000	46.140000	1404.071539	4.058093	135.707940	135.707940	135.707940	4.030580	-1.191019
-156.025604	16.659600	153.730000	46.140000	1394.370685	4.057474	135.667450	135.567450	135.667450	4.029235	-0.954525
-156.025604	17.159600	153.730000	46.140000	1384.631091	4.057093	135.522390	135.522390	135.622390	4.031581	-0.817638
-156.025604	17.659600	153.730000	46.140000	1374.806589	4.057093	135.572672	135.472672	135.572672	4.030765	-0.480116
-156.025604	18.159600	153.730000	46.140000	1365.029369	4.057093	135.518210	135.518210	135.618210	4.026749	-0.242166
-156.025604	18.659600	153.730000	46.140000	1355.173128	4.057474	135.558916	135.458916	135.558916	4.024115	0.096148
-156.025604	19.159600	153.730000	46.140000	1345.289667	4.058093	135.594703	135.494703	135.594703	4.021667	0.435082
-156.025604	19.659600	153.730000	46.140000	1335.334398	4.059093	135.525479	135.425479	135.525479	4.019443	0.674419
-156.025604	20.159600	153.730000	46.140000	1325.435891	4.060093	135.351156	135.351156	135.351156	4.018478	0.814092
-156.025604	20.659600	153.730000	46.140000	1315.595325	4.061093	135.271643	135.171643	135.271643	4.017671	1.054371
-156.025604	21.159600	153.730000	46.140000	1305.813906	4.062093	135.086846	135.086846	135.086846	4.017668	1.195029
-156.025604	21.659600	153.730000	46.140000	1295.971198	4.063474	134.896676	134.896676	134.896676	4.018401	1.335996
-156.025604	22.159600	153.730000	46.140000	1286.117017	4.065093	134.701038	134.701038	134.701038	4.019981	1.477554
-156.025604	22.659600	153.730000	46.140000	1276.403252	4.066474	134.399839	134.399839	134.399839	4.022501	1.519469
-156.025604	23.159600	153.730000	46.140000	1266.681771	4.068093	134.092985	134.092985	134.092985	4.025497	1.561665
-156.025604	23.659600	153.730000	46.140000	1257.102136	4.069474	133.780383	133.680383	133.780383	4.029656	1.604439
-156.025604	24.159600	153.730000	46.140000	1247.518641	4.071093	133.361939	133.361939	133.361939	4.032463	1.547548
-156.025604	24.659600	153.730000	46.140000	1238.078558	4.072474	132.937557	132.937557	132.937557	4.035098	1.490910
-156.025604	25.159600	153.730000	46.140000	1228.638573	4.074093	132.607143	132.607143	132.607143	4.036053	1.534838
-156.025604	25.659600	153.730000	46.140000	1219.457845	4.075093	132.170603	132.170603	132.170603	4.037685	1.479080
-156.025604	26.159600	153.730000	46.140000	1210.349864	4.076093	131.727843	131.727843	131.727843	4.039816	1.423548
-156.025604	26.659600	153.730000	46.140000	1201.316166	4.077093	131.278769	131.278769	131.278769	4.042097	1.368568
-155.525604	14.659600	153.730000	46.140000	1442.682742	4.059093	136.052317	136.052317	136.052317	4.035187	-1.500127
-155.525604	15.159600	153.730000	46.140000	1433.019164	4.058093	136.025724	136.025724	136.125724	4.030977	-1.266846
-155.525604	15.659600	153.730000	46.140000	1423.258827	4.057474	135.994879	135.894879	135.994879	4.029145	-1.033091
-155.525604	16.159600	153.730000	46.140000	1413.455714	4.057093	135.859701	135.859701	135.859701	4.030099	-0.898676
-155.525604	16.659600	153.730000	46.140000	1403.562584	4.057093	135.720107	135.720107	135.820107	4.031002	-0.763849
-155.525604	17.159600	153.730000	46.140000	1393.926797	4.056474	135.676016	135.676016	135.776016	4.030694	-0.528572
-155.525604	17.659600	153.730000	46.140000	1383.911850	4.057093	135.627343	135.527343	135.627343	4.030626	-0.292653
-155.525604	18.159600	153.730000	46.140000	1374.156367	4.057093	135.574002	135.574002	135.674002	4.026607	-0.056351
-155.525604	18.659600	153.730000	46.140000	1364.320654	4.057474	135.615910	135.515910	135.715910	4.024473	0.280377
-155.525604	19.159600	153.730000	46.140000	1354.456815	4.058093	135.652978	135.552978	135.652978	4.022035	0.617730
-155.525604	19.659600	153.730000	46.140000	1344.519918	4.059093	135.585120	135.485120	135.585120	4.019719	0.855438
-155.525604	20.159600	153.730000	46.140000	1334.639376	4.060093	135.412248	135.412248	135.512248	4.018396	0.993548
-155.525604	20.659600	153.730000	46.140000	1324.691921	4.061474	135.234273	135.234273	135.234273	4.017800	1.132268
-155.525604	21.159600	153.730000	46.140000	1314.728369	4.063093	135.051105	135.051105	135.151105	4.018017	1.271315
-155.525604	21.659600	153.730000	46.140000	1305.026435	4.064093	134.862655	134.862655	134.862655	4.019310	1.410740
-155.525604	22.159600	153.730000	46.140000	1295.067064	4.066093	134.668831	134.668831	134.668831	4.021136	1.550762
-155.525604	22.659600	153.730000	46.140000	1285.491128	4.067093	134.369543	134.369543	134.369543	4.023725	1.591081
-155.525604	23.159600	153.730000	46.140000	1275.665314	4.069093	134.064700	134.064700	134.064700	4.026891	1.631757
-155.525604	23.659600	153.730000	46.140000	1266.101843	4.070474	133.654210	133.654210	133.654210	4.030653	1.573016
-155.525604	24.159600	153.730000	46.140000	1256.724311	4.071474	133.237980	133.237980	133.237980	4.033735	1.514545
-155.525604	24.659600	153.730000	46.140000	1247.225096	4.073093	132.915919	132.915919	132.915919	4.035288	1.556408
-155.525604	25.159600	153.730000	46.140000	1237.870028	4.074474	132.487935	132.487935	132.487935	4.037745	1.498841
-155.525604	25.659600	153.730000	46.140000	1228.702351	4.075474	132.053935	132.053935	132.053935	4.039401	1.441517
-155.525604	26.159600	153.730000	46.140000	1219.606750	4.076474	131.613829	131.613829	131.613829	4.041261	1.384507
-155.525604	26.659600	153.730000	46.140000	1210.584733	4.077474	131.067524	131.067524	131.067524	4.046973	1.228054
-155.025604	14.659600	153.730000	46.140000	1452.029116	4.058093	136.104807	136.104807	136.104807	4.036742	-1.303703
-155.025604	15.159600	153.730000	46.140000	1442.388441	4.057093	136.178921	136.178921	136.278921	4.031172	-0.972066
-155.025604	15.659600	153.730000	46.140000	1432.431413	4.057093	136.048850	135.948850	136.048850	4.031446	-0.839944
-155.025604	16.159600	153.730000	46.140000	1422.867607	4.056093	136.114514	136.014514	136.114514	4.029542	-0.507204
-155.025604	16.659600	153.730000	46.140000	1412.994156	4.056093	135.975834	135.875834	135.975834	4.031400	-0.373995
-155.025604	17.159600	153.730000	46.140000	1403.165228	4.056093	135.832728	135.732728	135.932728	4.031473	-0.240328
-155.025604	17.659600	153.730000	46.140000	1393.250826	4.056474	135.685113	135.685113	135.785113	4.031490	-0.106064
-155.025604	18.159600	153.730000	46.140000	1383.304057	4.057093	135.732908	135.732908	135.832908	4.027128	0.228643
-155.025604	18.659600	153.730000	46.140000	1373.488250	4.057474	135.776029	135.676029	135.776029	4.025253	0.563784
-155.025604	19.159600	153.730000	46.140000	1363.515236	4.058474	135.714391	135.714391	135.814391	4.023167	0.799502
-155.025604	19.659600	153.730000	46.140000	1353.597037	4.059474	135.647908	135.547908	135.647908	4.021068	1.035638
-155.025604	20.159600	153.730000	46.140000	1343.734772	4.060474	135.476495	135.476495	135.476495	4.019393	1.172184
-155.025604	20.659600	153.730000	46.140000	1333.726466	4.062093	135.300065	135.300065	135.300065	4.018443	1.309286
-155.025604	21.159600	153.730000	46.140000	1323.856773	4.063474	135.118531	135.118531	135.118531	4.018592	1.446783
-155.025604	21.659600	153.730000	46.140000	1313.971783	4.065093	134.931804	134.931804	134.931804	4.020818	1.584666
-155.025604	22.159600	153.730000	46.140000	1304.226567	4.066474	134.639798	134.639798	134.639798	4.022225	1.623087
-155.025604	22.659600	153.730000	46.140000	1294.469678	4.068093	134.342422	134.342422	134.342422	4.025118	1.661878
-155.025604	23.159600	153.730000	46.140000	1284.853848	4.069474	133.939587	133.939587	133.939587	4.028177	1.601034
-155.025604	23.659600	153.730000	46.140000	1275.230063	4.071093	133.631204	133.631204	133.631204	4.032607	1.640707
-155.025604	24.159600	153.730000	46.140000	1265.748750	4.072474	133.217184	133.217184	133.217184	4.034543	1.580730
-155.025604	24.659600	153.730000	46.140000	1256.454053	4.073474	132.797437	132.797437	132.797437	4.036809	1.521094
-155.025604	25.159600	153.730000	46.140000	1247.038575	4.075093	132.471872	132.371872	132.471872	4.037751	1.561957
-155.025604	25.659600	153.730000	46.140000	1237.883798	4.076093	132.040400	132.040400	132.040400	4.038888	1.503147
-155.025604	26.159600	153.730000	46.140000	1228.800418	4.077093	131.502933	131.502933	131.502933	4.043356	1.344658
-155.025604	26.659600	153.730000	46.140000	1219.974954	4.077474	130.859380	130.859380	130.859380	4.052187	1.086648
-154.525604	14.659600	153.730000	46.140000	1461.404180	4.057093	136.360236	136.360236	136.360236	4.035397	-0.908162
-154.525604	15.159600	153.730000	46.140000	1451.649346	4.056474	136.335075	136.335075	136.435075	4.034113	-0.678166
-154.525604	15.659600	153.730000	46.140000	1441.848528	4.056093	136.305795	136.305795	136.305795	4.031427	-0.447724
-154.525604	16.159600	153.730000	46.140000	1431.953412	4.056093	136.172318	136.172318	136.172318	4.032348	-0.316610
-154.525604	16.659600	153.730000	46.140000	1422.101497	4.056093	136.034566	136.034566	136.134566	4.033203	-0.185019
-154.525604	17.159600	153.730000	46.140000	1412.293782	4.056093	135.892459	135.892459	135.992459	4.032839	-0.053011
-154.525604	17.659600	153.730000	46.140000	1402.399397	4.056474	135.845917	135.745917	135.945917	4.032998	0.179651
-154.525604	18.159600	153.730000	46.140000	1392.471754	4.057093	135.894860	135.794860	135.894860	4.028450	0.512765
-154.525604	18.659600	153.730000	46.140000	1382.464490	4.058093	135.839205	135.739205	135.839205	4.025542	0.746267
-154.525604	19.159600	153.730000	46.140000	1372.510550	4.059093	135.778870	135.778870	135.778870	4.023818	0.980406
-154.525604	19.659600	153.730000	46.140000	1362.611011	4.060093	135.613771	135.613771	135.713771	4.022233	1.114973
-154.525604	20.159600	153.730000	46.140000	1352.766977	4.061093	135.443825	135.443825	135.543825	4.020477	1.249898
-154.525604	20.659600	153.730000	46.140000	1342.853470	4.062474	135.268946	135.268946	135.268946	4.019786	1.385445
-154.525604	21.159600	153.730000	46.140000	1332.921899	4.064093	135.089050	135.089050	135.189050	4.020222	1.521395
-154.525604	21.659600	153.730000	46.140000	1323.129543	4.065474	134.904051	134.904051	134.904051	4.021516	1.657676
-154.525604	22.159600	153.730000	46.140000	1313.322664	4.067093	134.613862	134.613862	134.613862	4.024278	1.694563
-154.525604	22.659600	153.730000	46.140000	1303.656186	4.068474	134.318397	134.318397	134.318397	4.027064	1.731830
-154.525604	23.159600	153.730000	46.140000	1293.978815	4.070093	133.917568	133.917568	133.917568	4.030477	1.669400
-154.525604	23.659600	153.730000	46.140000	1284.443152	4.071474	133.511289	133.511289	133.511289	4.034028	1.607562
-154.525604	24.159600	153.730000	46.140000	1274.900317	4.073093	133.099472	133.099472	133.099472	4.036422	1.546082
-154.525604	24.659600	153.730000	46.140000	1265.619116	4.074093	132.682030	132.682030	132.682030	4.038802	1.484877
-154.525604	25.159600	153.730000	46.140000	1256.288215	4.075474	132.358874	132.358874	132.358874	4.039712	1.524249
-154.525604	25.659600	153.730000	46.140000	1247.145095	4.076474	131.829917	131.829917	131.929917	4.042880	1.363957
-154.525604	26.159600	153.730000	46.140000	1238.188530	4.077093	131.295073	131.295073	131.295073	4.048232	1.203914
-154.525604	26.659600	153.730000	46.140000	1229.187434	4.078093	130.854254	130.854254	130.854254	4.050722	1.144435
-154.025604	14.659600	153.730000	46.140000	1470.807260	4.056093	136.618545	136.618545	136.618545	4.033743	-0.513466
-154.025604	15.159600	153.730000	46.140000	1460.850521	4.056093	136.494126	136.394126	136.494126	4.033157	-0.385159
-154.025604	15.659600	153.730000	46.140000	1451.156057	4.055474	136.465652	136.465652	136.565652	4.032459	-0.156350
-154.025604	16.159600	153.730000	46.140000	1441.280709	4.055474	136.333049	136.333049	136.433049	4.034100	-0.026862
-154.025604	16.659600	153.730000	46.140000	1431.229961	4.056093	136.196240	136.096240	136.196240	4.035117	0.103062
-154.025604	17.159600	153.730000	46.140000	1421.442872	4.056093	136.055146	135.955146	136.155146	4.034912	0.233462
-154.025604	17.659600	153.730000	46.140000	1411.567908	4.056474	135.909690	135.909690	136.009690	4.034230	0.364523
-154.025604	18.159600	153.730000	46.140000	1401.658788	4.057093	135.959791	135.859791	136.059791	4.029776	0.695990
-154.025604	18.659600	153.730000	46.140000	1391.668804	4.058093	135.905371	135.905371	136.005371	4.026721	0.927907
-154.025604	19.159600	153.730000	46.140000	1381.731748	4.059093	135.846348	135.746348	135.846348	4.025161	1.160469
-154.025604	19.659600	153.730000	46.140000	1371.719804	4.060474	135.682641	135.682641	135.682641	4.023514	1.293408
-154.025604	20.159600	153.730000	46.140000	1361.685393	4.062093	135.514167	135.514167	135.514167	4.022387	1.426772
-154.025604	20.659600	153.730000	46.140000	1351.916080	4.063093	135.340845	135.340845	135.340845	4.021788	1.560764
-154.025604	21.159600	153.730000	46.140000	1342.078106	4.064474	135.162591	135.162591	135.162591	4.022242	1.695105
-154.025604	21.659600	153.730000	46.140000	1332.222814	4.066093	134.879320	134.879320	134.879320	4.023969	1.729848
-154.025604	22.159600	153.730000	46.140000	1322.306247	4.068093	134.590949	134.590949	134.590949	4.026466	1.765202
-154.025604	22.659600	153.730000	46.140000	1312.778075	4.069093	134.197394	134.197394	134.197394	4.029076	1.700878
-154.025604	23.159600	153.730000	46.140000	1302.991836	4.071093	133.798568	133.798568	133.798568	4.031649	1.636932
-154.025604	23.659600	153.730000	46.140000	1293.591458	4.072093	133.394388	133.394388	133.394388	4.035836	1.573583
-154.025604	24.159600	153.730000	46.140000	1284.135427	4.073474	132.984767	132.984767	132.984767	4.038073	1.510527
-154.025604	24.659600	153.730000	46.140000	1274.866486	4.074474	132.569620	132.569620	132.569620	4.040735	1.447827
-154.025604	25.159600	153.730000	46.140000	1265.664814	4.075474	132.148861	132.148861	132.148861	4.043075	1.385711
-154.025604	25.659600	153.730000	46.140000	1256.531785	4.076474	131.722407	131.722407	131.722407	4.044697	1.323859
-154.025604	26.159600	153.730000	46.140000	1247.468803	4.077474	131.190170	131.190170	131.190170	4.050265	1.162342
-154.025604	26.659600	153.730000	46.140000	1238.477300	4.078474	130.752066	130.752066	130.752066	4.053033	1.101395
-153.525604	14.659600	153.730000	46.140000	1480.098456	4.055474	136.779675	136.779675	136.779675	4.035141	-0.219675
-153.525604	15.159600	153.730000	46.140000	1470.299819	4.055093	136.756013	136.756013	136.856013	4.032322	0.006990
-153.525604	15.659600	153.730000	46.140000	1460.402638	4.055093	136.628362	136.628362	136.728362	4.033681	0.134166
-153.525604	16.159600	153.730000	46.140000	1450.547073	4.055093	136.496648	136.496648	136.596648	4.035088	0.261979
-153.525604	16.659600	153.730000	46.140000	1440.378876	4.056093	136.260794	136.260794	136.360794	4.036509	0.290286
-153.525604	17.159600	153.730000	46.140000	1430.611832	4.056093	136.220726	136.120726	136.220726	4.036302	0.519077
-153.525604	17.659600	153.730000	46.140000	1420.539090	4.057093	136.076366	136.076366	136.076366	4.035842	0.648484
-153.525604	18.159600	153.730000	46.140000	1410.731860	4.057474	136.027637	136.027637	136.127637	4.031752	0.878359
-153.525604	18.659600	153.730000	46.140000	1400.759519	4.058474	135.974460	135.974460	135.974460	4.028649	1.108692
-153.525604	19.159600	153.730000	46.140000	1390.627808	4.060093	135.916757	135.816757	135.916757	4.026549	1.339619
-153.525604	19.659600	153.730000	46.140000	1380.763111	4.061093	135.754449	135.754449	135.754449	4.025736	1.470989
-153.525604	20.159600	153.730000	46.140000	1370.824312	4.062474	135.587454	135.487454	135.587454	4.024631	1.602792
-153.525604	20.659600	153.730000	46.140000	1360.863763	4.064093	135.415692	135.415692	135.415692	4.024180	1.735169
-153.525604	21.159600	153.730000	46.140000	1351.041949	4.065474	135.139081	135.139081	135.139081	4.024554	1.767964
-153.525604	21.659600	153.730000	46.140000	1341.201810	4.067093	134.857541	134.857541	134.857541	4.026610	1.801169
-153.525604	22.159600	153.730000	46.140000	1331.501461	4.068474	134.470988	134.470988	134.470988	4.028720	1.734926
-153.525604	22.659600	153.730000	46.140000	1321.786294	4.070093	134.179339	134.179339	134.179339	4.032223	1.769077
-153.525604	23.159600	153.730000	46.140000	1312.212089	4.071474	133.782513	133.782513	133.782513	4.035239	1.703616
-153.525604	23.659600	153.730000	46.140000	1302.824505	4.072474	133.280425	133.280425	133.280425	4.038321	1.538686
-153.525604	24.159600	153.730000	46.140000	1293.304560	4.074093	132.872992	132.872992	132.872992	4.040727	1.474128
-153.525604	24.659600	153.730000	46.140000	1284.047770	4.075093	132.460131	132.460131	132.460131	4.042757	1.409934
-153.525604	25.159600	153.730000	46.140000	1274.857611	4.076093	132.041758	132.041758	132.041758	4.045559	1.346252
-153.525604	25.659600	153.730000	46.140000	1265.735435	4.077093	131.617791	131.617791	131.617791	4.047104	1.282919
-153.525604	26.159600	153.730000	46.140000	1256.682622	4.078093	131.188145	131.188145	131.188145	4.049648	1.219930
-153.525604	26.659600	153.730000	46.140000	1247.700577	4.079093	130.752738	130.752738	130.752738	4.052267	1.157432
-153.025604	14.659600	153.730000	46.140000	1489.327448	4.055093	136.943569	136.943569	136.943569	4.037618	0.073205
-153.025604	15.159600	153.730000	46.140000	1479.410355	4.055093	136.920680	136.820680	136.920680	4.035709	0.298229
-153.025604	15.659600	153.730000	46.140000	1469.533641	4.055093	136.793865	136.693865	136.793865	4.035266	0.423724
-153.025604	16.159600	153.730000	46.140000	1459.560925	4.055474	136.563052	136.563052	136.663052	4.038117	0.449913
-153.025604	16.659600	153.730000	46.140000	1449.547583	4.056093	136.428167	136.428167	136.428167	4.037894	0.576604
-153.025604	17.159600	153.730000	46.140000	1439.664611	4.056474	136.289136	136.289136	136.389136	4.038398	0.703737
-153.025604	17.659600	153.730000	46.140000	1429.744104	4.057093	136.245883	136.145883	136.245883	4.038161	0.931544
-153.025604	18.159600	153.730000	46.140000	1419.738309	4.058093	136.198332	136.098332	136.198332	4.034406	1.159828
-153.025604	18.659600	153.730000	46.140000	1409.783608	4.059093	136.046408	136.046408	136.146408	4.031230	1.288523
-153.025604	19.159600	153.730000	46.140000	1399.749499	4.060474	135.990032	135.890032	135.990032	4.029688	1.517875
-153.025604	19.659600	153.730000	46.140000	1389.689353	4.062093	135.829128	135.829128	135.829128	4.028950	1.647677
-153.025604	20.159600	153.730000	46.140000	1379.896578	4.063093	135.563616	135.563616	135.563616	4.027278	1.677863
-153.025604	20.659600	153.730000	46.140000	1370.030465	4.064474	135.393417	135.293417	135.393417	4.026918	1.808688
-153.025604	21.159600	153.730000	46.140000	1360.143299	4.066093	135.118453	135.118453	135.118453	4.027608	1.839939
-153.025604	21.659600	153.730000	46.140000	1350.395405	4.067474	134.738642	134.738642	134.738642	4.028880	1.771545
-153.025604	22.159600	153.730000	46.140000	1340.629889	4.069093	134.453905	134.453905	134.453905	4.031896	1.803773
-153.025604	22.659600	153.730000	46.140000	1331.004722	4.070474	134.064161	134.064161	134.064161	4.034689	1.736404
-153.025604	23.159600	153.730000	46.140000	1321.365442	4.072093	133.669329	133.669329	133.669329	4.038125	1.669361
-153.025604	23.659600	153.730000	46.140000	1311.867704	4.073474	133.269327	133.269327	133.269327	4.041088	1.602924
-153.025604	24.159600	153.730000	46.140000	1302.557155	4.074474	132.764074	132.764074	132.864074	4.043231	1.436868
-153.025604	24.659600	153.730000	46.140000	1293.311300	4.075474	132.353488	132.353488	132.353488	4.045458	1.371110
-153.025604	25.159600	153.730000	46.140000	1284.131442	4.076474	131.937489	131.937489	131.937489	4.047663	1.305943
-153.025604	25.659600	153.730000	46.140000	1275.018909	4.077474	131.515994	131.515994	131.515994	4.049629	1.241134
-153.025604	26.159600	153.730000	46.140000	1265.975056	4.078474	131.088923	131.088923	131.088923	4.052213	1.176596
-153.025604	26.659600	153.730000	46.140000	1257.118815	4.079093	130.556194	130.556194	130.556194	4.058365	1.012634
-152.525604	14.659600	153.730000	46.140000	1498.438584	4.055093	137.010170	137.010170	137.110170	4.041544	0.265204
-152.525604	15.159600	153.730000	46.140000	1488.541720	4.055093	136.988068	136.988068	136.988068	4.040000	0.488539
-152.525604	15.659600	153.730000	46.140000	1478.684920	4.055093	136.962103	136.862103	136.962103	4.037320	0.712402
-152.525604	16.159600	153.730000	46.140000	1468.730930	4.055474	136.832204	136.732204	136.832204	4.038913	0.836967
-152.525604	16.659600	153.730000	46.140000	1458.735433	4.056093	136.598299	136.498299	136.598299	4.040502	0.861992
-152.525604	17.159600	153.730000	46.140000	1448.649596	4.057093	136.360315	136.360315	136.460315	4.040016	0.887518
-152.525604	17.659600	153.730000	46.140000	1438.612513	4.058093	136.318178	136.318178	136.318178	4.039089	1.113725
-152.525604	18.159600	153.730000	46.140000	1428.625136	4.059093	136.271815	136.271815	136.271815	4.036318	1.340364
-152.525604	18.659600	153.730000	46.140000	1418.688441	4.060093	136.121150	136.121150	136.121150	4.033623	1.467477
-152.525604	19.159600	153.730000	46.140000	1408.803423	4.061093	135.966108	135.966108	135.966108	4.032484	1.595253
-152.525604	19.659600	153.730000	46.140000	1398.839737	4.062474	135.806612	135.806612	135.806612	4.030781	1.723431
-152.525604	20.159600	153.730000	46.140000	1388.850685	4.064093	135.542587	135.542587	135.542587	4.030299	1.752059
-152.525604	20.659600	153.730000	46.140000	1378.999961	4.065474	135.373954	135.373954	135.373954	4.029651	1.881332
-152.525604	21.159600	153.730000	46.140000	1369.127187	4.067093	135.000636	135.000636	135.000636	4.030130	1.810978
-152.525604	21.659600	153.730000	46.140000	1359.393677	4.068474	134.722555	134.722555	134.722555	4.031574	1.841049
-152.525604	22.159600	153.730000	46.140000	1349.641510	4.070093	134.339633	134.339633	134.339633	4.034351	1.771749
-152.525604	22.659600	153.730000	46.140000	1340.155209	4.071093	133.951789	133.951789	133.951789	4.037532	1.702792
-152.525604	23.159600	153.730000	46.140000	1330.604668	4.072474	133.558945	133.558945	133.558945	4.040777	1.634237
-152.525604	23.659600	153.730000	46.140000	1321.040694	4.074093	133.161022	133.161022	133.161022	4.043931	1.566295
-152.525604	24.159600	153.730000	46.140000	1311.741608	4.075093	132.757939	132.657939	132.757939	4.045639	1.498669
-152.525604	24.659600	153.730000	46.140000	1302.506598	4.076093	132.349619	132.349619	132.349619	4.047320	1.431421
-152.525604	25.159600	153.730000	46.140000	1293.336942	4.077093	131.935979	131.935979	131.935979	4.048745	1.364770
-152.525604	25.659600	153.730000	46.140000	1284.233948	4.078093	131.516942	131.516942	131.516942	4.050493	1.298408
-152.525604	26.159600	153.730000	46.140000	1275.392343	4.078474	130.892428	130.892428	130.892428	4.058409	1.032402
-152.525604	26.659600	153.730000	46.140000	1266.425286	4.079474	130.562358	130.562358	130.562358	4.058472	1.066978
-152.025604	14.659600	153.730000	46.140000	1507.570445	4.055093	137.179423	137.179423	137.179423	4.042383	0.556262
-152.025604	15.159600	153.730000	46.140000	1497.693267	4.055093	137.158121	137.158121	137.158121	4.039479	0.777956
-152.025604	15.659600	153.730000	46.140000	1487.855831	4.055093	137.133017	137.033017	137.133017	4.039114	1.000187
-152.025604	16.159600	153.730000	46.140000	1477.694630	4.056093	136.904044	136.804044	136.904044	4.041732	1.023077
-152.025604	16.659600	153.730000	46.140000	1467.803751	4.056474	136.671129	136.671129	136.771129	4.042876	1.046487
-152.025604	17.159600	153.730000	46.140000	1457.734946	4.057474	136.534202	136.434202	136.534202	4.042406	1.170406
-152.025604	17.659600	153.730000	46.140000	1447.850596	4.058093	136.393190	136.393190	136.393190	4.041097	1.294961
-152.025604	18.159600	153.730000	46.140000	1437.743388	4.059474	136.348022	136.248022	136.348022	4.038525	1.520009
-152.025604	18.659600	153.730000	46.140000	1427.822537	4.060474	136.198623	136.098623	136.198623	4.036285	1.645541
-152.025604	19.159600	153.730000	46.140000	1417.737024	4.062093	136.044920	136.044920	136.044920	4.035069	1.771685
-152.025604	19.659600	153.730000	46.140000	1407.789058	4.063474	135.786838	135.786838	135.786838	4.033794	1.798297
-152.025604	20.159600	153.730000	46.140000	1397.814758	4.065093	135.524302	135.524302	135.524302	4.033059	1.825367
-152.025604	20.659600	153.730000	46.140000	1388.109018	4.066093	135.257236	135.257236	135.257236	4.032743	1.853028
-152.025604	21.159600	153.730000	46.140000	1378.329372	4.067474	134.985565	134.985565	134.985565	4.033481	1.881131
-152.025604	21.659600	153.730000	46.140000	1368.528331	4.069093	134.609213	134.609213	134.609213	4.035141	1.809669
-152.025604	22.159600	153.730000	46.140000	1358.867060	4.070474	134.228101	134.228101	134.228101	4.037498	1.738774
-152.025604	22.659600	153.730000	46.140000	1349.187790	4.072093	133.842153	133.842153	133.842153	4.040505	1.668299
-152.025604	23.159600	153.730000	46.140000	1339.774817	4.073093	133.451292	133.451292	133.451292	4.043492	1.598233
-152.025604	23.659600	153.730000	46.140000	1330.298309	4.074474	133.055440	133.055440	133.055440	4.046762	1.528715
-152.025604	24.159600	153.730000	46.140000	1321.009489	4.075474	132.654519	132.654519	132.654519	4.048079	1.459591
-152.025604	24.659600	153.730000	46.140000	1311.784128	4.076474	132.248451	132.248451	132.248451	4.049429	1.390855
-152.025604	25.159600	153.730000	46.140000	1302.623482	4.077474	131.837158	131.837158	131.837158	4.051518	1.322645
-152.025604	25.659600	153.730000	46.140000	1293.528837	4.078474	131.420564	131.420564	131.420564	4.053392	1.254807
-152.025604	26.159600	153.730000	46.140000	1284.621623	4.079093	130.898589	130.898589	130.898589	4.058436	1.087334
-152.025604	26.659600	153.730000	46.140000	1275.662065	4.080093	130.571158	130.571158	130.571158	4.058861	1.120366
-151.525604	14.659600	153.730000	46.140000	1516.722390	4.055093	137.251272	137.251272	137.351272	4.041636	0.746378
-151.525604	15.159600	153.730000	46.140000	1506.864358	4.055093	137.330782	137.330782	137.330782	4.037513	1.066432
-151.525604	15.659600	153.730000	46.140000	1496.676656	4.056093	137.006552	137.006552	137.006552	4.043231	0.986984
-151.525604	16.159600	153.730000	46.140000	1486.900749	4.056093	136.978514	136.878514	136.978514	4.042233	1.208250
-151.525604	16.659600	153.730000	46.140000	1476.801941	4.057093	136.746600	136.646600	136.746600	4.042779	1.230046
-151.525604	17.159600	153.730000	46.140000	1466.750204	4.058093	136.610738	136.510738	136.610738	4.042119	1.352308
-151.525604	17.659600	153.730000	46.140000	1456.746447	4.059093	136.470859	136.370859	136.470859	4.041235	1.475265
-151.525604	18.159600	153.730000	46.140000	1446.791597	4.060093	136.326892	136.226892	136.326892	4.038706	1.598725
-151.525604	18.659600	153.730000	46.140000	1436.751646	4.061474	136.178765	136.178765	136.178765	4.037185	1.722621
-151.525604	19.159600	153.730000	46.140000	1426.681205	4.063093	136.026405	136.026405	136.026405	4.035980	1.847193
-151.525604	19.659600	153.730000	46.140000	1416.881335	4.064093	135.769740	135.769740	135.769740	4.035216	1.872241
-151.525604	20.159600	153.730000	46.140000	1407.002237	4.065474	135.508696	135.508696	135.508696	4.034977	1.897697
-151.525604	20.659600	153.730000	46.140000	1397.097435	4.067093	135.243199	135.243199	135.243199	4.035152	1.923809
-151.525604	21.159600	153.730000	46.140000	1387.331449	4.068474	134.873174	134.873174	134.873174	4.035416	1.850372
-151.525604	21.659600	153.730000	46.140000	1377.543045	4.070093	134.598547	134.598547	134.598547	4.037771	1.877315
-151.525604	22.159600	153.730000	46.140000	1368.022551	4.071093	134.219244	134.119244	134.219244	4.040296	1.804896
-151.525604	22.659600	153.730000	46.140000	1358.432946	4.072474	133.735187	133.735187	133.735187	4.042160	1.632904
-151.525604	23.159600	153.730000	46.140000	1348.825977	4.074093	133.346302	133.346302	133.346302	4.045530	1.561262
-151.525604	23.659600	153.730000	46.140000	1339.485732	4.075093	132.952512	132.952512	132.952512	4.048603	1.490242
-151.525604	24.159600	153.730000	46.140000	1330.207110	4.076093	132.553742	132.553742	132.553742	4.049985	1.419625
-151.525604	24.659600	153.730000	46.140000	1320.991322	4.077093	132.149915	132.149915	132.149915	4.051689	1.349330
-151.525604	25.159600	153.730000	46.140000	1311.839607	4.078093	131.740956	131.740956	131.740956	4.053445	1.279641
-151.525604	25.659600	153.730000	46.140000	1302.753226	4.079093	131.426788	131.426788	131.426788	4.054002	1.310332
-151.525604	26.159600	153.730000	46.140000	1293.929625	4.079474	130.807335	130.807335	130.807335	4.060364	1.041318
-151.525604	26.659600	153.730000	46.140000	1284.976394	4.080474	130.482523	130.482523	130.482523	4.061723	1.072893
-151.025604	14.659600	153.730000	46.140000	1525.893792	4.055093	137.425664	137.425664	137.425664	4.038438	1.035578
-151.025604	15.159600	153.730000	46.140000	1515.911769	4.055474	137.305996	137.305996	137.305996	4.038921	1.153944
-151.025604	15.659600	153.730000	46.140000	1505.882673	4.056093	137.082650	137.082650	137.182650	4.042625	1.172864
-151.025604	16.159600	153.730000	46.140000	1495.755925	4.057093	136.855558	136.855558	136.855558	4.043379	1.192508
-151.025604	16.659600	153.730000	46.140000	1485.674984	4.058093	136.724653	136.724653	136.724653	4.043414	1.312638
-151.025604	17.159600	153.730000	46.140000	1475.640725	4.059093	136.589865	136.589865	136.589865	4.042180	1.433296
-151.025604	17.659600	153.730000	46.140000	1465.654045	4.060093	136.451126	136.451126	136.451126	4.041810	1.554656
-151.025604	18.159600	153.730000	46.140000	1455.715857	4.061093	136.308366	136.308366	136.308366	4.039786	1.676472
-151.025604	18.659600	153.730000	46.140000	1445.691333	4.062474	136.161516	136.161516	136.161516	4.038646	1.798789
-151.025604	19.159600	153.730000	46.140000	1435.853905	4.063474	135.910503	135.910503	135.910503	4.037216	1.821789
-151.025604	19.659600	153.730000	46.140000	1425.850834	4.065093	135.755257	135.755257	135.755257	4.037664	1.945215
-151.025604	20.159600	153.730000	46.140000	1415.985786	4.066474	135.495706	135.495706	135.495706	4.037166	1.969116
-151.025604	20.659600	153.730000	46.140000	1406.094039	4.068093	135.131777	135.131777	135.131777	4.036718	1.893681
-151.025604	21.159600	153.730000	46.140000	1396.472007	4.069093	134.763398	134.763398	134.763398	4.036786	1.818643
-151.025604	21.659600	153.730000	46.140000	1386.775427	4.070474	134.490495	134.490495	134.490495	4.039428	1.844054
-151.025604	22.159600	153.730000	46.140000	1377.057041	4.072093	134.112995	134.112995	134.112995	4.041906	1.770111
-151.025604	22.659600	153.730000	46.140000	1367.606943	4.073093	133.730823	133.730823	133.730823	4.044705	1.696537
-151.025604	23.159600	153.730000	46.140000	1358.088397	4.074474	133.343907	133.243907	133.343907	4.047956	1.623388
-151.025604	23.659600	153.730000	46.140000	1348.757772	4.075474	132.852171	132.852171	132.852171	4.049777	1.450867
-151.025604	24.159600	153.730000	46.140000	1339.488168	4.076474	132.455541	132.455541	132.455541	4.051548	1.378686
-151.025604	24.659600	153.730000	46.140000	1330.280779	4.077474	132.053943	132.053943	132.053943	4.053015	1.306907
-151.025604	25.159600	153.730000	46.140000	1321.136820	4.078474	131.747303	131.747303	131.747303	4.054569	1.335740
-151.025604	25.659600	153.730000	46.140000	1312.180232	4.079093	131.235545	131.235545	131.235545	4.057351	1.164884
-151.025604	26.159600	153.730000	46.140000	1303.166009	4.080093	130.818596	130.818596	130.818596	4.060041	1.094408
-151.025604	26.659600	153.730000	46.140000	1294.219020	4.081093	130.496382	130.496382	130.496382	4.061446	1.124527
-150.525604	14.659600	153.730000	46.140000	1535.084030	4.055093	137.602543	137.602543	137.602543	4.037084	1.323800
-150.525604	15.159600	153.730000	46.140000	1524.886643	4.056093	137.283710	137.283710	137.283710	4.042019	1.240526
-150.525604	15.659600	153.730000	46.140000	1514.733005	4.057093	137.061257	137.061257	137.061257	4.042416	1.257816
-150.525604	16.159600	153.730000	46.140000	1504.853316	4.057474	136.835120	136.835120	136.935120	4.043592	1.275786
-150.525604	16.659600	153.730000	46.140000	1494.788091	4.058474	136.705231	136.705231	136.705231	4.043000	1.394302
-150.525604	17.159600	153.730000	46.140000	1484.769162	4.059474	136.471524	136.471524	136.471524	4.041644	1.413356
-150.525604	17.659600	153.730000	46.140000	1474.572787	4.061093	136.433932	136.433932	136.433932	4.041873	1.633065
-150.525604	18.159600	153.730000	46.140000	1464.650684	4.062093	136.292385	136.292385	136.292385	4.040287	1.753293
-150.525604	18.659600	153.730000	46.140000	1454.777574	4.063093	136.046815	136.046815	136.046815	4.038556	1.774032
-150.525604	19.159600	153.730000	46.140000	1444.818784	4.064474	135.897152	135.897152	135.897152	4.038677	1.895402
-150.525604	19.659600	153.730000	46.140000	1434.829145	4.066093	135.643328	135.643328	135.643328	4.038406	1.917266
-150.525604	20.159600	153.730000	46.140000	1424.977553	4.067474	135.385270	135.385270	135.385270	4.038408	1.939613
-150.525604	20.659600	153.730000	46.140000	1415.313406	4.068474	135.022909	135.022909	135.022909	4.038180	1.862569
-150.525604	21.159600	153.730000	46.140000	1405.489501	4.070093	134.756173	134.756173	134.756173	4.040037	1.885992
-150.525604	21.659600	153.730000	46.140000	1395.804851	4.071474	134.384990	134.384990	134.384990	4.040952	1.809874
-150.525604	22.159600	153.730000	46.140000	1386.307871	4.072474	134.009289	134.009289	134.009289	4.043371	1.734343
-150.525604	22.659600	153.730000	46.140000	1376.658893	4.074093	133.628997	133.628997	133.628997	4.046461	1.659253
-150.525604	23.159600	153.730000	46.140000	1367.278576	4.075093	133.244042	133.244042	133.244042	4.049239	1.584599
-150.525604	23.659600	153.730000	46.140000	1357.957523	4.076093	132.854351	132.854351	132.854351	4.052756	1.510507
-150.525604	24.159600	153.730000	46.140000	1348.696886	4.077093	132.459850	132.459850	132.459850	4.053700	1.436835
-150.525604	24.659600	153.730000	46.140000	1339.497837	4.078093	132.060469	132.060469	132.060469	4.054929	1.363573
-150.525604	25.159600	153.730000	46.140000	1330.361573	4.079093	131.656132	131.656132	131.656132	4.055975	1.290853
-150.525604	25.659600	153.730000	46.140000	1321.489651	4.079474	131.146768	131.146768	131.146768	4.058089	1.118528
-150.525604	26.159600	153.730000	46.140000	1312.481226	4.080474	130.832305	130.832305	130.832305	4.060041	1.146591
-150.525604	26.659600	153.730000	46.140000	1303.539328	4.081474	130.412669	130.412669	130.412669	4.062699	1.075174
-150.025604	14.659600	153.730000	46.140000	1543.911764	4.056093	137.381858	137.381858	137.381858	4.043580	1.211050
-150.025604	15.159600	153.730000	46.140000	1533.966120	4.056474	137.263868	137.263868	137.263868	4.043126	1.326136
-150.025604	15.659600	153.730000	46.140000	1523.828391	4.057474	137.042318	136.942318	137.042318	4.043006	1.341747
-150.025604	16.159600	153.730000	46.140000	1513.734871	4.058474	136.817144	136.817144	136.817144	4.042595	1.358096
-150.025604	16.659600	153.730000	46.140000	1503.686397	4.059474	136.688280	136.688280	136.688280	4.042194	1.475000
-150.025604	17.159600	153.730000	46.140000	1493.683820	4.060474	136.555660	136.455660	136.555660	4.042881	1.592398
-150.025604	17.659600	153.730000	46.140000	1483.728012	4.061474	136.319219	136.319219	136.319219	4.039588	1.610512
-150.025604	18.159600	153.730000	46.140000	1473.595495	4.063093	136.278889	136.278889	136.278889	4.041691	1.829155
-150.025604	18.659600	153.730000	46.140000	1463.737464	4.064093	136.034603	136.034603	136.034603	4.039837	1.848260
-150.025604	19.159600	153.730000	46.140000	1453.792493	4.065474	135.886294	135.886294	135.886294	4.041304	1.968061
-150.025604	19.659600	153.730000	46.140000	1443.815703	4.067093	135.633892	135.633892	135.633892	4.041470	1.988365
-150.025604	20.159600	153.730000	46.140000	1434.111443	4.068093	135.277328	135.277328	135.277328	4.039436	1.909100
-150.025604	20.659600	153.730000	46.140000	1424.326019	4.069474	135.016533	135.016533	135.016533	4.041484	1.930512
-150.025604	21.159600	153.730000	46.140000	1414.513471	4.071093	134.751438	134.751438	134.751438	4.044769	1.952400
-150.025604	21.659600	153.730000	46.140000	1404.971756	4.072093	134.381972	134.381972	134.381972	4.045298	1.874692
-150.025604	22.159600	153.730000	46.140000	1395.485462	4.073093	133.908065	133.908065	133.908065	4.044663	1.697640
-150.025604	22.659600	153.730000	46.140000	1385.925891	4.074474	133.529645	133.529645	133.529645	4.047721	1.621039
-150.025604	23.159600	153.730000	46.140000	1376.554569	4.075474	133.146643	133.146643	133.146643	4.050375	1.544814
-150.025604	23.659600	153.730000	46.140000	1367.241926	4.076474	132.758986	132.758986	132.758986	4.053386	1.469226
-150.025604	24.159600	153.730000	46.140000	1357.989094	4.077474	132.366604	132.366604	132.366604	4.054636	1.394066
-150.025604	24.659600	153.730000	46.140000	1348.797228	4.078474	131.969425	131.969425	131.969425	4.055642	1.319252
-150.025604	25.159600	153.730000	46.140000	1339.667504	4.079474	131.667378	131.667378	131.667378	4.057993	1.345059
-150.025604	25.659600	153.730000	46.140000	1330.725523	4.080093	131.160392	131.160392	131.160392	4.058657	1.171269
-150.025604	26.159600	153.730000	46.140000	1321.722833	4.081093	130.848395	130.848395	130.848395	4.060041	1.197798
-150.025604	26.659600	153.730000	46.140000	1312.785961	4.082093	130.431317	130.431317	130.431317	4.062319	1.124931
-149.525604	14.659600	153.730000	46.140000	1552.989535	4.056474	137.363556	137.363556	137.363556	4.044153	1.297346
-149.525604	15.159600	153.730000	46.140000	1542.970816	4.057093	137.146419	137.146419	137.146419	4.043271	1.310744
-149.525604	15.659600	153.730000	46.140000	1532.849072	4.058093	136.925779	136.925779	136.925779	4.043279	1.324726
-149.525604	16.159600	153.730000	46.140000	1522.771161	4.059093	136.801575	136.801575	136.801575	4.042608	1.439453
-149.525604	16.659600	153.730000	46.140000	1512.737908	4.060093	136.573742	136.573742	136.573742	4.040557	1.454694
-149.525604	17.159600	153.730000	46.140000	1502.609015	4.061474	136.542216	136.542216	136.542216	4.042861	1.670490
-149.525604	17.659600	153.730000	46.140000	1492.668587	4.062474	136.406931	136.406931	136.406931	4.043199	1.787009
-149.525604	18.159600	153.730000	46.140000	1482.549715	4.064093	136.267822	136.267822	136.267822	4.043334	1.904012
-149.525604	18.659600	153.730000	46.140000	1472.706193	4.065093	136.024824	136.024824	136.024824	4.041848	1.921541
-149.525604	19.159600	153.730000	46.140000	1462.774468	4.066474	135.877868	135.877868	135.877868	4.044401	2.039773
-149.525604	19.659600	153.730000	46.140000	1452.809949	4.068093	135.726889	135.726889	135.726889	4.047723	2.158458
-149.525604	20.159600	153.730000	46.140000	1443.118791	4.069093	135.271819	135.271819	135.271819	4.043109	1.977643
-149.525604	20.659600	153.730000	46.140000	1433.345160	4.070474	135.012589	135.012589	135.012589	4.045205	1.997511
-149.525604	21.159600	153.730000	46.140000	1423.759649	4.071474	134.649132	134.649132	134.649132	4.046050	1.917802
-149.525604	21.659600	153.730000	46.140000	1414.013230	4.073093	134.381378	134.381378	134.381378	4.049908	1.938567
-149.525604	22.159600	153.730000	46.140000	1404.537952	4.074093	133.909259	133.909259	133.909259	4.048781	1.759997
-149.525604	22.659600	153.730000	46.140000	1395.118601	4.075093	133.532705	133.532705	133.532705	4.051678	1.681819
-149.525604	23.159600	153.730000	46.140000	1385.756247	4.076093	133.151647	133.151647	133.151647	4.054502	1.604091
-149.525604	23.659600	153.730000	46.140000	1376.451982	4.077093	132.666015	132.666015	132.666015	4.053739	1.427009
-149.525604	24.159600	153.730000	46.140000	1367.206920	4.078093	132.375739	132.375739	132.375739	4.057970	1.450291
-149.525604	24.659600	153.730000	46.140000	1358.022195	4.079093	131.980750	131.980750	131.980750	4.058327	1.373998
-149.525604	25.159600	153.730000	46.140000	1348.898965	4.080093	131.580977	131.580977	131.580977	4.058770	1.298333
-149.525604	25.659600	153.730000	46.140000	1340.041510	4.080474	131.076351	131.076351	131.076351	4.059110	1.123004
-149.525604	26.159600	153.730000	46.140000	1331.043419	4.081474	130.766802	130.766802	130.766802	4.061434	1.148077
-149.525604	26.659600	153.730000	46.140000	1322.110440	4.082474	130.452262	130.452262	130.452262	4.063356	1.173761
-149.025604	14.659600	153.730000	46.140000	1561.991352	4.057093	137.247585	137.247585	137.347585	4.043043	1.282627
-149.025604	15.159600	153.730000	46.140000	1551.843390	4.058093	137.131309	137.131309	137.131309	4.042449	1.394387
-149.025604	15.659600	153.730000	46.140000	1541.738080	4.059093	137.011588	137.011588	137.011588	4.043990	1.506739
-149.025604	16.159600	153.730000	46.140000	1531.676219	4.060093	136.788361	136.788361	136.888361	4.042250	1.519795
-149.025604	16.659600	153.730000	46.140000	1521.658620	4.061093	136.661565	136.661565	136.661565	4.043350	1.633424
-149.025604	17.159600	153.730000	46.140000	1511.544168	4.062474	136.631136	136.631136	136.631136	4.047746	1.847618
-149.025604	17.659600	153.730000	46.140000	1501.618566	4.063474	136.397012	136.397012	136.397012	4.045592	1.862489
-149.025604	18.159600	153.730000	46.140000	1491.512778	4.065093	136.359128	136.359128	136.359128	4.049772	2.077906
-149.025604	18.659600	153.730000	46.140000	1481.683202	4.066093	136.017418	136.017418	136.017418	4.044720	1.993860
-149.025604	19.159600	153.730000	46.140000	1471.764156	4.067474	135.871819	135.871819	135.871819	4.047966	2.110467
-149.025604	19.659600	153.730000	46.140000	1462.033583	4.068474	135.522263	135.522263	135.522263	4.045228	2.027592
-149.025604	20.159600	153.730000	46.140000	1452.132710	4.070093	135.368685	135.268685	135.368685	4.051527	2.145228
-149.025604	20.659600	153.730000	46.140000	1442.505444	4.071093	134.911018	134.911018	134.911018	4.046785	1.963492
-149.025604	21.159600	153.730000	46.140000	1432.796296	4.072474	134.649195	134.649195	134.649195	4.051252	1.982248
-149.025604	21.659600	153.730000	46.140000	1423.275624	4.073474	134.183148	134.183148	134.283148	4.048040	1.801489
-149.025604	22.159600	153.730000	46.140000	1413.809291	4.074474	133.812811	133.812811	133.812811	4.050177	1.721335
-149.025604	22.659600	153.730000	46.140000	1404.398330	4.075474	133.438115	133.438115	133.438115	4.052690	1.641647
-149.025604	23.159600	153.730000	46.140000	1395.043796	4.076474	132.958992	132.958992	132.958992	4.051429	1.462419
-149.025604	23.659600	153.730000	46.140000	1385.746763	4.077474	132.575374	132.575374	132.575374	4.053962	1.383773
-149.025604	24.159600	153.730000	46.140000	1376.508326	4.078474	132.287193	132.287193	132.287193	4.058670	1.405569
-149.025604	24.659600	153.730000	46.140000	1367.329603	4.079474	131.894379	131.894379	131.894379	4.059025	1.327800
-149.025604	25.159600	153.730000	46.140000	1358.211731	4.080474	131.596865	131.596865	131.596865	4.061515	1.350589
-149.025604	25.659600	153.730000	46.140000	1349.155872	4.081474	131.194583	131.194583	131.194583	4.061684	1.273798
-149.025604	26.159600	153.730000	46.140000	1340.288440	4.082093	130.787463	130.787463	130.787463	4.062566	1.197417
-149.025604	26.659600	153.730000	46.140000	1331.359308	4.083093	130.475439	130.475439	130.475439	4.064859	1.221573
-162.025604	19.986300	153.730000	46.140000	1218.468186	4.065474	135.062819	135.062819	135.162819	4.047698	-1.352962
-161.367599	17.746901	153.730000	46.140000	1273.718645	4.068474	135.261638	135.261638	135.261638	4.050613	-2.416635
-161.314896	21.956301	153.730000	46.140000	1193.665748	4.063093	134.798277	134.798277	134.798277	4.032406	0.043262
-161.095001	23.997200	153.730000	46.140000	1158.466702	4.065474	134.134918	134.034918	134.134918	4.030606	1.024282
-160.047501	19.823400	153.730000	46.140000	1258.084951	4.062093	134.832696	134.732696	134.832696	4.035901	-1.037977
-159.664993	22.122999	153.730000	46.140000	1220.661332	4.062474	134.487456	134.487456	134.487456	4.022584	0.342543
-159.401001	21.971001	153.730000	46.140000	1228.478484	4.062093	134.500108	134.500108	134.600108	4.022256	0.318220
-158.982498	15.574000	153.730000	46.140000	1360.177217	4.066474	135.540017	135.540017	135.540017	4.043098	-2.607599
-158.933105	24.573799	153.730000	46.140000	1186.787179	4.068474	133.349026	133.349026	133.349026	4.029614	1.245361
-158.903000	21.298401	153.730000	46.140000	1250.670053	4.061093	134.621685	134.621685	134.721685	4.022869	0.100201
-158.760193	18.564699	153.730000	46.140000	1306.430743	4.060474	134.928993	134.928993	135.028993	4.030453	-1.362402
-158.185394	22.620199	153.730000	46.140000	1237.949453	4.064093	134.437283	134.437283	134.437283	4.020524	1.040330
-158.179504	20.377800	153.730000	46.140000	1281.812826	4.060093	134.968321	134.968321	135.068321	4.020211	0.018749
-157.931000	21.646000	153.730000	46.140000	1261.552555	4.062093	134.694665	134.694665	134.794665	4.019490	0.672084
-157.859100	14.659600	153.730000	46.140000	1399.004363	4.065093	135.681464	135.681464	135.781464	4.044396	-2.594472
-157.700806	16.348400	153.730000	46.140000	1369.184133	4.061093	135.365957	135.365957	135.365957	4.034173	-1.925992
-157.627594	20.346100	153.730000	46.140000	1292.496943	4.060093	135.099489	135.099489	135.099489	4.018702	0.277813
-157.270004	21.108999	153.730000	46.140000	1284.175415	4.061093	134.935285	134.935285	135.035285	4.019095	0.712729
-157.227295	18.984800	153.730000	46.140000	1326.612276	4.058474	135.233526	135.133526	135.233526	4.023579	-0.350664
-156.964600	24.312099	153.730000	46.140000	1227.464880	4.070474	133.406346	133.406346	133.406346	4.031408	1.523731
-156.932007	19.832701	153.730000	46.140000	1315.399867	4.059093	135.267507	135.167507	135.267507	4.019963	0.295954
-156.808197	18.404200	153.730000	46.140000	1345.672924	4.058093	135.294923	135.294923	135.394923	4.025745	-0.530018
-156.755997	21.136000	153.730000	46.140000	1292.994063	4.061474	135.052337	135.052337	135.052337	4.018154	0.973806
-156.658005	20.891001	153.730000	46.140000	1299.561946	4.061093	135.104836	135.104836	135.204836	4.018842	0.887681
-156.510101	19.477699	153.730000	46.140000	1330.157644	4.058474	135.427031	135.327031	135.427031	4.019309	0.340528
-156.465103	18.775000	153.730000	46.140000	1344.701979	4.058093	135.444002	135.444002	135.544002	4.023574	-0.063827
-156.387695	17.614901	153.730000	46.140000	1368.975539	4.057474	135.437609	135.337609	135.437609	4.029398	-0.739941
-156.206604	16.162001	153.730000	46.140000	1400.758631	4.058093	135.668861	135.568861	135.668861	4.029982	-1.280629
-156.167007	18.301001	153.730000	46.140000	1359.694008	4.057093	135.514920	135.414920	135.614920	4.026484	-0.199080
-155.996994	20.771000	153.730000	46.140000	1314.010313	4.061093	135.238998	135.138998	135.238998	4.018203	1.100343
-155.772995	19.079000	153.730000	46.140000	1351.473412	4.058093	135.646200	135.546200	135.646200	4.021608	0.500907
-155.765305	26.776699	153.730000	46.140000	1204.052167	4.077474	131.035116	131.035116	131.035116	4.046004	1.254913
-155.714996	18.000299	153.730000	46.140000	1373.802275	4.057093	135.586977	135.586977	135.686977	4.027901	-0.185306
-155.710999	20.046000	153.730000	46.140000	1333.391376	4.060093	135.482626	135.482626	135.482626	4.017899	0.949149
-155.679398	21.205500	153.730000	46.140000	1311.021707	4.063093	135.140127	135.040127	135.140127	4.018269	1.356173
-155.636200	22.299900	153.730000	46.140000	1290.410781	4.066093	134.624494	134.624494	134.624494	4.021598	1.578362
-154.994400	21.507000	153.730000	46.140000	1317.600909	4.064474	134.954091	134.954091	134.954091	4.019273	1.513701
-154.983002	19.601000	153.730000	46.140000	1355.502290	4.059474	135.665710	135.565710	135.665710	4.020769	1.027531
-154.797394	18.803101	153.730000	46.140000	1374.701206	4.058093	135.744445	135.744445	135.844445	4.025180	0.671522
-154.691299	17.180099	153.730000	46.140000	1408.864940	4.056093	135.919795	135.819795	135.919795	4.032734	-0.056120
-154.617798	20.088900	153.730000	46.140000	1352.404392	4.061093	135.490162	135.490162	135.590162	4.020295	1.232727
-154.495895	18.401699	153.730000	46.140000	1388.200664	4.057474	135.848913	135.848913	135.948913	4.025846	0.613268
-154.482803	21.001900	153.730000	46.140000	1336.876818	4.063474	135.204288	135.204288	135.204288	4.019866	1.545241
-154.393997	19.262501	153.730000	46.140000	1372.964664	4.059093	135.769483	135.669483	135.769483	4.022922	1.062039
-154.251801	21.168699	153.730000	46.140000	1337.707096	4.064474	135.146385	135.146385	135.146385	4.021840	1.639818
-154.030502	17.988400	153.730000	46.140000	1404.882729	4.057093	135.918593	135.918593	136.018593	4.030983	0.556751
-153.992294	18.797600	153.730000	46.140000	1389.498884	4.058474	135.950370	135.850370	135.950370	4.026241	1.060366
-153.982697	21.519699	153.730000	46.140000	1335.623271	4.066093	134.978699	134.978699	134.978699	4.023586	1.747911
-153.967499	14.731300	153.730000	46.140000	1470.429690	4.056093	136.606796	136.506796	136.606796	4.033694	-0.473692
-153.902405	19.979099	153.730000	46.140000	1367.593376	4.061474	135.578296	135.578296	135.578296	4.023115	1.407276
-153.868195	17.315399	153.730000	46.140000	1421.288763	4.056093	135.979847	135.979847	136.079847	4.035229	0.281698
-153.700806	17.297501	153.730000	46.140000	1424.708895	4.056093	136.150396	136.050396	136.150396	4.036673	0.482375
-153.503204	19.495199	153.730000	46.140000	1384.514111	4.060474	135.787834	135.787834	135.787834	4.025585	1.411944
-153.295898	18.800900	153.730000	46.140000	1402.079191	4.059093	135.948741	135.948741	136.048741	4.029238	1.213642
-153.292099	20.892599	153.730000	46.140000	1360.502266	4.065093	135.296993	135.296993	135.296993	4.025539	1.804431
-153.290604	17.906200	153.730000	46.140000	1419.956797	4.057474	136.153195	136.153195	136.153195	4.034189	0.915206
-152.981201	18.301800	153.730000	46.140000	1417.688218	4.058474	136.132295	136.132295	136.232295	4.033772	1.182707
-152.765793	25.592800	153.730000	46.140000	1281.078473	4.077474	131.578119	131.578119	131.578119	4.049747	1.285241
-152.132401	18.481400	153.730000	46.140000	1429.381645	4.060093	136.249400	136.249400	136.249400	4.036813	1.576389
-151.686600	14.689100	153.730000	46.140000	1513.190318	4.055093	137.264132	137.264132	137.264132	4.039660	0.735668
-151.637604	16.737801	153.730000	46.140000	1473.215708	4.057093	136.673524	136.573524	136.673524	4.043511	1.173202
-150.914993	18.914200	153.730000	46.140000	1442.696260	4.063093	136.040576	136.040576	136.040576	4.037745	1.836693
-149.000900	16.989000	153.730000	46.140000	1515.416254	4.062093	136.658142	136.658142	136.658142	4.046905	1.795010
