-162.0256040	14.6596000	153.7300000	46.1400000	1322.4977781	4.0770927
-162.0256040	15.1596000	153.7300000	46.1400000	1312.3755137	4.0764742
-162.0256040	15.6596000	153.7300000	46.1400000	1302.4164001	4.0754742
-162.0256040	16.1596000	153.7300000	46.1400000	1292.4978754	4.0744742
-162.0256040	16.6596000	153.7300000	46.1400000	1282.7412553	4.0730927
-162.0256040	17.1596000	153.7300000	46.1400000	1272.9066309	4.0720927
-162.0256040	17.6596000	153.7300000	46.1400000	1263.3082208	4.0704742
-162.0256040	18.1596000	153.7300000	46.1400000	1253.5620056	4.0694742
-162.0256040	18.6596000	153.7300000	46.1400000	1243.8626976	4.0684742
-162.0256040	19.1596000	153.7300000	46.1400000	1234.2116649	4.0674742
-162.0256040	19.6596000	153.7300000	46.1400000	1224.6103135	4.0664742
-162.0256040	20.1596000	153.7300000	46.1400000	1215.0600875	4.0654742
-162.0256040	20.6596000	153.7300000	46.1400000	1205.5624710	4.0644742
-162.0256040	21.1596000	153.7300000	46.1400000	1195.9369428	4.0640927
-162.0256040	21.6596000	153.7300000	46.1400000	1186.2585837	4.0640927
-162.0256040	22.1596000	153.7300000	46.1400000	1176.6421143	4.0640927
-162.0256040	22.6596000	153.7300000	46.1400000	1167.0891421	4.0640927
-162.0256040	23.1596000	153.7300000	46.1400000	1157.4926733	4.0644742
-162.0256040	23.6596000	153.7300000	46.1400000	1147.8978820	4.0650927
-162.0256040	24.1596000	153.7300000	46.1400000	1138.4409448	4.0654742
-162.0256040	24.6596000	153.7300000	46.1400000	1128.8843725	4.0664742
-162.0256040	25.1596000	153.7300000	46.1400000	1119.4046255	4.0674742
-162.0256040	25.6596000	153.7300000	46.1400000	1109.8347882	4.0690927
-162.0256040	26.1596000	153.7300000	46.1400000	1100.5156412	4.0700927
-162.0256040	26.6596000	153.7300000	46.1400000	1091.2788887	4.0710927
-161.5256040	14.6596000	153.7300000	46.1400000	1331.5945072	4.0754742
-161.5256040	15.1596000	153.7300000	46.1400000	1321.4230380	4.0750927
-161.5256040	15.6596000	153.7300000	46.1400000	1311.6920962	4.0734742
-161.5256040	16.1596000	153.7300000	46.1400000	1301.8010212	4.0724742
-161.5256040	16.6596000	153.7300000	46.1400000	1291.9515979	4.0714742
-161.5256040	17.1596000	153.7300000	46.1400000	1282.1450398	4.0704742
-161.5256040	17.6596000	153.7300000	46.1400000	1272.3825939	4.0694742
-161.5256040	18.1596000	153.7300000	46.1400000	1262.7839394	4.0680927
-161.5256040	18.6596000	153.7300000	46.1400000	1253.1127172	4.0670927
-161.5256040	19.1596000	153.7300000	46.1400000	1243.4895593	4.0660927
-161.5256040	19.6596000	153.7300000	46.1400000	1233.9158540	4.0650927
-161.5256040	20.1596000	153.7300000	46.1400000	1224.2781155	4.0644742
-161.5256040	20.6596000	153.7300000	46.1400000	1214.6236031	4.0640927
-161.5256040	21.1596000	153.7300000	46.1400000	1205.0960710	4.0634742
-161.5256040	21.6596000	153.7300000	46.1400000	1195.5558756	4.0630927
-161.5256040	22.1596000	153.7300000	46.1400000	1185.9640831	4.0630927
-161.5256040	22.6596000	153.7300000	46.1400000	1176.3249781	4.0634742
-161.5256040	23.1596000	153.7300000	46.1400000	1166.6843581	4.0640927
-161.5256040	23.6596000	153.7300000	46.1400000	1157.0044825	4.0650927
-161.5256040	24.1596000	153.7300000	46.1400000	1147.5720159	4.0654742
-161.5256040	24.6596000	153.7300000	46.1400000	1138.0380226	4.0664742
-161.5256040	25.1596000	153.7300000	46.1400000	1128.4087220	4.0680927
-161.5256040	25.6596000	153.7300000	46.1400000	1119.0305604	4.0690927
-161.5256040	26.1596000	153.7300000	46.1400000	1109.6282908	4.0704742
-161.5256040	26.6596000	153.7300000	46.1400000	1100.4126691	4.0714742
-161.0256040	14.6596000	153.7300000	46.1400000	1340.5292036	4.0744742
-161.0256040	15.1596000	153.7300000	46.1400000	1330.5878296	4.0734742
-161.0256040	15.6596000	153.7300000	46.1400000	1320.6856476	4.0724742
-161.0256040	16.1596000	153.7300000	46.1400000	1310.8237954	4.0714742
-161.0256040	16.6596000	153.7300000	46.1400000	1301.1253749	4.0700927
-161.0256040	17.1596000	153.7300000	46.1400000	1291.3468330	4.0690927
-161.0256040	17.6596000	153.7300000	46.1400000	1281.6122260	4.0680927
-161.0256040	18.1596000	153.7300000	46.1400000	1272.1162886	4.0664742
-161.0256040	18.6596000	153.7300000	46.1400000	1262.4719637	4.0654742
-161.0256040	19.1596000	153.7300000	46.1400000	1252.6848449	4.0650927
-161.0256040	19.6596000	153.7300000	46.1400000	1243.1389821	4.0640927
-161.0256040	20.1596000	153.7300000	46.1400000	1233.5279248	4.0634742
-161.0256040	20.6596000	153.7300000	46.1400000	1223.8992461	4.0630927
-161.0256040	21.1596000	153.7300000	46.1400000	1214.3977959	4.0624742
-161.0256040	21.6596000	153.7300000	46.1400000	1204.7696538	4.0624742
-161.0256040	22.1596000	153.7300000	46.1400000	1195.0207377	4.0630927
-161.0256040	22.6596000	153.7300000	46.1400000	1185.4066647	4.0634742
-161.0256040	23.1596000	153.7300000	46.1400000	1175.7901171	4.0640927
-161.0256040	23.6596000	153.7300000	46.1400000	1166.1330005	4.0650927
-161.0256040	24.1596000	153.7300000	46.1400000	1156.5482348	4.0660927
-161.0256040	24.6596000	153.7300000	46.1400000	1147.0374900	4.0670927
-161.0256040	25.1596000	153.7300000	46.1400000	1137.6024774	4.0680927
-161.0256040	25.6596000	153.7300000	46.1400000	1128.1391926	4.0694742
-161.0256040	26.1596000	153.7300000	46.1400000	1118.6918489	4.0710927
-161.0256040	26.6596000	153.7300000	46.1400000	1109.4970505	4.0720927
-160.5256040	14.6596000	153.7300000	46.1400000	1349.5016806	4.0734742
-160.5256040	15.1596000	153.7300000	46.1400000	1339.7147294	4.0720927
-160.5256040	15.6596000	153.7300000	46.1400000	1329.8404467	4.0710927
-160.5256040	16.1596000	153.7300000	46.1400000	1320.2069785	4.0694742
-160.5256040	16.6596000	153.7300000	46.1400000	1310.4127719	4.0684742
-160.5256040	17.1596000	153.7300000	46.1400000	1300.6610938	4.0674742
-160.5256040	17.6596000	153.7300000	46.1400000	1290.9531626	4.0664742
-160.5256040	18.1596000	153.7300000	46.1400000	1281.2902296	4.0654742
-160.5256040	18.6596000	153.7300000	46.1400000	1271.6735793	4.0644742
-160.5256040	19.1596000	153.7300000	46.1400000	1262.1045301	4.0634742
-160.5256040	19.6596000	153.7300000	46.1400000	1252.3937500	4.0630927
-160.5256040	20.1596000	153.7300000	46.1400000	1242.8086862	4.0624742
-160.5256040	20.6596000	153.7300000	46.1400000	1233.2051390	4.0620927
-160.5256040	21.1596000	153.7300000	46.1400000	1223.5427192	4.0620927
-160.5256040	21.6596000	153.7300000	46.1400000	1213.9395965	4.0620927
-160.5256040	22.1596000	153.7300000	46.1400000	1204.2841786	4.0624742
-160.5256040	22.6596000	153.7300000	46.1400000	1194.6231841	4.0630927
-160.5256040	23.1596000	153.7300000	46.1400000	1184.9177856	4.0640927
-160.5256040	23.6596000	153.7300000	46.1400000	1175.2826377	4.0650927
-160.5256040	24.1596000	153.7300000	46.1400000	1165.7193433	4.0660927
-160.5256040	24.6596000	153.7300000	46.1400000	1156.1211101	4.0674742
-160.5256040	25.1596000	153.7300000	46.1400000	1146.7073991	4.0684742
-160.5256040	25.6596000	153.7300000	46.1400000	1137.1977333	4.0700927
-160.5256040	26.1596000	153.7300000	46.1400000	1127.8353461	4.0714742
-160.5256040	26.6596000	153.7300000	46.1400000	1118.6599736	4.0724742
-160.0256040	14.6596000	153.7300000	46.1400000	1358.8447651	4.0714742
-160.0256040	15.1596000	153.7300000	46.1400000	1348.9583577	4.0704742
-160.0256040	15.6596000	153.7300000	46.1400000	1339.1108561	4.0694742
-160.0256040	16.1596000	153.7300000	46.1400000	1329.3033741	4.0684742
-160.0256040	16.6596000	153.7300000	46.1400000	1319.6608167	4.0670927
-160.0256040	17.1596000	153.7300000	46.1400000	1309.9359522	4.0660927
-160.0256040	17.6596000	153.7300000	46.1400000	1300.2546323	4.0650927
-160.0256040	18.1596000	153.7300000	46.1400000	1290.6180932	4.0640927
-160.0256040	18.6596000	153.7300000	46.1400000	1281.0276037	4.0630927
-160.0256040	19.1596000	153.7300000	46.1400000	1271.3650758	4.0624742
-160.0256040	19.6596000	153.7300000	46.1400000	1261.6793415	4.0620927
-160.0256040	20.1596000	153.7300000	46.1400000	1252.1195883	4.0614742
-160.0256040	20.6596000	153.7300000	46.1400000	1242.4237747	4.0614742
-160.0256040	21.1596000	153.7300000	46.1400000	1232.7854519	4.0614742
-160.0256040	21.6596000	153.7300000	46.1400000	1223.0198006	4.0620927
-160.0256040	22.1596000	153.7300000	46.1400000	1213.3883196	4.0624742
-160.0256040	22.6596000	153.7300000	46.1400000	1203.7503045	4.0630927
-160.0256040	23.1596000	153.7300000	46.1400000	1194.0665748	4.0640927
-160.0256040	23.6596000	153.7300000	46.1400000	1184.4526152	4.0650927
-160.0256040	24.1596000	153.7300000	46.1400000	1174.7997887	4.0664742
-160.0256040	24.6596000	153.7300000	46.1400000	1165.1538678	4.0680927
-160.0256040	25.1596000	153.7300000	46.1400000	1155.7612119	4.0690927
-160.0256040	25.6596000	153.7300000	46.1400000	1146.3374080	4.0704742
-160.0256040	26.1596000	153.7300000	46.1400000	1136.9272341	4.0720927
-160.0256040	26.6596000	153.7300000	46.1400000	1127.7710051	4.0730927
-159.5256040	14.6596000	153.7300000	46.1400000	1367.8926063	4.0704742
-159.5256040	15.1596000	153.7300000	46.1400000	1358.1613374	4.0690927
-159.5256040	15.6596000	153.7300000	46.1400000	1348.3406098	4.0680927
-159.5256040	16.1596000	153.7300000	46.1400000	1338.7633324	4.0664742
-159.5256040	16.6596000	153.7300000	46.1400000	1329.0219944	4.0654742
-159.5256040	17.1596000	153.7300000	46.1400000	1319.3227980	4.0644742
-159.5256040	17.6596000	153.7300000	46.1400000	1309.6669340	4.0634742
-159.5256040	18.1596000	153.7300000	46.1400000	1299.8577112	4.0630927
-159.5256040	18.6596000	153.7300000	46.1400000	1290.2936159	4.0620927
-159.5256040	19.1596000	153.7300000	46.1400000	1280.6563148	4.0614742
-159.5256040	19.6596000	153.7300000	46.1400000	1270.9949580	4.0610927
-159.5256040	20.1596000	153.7300000	46.1400000	1261.2677059	4.0610927
-159.5256040	20.6596000	153.7300000	46.1400000	1251.5962009	4.0610927
-159.5256040	21.1596000	153.7300000	46.1400000	1241.9818271	4.0610927
-159.5256040	21.6596000	153.7300000	46.1400000	1232.1226070	4.0620927
-159.5256040	22.1596000	153.7300000	46.1400000	1222.5143237	4.0624742
-159.5256040	22.6596000	153.7300000	46.1400000	1212.7846764	4.0634742
-159.5256040	23.1596000	153.7300000	46.1400000	1203.1227885	4.0644742
-159.5256040	23.6596000	153.7300000	46.1400000	1193.5301741	4.0654742
-159.5256040	24.1596000	153.7300000	46.1400000	1183.8283149	4.0670927
-159.5256040	24.6596000	153.7300000	46.1400000	1174.2703084	4.0684742
-159.5256040	25.1596000	153.7300000	46.1400000	1164.8973437	4.0694742
-159.5256040	25.6596000	153.7300000	46.1400000	1155.4244861	4.0710927
-159.5256040	26.1596000	153.7300000	46.1400000	1146.0986716	4.0724742
-159.5256040	26.6596000	153.7300000	46.1400000	1136.9602174	4.0734742
-159.0256040	14.6596000	153.7300000	46.1400000	1377.3142171	4.0684742
-159.0256040	15.1596000	153.7300000	46.1400000	1367.4805783	4.0674742
-159.0256040	15.6596000	153.7300000	46.1400000	1357.6855113	4.0664742
-159.0256040	16.1596000	153.7300000	46.1400000	1347.9301059	4.0654742
-159.0256040	16.6596000	153.7300000	46.1400000	1338.3410861	4.0640927
-159.0256040	17.1596000	153.7300000	46.1400000	1328.6675093	4.0630927
-159.0256040	17.6596000	153.7300000	46.1400000	1318.9131833	4.0624742
-159.0256040	18.1596000	153.7300000	46.1400000	1309.3278955	4.0614742
-159.0256040	18.6596000	153.7300000	46.1400000	1299.5901852	4.0610927
-159.0256040	19.1596000	153.7300000	46.1400000	1289.9774603	4.0604742
-159.0256040	19.6596000	153.7300000	46.1400000	1280.2195365	4.0604742
-159.0256040	20.1596000	153.7300000	46.1400000	1270.5156815	4.0604742
-159.0256040	20.6596000	153.7300000	46.1400000	1260.8672268	4.0604742
-159.0256040	21.1596000	153.7300000	46.1400000	1251.0849564	4.0610927
-159.0256040	21.6596000	153.7300000	46.1400000	1241.2472382	4.0620927
-159.0256040	22.1596000	153.7300000	46.1400000	1231.6614212	4.0624742
-159.0256040	22.6596000	153.7300000	46.1400000	1221.9524002	4.0634742
-159.0256040	23.1596000	153.7300000	46.1400000	1212.1262007	4.0650927
-159.0256040	23.6596000	153.7300000	46.1400000	1202.5547423	4.0660927
-159.0256040	24.1596000	153.7300000	46.1400000	1192.9416852	4.0674742
-159.0256040	24.6596000	153.7300000	46.1400000	1183.3333733	4.0690927
-159.0256040	25.1596000	153.7300000	46.1400000	1173.9798744	4.0700927
-159.0256040	25.6596000	153.7300000	46.1400000	1164.5923188	4.0714742
-159.0256040	26.1596000	153.7300000	46.1400000	1155.2160540	4.0730927
-159.0256040	26.6596000	153.7300000	46.1400000	1146.0951167	4.0740927
-158.5256040	14.6596000	153.7300000	46.1400000	1386.4342280	4.0674742
-158.5256040	15.1596000	153.7300000	46.1400000	1376.7564629	4.0660927
-158.5256040	15.6596000	153.7300000	46.1400000	1366.9870488	4.0650927
-158.5256040	16.1596000	153.7300000	46.1400000	1357.2570991	4.0640927
-158.5256040	16.6596000	153.7300000	46.1400000	1347.5677192	4.0630927
-158.5256040	17.1596000	153.7300000	46.1400000	1337.9200424	4.0620927
-158.5256040	17.6596000	153.7300000	46.1400000	1328.3152310	4.0610927
-158.5256040	18.1596000	153.7300000	46.1400000	1318.6305871	4.0604742
-158.5256040	18.6596000	153.7300000	46.1400000	1308.9165369	4.0600927
-158.5256040	19.1596000	153.7300000	46.1400000	1299.1297941	4.0600927
-158.5256040	19.6596000	153.7300000	46.1400000	1289.3954981	4.0600927
-158.5256040	20.1596000	153.7300000	46.1400000	1279.7149295	4.0600927
-158.5256040	20.6596000	153.7300000	46.1400000	1269.9700830	4.0604742
-158.5256040	21.1596000	153.7300000	46.1400000	1260.2098680	4.0610927
-158.5256040	21.6596000	153.7300000	46.1400000	1250.3929341	4.0620927
-158.5256040	22.1596000	153.7300000	46.1400000	1240.6399638	4.0630927
-158.5256040	22.6596000	153.7300000	46.1400000	1230.9523548	4.0640927
-158.5256040	23.1596000	153.7300000	46.1400000	1221.3315385	4.0650927
-158.5256040	23.6596000	153.7300000	46.1400000	1211.6653082	4.0664742
-158.5256040	24.1596000	153.7300000	46.1400000	1202.0006374	4.0680927
-158.5256040	24.6596000	153.7300000	46.1400000	1192.4797273	4.0694742
-158.5256040	25.1596000	153.7300000	46.1400000	1182.9645946	4.0710927
-158.5256040	25.6596000	153.7300000	46.1400000	1173.7051194	4.0720927
-158.5256040	26.1596000	153.7300000	46.1400000	1164.4126702	4.0734742
-158.5256040	26.6596000	153.7300000	46.1400000	1155.3079093	4.0744742
-158.0256040	14.6596000	153.7300000	46.1400000	1395.9312720	4.0654742
-158.0256040	15.1596000	153.7300000	46.1400000	1386.1482098	4.0644742
-158.0256040	15.6596000	153.7300000	46.1400000	1376.4033405	4.0634742
-158.0256040	16.1596000	153.7300000	46.1400000	1366.6977300	4.0624742
-158.0256040	16.6596000	153.7300000	46.1400000	1357.0324706	4.0614742
-158.0256040	17.1596000	153.7300000	46.1400000	1347.2034602	4.0610927
-158.0256040	17.6596000	153.7300000	46.1400000	1337.6237009	4.0600927
-158.0256040	18.1596000	153.7300000	46.1400000	1327.9629353	4.0594742
-158.0256040	18.6596000	153.7300000	46.1400000	1318.2719119	4.0590927
-158.0256040	19.1596000	153.7300000	46.1400000	1308.5069795	4.0590927
-158.0256040	19.6596000	153.7300000	46.1400000	1298.6721236	4.0594742
-158.0256040	20.1596000	153.7300000	46.1400000	1288.8172278	4.0600927
-158.0256040	20.6596000	153.7300000	46.1400000	1279.2148453	4.0600927
-158.0256040	21.1596000	153.7300000	46.1400000	1269.3558113	4.0610927
-158.0256040	21.6596000	153.7300000	46.1400000	1259.5589517	4.0620927
-158.0256040	22.1596000	153.7300000	46.1400000	1249.8256103	4.0630927
-158.0256040	22.6596000	153.7300000	46.1400000	1240.0407716	4.0644742
-158.0256040	23.1596000	153.7300000	46.1400000	1230.4395566	4.0654742
-158.0256040	23.6596000	153.7300000	46.1400000	1220.7203988	4.0670927
-158.0256040	24.1596000	153.7300000	46.1400000	1211.1440523	4.0684742
-158.0256040	24.6596000	153.7300000	46.1400000	1201.5702601	4.0700927
-158.0256040	25.1596000	153.7300000	46.1400000	1192.1411074	4.0714742
-158.0256040	25.6596000	153.7300000	46.1400000	1182.7187322	4.0730927
-158.0256040	26.1596000	153.7300000	46.1400000	1173.5528517	4.0740927
-158.0256040	26.6596000	153.7300000	46.1400000	1164.4640332	4.0750927
-157.5256040	14.6596000	153.7300000	46.1400000	1405.2522579	4.0640927
-157.5256040	15.1596000	153.7300000	46.1400000	1395.4939392	4.0630927
-157.5256040	15.6596000	153.7300000	46.1400000	1385.7736074	4.0620927
-157.5256040	16.1596000	153.7300000	46.1400000	1376.0923157	4.0610927
-157.5256040	16.6596000	153.7300000	46.1400000	1366.4511442	4.0600927
-157.5256040	17.1596000	153.7300000	46.1400000	1356.7236995	4.0594742
-157.5256040	17.6596000	153.7300000	46.1400000	1346.9616966	4.0590927
-157.5256040	18.1596000	153.7300000	46.1400000	1337.1204053	4.0590927
-157.5256040	18.6596000	153.7300000	46.1400000	1327.5307788	4.0584742
-157.5256040	19.1596000	153.7300000	46.1400000	1317.5871209	4.0590927
-157.5256040	19.6596000	153.7300000	46.1400000	1307.8975306	4.0590927
-157.5256040	20.1596000	153.7300000	46.1400000	1298.1389646	4.0594742
-157.5256040	20.6596000	153.7300000	46.1400000	1288.3612809	4.0600927
-157.5256040	21.1596000	153.7300000	46.1400000	1278.5220518	4.0610927
-157.5256040	21.6596000	153.7300000	46.1400000	1268.7445642	4.0620927
-157.5256040	22.1596000	153.7300000	46.1400000	1258.9119496	4.0634742
-157.5256040	22.6596000	153.7300000	46.1400000	1249.0727940	4.0650927
-157.5256040	23.1596000	153.7300000	46.1400000	1239.3747567	4.0664742
-157.5256040	23.6596000	153.7300000	46.1400000	1229.8611183	4.0674742
-157.5256040	24.1596000	153.7300000	46.1400000	1220.2306157	4.0690927
-157.5256040	24.6596000	153.7300000	46.1400000	1210.7437592	4.0704742
-157.5256040	25.1596000	153.7300000	46.1400000	1201.2604214	4.0720927
-157.5256040	25.6596000	153.7300000	46.1400000	1191.9225844	4.0734742
-157.5256040	26.1596000	153.7300000	46.1400000	1182.7720202	4.0744742
-157.5256040	26.6596000	153.7300000	46.1400000	1173.6978307	4.0754742
-157.0256040	14.6596000	153.7300000	46.1400000	1414.4745023	4.0630927
-157.0256040	15.1596000	153.7300000	46.1400000	1404.9551976	4.0614742
-157.0256040	15.6596000	153.7300000	46.1400000	1395.0457909	4.0610927
-157.0256040	16.1596000	153.7300000	46.1400000	1385.3891274	4.0600927
-157.0256040	16.6596000	153.7300000	46.1400000	1375.7723394	4.0590927
-157.0256040	17.1596000	153.7300000	46.1400000	1366.0681106	4.0584742
-157.0256040	17.6596000	153.7300000	46.1400000	1356.3284808	4.0580927
-157.0256040	18.1596000	153.7300000	46.1400000	1346.5083560	4.0580927
-157.0256040	18.6596000	153.7300000	46.1400000	1336.7372896	4.0580927
-157.0256040	19.1596000	153.7300000	46.1400000	1326.8917254	4.0584742
-157.0256040	19.6596000	153.7300000	46.1400000	1317.0225027	4.0590927
-157.0256040	20.1596000	153.7300000	46.1400000	1307.2852672	4.0594742
-157.0256040	20.6596000	153.7300000	46.1400000	1297.4060865	4.0604742
-157.0256040	21.1596000	153.7300000	46.1400000	1287.5869277	4.0614742
-157.0256040	21.6596000	153.7300000	46.1400000	1277.8290635	4.0624742
-157.0256040	22.1596000	153.7300000	46.1400000	1267.9407911	4.0640927
-157.0256040	22.6596000	153.7300000	46.1400000	1258.1929015	4.0654742
-157.0256040	23.1596000	153.7300000	46.1400000	1248.4393915	4.0670927
-157.0256040	23.6596000	153.7300000	46.1400000	1238.8277783	4.0684742
-157.0256040	24.1596000	153.7300000	46.1400000	1229.2144947	4.0700927
-157.0256040	24.6596000	153.7300000	46.1400000	1219.7447651	4.0714742
-157.0256040	25.1596000	153.7300000	46.1400000	1210.4612447	4.0724742
-157.0256040	25.6596000	153.7300000	46.1400000	1201.0678868	4.0740927
-157.0256040	26.1596000	153.7300000	46.1400000	1191.9324364	4.0750927
-157.0256040	26.6596000	153.7300000	46.1400000	1182.8726651	4.0760927
-156.5256040	14.6596000	153.7300000	46.1400000	1423.9450837	4.0614742
-156.5256040	15.1596000	153.7300000	46.1400000	1414.2349497	4.0604742
-156.5256040	15.6596000	153.7300000	46.1400000	1404.5623585	4.0594742
-156.5256040	16.1596000	153.7300000	46.1400000	1394.7157748	4.0590927
-156.5256040	16.6596000	153.7300000	46.1400000	1385.1227927	4.0580927
-156.5256040	17.1596000	153.7300000	46.1400000	1375.2315425	4.0580927
-156.5256040	17.6596000	153.7300000	46.1400000	1365.5949337	4.0574742
-156.5256040	18.1596000	153.7300000	46.1400000	1355.7962824	4.0574742
-156.5256040	18.6596000	153.7300000	46.1400000	1345.8411975	4.0580927
-156.5256040	19.1596000	153.7300000	46.1400000	1336.1426456	4.0580927
-156.5256040	19.6596000	153.7300000	46.1400000	1326.1683612	4.0590927
-156.5256040	20.1596000	153.7300000	46.1400000	1316.2512387	4.0600927
-156.5256040	20.6596000	153.7300000	46.1400000	1306.3924747	4.0610927
-156.5256040	21.1596000	153.7300000	46.1400000	1296.5932939	4.0620927
-156.5256040	21.6596000	153.7300000	46.1400000	1286.8549497	4.0630927
-156.5256040	22.1596000	153.7300000	46.1400000	1277.0588586	4.0644742
-156.5256040	22.6596000	153.7300000	46.1400000	1267.2541898	4.0660927
-156.5256040	23.1596000	153.7300000	46.1400000	1257.5906417	4.0674742
-156.5256040	23.6596000	153.7300000	46.1400000	1247.9223669	4.0690927
-156.5256040	24.1596000	153.7300000	46.1400000	1238.3967538	4.0704742
-156.5256040	24.6596000	153.7300000	46.1400000	1228.8703688	4.0720927
-156.5256040	25.1596000	153.7300000	46.1400000	1219.6025371	4.0730927
-156.5256040	25.6596000	153.7300000	46.1400000	1210.2932817	4.0744742
-156.5256040	26.1596000	153.7300000	46.1400000	1201.1716562	4.0754742
-156.5256040	26.6596000	153.7300000	46.1400000	1192.1250158	4.0764742
-156.0256040	14.6596000	153.7300000	46.1400000	1433.3657485	4.0600927
-156.0256040	15.1596000	153.7300000	46.1400000	1423.6787252	4.0590927
-156.0256040	15.6596000	153.7300000	46.1400000	1413.8961032	4.0584742
-156.0256040	16.1596000	153.7300000	46.1400000	1404.0715391	4.0580927
-156.0256040	16.6596000	153.7300000	46.1400000	1394.3706852	4.0574742
-156.0256040	17.1596000	153.7300000	46.1400000	1384.6310910	4.0570927
-156.0256040	17.6596000	153.7300000	46.1400000	1374.8065889	4.0570927
-156.0256040	18.1596000	153.7300000	46.1400000	1365.0293690	4.0570927
-156.0256040	18.6596000	153.7300000	46.1400000	1355.1731276	4.0574742
-156.0256040	19.1596000	153.7300000	46.1400000	1345.2896665	4.0580927
-156.0256040	19.6596000	153.7300000	46.1400000	1335.3343977	4.0590927
-156.0256040	20.1596000	153.7300000	46.1400000	1325.4358908	4.0600927
-156.0256040	20.6596000	153.7300000	46.1400000	1315.5953247	4.0610927
-156.0256040	21.1596000	153.7300000	46.1400000	1305.8139058	4.0620927
-156.0256040	21.6596000	153.7300000	46.1400000	1295.9711976	4.0634742
-156.0256040	22.1596000	153.7300000	46.1400000	1286.1170168	4.0650927
-156.0256040	22.6596000	153.7300000	46.1400000	1276.4032520	4.0664742
-156.0256040	23.1596000	153.7300000	46.1400000	1266.6817713	4.0680927
-156.0256040	23.6596000	153.7300000	46.1400000	1257.1021364	4.0694742
-156.0256040	24.1596000	153.7300000	46.1400000	1247.5186414	4.0710927
-156.0256040	24.6596000	153.7300000	46.1400000	1238.0785581	4.0724742
-156.0256040	25.1596000	153.7300000	46.1400000	1228.6385729	4.0740927
-156.0256040	25.6596000	153.7300000	46.1400000	1219.4578448	4.0750927
-156.0256040	26.1596000	153.7300000	46.1400000	1210.3498636	4.0760927
-156.0256040	26.6596000	153.7300000	46.1400000	1201.3161660	4.0770927
-155.5256040	14.6596000	153.7300000	46.1400000	1442.6827423	4.0590927
-155.5256040	15.1596000	153.7300000	46.1400000	1433.0191644	4.0580927
-155.5256040	15.6596000	153.7300000	46.1400000	1423.2588267	4.0574742
-155.5256040	16.1596000	153.7300000	46.1400000	1413.4557141	4.0570927
-155.5256040	16.6596000	153.7300000	46.1400000	1403.5625841	4.0570927
-155.5256040	17.1596000	153.7300000	46.1400000	1393.9267967	4.0564742
-155.5256040	17.6596000	153.7300000	46.1400000	1383.9118500	4.0570927
-155.5256040	18.1596000	153.7300000	46.1400000	1374.1563675	4.0570927
-155.5256040	18.6596000	153.7300000	46.1400000	1364.3206537	4.0574742
-155.5256040	19.1596000	153.7300000	46.1400000	1354.4568152	4.0580927
-155.5256040	19.6596000	153.7300000	46.1400000	1344.5199183	4.0590927
-155.5256040	20.1596000	153.7300000	46.1400000	1334.6393757	4.0600927
-155.5256040	20.6596000	153.7300000	46.1400000	1324.6919206	4.0614742
-155.5256040	21.1596000	153.7300000	46.1400000	1314.7283692	4.0630927
-155.5256040	21.6596000	153.7300000	46.1400000	1305.0264345	4.0640927
-155.5256040	22.1596000	153.7300000	46.1400000	1295.0670643	4.0660927
-155.5256040	22.6596000	153.7300000	46.1400000	1285.4911278	4.0670927
-155.5256040	23.1596000	153.7300000	46.1400000	1275.6653137	4.0690927
-155.5256040	23.6596000	153.7300000	46.1400000	1266.1018426	4.0704742
-155.5256040	24.1596000	153.7300000	46.1400000	1256.7243108	4.0714742
-155.5256040	24.6596000	153.7300000	46.1400000	1247.2250959	4.0730927
-155.5256040	25.1596000	153.7300000	46.1400000	1237.8700275	4.0744742
-155.5256040	25.6596000	153.7300000	46.1400000	1228.7023514	4.0754742
-155.5256040	26.1596000	153.7300000	46.1400000	1219.6067501	4.0764742
-155.5256040	26.6596000	153.7300000	46.1400000	1210.5847332	4.0774742
-155.0256040	14.6596000	153.7300000	46.1400000	1452.0291158	4.0580927
-155.0256040	15.1596000	153.7300000	46.1400000	1442.3884407	4.0570927
-155.0256040	15.6596000	153.7300000	46.1400000	1432.4314125	4.0570927
-155.0256040	16.1596000	153.7300000	46.1400000	1422.8676069	4.0560927
-155.0256040	16.6596000	153.7300000	46.1400000	1412.9941563	4.0560927
-155.0256040	17.1596000	153.7300000	46.1400000	1403.1652276	4.0560927
-155.0256040	17.6596000	153.7300000	46.1400000	1393.2508262	4.0564742
-155.0256040	18.1596000	153.7300000	46.1400000	1383.3040569	4.0570927
-155.0256040	18.6596000	153.7300000	46.1400000	1373.4882504	4.0574742
-155.0256040	19.1596000	153.7300000	46.1400000	1363.5152358	4.0584742
-155.0256040	19.6596000	153.7300000	46.1400000	1353.5970365	4.0594742
-155.0256040	20.1596000	153.7300000	46.1400000	1343.7347715	4.0604742
-155.0256040	20.6596000	153.7300000	46.1400000	1333.7264658	4.0620927
-155.0256040	21.1596000	153.7300000	46.1400000	1323.8567734	4.0634742
-155.0256040	21.6596000	153.7300000	46.1400000	1313.9717828	4.0650927
-155.0256040	22.1596000	153.7300000	46.1400000	1304.2265667	4.0664742
-155.0256040	22.6596000	153.7300000	46.1400000	1294.4696778	4.0680927
-155.0256040	23.1596000	153.7300000	46.1400000	1284.8538483	4.0694742
-155.0256040	23.6596000	153.7300000	46.1400000	1275.2300633	4.0710927
-155.0256040	24.1596000	153.7300000	46.1400000	1265.7487504	4.0724742
-155.0256040	24.6596000	153.7300000	46.1400000	1256.4540527	4.0734742
-155.0256040	25.1596000	153.7300000	46.1400000	1247.0385749	4.0750927
-155.0256040	25.6596000	153.7300000	46.1400000	1237.8837984	4.0760927
-155.0256040	26.1596000	153.7300000	46.1400000	1228.8004175	4.0770927
-155.0256040	26.6596000	153.7300000	46.1400000	1219.9749537	4.0774742
-154.5256040	14.6596000	153.7300000	46.1400000	1461.4041804	4.0570927
-154.5256040	15.1596000	153.7300000	46.1400000	1451.6493461	4.0564742
-154.5256040	15.6596000	153.7300000	46.1400000	1441.8485277	4.0560927
-154.5256040	16.1596000	153.7300000	46.1400000	1431.9534121	4.0560927
-154.5256040	16.6596000	153.7300000	46.1400000	1422.1014973	4.0560927
-154.5256040	17.1596000	153.7300000	46.1400000	1412.2937816	4.0560927
-154.5256040	17.6596000	153.7300000	46.1400000	1402.3993966	4.0564742
-154.5256040	18.1596000	153.7300000	46.1400000	1392.4717538	4.0570927
-154.5256040	18.6596000	153.7300000	46.1400000	1382.4644902	4.0580927
-154.5256040	19.1596000	153.7300000	46.1400000	1372.5105501	4.0590927
-154.5256040	19.6596000	153.7300000	46.1400000	1362.6110115	4.0600927
-154.5256040	20.1596000	153.7300000	46.1400000	1352.7669770	4.0610927
-154.5256040	20.6596000	153.7300000	46.1400000	1342.8534705	4.0624742
-154.5256040	21.1596000	153.7300000	46.1400000	1332.9218992	4.0640927
-154.5256040	21.6596000	153.7300000	46.1400000	1323.1295432	4.0654742
-154.5256040	22.1596000	153.7300000	46.1400000	1313.3226641	4.0670927
-154.5256040	22.6596000	153.7300000	46.1400000	1303.6561860	4.0684742
-154.5256040	23.1596000	153.7300000	46.1400000	1293.9788146	4.0700927
-154.5256040	23.6596000	153.7300000	46.1400000	1284.4431525	4.0714742
-154.5256040	24.1596000	153.7300000	46.1400000	1274.9003174	4.0730927
-154.5256040	24.6596000	153.7300000	46.1400000	1265.6191157	4.0740927
-154.5256040	25.1596000	153.7300000	46.1400000	1256.2882153	4.0754742
-154.5256040	25.6596000	153.7300000	46.1400000	1247.1450954	4.0764742
-154.5256040	26.1596000	153.7300000	46.1400000	1238.1885301	4.0770927
-154.5256040	26.6596000	153.7300000	46.1400000	1229.1874342	4.0780927
-154.0256040	14.6596000	153.7300000	46.1400000	1470.8072596	4.0560927
-154.0256040	15.1596000	153.7300000	46.1400000	1460.8505210	4.0560927
-154.0256040	15.6596000	153.7300000	46.1400000	1451.1560566	4.0554742
-154.0256040	16.1596000	153.7300000	46.1400000	1441.2807094	4.0554742
-154.0256040	16.6596000	153.7300000	46.1400000	1431.2299610	4.0560927
-154.0256040	17.1596000	153.7300000	46.1400000	1421.4428721	4.0560927
-154.0256040	17.6596000	153.7300000	46.1400000	1411.5679078	4.0564742
-154.0256040	18.1596000	153.7300000	46.1400000	1401.6587877	4.0570927
-154.0256040	18.6596000	153.7300000	46.1400000	1391.6688038	4.0580927
-154.0256040	19.1596000	153.7300000	46.1400000	1381.7317477	4.0590927
-154.0256040	19.6596000	153.7300000	46.1400000	1371.7198044	4.0604742
-154.0256040	20.1596000	153.7300000	46.1400000	1361.6853932	4.0620927
-154.0256040	20.6596000	153.7300000	46.1400000	1351.9160798	4.0630927
-154.0256040	21.1596000	153.7300000	46.1400000	1342.0781056	4.0644742
-154.0256040	21.6596000	153.7300000	46.1400000	1332.2228143	4.0660927
-154.0256040	22.1596000	153.7300000	46.1400000	1322.3062471	4.0680927
-154.0256040	22.6596000	153.7300000	46.1400000	1312.7780750	4.0690927
-154.0256040	23.1596000	153.7300000	46.1400000	1302.9918359	4.0710927
-154.0256040	23.6596000	153.7300000	46.1400000	1293.5914583	4.0720927
-154.0256040	24.1596000	153.7300000	46.1400000	1284.1354271	4.0734742
-154.0256040	24.6596000	153.7300000	46.1400000	1274.8664860	4.0744742
-154.0256040	25.1596000	153.7300000	46.1400000	1265.6648137	4.0754742
-154.0256040	25.6596000	153.7300000	46.1400000	1256.5317850	4.0764742
-154.0256040	26.1596000	153.7300000	46.1400000	1247.4688030	4.0774742
-154.0256040	26.6596000	153.7300000	46.1400000	1238.4772996	4.0784742
-153.5256040	14.6596000	153.7300000	46.1400000	1480.0984564	4.0554742
-153.5256040	15.1596000	153.7300000	46.1400000	1470.2998193	4.0550927
-153.5256040	15.6596000	153.7300000	46.1400000	1460.4026375	4.0550927
-153.5256040	16.1596000	153.7300000	46.1400000	1450.5470733	4.0550927
-153.5256040	16.6596000	153.7300000	46.1400000	1440.3788759	4.0560927
-153.5256040	17.1596000	153.7300000	46.1400000	1430.6118317	4.0560927
-153.5256040	17.6596000	153.7300000	46.1400000	1420.5390902	4.0570927
-153.5256040	18.1596000	153.7300000	46.1400000	1410.7318600	4.0574742
-153.5256040	18.6596000	153.7300000	46.1400000	1400.7595187	4.0584742
-153.5256040	19.1596000	153.7300000	46.1400000	1390.6278085	4.0600927
-153.5256040	19.6596000	153.7300000	46.1400000	1380.7631105	4.0610927
-153.5256040	20.1596000	153.7300000	46.1400000	1370.8243116	4.0624742
-153.5256040	20.6596000	153.7300000	46.1400000	1360.8637634	4.0640927
-153.5256040	21.1596000	153.7300000	46.1400000	1351.0419486	4.0654742
-153.5256040	21.6596000	153.7300000	46.1400000	1341.2018097	4.0670927
-153.5256040	22.1596000	153.7300000	46.1400000	1331.5014607	4.0684742
-153.5256040	22.6596000	153.7300000	46.1400000	1321.7862944	4.0700927
-153.5256040	23.1596000	153.7300000	46.1400000	1312.2120894	4.0714742
-153.5256040	23.6596000	153.7300000	46.1400000	1302.8245055	4.0724742
-153.5256040	24.1596000	153.7300000	46.1400000	1293.3045602	4.0740927
-153.5256040	24.6596000	153.7300000	46.1400000	1284.0477699	4.0750927
-153.5256040	25.1596000	153.7300000	46.1400000	1274.8576113	4.0760927
-153.5256040	25.6596000	153.7300000	46.1400000	1265.7354355	4.0770927
-153.5256040	26.1596000	153.7300000	46.1400000	1256.6826217	4.0780927
-153.5256040	26.6596000	153.7300000	46.1400000	1247.7005766	4.0790927
-153.0256040	14.6596000	153.7300000	46.1400000	1489.3274484	4.0550927
-153.0256040	15.1596000	153.7300000	46.1400000	1479.4103550	4.0550927
-153.0256040	15.6596000	153.7300000	46.1400000	1469.5336409	4.0550927
-153.0256040	16.1596000	153.7300000	46.1400000	1459.5609249	4.0554742
-153.0256040	16.6596000	153.7300000	46.1400000	1449.5475825	4.0560927
-153.0256040	17.1596000	153.7300000	46.1400000	1439.6646106	4.0564742
-153.0256040	17.6596000	153.7300000	46.1400000	1429.7441040	4.0570927
-153.0256040	18.1596000	153.7300000	46.1400000	1419.7383088	4.0580927
-153.0256040	18.6596000	153.7300000	46.1400000	1409.7836076	4.0590927
-153.0256040	19.1596000	153.7300000	46.1400000	1399.7494992	4.0604742
-153.0256040	19.6596000	153.7300000	46.1400000	1389.6893534	4.0620927
-153.0256040	20.1596000	153.7300000	46.1400000	1379.8965782	4.0630927
-153.0256040	20.6596000	153.7300000	46.1400000	1370.0304645	4.0644742
-153.0256040	21.1596000	153.7300000	46.1400000	1360.1432994	4.0660927
-153.0256040	21.6596000	153.7300000	46.1400000	1350.3954054	4.0674742
-153.0256040	22.1596000	153.7300000	46.1400000	1340.6298890	4.0690927
-153.0256040	22.6596000	153.7300000	46.1400000	1331.0047220	4.0704742
-153.0256040	23.1596000	153.7300000	46.1400000	1321.3654420	4.0720927
-153.0256040	23.6596000	153.7300000	46.1400000	1311.8677038	4.0734742
-153.0256040	24.1596000	153.7300000	46.1400000	1302.5571545	4.0744742
-153.0256040	24.6596000	153.7300000	46.1400000	1293.3113001	4.0754742
-153.0256040	25.1596000	153.7300000	46.1400000	1284.1314422	4.0764742
-153.0256040	25.6596000	153.7300000	46.1400000	1275.0189089	4.0774742
-153.0256040	26.1596000	153.7300000	46.1400000	1265.9750558	4.0784742
-153.0256040	26.6596000	153.7300000	46.1400000	1257.1188146	4.0790927
-152.5256040	14.6596000	153.7300000	46.1400000	1498.4385842	4.0550927
-152.5256040	15.1596000	153.7300000	46.1400000	1488.5417200	4.0550927
-152.5256040	15.6596000	153.7300000	46.1400000	1478.6849201	4.0550927
-152.5256040	16.1596000	153.7300000	46.1400000	1468.7309295	4.0554742
-152.5256040	16.6596000	153.7300000	46.1400000	1458.7354333	4.0560927
-152.5256040	17.1596000	153.7300000	46.1400000	1448.6495960	4.0570927
-152.5256040	17.6596000	153.7300000	46.1400000	1438.6125126	4.0580927
-152.5256040	18.1596000	153.7300000	46.1400000	1428.6251364	4.0590927
-152.5256040	18.6596000	153.7300000	46.1400000	1418.6884415	4.0600927
-152.5256040	19.1596000	153.7300000	46.1400000	1408.8034231	4.0610927
-152.5256040	19.6596000	153.7300000	46.1400000	1398.8397374	4.0624742
-152.5256040	20.1596000	153.7300000	46.1400000	1388.8506852	4.0640927
-152.5256040	20.6596000	153.7300000	46.1400000	1378.9999612	4.0654742
-152.5256040	21.1596000	153.7300000	46.1400000	1369.1271875	4.0670927
-152.5256040	21.6596000	153.7300000	46.1400000	1359.3936773	4.0684742
-152.5256040	22.1596000	153.7300000	46.1400000	1349.6415097	4.0700927
-152.5256040	22.6596000	153.7300000	46.1400000	1340.1552092	4.0710927
-152.5256040	23.1596000	153.7300000	46.1400000	1330.6046675	4.0724742
-152.5256040	23.6596000	153.7300000	46.1400000	1321.0406942	4.0740927
-152.5256040	24.1596000	153.7300000	46.1400000	1311.7416082	4.0750927
-152.5256040	24.6596000	153.7300000	46.1400000	1302.5065976	4.0760927
-152.5256040	25.1596000	153.7300000	46.1400000	1293.3369423	4.0770927
-152.5256040	25.6596000	153.7300000	46.1400000	1284.2339479	4.0780927
-152.5256040	26.1596000	153.7300000	46.1400000	1275.3923430	4.0784742
-152.5256040	26.6596000	153.7300000	46.1400000	1266.4252864	4.0794742
-152.0256040	14.6596000	153.7300000	46.1400000	1507.5704448	4.0550927
-152.0256040	15.1596000	153.7300000	46.1400000	1497.6932666	4.0550927
-152.0256040	15.6596000	153.7300000	46.1400000	1487.8558313	4.0550927
-152.0256040	16.1596000	153.7300000	46.1400000	1477.6946300	4.0560927
-152.0256040	16.6596000	153.7300000	46.1400000	1467.8037514	4.0564742
-152.0256040	17.1596000	153.7300000	46.1400000	1457.7349459	4.0574742
-152.0256040	17.6596000	153.7300000	46.1400000	1447.8505963	4.0580927
-152.0256040	18.1596000	153.7300000	46.1400000	1437.7433884	4.0594742
-152.0256040	18.6596000	153.7300000	46.1400000	1427.8225366	4.0604742
-152.0256040	19.1596000	153.7300000	46.1400000	1417.7370237	4.0620927
-152.0256040	19.6596000	153.7300000	46.1400000	1407.7890582	4.0634742
-152.0256040	20.1596000	153.7300000	46.1400000	1397.8147576	4.0650927
-152.0256040	20.6596000	153.7300000	46.1400000	1388.1090184	4.0660927
-152.0256040	21.1596000	153.7300000	46.1400000	1378.3293719	4.0674742
-152.0256040	21.6596000	153.7300000	46.1400000	1368.5283305	4.0690927
-152.0256040	22.1596000	153.7300000	46.1400000	1358.8670603	4.0704742
-152.0256040	22.6596000	153.7300000	46.1400000	1349.1877899	4.0720927
-152.0256040	23.1596000	153.7300000	46.1400000	1339.7748167	4.0730927
-152.0256040	23.6596000	153.7300000	46.1400000	1330.2983093	4.0744742
-152.0256040	24.1596000	153.7300000	46.1400000	1321.0094895	4.0754742
-152.0256040	24.6596000	153.7300000	46.1400000	1311.7841277	4.0764742
-152.0256040	25.1596000	153.7300000	46.1400000	1302.6234824	4.0774742
-152.0256040	25.6596000	153.7300000	46.1400000	1293.5288373	4.0784742
-152.0256040	26.1596000	153.7300000	46.1400000	1284.6216227	4.0790927
-152.0256040	26.6596000	153.7300000	46.1400000	1275.6620645	4.0800927
-151.5256040	14.6596000	153.7300000	46.1400000	1516.7223904	4.0550927
-151.5256040	15.1596000	153.7300000	46.1400000	1506.8643584	4.0550927
-151.5256040	15.6596000	153.7300000	46.1400000	1496.6766558	4.0560927
-151.5256040	16.1596000	153.7300000	46.1400000	1486.9007491	4.0560927
-151.5256040	16.6596000	153.7300000	46.1400000	1476.8019406	4.0570927
-151.5256040	17.1596000	153.7300000	46.1400000	1466.7502042	4.0580927
-151.5256040	17.6596000	153.7300000	46.1400000	1456.7464475	4.0590927
-151.5256040	18.1596000	153.7300000	46.1400000	1446.7915972	4.0600927
-151.5256040	18.6596000	153.7300000	46.1400000	1436.7516458	4.0614742
-151.5256040	19.1596000	153.7300000	46.1400000	1426.6812054	4.0630927
-151.5256040	19.6596000	153.7300000	46.1400000	1416.8813351	4.0640927
-151.5256040	20.1596000	153.7300000	46.1400000	1407.0022374	4.0654742
-151.5256040	20.6596000	153.7300000	46.1400000	1397.0974351	4.0670927
-151.5256040	21.1596000	153.7300000	46.1400000	1387.3314494	4.0684742
-151.5256040	21.6596000	153.7300000	46.1400000	1377.5430446	4.0700927
-151.5256040	22.1596000	153.7300000	46.1400000	1368.0225509	4.0710927
-151.5256040	22.6596000	153.7300000	46.1400000	1358.4329462	4.0724742
-151.5256040	23.1596000	153.7300000	46.1400000	1348.8259766	4.0740927
-151.5256040	23.6596000	153.7300000	46.1400000	1339.4857321	4.0750927
-151.5256040	24.1596000	153.7300000	46.1400000	1330.2071096	4.0760927
-151.5256040	24.6596000	153.7300000	46.1400000	1320.9913220	4.0770927
-151.5256040	25.1596000	153.7300000	46.1400000	1311.8396066	4.0780927
-151.5256040	25.6596000	153.7300000	46.1400000	1302.7532255	4.0790927
-151.5256040	26.1596000	153.7300000	46.1400000	1293.9296250	4.0794742
-151.5256040	26.6596000	153.7300000	46.1400000	1284.9763936	4.0804742
-151.0256040	14.6596000	153.7300000	46.1400000	1525.8937918	4.0550927
-151.0256040	15.1596000	153.7300000	46.1400000	1515.9117691	4.0554742
-151.0256040	15.6596000	153.7300000	46.1400000	1505.8826728	4.0560927
-151.0256040	16.1596000	153.7300000	46.1400000	1495.7559247	4.0570927
-151.0256040	16.6596000	153.7300000	46.1400000	1485.6749835	4.0580927
-151.0256040	17.1596000	153.7300000	46.1400000	1475.6407253	4.0590927
-151.0256040	17.6596000	153.7300000	46.1400000	1465.6540450	4.0600927
-151.0256040	18.1596000	153.7300000	46.1400000	1455.7158566	4.0610927
-151.0256040	18.6596000	153.7300000	46.1400000	1445.6913327	4.0624742
-151.0256040	19.1596000	153.7300000	46.1400000	1435.8539047	4.0634742
-151.0256040	19.6596000	153.7300000	46.1400000	1425.8508337	4.0650927
-151.0256040	20.1596000	153.7300000	46.1400000	1415.9857855	4.0664742
-151.0256040	20.6596000	153.7300000	46.1400000	1406.0940386	4.0680927
-151.0256040	21.1596000	153.7300000	46.1400000	1396.4720074	4.0690927
-151.0256040	21.6596000	153.7300000	46.1400000	1386.7754273	4.0704742
-151.0256040	22.1596000	153.7300000	46.1400000	1377.0570412	4.0720927
-151.0256040	22.6596000	153.7300000	46.1400000	1367.6069425	4.0730927
-151.0256040	23.1596000	153.7300000	46.1400000	1358.0883968	4.0744742
-151.0256040	23.6596000	153.7300000	46.1400000	1348.7577719	4.0754742
-151.0256040	24.1596000	153.7300000	46.1400000	1339.4881682	4.0764742
-151.0256040	24.6596000	153.7300000	46.1400000	1330.2807787	4.0774742
-151.0256040	25.1596000	153.7300000	46.1400000	1321.1368203	4.0784742
-151.0256040	25.6596000	153.7300000	46.1400000	1312.1802317	4.0790927
-151.0256040	26.1596000	153.7300000	46.1400000	1303.1660093	4.0800927
-151.0256040	26.6596000	153.7300000	46.1400000	1294.2190204	4.0810927
-150.5256040	14.6596000	153.7300000	46.1400000	1535.0840305	4.0550927
-150.5256040	15.1596000	153.7300000	46.1400000	1524.8866430	4.0560927
-150.5256040	15.6596000	153.7300000	46.1400000	1514.7330047	4.0570927
-150.5256040	16.1596000	153.7300000	46.1400000	1504.8533165	4.0574742
-150.5256040	16.6596000	153.7300000	46.1400000	1494.7880907	4.0584742
-150.5256040	17.1596000	153.7300000	46.1400000	1484.7691616	4.0594742
-150.5256040	17.6596000	153.7300000	46.1400000	1474.5727871	4.0610927
-150.5256040	18.1596000	153.7300000	46.1400000	1464.6506845	4.0620927
-150.5256040	18.6596000	153.7300000	46.1400000	1454.7775744	4.0630927
-150.5256040	19.1596000	153.7300000	46.1400000	1444.8187841	4.0644742
-150.5256040	19.6596000	153.7300000	46.1400000	1434.8291452	4.0660927
-150.5256040	20.1596000	153.7300000	46.1400000	1424.9775532	4.0674742
-150.5256040	20.6596000	153.7300000	46.1400000	1415.3134062	4.0684742
-150.5256040	21.1596000	153.7300000	46.1400000	1405.4895006	4.0700927
-150.5256040	21.6596000	153.7300000	46.1400000	1395.8048506	4.0714742
-150.5256040	22.1596000	153.7300000	46.1400000	1386.3078714	4.0724742
-150.5256040	22.6596000	153.7300000	46.1400000	1376.6588927	4.0740927
-150.5256040	23.1596000	153.7300000	46.1400000	1367.2785758	4.0750927
-150.5256040	23.6596000	153.7300000	46.1400000	1357.9575233	4.0760927
-150.5256040	24.1596000	153.7300000	46.1400000	1348.6968859	4.0770927
-150.5256040	24.6596000	153.7300000	46.1400000	1339.4978368	4.0780927
-150.5256040	25.1596000	153.7300000	46.1400000	1330.3615726	4.0790927
-150.5256040	25.6596000	153.7300000	46.1400000	1321.4896507	4.0794742
-150.5256040	26.1596000	153.7300000	46.1400000	1312.4812258	4.0804742
-150.5256040	26.6596000	153.7300000	46.1400000	1303.5393279	4.0814742
-150.0256040	14.6596000	153.7300000	46.1400000	1543.9117642	4.0560927
-150.0256040	15.1596000	153.7300000	46.1400000	1533.9661202	4.0564742
-150.0256040	15.6596000	153.7300000	46.1400000	1523.8283907	4.0574742
-150.0256040	16.1596000	153.7300000	46.1400000	1513.7348712	4.0584742
-150.0256040	16.6596000	153.7300000	46.1400000	1503.6863969	4.0594742
-150.0256040	17.1596000	153.7300000	46.1400000	1493.6838205	4.0604742
-150.0256040	17.6596000	153.7300000	46.1400000	1483.7280123	4.0614742
-150.0256040	18.1596000	153.7300000	46.1400000	1473.5954955	4.0630927
-150.0256040	18.6596000	153.7300000	46.1400000	1463.7374637	4.0640927
-150.0256040	19.1596000	153.7300000	46.1400000	1453.7924927	4.0654742
-150.0256040	19.6596000	153.7300000	46.1400000	1443.8157026	4.0670927
-150.0256040	20.1596000	153.7300000	46.1400000	1434.1114426	4.0680927
-150.0256040	20.6596000	153.7300000	46.1400000	1424.3260193	4.0694742
-150.0256040	21.1596000	153.7300000	46.1400000	1414.5134712	4.0710927
-150.0256040	21.6596000	153.7300000	46.1400000	1404.9717564	4.0720927
-150.0256040	22.1596000	153.7300000	46.1400000	1395.4854624	4.0730927
-150.0256040	22.6596000	153.7300000	46.1400000	1385.9258908	4.0744742
-150.0256040	23.1596000	153.7300000	46.1400000	1376.5545686	4.0754742
-150.0256040	23.6596000	153.7300000	46.1400000	1367.2419258	4.0764742
-150.0256040	24.1596000	153.7300000	46.1400000	1357.9890941	4.0774742
-150.0256040	24.6596000	153.7300000	46.1400000	1348.7972278	4.0784742
-150.0256040	25.1596000	153.7300000	46.1400000	1339.6675036	4.0794742
-150.0256040	25.6596000	153.7300000	46.1400000	1330.7255230	4.0800927
-150.0256040	26.1596000	153.7300000	46.1400000	1321.7228334	4.0810927
-150.0256040	26.6596000	153.7300000	46.1400000	1312.7859611	4.0820927
-149.5256040	14.6596000	153.7300000	46.1400000	1552.9895353	4.0564742
-149.5256040	15.1596000	153.7300000	46.1400000	1542.9708165	4.0570927
-149.5256040	15.6596000	153.7300000	46.1400000	1532.8490717	4.0580927
-149.5256040	16.1596000	153.7300000	46.1400000	1522.7711610	4.0590927
-149.5256040	16.6596000	153.7300000	46.1400000	1512.7379084	4.0600927
-149.5256040	17.1596000	153.7300000	46.1400000	1502.6090145	4.0614742
-149.5256040	17.6596000	153.7300000	46.1400000	1492.6685869	4.0624742
-149.5256040	18.1596000	153.7300000	46.1400000	1482.5497149	4.0640927
-149.5256040	18.6596000	153.7300000	46.1400000	1472.7061925	4.0650927
-149.5256040	19.1596000	153.7300000	46.1400000	1462.7744676	4.0664742
-149.5256040	19.6596000	153.7300000	46.1400000	1452.8099495	4.0680927
-149.5256040	20.1596000	153.7300000	46.1400000	1443.1187910	4.0690927
-149.5256040	20.6596000	153.7300000	46.1400000	1433.3451596	4.0704742
-149.5256040	21.1596000	153.7300000	46.1400000	1423.7596489	4.0714742
-149.5256040	21.6596000	153.7300000	46.1400000	1414.0132297	4.0730927
-149.5256040	22.1596000	153.7300000	46.1400000	1404.5379524	4.0740927
-149.5256040	22.6596000	153.7300000	46.1400000	1395.1186014	4.0750927
-149.5256040	23.1596000	153.7300000	46.1400000	1385.7562474	4.0760927
-149.5256040	23.6596000	153.7300000	46.1400000	1376.4519823	4.0770927
-149.5256040	24.1596000	153.7300000	46.1400000	1367.2069197	4.0780927
-149.5256040	24.6596000	153.7300000	46.1400000	1358.0221949	4.0790927
-149.5256040	25.1596000	153.7300000	46.1400000	1348.8989651	4.0800927
-149.5256040	25.6596000	153.7300000	46.1400000	1340.0415102	4.0804742
-149.5256040	26.1596000	153.7300000	46.1400000	1331.0434191	4.0814742
-149.5256040	26.6596000	153.7300000	46.1400000	1322.1104404	4.0824742
-149.0256040	14.6596000	153.7300000	46.1400000	1561.9913515	4.0570927
-149.0256040	15.1596000	153.7300000	46.1400000	1551.8433897	4.0580927
-149.0256040	15.6596000	153.7300000	46.1400000	1541.7380801	4.0590927
-149.0256040	16.1596000	153.7300000	46.1400000	1531.6762193	4.0600927
-149.0256040	16.6596000	153.7300000	46.1400000	1521.6586204	4.0610927
-149.0256040	17.1596000	153.7300000	46.1400000	1511.5441683	4.0624742
-149.0256040	17.6596000	153.7300000	46.1400000	1501.6185656	4.0634742
-149.0256040	18.1596000	153.7300000	46.1400000	1491.5127782	4.0650927
-149.0256040	18.6596000	153.7300000	46.1400000	1481.6832021	4.0660927
-149.0256040	19.1596000	153.7300000	46.1400000	1471.7641562	4.0674742
-149.0256040	19.6596000	153.7300000	46.1400000	1462.0335828	4.0684742
-149.0256040	20.1596000	153.7300000	46.1400000	1452.1327097	4.0700927
-149.0256040	20.6596000	153.7300000	46.1400000	1442.5054436	4.0710927
-149.0256040	21.1596000	153.7300000	46.1400000	1432.7962961	4.0724742
-149.0256040	21.6596000	153.7300000	46.1400000	1423.2756238	4.0734742
-149.0256040	22.1596000	153.7300000	46.1400000	1413.8092907	4.0744742
-149.0256040	22.6596000	153.7300000	46.1400000	1404.3983302	4.0754742
-149.0256040	23.1596000	153.7300000	46.1400000	1395.0437960	4.0764742
-149.0256040	23.6596000	153.7300000	46.1400000	1385.7467628	4.0774742
-149.0256040	24.1596000	153.7300000	46.1400000	1376.5083261	4.0784742
-149.0256040	24.6596000	153.7300000	46.1400000	1367.3296028	4.0794742
-149.0256040	25.1596000	153.7300000	46.1400000	1358.2117312	4.0804742
-149.0256040	25.6596000	153.7300000	46.1400000	1349.1558715	4.0814742
-149.0256040	26.1596000	153.7300000	46.1400000	1340.2884400	4.0820927
-149.0256040	26.6596000	153.7300000	46.1400000	1331.3593077	4.0830927
-162.0256040	19.9863000	153.7300000	46.1400000	1218.4681860	4.0654742
-161.3675990	17.7469010	153.7300000	46.1400000	1273.7186449	4.0684742
-161.3148960	21.9563010	153.7300000	46.1400000	1193.6657478	4.0630927
-161.0950010	23.9972000	153.7300000	46.1400000	1158.4667018	4.0654742
-160.0475010	19.8234000	153.7300000	46.1400000	1258.0849508	4.0620927
-159.6649930	22.1229990	153.7300000	46.1400000	1220.6613322	4.0624742
-159.4010010	21.9710010	153.7300000	46.1400000	1228.4784840	4.0620927
-158.9824980	15.5740000	153.7300000	46.1400000	1360.1772172	4.0664742
-158.9331050	24.5737990	153.7300000	46.1400000	1186.7871792	4.0684742
-158.9030000	21.2984010	153.7300000	46.1400000	1250.6700529	4.0610927
-158.7601930	18.5646990	153.7300000	46.1400000	1306.4307426	4.0604742
-158.1853940	22.6201990	153.7300000	46.1400000	1237.9494533	4.0640927
-158.1795040	20.3778000	153.7300000	46.1400000	1281.8128257	4.0600927
-157.9310000	21.6460000	153.7300000	46.1400000	1261.5525547	4.0620927
-157.8591000	14.6596000	153.7300000	46.1400000	1399.0043629	4.0650927
-157.7008060	16.3484000	153.7300000	46.1400000	1369.1841329	4.0610927
-157.6275940	20.3461000	153.7300000	46.1400000	1292.4969429	4.0600927
-157.2700040	21.1089990	153.7300000	46.1400000	1284.1754146	4.0610927
-157.2272950	18.9848000	153.7300000	46.1400000	1326.6122761	4.0584742
-156.9646000	24.3120990	153.7300000	46.1400000	1227.4648795	4.0704742
-156.9320070	19.8327010	153.7300000	46.1400000	1315.3998667	4.0590927
-156.8081970	18.4042000	153.7300000	46.1400000	1345.6729239	4.0580927
-156.7559970	21.1360000	153.7300000	46.1400000	1292.9940631	4.0614742
-156.6580050	20.8910010	153.7300000	46.1400000	1299.5619464	4.0610927
-156.5101010	19.4776990	153.7300000	46.1400000	1330.1576437	4.0584742
-156.4651030	18.7750000	153.7300000	46.1400000	1344.7019786	4.0580927
-156.3876950	17.6149010	153.7300000	46.1400000	1368.9755395	4.0574742
-156.2066040	16.1620010	153.7300000	46.1400000	1400.7586313	4.0580927
-156.1670070	18.3010010	153.7300000	46.1400000	1359.6940078	4.0570927
-155.9969940	20.7710000	153.7300000	46.1400000	1314.0103132	4.0610927
-155.7729950	19.0790000	153.7300000	46.1400000	1351.4734118	4.0580927
-155.7653050	26.7766990	153.7300000	46.1400000	1204.0521665	4.0774742
-155.7149960	18.0002990	153.7300000	46.1400000	1373.8022748	4.0570927
-155.7109990	20.0460000	153.7300000	46.1400000	1333.3913764	4.0600927
-155.6793980	21.2055000	153.7300000	46.1400000	1311.0217066	4.0630927
-155.6362000	22.2999000	153.7300000	46.1400000	1290.4107807	4.0660927
-154.9944000	21.5070000	153.7300000	46.1400000	1317.6009085	4.0644742
-154.9830020	19.6010000	153.7300000	46.1400000	1355.5022897	4.0594742
-154.7973940	18.8031010	153.7300000	46.1400000	1374.7012055	4.0580927
-154.6912990	17.1800990	153.7300000	46.1400000	1408.8649398	4.0560927
-154.6177980	20.0889000	153.7300000	46.1400000	1352.4043918	4.0610927
-154.4958950	18.4016990	153.7300000	46.1400000	1388.2006642	4.0574742
-154.4828030	21.0019000	153.7300000	46.1400000	1336.8768181	4.0634742
-154.3939970	19.2625010	153.7300000	46.1400000	1372.9646643	4.0590927
-154.2518010	21.1686990	153.7300000	46.1400000	1337.7070960	4.0644742
-154.0305020	17.9884000	153.7300000	46.1400000	1404.8827292	4.0570927
-153.9922940	18.7976000	153.7300000	46.1400000	1389.4988841	4.0584742
-153.9826970	21.5196990	153.7300000	46.1400000	1335.6232714	4.0660927
-153.9674990	14.7313000	153.7300000	46.1400000	1470.4296903	4.0560927
-153.9024050	19.9790990	153.7300000	46.1400000	1367.5933763	4.0614742
-153.8681950	17.3153990	153.7300000	46.1400000	1421.2887626	4.0560927
-153.7008060	17.2975010	153.7300000	46.1400000	1424.7088947	4.0560927
-153.5032040	19.4951990	153.7300000	46.1400000	1384.5141111	4.0604742
-153.2958980	18.8009000	153.7300000	46.1400000	1402.0791913	4.0590927
-153.2920990	20.8925990	153.7300000	46.1400000	1360.5022662	4.0650927
-153.2906040	17.9062000	153.7300000	46.1400000	1419.9567966	4.0574742
-152.9812010	18.3018000	153.7300000	46.1400000	1417.6882175	4.0584742
-152.7657930	25.5928000	153.7300000	46.1400000	1281.0784732	4.0774742
-152.1324010	18.4814000	153.7300000	46.1400000	1429.3816447	4.0600927
-151.6866000	14.6891000	153.7300000	46.1400000	1513.1903178	4.0550927
-151.6376040	16.7378010	153.7300000	46.1400000	1473.2157079	4.0570927
-150.9149930	18.9142000	153.7300000	46.1400000	1442.6962600	4.0630927
-149.0009000	16.9890000	153.7300000	46.1400000	1515.4162539	4.0620927
