-162.0256040	14.6596000	153.7300000	46.1400000	1331.6735097	4.0490000
-162.0256040	15.1596000	153.7300000	46.1400000	1321.6069350	4.0480000
-162.0256040	15.6596000	153.7300000	46.1400000	1311.5800314	4.0470000
-162.0256040	16.1596000	153.7300000	46.1400000	1301.5939689	4.0460000
-162.0256040	16.6596000	153.7300000	46.1400000	1291.9693489	4.0440000
-162.0256040	17.1596000	153.7300000	46.1400000	1282.0662388	4.0430000
-162.0256040	17.6596000	153.7300000	46.1400000	1272.2076873	4.0420000
-162.0256040	18.1596000	153.7300000	46.1400000	1262.3949995	4.0410000
-162.0256040	18.6596000	153.7300000	46.1400000	1252.9396501	4.0390000
-162.0256040	19.1596000	153.7300000	46.1400000	1243.2204205	4.0380000
-162.0256040	19.6596000	153.7300000	46.1400000	1233.5512011	4.0370000
-162.0256040	20.1596000	153.7300000	46.1400000	1223.9334469	4.0360000
-162.0256040	20.6596000	153.7300000	46.1400000	1214.3686529	4.0350000
-162.0256040	21.1596000	153.7300000	46.1400000	1204.8583546	4.0340000
-162.0256040	21.6596000	153.7300000	46.1400000	1195.1077972	4.0340000
-162.0256040	22.1596000	153.7300000	46.1400000	1185.4195912	4.0340000
-162.0256040	22.6596000	153.7300000	46.1400000	1175.7953560	4.0340000
-162.0256040	23.1596000	153.7300000	46.1400000	1166.2367535	4.0340000
-162.0256040	23.6596000	153.7300000	46.1400000	1156.7454893	4.0340000
-162.0256040	24.1596000	153.7300000	46.1400000	1147.0389706	4.0350000
-162.0256040	24.6596000	153.7300000	46.1400000	1137.6899958	4.0350000
-162.0256040	25.1596000	153.7300000	46.1400000	1128.1341406	4.0360000
-162.0256040	25.6596000	153.7300000	46.1400000	1118.6575770	4.0370000
-162.0256040	26.1596000	153.7300000	46.1400000	1109.5369534	4.0370000
-162.0256040	26.6596000	153.7300000	46.1400000	1100.2222687	4.0380000
-161.5256040	14.6596000	153.7300000	46.1400000	1340.6321663	4.0480000
-161.5256040	15.1596000	153.7300000	46.1400000	1330.5958438	4.0470000
-161.5256040	15.6596000	153.7300000	46.1400000	1320.5990763	4.0460000
-161.5256040	16.1596000	153.7300000	46.1400000	1310.9671175	4.0440000
-161.5256040	16.6596000	153.7300000	46.1400000	1301.0505936	4.0430000
-161.5256040	17.1596000	153.7300000	46.1400000	1291.1772037	4.0420000
-161.5256040	17.6596000	153.7300000	46.1400000	1281.6653690	4.0400000
-161.5256040	18.1596000	153.7300000	46.1400000	1271.8797052	4.0390000
-161.5256040	18.6596000	153.7300000	46.1400000	1262.1410570	4.0380000
-161.5256040	19.1596000	153.7300000	46.1400000	1252.4507861	4.0370000
-161.5256040	19.6596000	153.7300000	46.1400000	1242.8102910	4.0360000
-161.5256040	20.1596000	153.7300000	46.1400000	1233.2210082	4.0350000
-161.5256040	20.6596000	153.7300000	46.1400000	1223.6844130	4.0340000
-161.5256040	21.1596000	153.7300000	46.1400000	1214.2020203	4.0330000
-161.5256040	21.6596000	153.7300000	46.1400000	1204.4766562	4.0330000
-161.5256040	22.1596000	153.7300000	46.1400000	1194.8132933	4.0330000
-161.5256040	22.6596000	153.7300000	46.1400000	1185.2135272	4.0330000
-161.5256040	23.1596000	153.7300000	46.1400000	1175.6789949	4.0330000
-161.5256040	23.6596000	153.7300000	46.1400000	1165.9222804	4.0340000
-161.5256040	24.1596000	153.7300000	46.1400000	1156.5256272	4.0340000
-161.5256040	24.6596000	153.7300000	46.1400000	1146.9150471	4.0350000
-161.5256040	25.1596000	153.7300000	46.1400000	1137.3813895	4.0360000
-161.5256040	25.6596000	153.7300000	46.1400000	1127.9264522	4.0370000
-161.5256040	26.1596000	153.7300000	46.1400000	1118.5520772	4.0380000
-161.5256040	26.6596000	153.7300000	46.1400000	1109.5348564	4.0380000
-161.0256040	14.6596000	153.7300000	46.1400000	1349.6297514	4.0470000
-161.0256040	15.1596000	153.7300000	46.1400000	1339.9543003	4.0450000
-161.0256040	15.6596000	153.7300000	46.1400000	1329.9847123	4.0440000
-161.0256040	16.1596000	153.7300000	46.1400000	1320.0557048	4.0430000
-161.0256040	16.6596000	153.7300000	46.1400000	1310.1684547	4.0420000
-161.0256040	17.1596000	153.7300000	46.1400000	1300.6460335	4.0400000
-161.0256040	17.6596000	153.7300000	46.1400000	1290.8436110	4.0390000
-161.0256040	18.1596000	153.7300000	46.1400000	1281.0866813	4.0380000
-161.0256040	18.6596000	153.7300000	46.1400000	1271.6915632	4.0360000
-161.0256040	19.1596000	153.7300000	46.1400000	1262.0272670	4.0350000
-161.0256040	19.6596000	153.7300000	46.1400000	1252.4125101	4.0340000
-161.0256040	20.1596000	153.7300000	46.1400000	1242.5406175	4.0340000
-161.0256040	20.6596000	153.7300000	46.1400000	1233.0315140	4.0330000
-161.0256040	21.1596000	153.7300000	46.1400000	1223.2729156	4.0330000
-161.0256040	21.6596000	153.7300000	46.1400000	1213.5744087	4.0330000
-161.0256040	22.1596000	153.7300000	46.1400000	1203.9375253	4.0330000
-161.0256040	22.6596000	153.7300000	46.1400000	1194.3638368	4.0330000
-161.0256040	23.1596000	153.7300000	46.1400000	1184.8549554	4.0330000
-161.0256040	23.6596000	153.7300000	46.1400000	1175.1211579	4.0340000
-161.0256040	24.1596000	153.7300000	46.1400000	1165.4603068	4.0350000
-161.0256040	24.6596000	153.7300000	46.1400000	1156.1605466	4.0350000
-161.0256040	25.1596000	153.7300000	46.1400000	1146.6482501	4.0360000
-161.0256040	25.6596000	153.7300000	46.1400000	1137.2140936	4.0370000
-161.0256040	26.1596000	153.7300000	46.1400000	1127.8598868	4.0380000
-161.0256040	26.6596000	153.7300000	46.1400000	1118.5874829	4.0390000
-160.5256040	14.6596000	153.7300000	46.1400000	1359.0012925	4.0450000
-160.5256040	15.1596000	153.7300000	46.1400000	1349.0214079	4.0440000
-160.5256040	15.6596000	153.7300000	46.1400000	1339.0808159	4.0430000
-160.5256040	16.1596000	153.7300000	46.1400000	1329.5095739	4.0410000
-160.5256040	16.6596000	153.7300000	46.1400000	1319.6486398	4.0400000
-160.5256040	17.1596000	153.7300000	46.1400000	1309.8305008	4.0390000
-160.5256040	17.6596000	153.7300000	46.1400000	1300.3784198	4.0370000
-160.5256040	18.1596000	153.7300000	46.1400000	1290.6472554	4.0360000
-160.5256040	18.6596000	153.7300000	46.1400000	1280.9626780	4.0350000
-160.5256040	19.1596000	153.7300000	46.1400000	1271.3260160	4.0340000
-160.5256040	19.6596000	153.7300000	46.1400000	1261.7386330	4.0330000
-160.5256040	20.1596000	153.7300000	46.1400000	1251.8914397	4.0330000
-160.5256040	20.6596000	153.7300000	46.1400000	1242.4091261	4.0320000
-160.5256040	21.1596000	153.7300000	46.1400000	1232.6745912	4.0320000
-160.5256040	21.6596000	153.7300000	46.1400000	1222.9997959	4.0320000
-160.5256040	22.1596000	153.7300000	46.1400000	1213.3862499	4.0320000
-160.5256040	22.6596000	153.7300000	46.1400000	1203.5370052	4.0330000
-160.5256040	23.1596000	153.7300000	46.1400000	1194.0529943	4.0330000
-160.5256040	23.6596000	153.7300000	46.1400000	1184.3413175	4.0340000
-160.5256040	24.1596000	153.7300000	46.1400000	1174.7020857	4.0350000
-160.5256040	24.6596000	153.7300000	46.1400000	1165.1369534	4.0360000
-160.5256040	25.1596000	153.7300000	46.1400000	1155.9339507	4.0360000
-160.5256040	25.6596000	153.7300000	46.1400000	1146.5197415	4.0370000
-160.5256040	26.1596000	153.7300000	46.1400000	1137.1848616	4.0380000
-160.5256040	26.6596000	153.7300000	46.1400000	1127.9311312	4.0390000
-160.0256040	14.6596000	153.7300000	46.1400000	1368.0764965	4.0440000
-160.0256040	15.1596000	153.7300000	46.1400000	1358.4611927	4.0420000
-160.0256040	15.6596000	153.7300000	46.1400000	1348.5466541	4.0410000
-160.0256040	16.1596000	153.7300000	46.1400000	1338.6723841	4.0400000
-160.0256040	16.6596000	153.7300000	46.1400000	1329.1686176	4.0380000
-160.0256040	17.1596000	153.7300000	46.1400000	1319.3760260	4.0370000
-160.0256040	17.6596000	153.7300000	46.1400000	1309.6272592	4.0360000
-160.0256040	18.1596000	153.7300000	46.1400000	1299.9235626	4.0350000
-160.0256040	18.6596000	153.7300000	46.1400000	1290.2662145	4.0340000
-160.0256040	19.1596000	153.7300000	46.1400000	1280.6565265	4.0330000
-160.0256040	19.6596000	153.7300000	46.1400000	1271.0958450	4.0320000
-160.0256040	20.1596000	153.7300000	46.1400000	1261.2726578	4.0320000
-160.0256040	20.6596000	153.7300000	46.1400000	1251.8164376	4.0310000
-160.0256040	21.1596000	153.7300000	46.1400000	1242.1052495	4.0310000
-160.0256040	21.6596000	153.7300000	46.1400000	1232.1477698	4.0320000
-160.0256040	22.1596000	153.7300000	46.1400000	1222.5592008	4.0320000
-160.0256040	22.6596000	153.7300000	46.1400000	1213.0330056	4.0320000
-160.0256040	23.1596000	153.7300000	46.1400000	1203.2723168	4.0330000
-160.0256040	23.6596000	153.7300000	46.1400000	1193.5819740	4.0340000
-160.0256040	24.1596000	153.7300000	46.1400000	1183.9635655	4.0350000
-160.0256040	24.6596000	153.7300000	46.1400000	1174.4187185	4.0360000
-160.0256040	25.1596000	153.7300000	46.1400000	1164.9490993	4.0370000
-160.0256040	25.6596000	153.7300000	46.1400000	1155.5564142	4.0380000
-160.0256040	26.1596000	153.7300000	46.1400000	1146.5262739	4.0380000
-160.0256040	26.6596000	153.7300000	46.1400000	1137.2903816	4.0390000
-159.5256040	14.6596000	153.7300000	46.1400000	1377.5288250	4.0420000
-159.5256040	15.1596000	153.7300000	46.1400000	1367.6031645	4.0410000
-159.5256040	15.6596000	153.7300000	46.1400000	1358.0526358	4.0390000
-159.5256040	16.1596000	153.7300000	46.1400000	1348.2036901	4.0380000
-159.5256040	16.6596000	153.7300000	46.1400000	1338.3959820	4.0370000
-159.5256040	17.1596000	153.7300000	46.1400000	1328.9599565	4.0350000
-159.5256040	17.6596000	153.7300000	46.1400000	1319.2359315	4.0340000
-159.5256040	18.1596000	153.7300000	46.1400000	1309.5567521	4.0330000
-159.5256040	18.6596000	153.7300000	46.1400000	1299.9236810	4.0320000
-159.5256040	19.1596000	153.7300000	46.1400000	1290.0179894	4.0320000
-159.5256040	19.6596000	153.7300000	46.1400000	1280.4833415	4.0310000
-159.5256040	20.1596000	153.7300000	46.1400000	1270.6834723	4.0310000
-159.5256040	20.6596000	153.7300000	46.1400000	1260.9397664	4.0310000
-159.5256040	21.1596000	153.7300000	46.1400000	1251.2536183	4.0310000
-159.5256040	21.6596000	153.7300000	46.1400000	1241.6264577	4.0310000
-159.5256040	22.1596000	153.7300000	46.1400000	1231.7541799	4.0320000
-159.5256040	22.6596000	153.7300000	46.1400000	1222.2517850	4.0320000
-159.5256040	23.1596000	153.7300000	46.1400000	1212.5121468	4.0330000
-159.5256040	23.6596000	153.7300000	46.1400000	1202.8423611	4.0340000
-159.5256040	24.1596000	153.7300000	46.1400000	1193.2439904	4.0350000
-159.5256040	24.6596000	153.7300000	46.1400000	1183.7186346	4.0360000
-159.5256040	25.1596000	153.7300000	46.1400000	1174.2679321	4.0370000
-159.5256040	25.6596000	153.7300000	46.1400000	1164.8935598	4.0380000
-159.5256040	26.1596000	153.7300000	46.1400000	1155.5972339	4.0390000
-159.5256040	26.6596000	153.7300000	46.1400000	1146.3807103	4.0400000
-159.0256040	14.6596000	153.7300000	46.1400000	1386.6783731	4.0410000
-159.0256040	15.1596000	153.7300000	46.1400000	1377.1210497	4.0390000
-159.0256040	15.6596000	153.7300000	46.1400000	1367.2592998	4.0380000
-159.0256040	16.1596000	153.7300000	46.1400000	1357.7737905	4.0360000
-159.0256040	16.6596000	153.7300000	46.1400000	1347.9906425	4.0350000
-159.0256040	17.1596000	153.7300000	46.1400000	1338.2496931	4.0340000
-159.0256040	17.6596000	153.7300000	46.1400000	1328.5521274	4.0330000
-159.0256040	18.1596000	153.7300000	46.1400000	1318.8991611	4.0320000
-159.0256040	18.6596000	153.7300000	46.1400000	1309.2920412	4.0310000
-159.0256040	19.1596000	153.7300000	46.1400000	1299.7320466	4.0300000
-159.0256040	19.6596000	153.7300000	46.1400000	1289.9003350	4.0300000
-159.0256040	20.1596000	153.7300000	46.1400000	1280.1231012	4.0300000
-159.0256040	20.6596000	153.7300000	46.1400000	1270.4016865	4.0300000
-159.0256040	21.1596000	153.7300000	46.1400000	1260.7374659	4.0300000
-159.0256040	21.6596000	153.7300000	46.1400000	1250.8214708	4.0310000
-159.0256040	22.1596000	153.7300000	46.1400000	1240.9704118	4.0320000
-159.0256040	22.6596000	153.7300000	46.1400000	1231.1857193	4.0330000
-159.0256040	23.1596000	153.7300000	46.1400000	1221.7717267	4.0330000
-159.0256040	23.6596000	153.7300000	46.1400000	1212.1217309	4.0340000
-159.0256040	24.1596000	153.7300000	46.1400000	1202.2446684	4.0360000
-159.0256040	24.6596000	153.7300000	46.1400000	1192.7404495	4.0370000
-159.0256040	25.1596000	153.7300000	46.1400000	1183.3102823	4.0380000
-159.0256040	25.6596000	153.7300000	46.1400000	1174.2465418	4.0380000
-159.0256040	26.1596000	153.7300000	46.1400000	1164.9670908	4.0390000
-159.0256040	26.6596000	153.7300000	46.1400000	1155.7667703	4.0400000
-158.5256040	14.6596000	153.7300000	46.1400000	1396.2083189	4.0390000
-158.5256040	15.1596000	153.7300000	46.1400000	1386.3346725	4.0380000
-158.5256040	15.6596000	153.7300000	46.1400000	1376.8407029	4.0360000
-158.5256040	16.1596000	153.7300000	46.1400000	1367.0430416	4.0350000
-158.5256040	16.6596000	153.7300000	46.1400000	1357.6227540	4.0330000
-158.5256040	17.1596000	153.7300000	46.1400000	1347.9055658	4.0320000
-158.5256040	17.6596000	153.7300000	46.1400000	1338.2315286	4.0310000
-158.5256040	18.1596000	153.7300000	46.1400000	1328.6018433	4.0300000
-158.5256040	18.6596000	153.7300000	46.1400000	1318.6904418	4.0300000
-158.5256040	19.1596000	153.7300000	46.1400000	1309.1554722	4.0290000
-158.5256040	19.6596000	153.7300000	46.1400000	1299.3460544	4.0290000
-158.5256040	20.1596000	153.7300000	46.1400000	1289.5907787	4.0290000
-158.5256040	20.6596000	153.7300000	46.1400000	1279.5733769	4.0300000
-158.5256040	21.1596000	153.7300000	46.1400000	1269.9327790	4.0300000
-158.5256040	21.6596000	153.7300000	46.1400000	1260.0377111	4.0310000
-158.5256040	22.1596000	153.7300000	46.1400000	1250.2071389	4.0320000
-158.5256040	22.6596000	153.7300000	46.1400000	1240.4424704	4.0330000
-158.5256040	23.1596000	153.7300000	46.1400000	1230.7451475	4.0340000
-158.5256040	23.6596000	153.7300000	46.1400000	1221.1166467	4.0350000
-158.5256040	24.1596000	153.7300000	46.1400000	1211.5584792	4.0360000
-158.5256040	24.6596000	153.7300000	46.1400000	1202.0721921	4.0370000
-158.5256040	25.1596000	153.7300000	46.1400000	1192.6593683	4.0380000
-158.5256040	25.6596000	153.7300000	46.1400000	1183.3216272	4.0390000
-158.5256040	26.1596000	153.7300000	46.1400000	1174.0606253	4.0400000
-158.5256040	26.6596000	153.7300000	46.1400000	1165.1663926	4.0400000
-158.0256040	14.6596000	153.7300000	46.1400000	1405.7771907	4.0370000
-158.0256040	15.1596000	153.7300000	46.1400000	1395.9275480	4.0360000
-158.0256040	15.6596000	153.7300000	46.1400000	1386.4599433	4.0340000
-158.0256040	16.1596000	153.7300000	46.1400000	1376.6858953	4.0330000
-158.0256040	16.6596000	153.7300000	46.1400000	1366.9524595	4.0320000
-158.0256040	17.1596000	153.7300000	46.1400000	1357.2607645	4.0310000
-158.0256040	17.6596000	153.7300000	46.1400000	1347.6119671	4.0300000
-158.0256040	18.1596000	153.7300000	46.1400000	1338.0072535	4.0290000
-158.0256040	18.6596000	153.7300000	46.1400000	1328.1181182	4.0290000
-158.0256040	19.1596000	153.7300000	46.1400000	1318.2802513	4.0290000
-158.0256040	19.6596000	153.7300000	46.1400000	1308.4948948	4.0290000
-158.0256040	20.1596000	153.7300000	46.1400000	1298.7633215	4.0290000
-158.0256040	20.6596000	153.7300000	46.1400000	1289.0868352	4.0290000
-158.0256040	21.1596000	153.7300000	46.1400000	1279.1492860	4.0300000
-158.0256040	21.6596000	153.7300000	46.1400000	1269.2744299	4.0310000
-158.0256040	22.1596000	153.7300000	46.1400000	1259.4636203	4.0320000
-158.0256040	22.6596000	153.7300000	46.1400000	1249.7182436	4.0330000
-158.0256040	23.1596000	153.7300000	46.1400000	1240.0397188	4.0340000
-158.0256040	23.6596000	153.7300000	46.1400000	1230.4294985	4.0350000
-158.0256040	24.1596000	153.7300000	46.1400000	1220.8890693	4.0360000
-158.0256040	24.6596000	153.7300000	46.1400000	1211.1199475	4.0380000
-158.0256040	25.1596000	153.7300000	46.1400000	1201.7260997	4.0390000
-158.0256040	25.6596000	153.7300000	46.1400000	1192.7019157	4.0390000
-158.0256040	26.1596000	153.7300000	46.1400000	1183.4562153	4.0400000
-158.0256040	26.6596000	153.7300000	46.1400000	1174.2882664	4.0410000
-157.5256040	14.6596000	153.7300000	46.1400000	1415.0335597	4.0360000
-157.5256040	15.1596000	153.7300000	46.1400000	1405.5580668	4.0340000
-157.5256040	15.6596000	153.7300000	46.1400000	1395.7701112	4.0330000
-157.5256040	16.1596000	153.7300000	46.1400000	1386.3652846	4.0310000
-157.5256040	16.6596000	153.7300000	46.1400000	1376.6546699	4.0300000
-157.5256040	17.1596000	153.7300000	46.1400000	1366.9855556	4.0290000
-157.5256040	17.6596000	153.7300000	46.1400000	1357.0221876	4.0290000
-157.5256040	18.1596000	153.7300000	46.1400000	1347.4418273	4.0280000
-157.5256040	18.6596000	153.7300000	46.1400000	1337.5743212	4.0280000
-157.5256040	19.1596000	153.7300000	46.1400000	1327.7577627	4.0280000
-157.5256040	19.6596000	153.7300000	46.1400000	1317.9933771	4.0280000
-157.5256040	20.1596000	153.7300000	46.1400000	1307.9577031	4.0290000
-157.5256040	20.6596000	153.7300000	46.1400000	1298.3038559	4.0290000
-157.5256040	21.1596000	153.7300000	46.1400000	1288.3862469	4.0300000
-157.5256040	21.6596000	153.7300000	46.1400000	1278.5308946	4.0310000
-157.5256040	22.1596000	153.7300000	46.1400000	1268.7391319	4.0320000
-157.5256040	22.6596000	153.7300000	46.1400000	1259.0123234	4.0330000
-157.5256040	23.1596000	153.7300000	46.1400000	1249.0422369	4.0350000
-157.5256040	23.6596000	153.7300000	46.1400000	1239.4520124	4.0360000
-157.5256040	24.1596000	153.7300000	46.1400000	1229.9310118	4.0370000
-157.5256040	24.6596000	153.7300000	46.1400000	1220.4807304	4.0380000
-157.5256040	25.1596000	153.7300000	46.1400000	1211.1026978	4.0390000
-157.5256040	25.6596000	153.7300000	46.1400000	1201.7984780	4.0400000
-157.5256040	26.1596000	153.7300000	46.1400000	1192.5696700	4.0410000
-157.5256040	26.6596000	153.7300000	46.1400000	1183.7107606	4.0410000
-157.0256040	14.6596000	153.7300000	46.1400000	1424.6755154	4.0340000
-157.0256040	15.1596000	153.7300000	46.1400000	1415.2255045	4.0320000
-157.0256040	15.6596000	153.7300000	46.1400000	1405.4602535	4.0310000
-157.0256040	16.1596000	153.7300000	46.1400000	1395.7340662	4.0300000
-157.0256040	16.6596000	153.7300000	46.1400000	1386.0480179	4.0290000
-157.0256040	17.1596000	153.7300000	46.1400000	1376.4032103	4.0280000
-157.0256040	17.6596000	153.7300000	46.1400000	1366.4614476	4.0280000
-157.0256040	18.1596000	153.7300000	46.1400000	1356.9048260	4.0270000
-157.0256040	18.6596000	153.7300000	46.1400000	1347.0583166	4.0270000
-157.0256040	19.1596000	153.7300000	46.1400000	1337.2624246	4.0270000
-157.0256040	19.6596000	153.7300000	46.1400000	1327.1887861	4.0280000
-157.0256040	20.1596000	153.7300000	46.1400000	1317.5001900	4.0280000
-157.0256040	20.6596000	153.7300000	46.1400000	1307.5412987	4.0290000
-157.0256040	21.1596000	153.7300000	46.1400000	1297.6429376	4.0300000
-157.0256040	21.6596000	153.7300000	46.1400000	1287.8063891	4.0310000
-157.0256040	22.1596000	153.7300000	46.1400000	1278.0329655	4.0320000
-157.0256040	22.6596000	153.7300000	46.1400000	1268.0096015	4.0340000
-157.0256040	23.1596000	153.7300000	46.1400000	1258.3689564	4.0350000
-157.0256040	23.6596000	153.7300000	46.1400000	1248.7955421	4.0360000
-157.0256040	24.1596000	153.7300000	46.1400000	1239.2907965	4.0370000
-157.0256040	24.6596000	153.7300000	46.1400000	1229.5516949	4.0390000
-157.0256040	25.1596000	153.7300000	46.1400000	1220.4932269	4.0390000
-157.0256040	25.6596000	153.7300000	46.1400000	1211.2034439	4.0400000
-157.0256040	26.1596000	153.7300000	46.1400000	1201.9884123	4.0410000
-157.0256040	26.6596000	153.7300000	46.1400000	1193.1449242	4.0410000
-156.5256040	14.6596000	153.7300000	46.1400000	1434.3542079	4.0320000
-156.5256040	15.1596000	153.7300000	46.1400000	1424.5756568	4.0310000
-156.5256040	15.6596000	153.7300000	46.1400000	1414.8348893	4.0300000
-156.5256040	16.1596000	153.7300000	46.1400000	1405.1329423	4.0290000
-156.5256040	16.6596000	153.7300000	46.1400000	1395.4708783	4.0280000
-156.5256040	17.1596000	153.7300000	46.1400000	1385.8497859	4.0270000
-156.5256040	17.6596000	153.7300000	46.1400000	1375.9290191	4.0270000
-156.5256040	18.1596000	153.7300000	46.1400000	1366.3955254	4.0260000
-156.5256040	18.6596000	153.7300000	46.1400000	1356.2325163	4.0270000
-156.5256040	19.1596000	153.7300000	46.1400000	1346.4590813	4.0270000
-156.5256040	19.6596000	153.7300000	46.1400000	1336.7371040	4.0270000
-156.5256040	20.1596000	153.7300000	46.1400000	1326.7383440	4.0280000
-156.5256040	20.6596000	153.7300000	46.1400000	1316.7984478	4.0290000
-156.5256040	21.1596000	153.7300000	46.1400000	1306.9186497	4.0300000
-156.5256040	21.6596000	153.7300000	46.1400000	1296.7785109	4.0320000
-156.5256040	22.1596000	153.7300000	46.1400000	1287.0252255	4.0330000
-156.5256040	22.6596000	153.7300000	46.1400000	1277.3358983	4.0340000
-156.5256040	23.1596000	153.7300000	46.1400000	1267.3977805	4.0360000
-156.5256040	23.6596000	153.7300000	46.1400000	1257.8429025	4.0370000
-156.5256040	24.1596000	153.7300000	46.1400000	1248.3561142	4.0380000
-156.5256040	24.6596000	153.7300000	46.1400000	1238.9388615	4.0390000
-156.5256040	25.1596000	153.7300000	46.1400000	1229.5926224	4.0400000
-156.5256040	25.6596000	153.7300000	46.1400000	1220.3189075	4.0410000
-156.5256040	26.1596000	153.7300000	46.1400000	1211.4189680	4.0410000
-156.5256040	26.6596000	153.7300000	46.1400000	1202.2926337	4.0420000
-156.0256040	14.6596000	153.7300000	46.1400000	1444.0689370	4.0300000
-156.0256040	15.1596000	153.7300000	46.1400000	1434.3122177	4.0290000
-156.0256040	15.6596000	153.7300000	46.1400000	1424.5930495	4.0280000
-156.0256040	16.1596000	153.7300000	46.1400000	1414.9124577	4.0270000
-156.0256040	16.6596000	153.7300000	46.1400000	1404.9225300	4.0270000
-156.0256040	17.1596000	153.7300000	46.1400000	1395.3245643	4.0260000
-156.0256040	17.6596000	153.7300000	46.1400000	1385.4241877	4.0260000
-156.0256040	18.1596000	153.7300000	46.1400000	1375.5714586	4.0260000
-156.0256040	18.6596000	153.7300000	46.1400000	1365.7674990	4.0260000
-156.0256040	19.1596000	153.7300000	46.1400000	1355.6767268	4.0270000
-156.0256040	19.6596000	153.7300000	46.1400000	1345.9761882	4.0270000
-156.0256040	20.1596000	153.7300000	46.1400000	1335.9961739	4.0280000
-156.0256040	20.6596000	153.7300000	46.1400000	1326.0746024	4.0290000
-156.0256040	21.1596000	153.7300000	46.1400000	1315.8861668	4.0310000
-156.0256040	21.6596000	153.7300000	46.1400000	1306.0876678	4.0320000
-156.0256040	22.1596000	153.7300000	46.1400000	1296.3513267	4.0330000
-156.0256040	22.6596000	153.7300000	46.1400000	1286.3595651	4.0350000
-156.0256040	23.1596000	153.7300000	46.1400000	1276.7539323	4.0360000
-156.0256040	23.6596000	153.7300000	46.1400000	1267.2144324	4.0370000
-156.0256040	24.1596000	153.7300000	46.1400000	1257.7424561	4.0380000
-156.0256040	24.6596000	153.7300000	46.1400000	1248.0304305	4.0400000
-156.0256040	25.1596000	153.7300000	46.1400000	1239.0067932	4.0400000
-156.0256040	25.6596000	153.7300000	46.1400000	1229.7460443	4.0410000
-156.0256040	26.1596000	153.7300000	46.1400000	1220.5586955	4.0420000
-156.0256040	26.6596000	153.7300000	46.1400000	1211.7460105	4.0420000
-155.5256040	14.6596000	153.7300000	46.1400000	1453.4581762	4.0290000
-155.5256040	15.1596000	153.7300000	46.1400000	1443.7250780	4.0280000
-155.5256040	15.6596000	153.7300000	46.1400000	1434.0292813	4.0270000
-155.5256040	16.1596000	153.7300000	46.1400000	1424.3717993	4.0260000
-155.5256040	16.6596000	153.7300000	46.1400000	1414.4022648	4.0260000
-155.5256040	17.1596000	153.7300000	46.1400000	1404.8268410	4.0250000
-155.5256040	17.6596000	153.7300000	46.1400000	1394.9462530	4.0250000
-155.5256040	18.1596000	153.7300000	46.1400000	1385.1129867	4.0250000
-155.5256040	18.6596000	153.7300000	46.1400000	1374.9865379	4.0260000
-155.5256040	19.1596000	153.7300000	46.1400000	1364.9146557	4.0270000
-155.5256040	19.6596000	153.7300000	46.1400000	1355.2349117	4.0270000
-155.5256040	20.1596000	153.7300000	46.1400000	1345.2729867	4.0280000
-155.5256040	20.6596000	153.7300000	46.1400000	1335.0377193	4.0300000
-155.5256040	21.1596000	153.7300000	46.1400000	1325.1955454	4.0310000
-155.5256040	21.6596000	153.7300000	46.1400000	1315.4137921	4.0320000
-155.5256040	22.1596000	153.7300000	46.1400000	1305.3700397	4.0340000
-155.5256040	22.6596000	153.7300000	46.1400000	1295.7153868	4.0350000
-155.5256040	23.1596000	153.7300000	46.1400000	1285.8063957	4.0370000
-155.5256040	23.6596000	153.7300000	46.1400000	1276.2840112	4.0380000
-155.5256040	24.1596000	153.7300000	46.1400000	1266.8285617	4.0390000
-155.5256040	24.6596000	153.7300000	46.1400000	1257.4414448	4.0400000
-155.5256040	25.1596000	153.7300000	46.1400000	1248.1240889	4.0410000
-155.5256040	25.6596000	153.7300000	46.1400000	1238.8779531	4.0420000
-155.5256040	26.1596000	153.7300000	46.1400000	1230.0087593	4.0420000
-155.5256040	26.6596000	153.7300000	46.1400000	1221.2092952	4.0420000
-155.0256040	14.6596000	153.7300000	46.1400000	1462.8770505	4.0280000
-155.0256040	15.1596000	153.7300000	46.1400000	1453.1670270	4.0270000
-155.0256040	15.6596000	153.7300000	46.1400000	1443.4940465	4.0260000
-155.0256040	16.1596000	153.7300000	46.1400000	1433.8591100	4.0250000
-155.0256040	16.6596000	153.7300000	46.1400000	1423.9093880	4.0250000
-155.0256040	17.1596000	153.7300000	46.1400000	1414.0045318	4.0250000
-155.0256040	17.6596000	153.7300000	46.1400000	1404.1455847	4.0250000
-155.0256040	18.1596000	153.7300000	46.1400000	1394.3336138	4.0250000
-155.0256040	18.6596000	153.7300000	46.1400000	1384.2258044	4.0260000
-155.0256040	19.1596000	153.7300000	46.1400000	1374.1721765	4.0270000
-155.0256040	19.6596000	153.7300000	46.1400000	1364.1738322	4.0280000
-155.0256040	20.1596000	153.7300000	46.1400000	1354.2318989	4.0290000
-155.0256040	20.6596000	153.7300000	46.1400000	1344.3475296	4.0300000
-155.0256040	21.1596000	153.7300000	46.1400000	1334.5219036	4.0310000
-155.0256040	21.6596000	153.7300000	46.1400000	1324.4277476	4.0330000
-155.0256040	22.1596000	153.7300000	46.1400000	1314.7257401	4.0340000
-155.0256040	22.6596000	153.7300000	46.1400000	1304.7627974	4.0360000
-155.0256040	23.1596000	153.7300000	46.1400000	1295.1893827	4.0370000
-155.0256040	23.6596000	153.7300000	46.1400000	1285.6809821	4.0380000
-155.0256040	24.1596000	153.7300000	46.1400000	1276.2389408	4.0390000
-155.0256040	24.6596000	153.7300000	46.1400000	1266.8646336	4.0400000
-155.0256040	25.1596000	153.7300000	46.1400000	1257.5594647	4.0410000
-155.0256040	25.6596000	153.7300000	46.1400000	1248.3248684	4.0420000
-155.0256040	26.1596000	153.7300000	46.1400000	1239.4688807	4.0420000
-155.0256040	26.6596000	153.7300000	46.1400000	1230.3775297	4.0430000
-154.5256040	14.6596000	153.7300000	46.1400000	1472.6905704	4.0260000
-154.5256040	15.1596000	153.7300000	46.1400000	1462.6373734	4.0260000
-154.5256040	15.6596000	153.7300000	46.1400000	1452.9866564	4.0250000
-154.5256040	16.1596000	153.7300000	46.1400000	1443.0151021	4.0250000
-154.5256040	16.6596000	153.7300000	46.1400000	1433.4432172	4.0240000
-154.5256040	17.1596000	153.7300000	46.1400000	1423.5572818	4.0240000
-154.5256040	17.6596000	153.7300000	46.1400000	1413.3656938	4.0250000
-154.5256040	18.1596000	153.7300000	46.1400000	1403.5744078	4.0250000
-154.5256040	18.6596000	153.7300000	46.1400000	1393.4846150	4.0260000
-154.5256040	19.1596000	153.7300000	46.1400000	1383.4486115	4.0270000
-154.5256040	19.6596000	153.7300000	46.1400000	1373.4674838	4.0280000
-154.5256040	20.1596000	153.7300000	46.1400000	1363.5423428	4.0290000
-154.5256040	20.6596000	153.7300000	46.1400000	1353.3385085	4.0310000
-154.5256040	21.1596000	153.7300000	46.1400000	1343.5312907	4.0320000
-154.5256040	21.6596000	153.7300000	46.1400000	1333.4528932	4.0340000
-154.5256040	22.1596000	153.7300000	46.1400000	1323.7682835	4.0350000
-154.5256040	22.6596000	153.7300000	46.1400000	1314.1455673	4.0360000
-154.5256040	23.1596000	153.7300000	46.1400000	1304.2629349	4.0380000
-154.5256040	23.6596000	153.7300000	46.1400000	1294.7702670	4.0390000
-154.5256040	24.1596000	153.7300000	46.1400000	1285.3433613	4.0400000
-154.5256040	24.6596000	153.7300000	46.1400000	1275.9835694	4.0410000
-154.5256040	25.1596000	153.7300000	46.1400000	1266.6922717	4.0420000
-154.5256040	25.6596000	153.7300000	46.1400000	1257.7819787	4.0420000
-154.5256040	26.1596000	153.7300000	46.1400000	1248.6295872	4.0430000
-154.5256040	26.6596000	153.7300000	46.1400000	1239.8566179	4.0430000
-154.0256040	14.6596000	153.7300000	46.1400000	1482.1690915	4.0250000
-154.0256040	15.1596000	153.7300000	46.1400000	1472.1354382	4.0250000
-154.0256040	15.6596000	153.7300000	46.1400000	1462.5064347	4.0240000
-154.0256040	16.1596000	153.7300000	46.1400000	1452.5538464	4.0240000
-154.0256040	16.6596000	153.7300000	46.1400000	1442.6444834	4.0240000
-154.0256040	17.1596000	153.7300000	46.1400000	1432.7793392	4.0240000
-154.0256040	17.6596000	153.7300000	46.1400000	1422.6058998	4.0250000
-154.0256040	18.1596000	153.7300000	46.1400000	1412.8346931	4.0250000
-154.0256040	18.6596000	153.7300000	46.1400000	1402.7622994	4.0260000
-154.0256040	19.1596000	153.7300000	46.1400000	1392.7432964	4.0270000
-154.0256040	19.6596000	153.7300000	46.1400000	1382.7787547	4.0280000
-154.0256040	20.1596000	153.7300000	46.1400000	1372.5291066	4.0300000
-154.0256040	20.6596000	153.7300000	46.1400000	1362.6793250	4.0310000
-154.0256040	21.1596000	153.7300000	46.1400000	1352.5518930	4.0330000
-154.0256040	21.6596000	153.7300000	46.1400000	1342.8213842	4.0340000
-154.0256040	22.1596000	153.7300000	46.1400000	1332.8207124	4.0360000
-154.0256040	22.6596000	153.7300000	46.1400000	1323.2141901	4.0370000
-154.0256040	23.1596000	153.7300000	46.1400000	1313.6702713	4.0380000
-154.0256040	23.6596000	153.7300000	46.1400000	1304.1902298	4.0390000
-154.0256040	24.1596000	153.7300000	46.1400000	1294.7753671	4.0400000
-154.0256040	24.6596000	153.7300000	46.1400000	1285.4270125	4.0410000
-154.0256040	25.1596000	153.7300000	46.1400000	1276.1465232	4.0420000
-154.0256040	25.6596000	153.7300000	46.1400000	1266.9352847	4.0430000
-154.0256040	26.1596000	153.7300000	46.1400000	1258.1058157	4.0430000
-154.0256040	26.6596000	153.7300000	46.1400000	1249.3439691	4.0430000
-153.5256040	14.6596000	153.7300000	46.1400000	1491.6752107	4.0240000
-153.5256040	15.1596000	153.7300000	46.1400000	1481.6605538	4.0240000
-153.5256040	15.6596000	153.7300000	46.1400000	1471.6868984	4.0240000
-153.5256040	16.1596000	153.7300000	46.1400000	1461.7551820	4.0240000
-153.5256040	16.6596000	153.7300000	46.1400000	1451.8663638	4.0240000
-153.5256040	17.1596000	153.7300000	46.1400000	1442.0214243	4.0240000
-153.5256040	17.6596000	153.7300000	46.1400000	1431.8655347	4.0250000
-153.5256040	18.1596000	153.7300000	46.1400000	1421.7605743	4.0260000
-153.5256040	18.6596000	153.7300000	46.1400000	1411.7075527	4.0270000
-153.5256040	19.1596000	153.7300000	46.1400000	1401.7075020	4.0280000
-153.5256040	19.6596000	153.7300000	46.1400000	1391.7614775	4.0290000
-153.5256040	20.1596000	153.7300000	46.1400000	1381.8705576	4.0300000
-153.5256040	20.6596000	153.7300000	46.1400000	1371.6955582	4.0320000
-153.5256040	21.1596000	153.7300000	46.1400000	1361.9206879	4.0330000
-153.5256040	21.6596000	153.7300000	46.1400000	1351.8691682	4.0350000
-153.5256040	22.1596000	153.7300000	46.1400000	1342.2148885	4.0360000
-153.5256040	22.6596000	153.7300000	46.1400000	1332.2914195	4.0380000
-153.5256040	23.1596000	153.7300000	46.1400000	1322.7624704	4.0390000
-153.5256040	23.6596000	153.7300000	46.1400000	1313.2968161	4.0400000
-153.5256040	24.1596000	153.7300000	46.1400000	1303.8957366	4.0410000
-153.5256040	24.6596000	153.7300000	46.1400000	1294.5605387	4.0420000
-153.5256040	25.1596000	153.7300000	46.1400000	1285.6105410	4.0420000
-153.5256040	25.6596000	153.7300000	46.1400000	1276.4087826	4.0430000
-153.5256040	26.1596000	153.7300000	46.1400000	1267.5904599	4.0430000
-153.5256040	26.6596000	153.7300000	46.1400000	1258.5277739	4.0440000
-153.0256040	14.6596000	153.7300000	46.1400000	1500.8352058	4.0240000
-153.0256040	15.1596000	153.7300000	46.1400000	1490.8414850	4.0240000
-153.0256040	15.6596000	153.7300000	46.1400000	1480.8884552	4.0240000
-153.0256040	16.1596000	153.7300000	46.1400000	1470.9770426	4.0240000
-153.0256040	16.6596000	153.7300000	46.1400000	1461.1081938	4.0240000
-153.0256040	17.1596000	153.7300000	46.1400000	1450.9223094	4.0250000
-153.0256040	17.6596000	153.7300000	46.1400000	1441.1439433	4.0250000
-153.0256040	18.1596000	153.7300000	46.1400000	1431.0555566	4.0260000
-153.0256040	18.6596000	153.7300000	46.1400000	1421.0187123	4.0270000
-153.0256040	19.1596000	153.7300000	46.1400000	1410.6842084	4.0290000
-153.0256040	19.6596000	153.7300000	46.1400000	1400.7560749	4.0300000
-153.0256040	20.1596000	153.7300000	46.1400000	1390.8825894	4.0310000
-153.0256040	20.6596000	153.7300000	46.1400000	1380.7223964	4.0330000
-153.0256040	21.1596000	153.7300000	46.1400000	1370.9639922	4.0340000
-153.0256040	21.6596000	153.7300000	46.1400000	1360.9262687	4.0360000
-153.0256040	22.1596000	153.7300000	46.1400000	1351.2874161	4.0370000
-153.0256040	22.6596000	153.7300000	46.1400000	1341.7088487	4.0380000
-153.0256040	23.1596000	153.7300000	46.1400000	1332.1917738	4.0390000
-153.0256040	23.6596000	153.7300000	46.1400000	1322.7374247	4.0400000
-153.0256040	24.1596000	153.7300000	46.1400000	1313.3470604	4.0410000
-153.0256040	24.6596000	153.7300000	46.1400000	1304.0219663	4.0420000
-153.0256040	25.1596000	153.7300000	46.1400000	1294.7634541	4.0430000
-153.0256040	25.6596000	153.7300000	46.1400000	1285.8908379	4.0430000
-153.0256040	26.1596000	153.7300000	46.1400000	1276.7671996	4.0440000
-153.0256040	26.6596000	153.7300000	46.1400000	1268.0277407	4.0440000
-152.5256040	14.6596000	153.7300000	46.1400000	1510.0167417	4.0240000
-152.5256040	15.1596000	153.7300000	46.1400000	1500.0434063	4.0240000
-152.5256040	15.6596000	153.7300000	46.1400000	1490.1104448	4.0240000
-152.5256040	16.1596000	153.7300000	46.1400000	1480.2187714	4.0240000
-152.5256040	16.6596000	153.7300000	46.1400000	1470.0040116	4.0250000
-152.5256040	17.1596000	153.7300000	46.1400000	1460.2001752	4.0250000
-152.5256040	17.6596000	153.7300000	46.1400000	1450.0802136	4.0260000
-152.5256040	18.1596000	153.7300000	46.1400000	1440.0103965	4.0270000
-152.5256040	18.6596000	153.7300000	46.1400000	1429.9917054	4.0280000
-152.5256040	19.1596000	153.7300000	46.1400000	1420.0251431	4.0290000
-152.5256040	19.6596000	153.7300000	46.1400000	1409.7619177	4.0310000
-152.5256040	20.1596000	153.7300000	46.1400000	1399.9052419	4.0320000
-152.5256040	20.6596000	153.7300000	46.1400000	1389.7592246	4.0340000
-152.5256040	21.1596000	153.7300000	46.1400000	1380.0166528	4.0350000
-152.5256040	21.6596000	153.7300000	46.1400000	1370.3315294	4.0360000
-152.5256040	22.1596000	153.7300000	46.1400000	1360.3680189	4.0380000
-152.5256040	22.6596000	153.7300000	46.1400000	1350.8036873	4.0390000
-152.5256040	23.1596000	153.7300000	46.1400000	1341.3002794	4.0400000
-152.5256040	23.6596000	153.7300000	46.1400000	1331.8590083	4.0410000
-152.5256040	24.1596000	153.7300000	46.1400000	1322.4811123	4.0420000
-152.5256040	24.6596000	153.7300000	46.1400000	1313.1678551	4.0430000
-152.5256040	25.1596000	153.7300000	46.1400000	1304.2430398	4.0430000
-152.5256040	25.6596000	153.7300000	46.1400000	1295.0606064	4.0440000
-152.5256040	26.1596000	153.7300000	46.1400000	1286.2647670	4.0440000
-152.5256040	26.6596000	153.7300000	46.1400000	1277.5344299	4.0440000
-152.0256040	14.6596000	153.7300000	46.1400000	1519.5967959	4.0230000
-152.0256040	15.1596000	153.7300000	46.1400000	1509.2656652	4.0240000
-152.0256040	15.6596000	153.7300000	46.1400000	1499.3522179	4.0240000
-152.0256040	16.1596000	153.7300000	46.1400000	1489.1096661	4.0250000
-152.0256040	16.6596000	153.7300000	46.1400000	1479.2814889	4.0250000
-152.0256040	17.1596000	153.7300000	46.1400000	1469.1311174	4.0260000
-152.0256040	17.6596000	153.7300000	46.1400000	1459.0295356	4.0270000
-152.0256040	18.1596000	153.7300000	46.1400000	1448.9776905	4.0280000
-152.0256040	18.6596000	153.7300000	46.1400000	1438.9765496	4.0290000
-152.0256040	19.1596000	153.7300000	46.1400000	1429.0271015	4.0300000
-152.0256040	19.6596000	153.7300000	46.1400000	1418.7783889	4.0320000
-152.0256040	20.1596000	153.7300000	46.1400000	1408.9379051	4.0330000
-152.0256040	20.6596000	153.7300000	46.1400000	1399.1521940	4.0340000
-152.0256040	21.1596000	153.7300000	46.1400000	1389.0780742	4.0360000
-152.0256040	21.6596000	153.7300000	46.1400000	1379.4076403	4.0370000
-152.0256040	22.1596000	153.7300000	46.1400000	1369.7952598	4.0380000
-152.0256040	22.6596000	153.7300000	46.1400000	1359.9053847	4.0400000
-152.0256040	23.1596000	153.7300000	46.1400000	1350.4150036	4.0410000
-152.0256040	23.6596000	153.7300000	46.1400000	1340.9861676	4.0420000
-152.0256040	24.1596000	153.7300000	46.1400000	1331.9495405	4.0420000
-152.0256040	24.6596000	153.7300000	46.1400000	1322.6450911	4.0430000
-152.0256040	25.1596000	153.7300000	46.1400000	1313.4059330	4.0440000
-152.0256040	25.6596000	153.7300000	46.1400000	1304.5558707	4.0440000
-152.0256040	26.1596000	153.7300000	46.1400000	1295.7692105	4.0440000
-152.0256040	26.6596000	153.7300000	46.1400000	1286.7291671	4.0450000
-151.5256040	14.6596000	153.7300000	46.1400000	1528.4418235	4.0240000
-151.5256040	15.1596000	153.7300000	46.1400000	1518.5076203	4.0240000
-151.5256040	15.6596000	153.7300000	46.1400000	1508.2383261	4.0250000
-151.5256040	16.1596000	153.7300000	46.1400000	1498.3869015	4.0250000
-151.5256040	16.6596000	153.7300000	46.1400000	1488.2072472	4.0260000
-151.5256040	17.1596000	153.7300000	46.1400000	1478.0750685	4.0270000
-151.5256040	17.6596000	153.7300000	46.1400000	1467.9912798	4.0280000
-151.5256040	18.1596000	153.7300000	46.1400000	1457.9568148	4.0290000
-151.5256040	18.6596000	153.7300000	46.1400000	1447.9726271	4.0300000
-151.5256040	19.1596000	153.7300000	46.1400000	1438.0396912	4.0310000
-151.5256040	19.6596000	153.7300000	46.1400000	1427.8048835	4.0330000
-151.5256040	20.1596000	153.7300000	46.1400000	1417.9799809	4.0340000
-151.5256040	20.6596000	153.7300000	46.1400000	1408.2093640	4.0350000
-151.5256040	21.1596000	153.7300000	46.1400000	1398.1476731	4.0370000
-151.5256040	21.6596000	153.7300000	46.1400000	1388.4913061	4.0380000
-151.5256040	22.1596000	153.7300000	46.1400000	1378.8924547	4.0390000
-151.5256040	22.6596000	153.7300000	46.1400000	1369.3522462	4.0400000
-151.5256040	23.1596000	153.7300000	46.1400000	1359.8718310	4.0410000
-151.5256040	23.6596000	153.7300000	46.1400000	1350.4523832	4.0420000
-151.5256040	24.1596000	153.7300000	46.1400000	1341.0951009	4.0430000
-151.5256040	24.6596000	153.7300000	46.1400000	1332.1306158	4.0430000
-151.5256040	25.1596000	153.7300000	46.1400000	1322.8989929	4.0440000
-151.5256040	25.6596000	153.7300000	46.1400000	1314.0581543	4.0440000
-151.5256040	26.1596000	153.7300000	46.1400000	1304.9573481	4.0450000
-151.5256040	26.6596000	153.7300000	46.1400000	1296.2454817	4.0450000
-151.0256040	14.6596000	153.7300000	46.1400000	1537.6840906	4.0240000
-151.0256040	15.1596000	153.7300000	46.1400000	1527.3890713	4.0250000
-151.0256040	15.6596000	153.7300000	46.1400000	1517.5154586	4.0250000
-151.0256040	16.1596000	153.7300000	46.1400000	1507.3076125	4.0260000
-151.0256040	16.6596000	153.7300000	46.1400000	1497.1459671	4.0270000
-151.0256040	17.1596000	153.7300000	46.1400000	1487.0314052	4.0280000
-151.0256040	17.6596000	153.7300000	46.1400000	1476.9648283	4.0290000
-151.0256040	18.1596000	153.7300000	46.1400000	1466.9471571	4.0300000
-151.0256040	18.6596000	153.7300000	46.1400000	1456.9793316	4.0310000
-151.0256040	19.1596000	153.7300000	46.1400000	1447.0623122	4.0320000
-151.0256040	19.6596000	153.7300000	46.1400000	1436.8408081	4.0340000
-151.0256040	20.1596000	153.7300000	46.1400000	1427.0308825	4.0350000
-151.0256040	20.6596000	153.7300000	46.1400000	1417.2747518	4.0360000
-151.0256040	21.1596000	153.7300000	46.1400000	1407.2248774	4.0380000
-151.0256040	21.6596000	153.7300000	46.1400000	1397.5819624	4.0390000
-151.0256040	22.1596000	153.7300000	46.1400000	1387.9960221	4.0400000
-151.0256040	22.6596000	153.7300000	46.1400000	1378.4681659	4.0410000
-151.0256040	23.1596000	153.7300000	46.1400000	1368.9995257	4.0420000
-151.0256040	23.6596000	153.7300000	46.1400000	1359.5912567	4.0430000
-151.0256040	24.1596000	153.7300000	46.1400000	1350.5785082	4.0430000
-151.0256040	24.6596000	153.7300000	46.1400000	1341.2921622	4.0440000
-151.0256040	25.1596000	153.7300000	46.1400000	1332.3992054	4.0440000
-151.0256040	25.6596000	153.7300000	46.1400000	1323.2397548	4.0450000
-151.0256040	26.1596000	153.7300000	46.1400000	1314.4717245	4.0450000
-151.0256040	26.6596000	153.7300000	46.1400000	1305.4443401	4.0460000
-150.5256040	14.6596000	153.7300000	46.1400000	1546.5610064	4.0250000
-150.5256040	15.1596000	153.7300000	46.1400000	1536.6662325	4.0250000
-150.5256040	15.6596000	153.7300000	46.1400000	1526.4312520	4.0260000
-150.5256040	16.1596000	153.7300000	46.1400000	1516.2412342	4.0270000
-150.5256040	16.6596000	153.7300000	46.1400000	1506.0970318	4.0280000
-150.5256040	17.1596000	153.7300000	46.1400000	1495.9995157	4.0290000
-150.5256040	17.6596000	153.7300000	46.1400000	1485.9495747	4.0300000
-150.5256040	18.1596000	153.7300000	46.1400000	1475.9481166	4.0310000
-150.5256040	18.6596000	153.7300000	46.1400000	1465.9960682	4.0320000
-150.5256040	19.1596000	153.7300000	46.1400000	1455.7334203	4.0340000
-150.5256040	19.6596000	153.7300000	46.1400000	1445.8855805	4.0350000
-150.5256040	20.1596000	153.7300000	46.1400000	1436.0900346	4.0360000
-150.5256040	20.6596000	153.7300000	46.1400000	1426.3477892	4.0370000
-150.5256040	21.1596000	153.7300000	46.1400000	1416.6598714	4.0380000
-150.5256040	21.6596000	153.7300000	46.1400000	1406.6790557	4.0400000
-150.5256040	22.1596000	153.7300000	46.1400000	1397.1054163	4.0410000
-150.5256040	22.6596000	153.7300000	46.1400000	1387.9326774	4.0410000
-150.5256040	23.1596000	153.7300000	46.1400000	1378.4727727	4.0420000
-150.5256040	23.6596000	153.7300000	46.1400000	1369.0726569	4.0430000
-150.5256040	24.1596000	153.7300000	46.1400000	1359.7334896	4.0440000
-150.5256040	24.6596000	153.7300000	46.1400000	1350.7903941	4.0440000
-150.5256040	25.1596000	153.7300000	46.1400000	1341.5743345	4.0450000
-150.5256040	25.6596000	153.7300000	46.1400000	1332.7522586	4.0450000
-150.5256040	26.1596000	153.7300000	46.1400000	1323.6642932	4.0460000
-150.5256040	26.6596000	153.7300000	46.1400000	1314.9683852	4.0460000
-150.0256040	14.6596000	153.7300000	46.1400000	1555.8383207	4.0250000
-150.0256040	15.1596000	153.7300000	46.1400000	1545.5772312	4.0260000
-150.0256040	15.6596000	153.7300000	46.1400000	1535.3599015	4.0270000
-150.0256040	16.1596000	153.7300000	46.1400000	1525.1871558	4.0280000
-150.0256040	16.6596000	153.7300000	46.1400000	1515.0598354	4.0290000
-150.0256040	17.1596000	153.7300000	46.1400000	1504.9787990	4.0300000
-150.0256040	17.6596000	153.7300000	46.1400000	1494.9449233	4.0310000
-150.0256040	18.1596000	153.7300000	46.1400000	1484.9591034	4.0320000
-150.0256040	18.6596000	153.7300000	46.1400000	1474.6566052	4.0340000
-150.0256040	19.1596000	153.7300000	46.1400000	1464.7721974	4.0350000
-150.0256040	19.6596000	153.7300000	46.1400000	1454.9386295	4.0360000
-150.0256040	20.1596000	153.7300000	46.1400000	1445.1568727	4.0370000
-150.0256040	20.6596000	153.7300000	46.1400000	1435.4279184	4.0380000
-150.0256040	21.1596000	153.7300000	46.1400000	1425.7527782	4.0390000
-150.0256040	21.6596000	153.7300000	46.1400000	1416.1324845	4.0400000
-150.0256040	22.1596000	153.7300000	46.1400000	1406.5680906	4.0410000
-150.0256040	22.6596000	153.7300000	46.1400000	1397.0606712	4.0420000
-150.0256040	23.1596000	153.7300000	46.1400000	1387.6113227	4.0430000
-150.0256040	23.6596000	153.7300000	46.1400000	1378.2211633	4.0440000
-150.0256040	24.1596000	153.7300000	46.1400000	1369.2298329	4.0440000
-150.0256040	24.6596000	153.7300000	46.1400000	1359.9591209	4.0450000
-150.0256040	25.1596000	153.7300000	46.1400000	1351.0850352	4.0450000
-150.0256040	25.6596000	153.7300000	46.1400000	1341.9385803	4.0460000
-150.0256040	26.1596000	153.7300000	46.1400000	1333.1867056	4.0460000
-150.0256040	26.6596000	153.7300000	46.1400000	1324.1695064	4.0470000
-149.5256040	14.6596000	153.7300000	46.1400000	1564.7446410	4.0260000
-149.5256040	15.1596000	153.7300000	46.1400000	1554.5010282	4.0270000
-149.5256040	15.6596000	153.7300000	46.1400000	1544.3008026	4.0280000
-149.5256040	16.1596000	153.7300000	46.1400000	1534.1447774	4.0290000
-149.5256040	16.6596000	153.7300000	46.1400000	1524.0337825	4.0300000
-149.5256040	17.1596000	153.7300000	46.1400000	1513.9686650	4.0310000
-149.5256040	17.6596000	153.7300000	46.1400000	1503.5773784	4.0330000
-149.5256040	18.1596000	153.7300000	46.1400000	1493.6091914	4.0340000
-149.5256040	18.6596000	153.7300000	46.1400000	1483.6895160	4.0350000
-149.5256040	19.1596000	153.7300000	46.1400000	1473.8192710	4.0360000
-149.5256040	19.6596000	153.7300000	46.1400000	1463.9993943	4.0370000
-149.5256040	20.1596000	153.7300000	46.1400000	1454.2308425	4.0380000
-149.5256040	20.6596000	153.7300000	46.1400000	1444.5145922	4.0390000
-149.5256040	21.1596000	153.7300000	46.1400000	1434.8516396	4.0400000
-149.5256040	21.6596000	153.7300000	46.1400000	1425.2430012	4.0410000
-149.5256040	22.1596000	153.7300000	46.1400000	1415.6897137	4.0420000
-149.5256040	22.6596000	153.7300000	46.1400000	1406.1928351	4.0430000
-149.5256040	23.1596000	153.7300000	46.1400000	1397.0989187	4.0430000
-149.5256040	23.6596000	153.7300000	46.1400000	1387.7157105	4.0440000
-149.5256040	24.1596000	153.7300000	46.1400000	1378.3922282	4.0450000
-149.5256040	24.6596000	153.7300000	46.1400000	1369.4680904	4.0450000
-149.5256040	25.1596000	153.7300000	46.1400000	1360.2651569	4.0460000
-149.5256040	25.6596000	153.7300000	46.1400000	1351.4594066	4.0460000
-149.5256040	26.1596000	153.7300000	46.1400000	1342.3818443	4.0470000
-149.5256040	26.6596000	153.7300000	46.1400000	1333.3699883	4.0480000
-149.0256040	14.6596000	153.7300000	46.1400000	1573.6636986	4.0270000
-149.0256040	15.1596000	153.7300000	46.1400000	1563.4370248	4.0280000
-149.0256040	15.6596000	153.7300000	46.1400000	1553.2533608	4.0290000
-149.0256040	16.1596000	153.7300000	46.1400000	1542.7306975	4.0310000
-149.0256040	16.6596000	153.7300000	46.1400000	1532.6380754	4.0320000
-149.0256040	17.1596000	153.7300000	46.1400000	1522.5909072	4.0330000
-149.0256040	17.6596000	153.7300000	46.1400000	1512.5900454	4.0340000
-149.0256040	18.1596000	153.7300000	46.1400000	1502.6363596	4.0350000
-149.0256040	18.6596000	153.7300000	46.1400000	1492.7307374	4.0360000
-149.0256040	19.1596000	153.7300000	46.1400000	1482.8740844	4.0370000
-149.0256040	19.6596000	153.7300000	46.1400000	1473.0673244	4.0380000
-149.0256040	20.1596000	153.7300000	46.1400000	1463.3114003	4.0390000
-149.0256040	20.6596000	153.7300000	46.1400000	1453.6072737	4.0400000
-149.0256040	21.1596000	153.7300000	46.1400000	1443.9559257	4.0410000
-149.0256040	21.6596000	153.7300000	46.1400000	1434.3583571	4.0420000
-149.0256040	22.1596000	153.7300000	46.1400000	1424.8155888	4.0430000
-149.0256040	22.6596000	153.7300000	46.1400000	1415.6787307	4.0430000
-149.0256040	23.1596000	153.7300000	46.1400000	1406.2462883	4.0440000
-149.0256040	23.6596000	153.7300000	46.1400000	1396.8718470	4.0450000
-149.0256040	24.1596000	153.7300000	46.1400000	1387.8995408	4.0450000
-149.0256040	24.6596000	153.7300000	46.1400000	1378.6420628	4.0460000
-149.0256040	25.1596000	153.7300000	46.1400000	1369.7844479	4.0460000
-149.0256040	25.6596000	153.7300000	46.1400000	1360.6485868	4.0470000
-149.0256040	26.1596000	153.7300000	46.1400000	1351.5764973	4.0480000
-149.0256040	26.6596000	153.7300000	46.1400000	1342.5693935	4.0490000
-162.0256040	19.9863000	153.7300000	46.1400000	1227.3664341	4.0360000
-161.3675990	17.7469010	153.7300000	46.1400000	1282.6958904	4.0400000
-161.3148960	21.9563010	153.7300000	46.1400000	1202.5724249	4.0330000
-161.0950010	23.9972000	153.7300000	46.1400000	1167.5053159	4.0340000
-160.0475010	19.8234000	153.7300000	46.1400000	1267.4746275	4.0320000
-159.6649930	22.1229990	153.7300000	46.1400000	1229.8871834	4.0320000
-159.4010010	21.9710010	153.7300000	46.1400000	1237.9542262	4.0310000
-158.9824980	15.5740000	153.7300000	46.1400000	1369.7685760	4.0380000
-158.9331050	24.5737990	153.7300000	46.1400000	1196.3362177	4.0360000
-158.9030000	21.2984010	153.7300000	46.1400000	1260.0067045	4.0310000
-158.7601930	18.5646990	153.7300000	46.1400000	1316.3097457	4.0300000
-158.1853940	22.6201990	153.7300000	46.1400000	1247.4935135	4.0330000
-158.1795040	20.3778000	153.7300000	46.1400000	1291.7048648	4.0290000
-157.9310000	21.6460000	153.7300000	46.1400000	1271.2834104	4.0310000
-157.8591000	14.6596000	153.7300000	46.1400000	1408.7397640	4.0370000
-157.7008060	16.3484000	153.7300000	46.1400000	1379.0634155	4.0320000
-157.6275940	20.3461000	153.7300000	46.1400000	1302.4714337	4.0290000
-157.2700040	21.1089990	153.7300000	46.1400000	1294.0832272	4.0300000
-157.2272950	18.9848000	153.7300000	46.1400000	1336.9807912	4.0270000
-156.9646000	24.3120990	153.7300000	46.1400000	1237.3363242	4.0380000
-156.9320070	19.8327010	153.7300000	46.1400000	1325.5536248	4.0280000
-156.8081970	18.4042000	153.7300000	46.1400000	1356.0629435	4.0270000
-156.7559970	21.1360000	153.7300000	46.1400000	1303.0923026	4.0300000
-156.6580050	20.8910010	153.7300000	46.1400000	1309.5884709	4.0300000
-156.5101010	19.4776990	153.7300000	46.1400000	1340.5538686	4.0270000
-156.4651030	18.7750000	153.7300000	46.1400000	1355.0845014	4.0270000
-156.3876950	17.6149010	153.7300000	46.1400000	1379.6778143	4.0260000
-156.2066040	16.1620010	153.7300000	46.1400000	1411.2235303	4.0280000
-156.1670070	18.3010010	153.7300000	46.1400000	1370.1948925	4.0260000
-155.9969940	20.7710000	153.7300000	46.1400000	1324.1483114	4.0300000
-155.7729950	19.0790000	153.7300000	46.1400000	1362.2464955	4.0260000
-155.7653050	26.7766990	153.7300000	46.1400000	1214.6193961	4.0420000
-155.7149960	18.0002990	153.7300000	46.1400000	1384.4121174	4.0260000
-155.7109990	20.0460000	153.7300000	46.1400000	1344.0150441	4.0280000
-155.6793980	21.2055000	153.7300000	46.1400000	1321.4593723	4.0310000
-155.6362000	22.2999000	153.7300000	46.1400000	1300.6767128	4.0340000
-154.9944000	21.5070000	153.7300000	46.1400000	1327.8836720	4.0330000
-154.9830020	19.6010000	153.7300000	46.1400000	1366.4332064	4.0270000
-154.7973940	18.8031010	153.7300000	46.1400000	1385.6594463	4.0260000
-154.6912990	17.1800990	153.7300000	46.1400000	1419.7482738	4.0250000
-154.6177980	20.0889000	153.7300000	46.1400000	1363.1768695	4.0290000
-154.4958950	18.4016990	153.7300000	46.1400000	1399.0532358	4.0260000
-154.4828030	21.0019000	153.7300000	46.1400000	1347.3126014	4.0320000
-154.3939970	19.2625010	153.7300000	46.1400000	1383.9063448	4.0270000
-154.2518010	21.1686990	153.7300000	46.1400000	1348.4811331	4.0320000
-154.0305020	17.9884000	153.7300000	46.1400000	1416.0843401	4.0250000
-153.9922940	18.7976000	153.7300000	46.1400000	1400.3589073	4.0270000
-153.9826970	21.5196990	153.7300000	46.1400000	1346.2488939	4.0340000
-153.9674990	14.7313000	153.7300000	46.1400000	1481.7886055	4.0250000
-153.9024050	19.9790990	153.7300000	46.1400000	1378.6163223	4.0290000
-153.8681950	17.3153990	153.7300000	46.1400000	1432.6240008	4.0240000
-153.7008060	17.2975010	153.7300000	46.1400000	1435.7146215	4.0250000
-153.5032040	19.4951990	153.7300000	46.1400000	1395.3298028	4.0290000
-153.2958980	18.8009000	153.7300000	46.1400000	1413.2528966	4.0270000
-153.2920990	20.8925990	153.7300000	46.1400000	1371.3284986	4.0330000
-153.2906040	17.9062000	153.7300000	46.1400000	1431.0576289	4.0260000
-152.9812010	18.3018000	153.7300000	46.1400000	1428.7685625	4.0270000
-152.7657930	25.5928000	153.7300000	46.1400000	1292.0020713	4.0430000
-152.1324010	18.4814000	153.7300000	46.1400000	1440.7701056	4.0280000
-151.6866000	14.6891000	153.7300000	46.1400000	1524.8824592	4.0240000
-151.6376040	16.7378010	153.7300000	46.1400000	1484.5933181	4.0260000
-150.9149930	18.9142000	153.7300000	46.1400000	1453.8215890	4.0320000
-149.0009000	16.9890000	153.7300000	46.1400000	1526.7265147	4.0320000
