-162.025604	14.659600	-179.120000	51.040000	1063.006897	4.061474	161.874001	161.874001	161.874001	4.058537	-1.009555
-162.025604	15.159600	-179.120000	51.040000	1050.000994	4.061474	161.737216	161.737216	161.737216	4.056281	-0.961478
-162.025604	15.659600	-179.120000	51.040000	1037.105269	4.061093	161.695405	161.695405	161.695405	4.053502	-0.813212
-162.025604	16.159600	-179.120000	51.040000	1024.124192	4.061093	161.548376	161.548376	161.648376	4.051474	-0.764791
-162.025604	16.659600	-179.120000	51.040000	1011.156921	4.061093	161.495929	161.495929	161.495929	4.049848	-0.616273
-162.025604	17.159600	-179.120000	51.040000	998.204015	4.061093	161.437855	161.437855	161.437855	4.050364	-0.467574
-162.025604	17.659600	-179.120000	51.040000	985.266062	4.061093	161.273933	161.273933	161.273933	4.048411	-0.418720
-162.025604	18.159600	-179.120000	51.040000	972.252358	4.061474	161.103932	161.103932	161.103932	4.044670	-0.369783
-162.025604	18.659600	-179.120000	51.040000	959.347416	4.061474	161.127610	161.127610	161.127610	4.043900	-0.120674
-162.025604	19.159600	-179.120000	51.040000	946.459388	4.061474	161.044712	161.044712	161.044712	4.041537	0.028591
-162.025604	19.659600	-179.120000	51.040000	933.446843	4.062093	160.854969	160.854969	160.854969	4.037720	0.077925
-162.025604	20.159600	-179.120000	51.040000	920.510380	4.062474	160.758101	160.758101	160.758101	4.035116	0.227420
-162.025604	20.659600	-179.120000	51.040000	907.457406	4.063474	160.553810	160.553810	160.553810	4.030919	0.277077
-162.025604	21.159600	-179.120000	51.040000	894.514870	4.064093	160.341784	160.341784	160.441784	4.026489	0.326785
-162.025604	21.659600	-179.120000	51.040000	881.648665	4.064474	160.321694	160.321694	160.321694	4.027348	0.576644
-162.025604	22.159600	-179.120000	51.040000	868.674617	4.065474	160.093195	160.093195	160.093195	4.025326	0.626672
-162.025604	22.659600	-179.120000	51.040000	855.729884	4.066474	159.855919	159.855919	159.855919	4.023786	0.676734
-162.025604	23.159600	-179.120000	51.040000	842.608360	4.068474	159.409483	159.409483	159.409483	4.019654	0.526935
-162.025604	23.659600	-179.120000	51.040000	829.728695	4.069474	159.153479	159.153479	159.153479	4.020047	0.577316
-162.025604	24.159600	-179.120000	51.040000	816.881693	4.070474	158.887476	158.887476	158.887476	4.020755	0.627712
-162.025604	24.659600	-179.120000	51.040000	803.871171	4.072474	158.411022	158.411022	158.411022	4.017640	0.478231
-162.025604	25.159600	-179.120000	51.040000	791.096532	4.073474	158.223635	158.223635	158.223635	4.021976	0.628947
-162.025604	25.659600	-179.120000	51.040000	778.167576	4.075474	157.724808	157.724808	157.724808	4.019558	0.479657
-162.025604	26.159600	-179.120000	51.040000	765.470952	4.076474	157.414004	157.414004	157.414004	4.021908	0.530472
-162.025604	26.659600	-179.120000	51.040000	752.629526	4.078474	156.890653	156.890653	156.990653	4.019805	0.381507
-161.525604	14.659600	-179.120000	51.040000	1067.240548	4.060474	161.639869	161.639869	161.639869	4.055468	-0.799509
-161.525604	15.159600	-179.120000	51.040000	1054.263494	4.060474	161.497903	161.497903	161.497903	4.053323	-0.752895
-161.525604	15.659600	-179.120000	51.040000	1041.299818	4.060474	161.350841	161.350841	161.350841	4.051697	-0.706173
-161.525604	16.159600	-179.120000	51.040000	1028.350045	4.060474	161.198489	161.198489	161.198489	4.050200	-0.659287
-161.525604	16.659600	-179.120000	51.040000	1015.414726	4.060474	161.140647	161.140647	161.140647	4.048440	-0.512214
-161.525604	17.159600	-179.120000	51.040000	1002.494443	4.060474	161.077103	160.977103	161.077103	4.048052	-0.365047
-161.525604	17.659600	-179.120000	51.040000	989.589805	4.060474	160.907637	160.907637	160.907637	4.047451	-0.317717
-161.525604	18.159600	-179.120000	51.040000	976.701458	4.060474	160.932016	160.832016	160.932016	4.046914	-0.070208
-161.525604	18.659600	-179.120000	51.040000	963.683278	4.061093	160.649997	160.649997	160.649997	4.041255	-0.122621
-161.525604	19.159600	-179.120000	51.040000	950.742236	4.061474	160.561324	160.561324	160.561324	4.038777	0.025131
-161.525604	19.659600	-179.120000	51.040000	937.767320	4.062093	160.465729	160.465729	160.465729	4.036022	0.173053
-161.525604	20.159600	-179.120000	51.040000	924.869549	4.062474	160.362929	160.362929	160.362929	4.033862	0.321037
-161.525604	20.659600	-179.120000	51.040000	911.855437	4.063474	160.052627	160.052627	160.052627	4.028688	0.269191
-161.525604	21.159600	-179.120000	51.040000	898.953039	4.064093	159.934510	159.934510	159.934510	4.026597	0.417503
-161.525604	21.659600	-179.120000	51.040000	885.993296	4.065093	159.708250	159.708250	159.708250	4.023982	0.465860
-161.525604	22.159600	-179.120000	51.040000	873.062789	4.066093	159.473501	159.473501	159.473501	4.022211	0.514395
-161.525604	22.659600	-179.120000	51.040000	860.081875	4.067474	159.229897	159.229897	159.229897	4.021224	0.563077
-161.525604	23.159600	-179.120000	51.040000	847.214206	4.068474	158.977054	158.977054	158.977054	4.020338	0.611783
-161.525604	23.659600	-179.120000	51.040000	834.252233	4.070093	158.614566	158.614566	158.614566	4.019738	0.560680
-161.525604	24.159600	-179.120000	51.040000	821.375798	4.071474	158.242004	158.242004	158.242004	4.018963	0.509711
-161.525604	24.659600	-179.120000	51.040000	808.612553	4.072474	157.958916	157.958916	157.958916	4.020120	0.558744
-161.525604	25.159600	-179.120000	51.040000	795.690359	4.074474	157.464826	157.464826	157.564826	4.018090	0.407984
-161.525604	25.659600	-179.120000	51.040000	783.004509	4.075474	157.259228	157.259228	157.259228	4.021915	0.557343
-161.525604	26.159600	-179.120000	51.040000	770.169121	4.077474	156.741588	156.741588	156.741588	4.021008	0.406679
-161.525604	26.659600	-179.120000	51.040000	757.566847	4.078474	156.411343	156.411343	156.411343	4.022593	0.456247
-161.025604	14.659600	-179.120000	51.040000	1071.574214	4.059474	161.309824	161.309824	161.309824	4.052825	-0.689615
-161.025604	15.159600	-179.120000	51.040000	1058.626485	4.059474	161.162800	161.162800	161.162800	4.050913	-0.644545
-161.025604	15.659600	-179.120000	51.040000	1045.692742	4.059474	161.010613	161.010613	161.010613	4.050090	-0.599363
-161.025604	16.159600	-179.120000	51.040000	1032.773529	4.059474	160.953071	160.953071	160.953071	4.048170	-0.453926
-161.025604	16.659600	-179.120000	51.040000	1019.869418	4.059474	160.789971	160.789971	160.889971	4.046651	-0.408384
-161.025604	17.159600	-179.120000	51.040000	1006.827604	4.060093	160.621102	160.621102	160.621102	4.045917	-0.362746
-161.025604	17.659600	-179.120000	51.040000	993.864122	4.060474	160.446241	160.446241	160.446241	4.044938	-0.316847
-161.025604	18.159600	-179.120000	51.040000	981.012227	4.060474	160.365155	160.365155	160.365155	4.042614	-0.170858
-161.025604	18.659600	-179.120000	51.040000	968.178037	4.060474	160.377601	160.277601	160.377601	4.041328	0.075211
-161.025604	19.159600	-179.120000	51.040000	955.127066	4.061474	160.083322	160.083322	160.083322	4.035371	0.021549
-161.025604	19.659600	-179.120000	51.040000	942.190205	4.062093	159.982050	159.982050	159.982050	4.033486	0.167962
-161.025604	20.159600	-179.120000	51.040000	929.331550	4.062474	159.873501	159.873501	159.873501	4.031108	0.314438
-161.025604	20.659600	-179.120000	51.040000	916.356704	4.063474	159.657379	159.657379	159.657379	4.027647	0.361194
-161.025604	21.159600	-179.120000	51.040000	903.410054	4.064474	159.433371	159.433371	159.433371	4.024782	0.408008
-161.025604	21.659600	-179.120000	51.040000	890.492546	4.065474	159.201149	159.201149	159.201149	4.022440	0.454866
-161.025604	22.159600	-179.120000	51.040000	877.605180	4.066474	158.960367	158.960367	158.960367	4.021040	0.502019
-161.025604	22.659600	-179.120000	51.040000	864.749017	4.067474	158.710661	158.710661	158.710661	4.020468	0.549212
-161.025604	23.159600	-179.120000	51.040000	851.795675	4.069093	158.351648	158.351648	158.351648	4.018526	0.496429
-161.025604	23.659600	-179.120000	51.040000	838.928692	4.070474	158.082923	158.082923	158.082923	4.019503	0.543960
-161.025604	24.159600	-179.120000	51.040000	826.176310	4.071474	157.804060	157.804060	157.804060	4.020839	0.591510
-161.025604	24.659600	-179.120000	51.040000	813.260322	4.073474	157.314611	157.314611	157.314611	4.018706	0.439063
-161.025604	25.159600	-179.120000	51.040000	800.584697	4.074474	157.014100	157.014100	157.014100	4.020778	0.486951
-161.025604	25.659600	-179.120000	51.040000	787.828497	4.076093	156.602026	156.602026	156.602026	4.020972	0.434837
-161.025604	26.159600	-179.120000	51.040000	775.161873	4.077474	156.177861	156.177861	156.177861	4.022417	0.382703
-161.025604	26.659600	-179.120000	51.040000	762.611245	4.078474	155.841045	155.841045	155.841045	4.023603	0.430932
-160.525604	14.659600	-179.120000	51.040000	1075.842787	4.059093	160.883914	160.883914	160.883914	4.051579	-0.680131
-160.525604	15.159600	-179.120000	51.040000	1062.926798	4.059093	160.731955	160.731955	160.731955	4.049641	-0.636605
-160.525604	15.659600	-179.120000	51.040000	1050.025399	4.059093	160.574772	160.574772	160.574772	4.048081	-0.592888
-160.525604	16.159600	-179.120000	51.040000	1037.139153	4.059093	160.512172	160.512172	160.512172	4.044970	-0.448986
-160.525604	16.659600	-179.120000	51.040000	1024.172407	4.059474	160.343953	160.343953	160.343953	4.043722	-0.404977
-160.525604	17.159600	-179.120000	51.040000	1011.319487	4.059474	160.169901	160.169901	160.269901	4.043167	-0.360787
-160.525604	17.659600	-179.120000	51.040000	998.483591	4.059474	160.089793	160.089793	160.089793	4.042604	-0.216411
-160.525604	18.159600	-179.120000	51.040000	985.422664	4.060474	159.903398	159.903398	159.903398	4.038742	-0.171944
-160.525604	18.659600	-179.120000	51.040000	972.626075	4.060474	159.810470	159.810470	159.810470	4.036095	-0.027306
-160.525604	19.159600	-179.120000	51.040000	959.612356	4.061474	159.610754	159.610754	159.710754	4.031898	0.017520
-160.525604	19.659600	-179.120000	51.040000	946.713935	4.062093	159.503979	159.503979	159.503979	4.029744	0.162422
-160.525604	20.159600	-179.120000	51.040000	933.894781	4.062474	159.389863	159.389863	159.389863	4.028145	0.307481
-160.525604	20.659600	-179.120000	51.040000	920.959563	4.063474	159.168111	159.168111	159.168111	4.024932	0.352735
-160.525604	21.159600	-179.120000	51.040000	908.053383	4.064474	158.938410	158.938410	158.938410	4.022131	0.398048
-160.525604	21.659600	-179.120000	51.040000	895.177215	4.065474	158.700432	158.700432	158.700432	4.020530	0.443505
-160.525604	22.159600	-179.120000	51.040000	882.332091	4.066474	158.553832	158.453832	158.553832	4.021000	0.589166
-160.525604	22.659600	-179.120000	51.040000	869.386891	4.068093	158.198249	158.198249	158.198249	4.019365	0.534867
-160.525604	23.159600	-179.120000	51.040000	856.528864	4.069474	157.833300	157.833300	157.833300	4.018104	0.480697
-160.525604	23.659600	-179.120000	51.040000	843.786845	4.070474	157.558584	157.558584	157.558584	4.019456	0.526744
-160.525604	24.159600	-179.120000	51.040000	830.876539	4.072474	157.173677	157.173677	157.173677	4.019465	0.472811
-160.525604	24.659600	-179.120000	51.040000	818.210620	4.073474	156.878132	156.878132	156.878132	4.020908	0.518990
-160.525604	25.159600	-179.120000	51.040000	805.461018	4.075093	156.471479	156.471479	156.471479	4.021290	0.465403
-160.525604	25.659600	-179.120000	51.040000	792.801570	4.076474	156.053222	156.053222	156.053222	4.022619	0.411815
-160.525604	26.159600	-179.120000	51.040000	780.259266	4.077474	155.722836	155.722836	155.722836	4.023870	0.458319
-160.525604	26.659600	-179.120000	51.040000	767.644028	4.079093	155.279770	155.279770	155.279770	4.024660	0.405081
-160.025604	14.659600	-179.120000	51.040000	1080.270767	4.058474	160.462186	160.462186	160.462186	4.050263	-0.670892
-160.025604	15.159600	-179.120000	51.040000	1067.386174	4.058474	160.405414	160.405414	160.405414	4.046093	-0.528834
-160.025604	15.659600	-179.120000	51.040000	1054.516773	4.058474	160.243363	160.243363	160.243363	4.044759	-0.486658
-160.025604	16.159600	-179.120000	51.040000	1041.663149	4.058474	160.175838	160.075838	160.175838	4.042521	-0.344288
-160.025604	16.659600	-179.120000	51.040000	1028.669137	4.059093	159.902636	159.902636	159.902636	4.041601	-0.401730
-160.025604	17.159600	-179.120000	51.040000	1015.850887	4.059093	159.823544	159.723544	159.823544	4.041157	-0.259069
-160.025604	17.659600	-179.120000	51.040000	1002.956091	4.059474	159.638340	159.638340	159.638340	4.039753	-0.216213
-160.025604	18.159600	-179.120000	51.040000	990.024320	4.060093	159.546790	159.546790	159.546790	4.036287	-0.073180
-160.025604	18.659600	-179.120000	51.040000	977.172700	4.060474	159.348649	159.348649	159.348649	4.032977	-0.030060
-160.025604	19.159600	-179.120000	51.040000	964.196578	4.061474	159.243661	159.243661	159.243661	4.029991	0.113257
-160.025604	19.659600	-179.120000	51.040000	951.336943	4.062093	159.031558	159.031558	159.031558	4.027089	0.156741
-160.025604	20.159600	-179.120000	51.040000	938.414755	4.063093	158.812057	158.812057	158.812057	4.024067	0.200294
-160.025604	20.659600	-179.120000	51.040000	925.662365	4.063474	158.684863	158.684863	158.684863	4.022293	0.344049
-160.025604	21.159600	-179.120000	51.040000	912.658074	4.065093	158.449664	158.449664	158.449664	4.020207	0.387959
-160.025604	21.659600	-179.120000	51.040000	899.825533	4.066093	158.206135	158.206135	158.206135	4.018937	0.431919
-160.025604	22.159600	-179.120000	51.040000	886.941729	4.067474	157.953931	157.953931	157.953931	4.018527	0.476092
-160.025604	22.659600	-179.120000	51.040000	874.175375	4.068474	157.692693	157.692693	157.692693	4.018054	0.520404
-160.025604	23.159600	-179.120000	51.040000	861.312329	4.070093	157.322041	157.322041	157.322041	4.017925	0.464747
-160.025604	23.659600	-179.120000	51.040000	848.538125	4.071474	157.041575	157.041575	157.041575	4.019405	0.509315
-160.025604	24.159600	-179.120000	51.040000	835.881423	4.072474	156.650874	156.650874	156.650874	4.019951	0.454007
-160.025604	24.659600	-179.120000	51.040000	823.137918	4.074093	156.249498	156.249498	156.249498	4.020439	0.398708
-160.025604	25.159600	-179.120000	51.040000	810.485147	4.075474	155.936978	155.936978	155.936978	4.022071	0.443652
-160.025604	25.659600	-179.120000	51.040000	797.950673	4.076474	155.512824	155.512824	155.512824	4.023666	0.388702
-160.025604	26.159600	-179.120000	51.040000	785.339965	4.078093	155.176518	155.176518	155.176518	4.024445	0.433736
-160.025604	26.659600	-179.120000	51.040000	772.894979	4.079093	154.727512	154.727512	154.727512	4.025682	0.379037
-159.525604	14.659600	-179.120000	51.040000	1084.896369	4.057474	160.244681	160.244681	160.244681	4.042868	-0.461833
-159.525604	15.159600	-179.120000	51.040000	1072.042347	4.057474	160.083220	160.083220	160.083220	4.042324	-0.421316
-159.525604	15.659600	-179.120000	51.040000	1059.042673	4.058093	159.816427	159.816427	159.816427	4.043285	-0.480678
-159.525604	16.159600	-179.120000	51.040000	1046.124459	4.058474	159.644110	159.644110	159.644110	4.041590	-0.439762
-159.525604	16.659600	-179.120000	51.040000	1033.322809	4.058474	159.566063	159.566063	159.566063	4.039130	-0.298732
-159.525604	17.159600	-179.120000	51.040000	1020.383334	4.059093	159.382074	159.382074	159.382074	4.037999	-0.257596
-159.525604	17.659600	-179.120000	51.040000	1007.525020	4.059474	159.191920	159.191920	159.191920	4.035800	-0.216179
-159.525604	18.159600	-179.120000	51.040000	994.630153	4.060093	159.095368	159.095368	159.095368	4.032753	-0.074661
-159.525604	18.659600	-179.120000	51.040000	981.816416	4.060474	158.892174	158.892174	158.992174	4.029817	-0.033055
-159.525604	19.159600	-179.120000	51.040000	968.878199	4.061474	158.782081	158.782081	158.782081	4.026572	0.108841
-159.525604	19.659600	-179.120000	51.040000	956.057658	4.062093	158.564823	158.564823	158.564823	4.024157	0.150819
-159.525604	20.159600	-179.120000	51.040000	943.174896	4.063093	158.440116	158.440116	158.440116	4.021871	0.292869
-159.525604	20.659600	-179.120000	51.040000	930.321844	4.064093	158.207667	158.207667	158.207667	4.019437	0.335219
-159.525604	21.159600	-179.120000	51.040000	917.499478	4.065093	157.967166	157.967166	157.967166	4.018008	0.377635
-159.525604	21.659600	-179.120000	51.040000	904.623959	4.066474	157.718288	157.718288	157.718288	4.017465	0.420103
-159.525604	22.159600	-179.120000	51.040000	891.867325	4.067474	157.460691	157.460691	157.460691	4.017271	0.462885
-159.525604	22.659600	-179.120000	51.040000	879.010996	4.069093	157.194017	157.194017	157.194017	4.017111	0.505713
-159.525604	23.159600	-179.120000	51.040000	866.244233	4.070474	156.817890	156.817890	156.817890	4.017711	0.448574
-159.525604	23.659600	-179.120000	51.040000	853.596289	4.071474	156.531912	156.531912	156.531912	4.019057	0.491765
-159.525604	24.159600	-179.120000	51.040000	840.858411	4.073093	156.135668	156.135668	156.135668	4.020299	0.434983
-159.525604	24.659600	-179.120000	51.040000	828.211848	4.074474	155.828718	155.828718	155.828718	4.021338	0.478211
-159.525604	25.159600	-179.120000	51.040000	815.684740	4.075474	155.410602	155.410602	155.410602	4.022739	0.421792
-159.525604	25.659600	-179.120000	51.040000	803.078098	4.077093	155.080832	154.980832	155.080832	4.023443	0.465377
-159.525604	26.159600	-179.120000	51.040000	790.639248	4.078093	154.638898	154.638898	154.638898	4.025071	0.408947
-159.525604	26.659600	-179.120000	51.040000	778.246216	4.079093	154.184260	154.184260	154.184260	4.026924	0.352897
-159.025604	14.659600	-179.120000	51.040000	1089.348777	4.057474	159.731437	159.731437	159.731437	4.045341	-0.553203
-159.025604	15.159600	-179.120000	51.040000	1076.528847	4.057474	159.665409	159.665409	159.665409	4.040622	-0.414228
-159.025604	15.659600	-179.120000	51.040000	1063.725303	4.057474	159.494002	159.494002	159.494002	4.039370	-0.375060
-159.025604	16.159600	-179.120000	51.040000	1050.778580	4.058093	159.317023	159.317023	159.317023	4.037908	-0.335676
-159.025604	16.659600	-179.120000	51.040000	1038.011647	4.058093	159.134268	159.134268	159.134268	4.036213	-0.296176
-159.025604	17.159600	-179.120000	51.040000	1025.166689	4.058474	159.045524	158.945524	159.045524	4.034275	-0.156493
-159.025604	17.659600	-179.120000	51.040000	1012.284070	4.059093	158.850568	158.850568	158.850568	4.031759	-0.116595
-159.025604	18.159600	-179.120000	51.040000	999.483548	4.059474	158.749167	158.649167	158.749167	4.029224	0.023404
-159.025604	18.659600	-179.120000	51.040000	986.555721	4.060474	158.541079	158.541079	158.541079	4.026038	0.063573
-159.025604	19.159600	-179.120000	51.040000	973.655679	4.061474	158.326046	158.326046	158.326046	4.023183	0.103960
-159.025604	19.659600	-179.120000	51.040000	960.874504	4.062093	158.203803	158.203803	158.203803	4.021107	0.244433
-159.025604	20.159600	-179.120000	51.040000	948.031419	4.063093	157.974069	157.974069	157.974069	4.019105	0.285060
-159.025604	20.659600	-179.120000	51.040000	935.131056	4.064474	157.736550	157.736550	157.736550	4.017092	0.325913
-159.025604	21.159600	-179.120000	51.040000	922.351181	4.065474	157.490939	157.490939	157.490939	4.016225	0.366833
-159.025604	21.659600	-179.120000	51.040000	909.603850	4.066474	157.236912	157.236912	157.236912	4.015704	0.407892
-159.025604	22.159600	-179.120000	51.040000	896.753806	4.068093	156.974130	156.974130	156.974130	4.015704	0.449187
-159.025604	22.659600	-179.120000	51.040000	883.994051	4.069474	156.702238	156.702238	156.702238	4.016460	0.490529
-159.025604	23.159600	-179.120000	51.040000	871.354433	4.070474	156.320861	156.320861	156.320861	4.017259	0.431995
-159.025604	23.659600	-179.120000	51.040000	858.621737	4.072093	156.029607	156.029607	156.029607	4.019480	0.473709
-159.025604	24.159600	-179.120000	51.040000	845.980943	4.073474	155.628063	155.628063	155.628063	4.020548	0.415451
-159.025604	24.659600	-179.120000	51.040000	833.460770	4.074474	155.215795	155.215795	155.215795	4.022352	0.357296
-159.025604	25.159600	-179.120000	51.040000	820.857759	4.076093	154.892346	154.892346	154.892346	4.023056	0.399408
-159.025604	25.659600	-179.120000	51.040000	808.424627	4.077093	154.457237	154.457237	154.457237	4.025284	0.341527
-159.025604	26.159600	-179.120000	51.040000	796.036599	4.078093	154.109963	154.109963	154.109963	4.025015	0.383726
-159.025604	26.659600	-179.120000	51.040000	783.695511	4.079093	153.649992	153.649992	153.649992	4.027799	0.326216
-158.525604	14.659600	-179.120000	51.040000	1094.162650	4.056474	159.522488	159.522488	159.522488	4.037414	-0.344840
-158.525604	15.159600	-179.120000	51.040000	1081.209110	4.057093	159.252015	159.252015	159.252015	4.039592	-0.407338
-158.525604	15.659600	-179.120000	51.040000	1068.439361	4.057093	159.176121	159.176121	159.176121	4.035190	-0.269707
-158.525604	16.159600	-179.120000	51.040000	1055.587976	4.057474	158.994612	158.994612	158.994612	4.033830	-0.231854
-158.525604	16.659600	-179.120000	51.040000	1042.696369	4.058093	158.807285	158.807285	158.807285	4.032693	-0.193809
-158.525604	17.159600	-179.120000	51.040000	1029.887829	4.058474	158.613926	158.613926	158.613926	4.030890	-0.155652
-158.525604	17.659600	-179.120000	51.040000	1017.042006	4.059093	158.514314	158.514314	158.514314	4.028829	-0.017271
-158.525604	18.159600	-179.120000	51.040000	1004.279232	4.059474	158.308217	158.308217	158.308217	4.025793	0.021289
-158.525604	18.659600	-179.120000	51.040000	991.389111	4.060474	158.195391	158.195391	158.195391	4.023104	0.159944
-158.525604	19.159600	-179.120000	51.040000	978.527481	4.061474	157.975582	157.975582	157.975582	4.020424	0.198826
-158.525604	19.659600	-179.120000	51.040000	965.695220	4.062474	157.748524	157.748524	157.748524	4.017772	0.237874
-158.525604	20.159600	-179.120000	51.040000	952.893250	4.063474	157.513939	157.513939	157.513939	4.016512	0.276999
-158.525604	20.659600	-179.120000	51.040000	940.122543	4.064474	157.271533	157.271533	157.271533	4.015121	0.316358
-158.525604	21.159600	-179.120000	51.040000	927.384121	4.065474	157.021002	157.021002	157.021002	4.014072	0.355867
-158.525604	21.659600	-179.120000	51.040000	914.539955	4.067093	156.762024	156.762024	156.762024	4.014038	0.395435
-158.525604	22.159600	-179.120000	51.040000	901.786799	4.068474	156.494263	156.494263	156.494263	4.014554	0.435247
-158.525604	22.659600	-179.120000	51.040000	889.155099	4.069474	156.217365	156.217365	156.217365	4.015084	0.475193
-158.525604	23.159600	-179.120000	51.040000	876.427170	4.071093	155.830961	155.830961	155.830961	4.016991	0.415177
-158.525604	23.659600	-179.120000	51.040000	863.791731	4.072474	155.434661	155.434661	155.534661	4.019238	0.355419
-158.525604	24.159600	-179.120000	51.040000	851.278090	4.073474	155.128057	155.128057	155.128057	4.020889	0.395777
-158.525604	24.659600	-179.120000	51.040000	838.805621	4.074474	154.710720	154.710720	154.710720	4.022424	0.336151
-158.525604	25.159600	-179.120000	51.040000	826.250498	4.076093	154.382200	154.382200	154.382200	4.023627	0.376801
-158.525604	25.659600	-179.120000	51.040000	813.867098	4.077093	153.942022	153.942022	153.942022	4.025477	0.317546
-158.525604	26.159600	-179.120000	51.040000	801.529863	4.078093	153.489689	153.489689	153.489689	4.028119	0.258284
-158.525604	26.659600	-179.120000	51.040000	789.240658	4.079093	153.124677	153.124677	153.124677	4.027586	0.299322
-158.025604	14.659600	-179.120000	51.040000	1098.798538	4.056474	159.117865	159.117865	159.117865	4.036898	-0.336687
-158.025604	15.159600	-179.120000	51.040000	1086.044567	4.056474	158.943069	158.943069	159.043069	4.035789	-0.300723
-158.025604	15.659600	-179.120000	51.040000	1073.144522	4.057093	158.762813	158.762813	158.762813	4.033789	-0.264627
-158.025604	16.159600	-179.120000	51.040000	1060.328573	4.057474	158.576904	158.576904	158.576904	4.031464	-0.228233
-158.025604	16.659600	-179.120000	51.040000	1047.472732	4.058093	158.385140	158.385140	158.385140	4.029596	-0.191714
-158.025604	17.159600	-179.120000	51.040000	1034.700863	4.058474	158.287307	158.287307	158.287307	4.027792	-0.055078
-158.025604	17.659600	-179.120000	51.040000	1021.892076	4.059093	158.083184	158.083184	158.083184	4.025872	-0.018141
-158.025604	18.159600	-179.120000	51.040000	1009.167284	4.059474	157.972540	157.972540	157.972540	4.023281	0.118906
-158.025604	18.659600	-179.120000	51.040000	996.315081	4.060474	157.755133	157.755133	157.755133	4.020042	0.156051
-158.025604	19.159600	-179.120000	51.040000	983.492064	4.061474	157.530710	157.530710	157.530710	4.017677	0.193506
-158.025604	19.659600	-179.120000	51.040000	970.699131	4.062474	157.299005	157.299005	157.299005	4.015420	0.231052
-158.025604	20.159600	-179.120000	51.040000	957.937225	4.063474	157.159742	157.159742	157.159742	4.014009	0.368680
-158.025604	20.659600	-179.120000	51.040000	945.063519	4.065093	156.812631	156.812631	156.812631	4.012983	0.306626
-158.025604	21.159600	-179.120000	51.040000	932.368668	4.066093	156.557368	156.557368	156.557368	4.012503	0.344646
-158.025604	21.659600	-179.120000	51.040000	919.621724	4.067474	156.293634	156.293634	156.293634	4.012870	0.382727
-158.025604	22.159600	-179.120000	51.040000	906.997558	4.068474	156.021095	156.021095	156.021095	4.013272	0.421139
-158.025604	22.659600	-179.120000	51.040000	894.274006	4.070093	155.739403	155.639403	155.739403	4.014676	0.459607
-158.025604	23.159600	-179.120000	51.040000	881.726146	4.071093	155.348189	155.348189	155.348189	4.016572	0.398115
-158.025604	23.659600	-179.120000	51.040000	869.136047	4.072474	154.947070	154.947070	154.947070	4.019358	0.336971
-158.025604	24.159600	-179.120000	51.040000	856.669167	4.073474	154.635642	154.635642	154.635642	4.021051	0.375861
-158.025604	24.659600	-179.120000	51.040000	844.116266	4.075093	154.213482	154.213482	154.213482	4.022792	0.314769
-158.025604	25.159600	-179.120000	51.040000	831.737143	4.076093	153.780143	153.780143	153.780143	4.025044	0.254045
-158.025604	25.659600	-179.120000	51.040000	819.403427	4.077093	153.435160	153.435160	153.435160	4.025339	0.293333
-158.025604	26.159600	-179.120000	51.040000	807.116906	4.078093	152.978043	152.978043	152.978043	4.028038	0.232615
-158.025604	26.659600	-179.120000	51.040000	795.000021	4.078474	152.508275	152.508275	152.508275	4.031423	0.172289
-157.525604	14.659600	-179.120000	51.040000	1103.627507	4.056093	158.817595	158.817595	158.817595	4.032593	-0.228981
-157.525604	15.159600	-179.120000	51.040000	1090.907305	4.056093	158.638595	158.638595	158.638595	4.031977	-0.194557
-157.525604	15.659600	-179.120000	51.040000	1078.103850	4.056474	158.454103	158.454103	158.454103	4.030594	-0.159935
-157.525604	16.159600	-179.120000	51.040000	1065.259356	4.057093	158.263924	158.263924	158.263924	4.028833	-0.125071
-157.525604	16.659600	-179.120000	51.040000	1052.499781	4.057474	158.067856	158.067856	158.067856	4.027080	-0.090077
-157.525604	17.159600	-179.120000	51.040000	1039.702105	4.058093	157.865688	157.865688	157.865688	4.025087	-0.054900
-157.525604	17.659600	-179.120000	51.040000	1026.832838	4.059093	157.757198	157.757198	157.757198	4.023543	0.080520
-157.525604	18.159600	-179.120000	51.040000	1014.146232	4.059474	157.542157	157.542157	157.542157	4.020231	0.116053
-157.525604	18.659600	-179.120000	51.040000	1001.332126	4.060474	157.320323	157.320323	157.320323	4.017319	0.151756
-157.525604	19.159600	-179.120000	51.040000	988.547889	4.061474	157.091445	157.091445	157.191445	4.015310	0.187706
-157.525604	19.659600	-179.120000	51.040000	975.794438	4.062474	156.955260	156.955260	156.955260	4.013321	0.323751
-157.525604	20.159600	-179.120000	51.040000	962.926163	4.064093	156.611492	156.611492	156.711492	4.012104	0.259949
-157.525604	20.659600	-179.120000	51.040000	950.239195	4.065093	156.359854	156.359854	156.359854	4.011455	0.296402
-157.525604	21.159600	-179.120000	51.040000	937.586052	4.066093	156.100043	156.100043	156.100043	4.011074	0.332931
-157.525604	21.659600	-179.120000	51.040000	924.881110	4.067474	155.831745	155.831745	155.831745	4.011253	0.369598
-157.525604	22.159600	-179.120000	51.040000	912.161565	4.069093	155.554628	155.554628	155.554628	4.012425	0.406528
-157.525604	22.659600	-179.120000	51.040000	899.620009	4.070093	155.168347	155.168347	155.168347	4.014058	0.343516
-157.525604	23.159600	-179.120000	51.040000	887.034012	4.071474	154.872539	154.872539	154.872539	4.016439	0.380622
-157.525604	23.659600	-179.120000	51.040000	874.572373	4.072474	154.466824	154.466824	154.466824	4.019231	0.318005
-157.525604	24.159600	-179.120000	51.040000	862.021350	4.074093	154.050802	154.050802	154.050802	4.021295	0.255426
-157.525604	24.659600	-179.120000	51.040000	849.646180	4.075093	153.724057	153.724057	153.724057	4.022923	0.292944
-157.525604	25.159600	-179.120000	51.040000	837.315675	4.076093	153.286150	153.286150	153.286150	4.025059	0.230758
-157.525604	25.659600	-179.120000	51.040000	825.031548	4.077093	152.936620	152.936620	152.936620	4.025171	0.268587
-157.525604	26.159600	-179.120000	51.040000	812.795614	4.078093	152.474985	152.474985	152.474985	4.028043	0.206489
-157.525604	26.659600	-179.120000	51.040000	800.731207	4.078474	152.000740	152.000740	152.000740	4.031182	0.144711
-157.025604	14.659600	-179.120000	51.040000	1108.610239	4.055474	158.521700	158.521700	158.521700	4.029307	-0.121565
-157.025604	15.159600	-179.120000	51.040000	1095.756179	4.056093	158.238618	158.238618	158.338618	4.031028	-0.188618
-157.025604	15.659600	-179.120000	51.040000	1082.988034	4.056474	158.150013	158.150013	158.150013	4.027424	-0.055531
-157.025604	16.159600	-179.120000	51.040000	1070.179141	4.057093	157.855693	157.855693	157.955693	4.027022	-0.122193
-157.025604	16.659600	-179.120000	51.040000	1057.456046	4.057474	157.755455	157.755455	157.755455	4.024756	0.011338
-157.025604	17.159600	-179.120000	51.040000	1044.695169	4.058093	157.549088	157.549088	157.549088	4.023076	0.044994
-157.025604	17.659600	-179.120000	51.040000	1031.862853	4.059093	157.336374	157.336374	157.336374	4.021401	0.078901
-157.025604	18.159600	-179.120000	51.040000	1019.059330	4.060093	157.117083	157.117083	157.117083	4.017893	0.112988
-157.025604	18.659600	-179.120000	51.040000	1006.438741	4.060474	156.990975	156.890975	156.990975	4.015560	0.247181
-157.025604	19.159600	-179.120000	51.040000	993.693418	4.061474	156.757800	156.757800	156.757800	4.013438	0.281630
-157.025604	19.659600	-179.120000	51.040000	980.830233	4.063093	156.517298	156.517298	156.517298	4.011317	0.316243
-157.025604	20.159600	-179.120000	51.040000	968.150813	4.064093	156.269195	156.269195	156.269195	4.010361	0.350945
-157.025604	20.659600	-179.120000	51.040000	955.504880	4.065093	156.013205	156.013205	156.013205	4.010003	0.385908
-157.025604	21.159600	-179.120000	51.040000	942.805072	4.066474	155.649029	155.649029	155.649029	4.009911	0.321021
-157.025604	21.659600	-179.120000	51.040000	930.230629	4.067474	155.376355	155.376355	155.376355	4.010474	0.356201
-157.025604	22.159600	-179.120000	51.040000	917.553603	4.069093	155.094857	155.094857	155.094857	4.011749	0.391654
-157.025604	22.659600	-179.120000	51.040000	905.056189	4.070093	154.704190	154.704190	154.704190	4.013724	0.327237
-157.025604	23.159600	-179.120000	51.040000	892.514652	4.071474	154.403998	154.303998	154.403998	4.016299	0.362868
-157.025604	23.659600	-179.120000	51.040000	880.098837	4.072474	153.993904	153.993904	153.993904	4.019170	0.298785
-157.025604	24.159600	-179.120000	51.040000	867.593667	4.074093	153.573515	153.573515	153.573515	4.021515	0.234813
-157.025604	24.659600	-179.120000	51.040000	855.266087	4.075093	153.242420	153.242420	153.242420	4.023218	0.270867
-157.025604	25.159600	-179.120000	51.040000	842.984091	4.076093	152.800186	152.800186	152.800186	4.024912	0.207225
-157.025604	25.659600	-179.120000	51.040000	830.749416	4.077093	152.446361	152.446361	152.446361	4.025482	0.243672
-157.025604	26.159600	-179.120000	51.040000	818.688070	4.077474	151.880470	151.880470	151.880470	4.031406	0.080120
-157.025604	26.659600	-179.120000	51.040000	806.551773	4.078474	151.502016	151.502016	151.502016	4.031135	0.116897
-156.525604	14.659600	-179.120000	51.040000	1113.511433	4.055474	158.130200	158.130200	158.130200	4.029336	-0.114387
-156.525604	15.159600	-179.120000	51.040000	1100.692033	4.056093	157.943155	157.943155	157.943155	4.027500	-0.082976
-156.525604	15.659600	-179.120000	51.040000	1088.061707	4.056093	157.750561	157.750561	157.750561	4.026508	-0.051421
-156.525604	16.159600	-179.120000	51.040000	1075.186272	4.057093	157.552226	157.552226	157.552226	4.024841	-0.019549
-156.525604	16.659600	-179.120000	51.040000	1062.499829	4.057474	157.347949	157.347949	157.347949	4.023375	0.012461
-156.525604	17.159600	-179.120000	51.040000	1049.775910	4.058093	157.137521	157.137521	157.137521	4.021432	0.044598
-156.525604	17.659600	-179.120000	51.040000	1036.980682	4.059093	156.920723	156.920723	156.920723	4.019256	0.077055
-156.525604	18.159600	-179.120000	51.040000	1024.214872	4.060093	156.797327	156.697327	156.797327	4.016278	0.209633
-156.525604	18.659600	-179.120000	51.040000	1011.479346	4.061093	156.567096	156.567096	156.567096	4.013769	0.242321
-156.525604	19.159600	-179.120000	51.040000	998.775012	4.062093	156.329782	156.329782	156.329782	4.011675	0.275335
-156.525604	19.659600	-179.120000	51.040000	986.102824	4.063093	156.085124	156.085124	156.085124	4.009776	0.308452
-156.525604	20.159600	-179.120000	51.040000	973.463783	4.064093	155.832852	155.832852	155.832852	4.009101	0.341661
-156.525604	20.659600	-179.120000	51.040000	960.858942	4.065093	155.572684	155.572684	155.572684	4.008986	0.375204
-156.525604	21.159600	-179.120000	51.040000	948.200450	4.066474	155.204322	155.204322	155.204322	4.009302	0.308831
-156.525604	21.659600	-179.120000	51.040000	935.526312	4.068093	154.927459	154.927459	154.927459	4.010012	0.342531
-156.525604	22.159600	-179.120000	51.040000	923.034057	4.069093	154.641770	154.641770	154.641770	4.011523	0.376576
-156.525604	22.659600	-179.120000	51.040000	910.580766	4.070093	154.246917	154.246917	154.246917	4.013663	0.310686
-156.525604	23.159600	-179.120000	51.040000	898.083639	4.071474	153.842546	153.842546	153.842546	4.016196	0.244848
-156.525604	23.659600	-179.120000	51.040000	885.713582	4.072474	153.528287	153.528287	153.528287	4.019563	0.279370
-156.525604	24.159600	-179.120000	51.040000	873.254159	4.074093	153.103752	153.103752	153.103752	4.021623	0.213936
-156.525604	24.659600	-179.120000	51.040000	860.974049	4.075093	152.768535	152.768535	152.768535	4.023502	0.248531
-156.525604	25.159600	-179.120000	51.040000	848.740413	4.076093	152.322212	152.322212	152.322212	4.025253	0.183505
-156.525604	25.659600	-179.120000	51.040000	836.681942	4.076474	151.864337	151.864337	151.864337	4.028124	0.118501
-156.525604	26.159600	-179.120000	51.040000	824.544750	4.077474	151.494443	151.494443	151.494443	4.028715	0.153502
-156.525604	26.659600	-179.120000	51.040000	812.535606	4.078093	150.912044	150.912044	150.912044	4.035800	-0.011097
-156.025604	14.659600	-179.120000	51.040000	1118.603359	4.055093	157.843112	157.843112	157.843112	4.026553	-0.007676
-156.025604	15.159600	-179.120000	51.040000	1105.882213	4.055474	157.652222	157.652222	157.652222	4.024996	0.022198
-156.025604	15.659600	-179.120000	51.040000	1093.119383	4.056093	157.455761	157.455761	157.455761	4.024250	0.052274
-156.025604	16.159600	-179.120000	51.040000	1080.279399	4.057093	157.153537	157.153537	157.153537	4.024171	-0.017380
-156.025604	16.659600	-179.120000	51.040000	1067.629753	4.057474	157.045352	157.045352	157.045352	4.021825	0.113106
-156.025604	17.159600	-179.120000	51.040000	1054.942919	4.058093	156.830997	156.830997	156.830997	4.020570	0.143780
-156.025604	17.659600	-179.120000	51.040000	1042.184890	4.059093	156.610254	156.610254	156.610254	4.018257	0.174724
-156.025604	18.159600	-179.120000	51.040000	1029.456889	4.060093	156.382898	156.382898	156.382898	4.015340	0.205792
-156.025604	18.659600	-179.120000	51.040000	1016.759799	4.061093	156.148693	156.148693	156.148693	4.012862	0.237032
-156.025604	19.159600	-179.120000	51.040000	1004.094546	4.062093	155.907392	155.907392	155.907392	4.010563	0.268545
-156.025604	19.659600	-179.120000	51.040000	991.462100	4.063093	155.658737	155.658737	155.658737	4.008879	0.300165
-156.025604	20.159600	-179.120000	51.040000	978.863479	4.064093	155.402462	155.402462	155.402462	4.008372	0.331939
-156.025604	20.659600	-179.120000	51.040000	966.299753	4.065093	155.138285	155.138285	155.138285	4.008463	0.363994
-156.025604	21.159600	-179.120000	51.040000	953.682575	4.066474	154.765914	154.765914	154.765914	4.008684	0.296136
-156.025604	21.659600	-179.120000	51.040000	941.050152	4.068093	154.485043	154.485043	154.485043	4.009743	0.328414
-156.025604	22.159600	-179.120000	51.040000	928.601197	4.069093	154.195352	154.195352	154.195352	4.011477	0.360982
-156.025604	22.659600	-179.120000	51.040000	916.191972	4.070093	153.796508	153.796508	153.796508	4.013786	0.293619
-156.025604	23.159600	-179.120000	51.040000	903.739168	4.071474	153.388160	153.388160	153.388160	4.016458	0.226371
-156.025604	23.659600	-179.120000	51.040000	891.414763	4.072474	153.069945	153.069945	153.069945	4.019824	0.259427
-156.025604	24.159600	-179.120000	51.040000	879.134417	4.073474	152.641479	152.641479	152.641479	4.022199	0.192531
-156.025604	24.659600	-179.120000	51.040000	866.899728	4.074474	152.302364	152.302364	152.302364	4.024160	0.225728
-156.025604	25.159600	-179.120000	51.040000	854.712381	4.075474	151.852182	151.852182	151.852182	4.026083	0.159246
-156.025604	25.659600	-179.120000	51.040000	842.574151	4.076474	151.490495	151.390495	151.490495	4.026629	0.192791
-156.025604	26.159600	-179.120000	51.040000	830.564613	4.077093	150.916846	150.916846	150.916846	4.033972	0.026403
-156.025604	26.659600	-179.120000	51.040000	818.529192	4.078093	150.530756	150.530756	150.530756	4.033916	0.060360
-155.525604	14.659600	-179.120000	51.040000	1123.674792	4.055093	157.460450	157.460450	157.460450	4.028379	-0.001277
-155.525604	15.159600	-179.120000	51.040000	1110.988916	4.055474	157.265831	157.265831	157.265831	4.026164	0.027114
-155.525604	15.659600	-179.120000	51.040000	1098.261592	4.056093	157.065623	157.065623	157.065623	4.024437	0.055659
-155.525604	16.159600	-179.120000	51.040000	1085.457173	4.057093	156.859636	156.859636	156.859636	4.022893	0.084481
-155.525604	16.659600	-179.120000	51.040000	1072.945312	4.057093	156.647671	156.647671	156.647671	4.021457	0.113501
-155.525604	17.159600	-179.120000	51.040000	1060.194792	4.058093	156.429522	156.429522	156.429522	4.019536	0.142656
-155.525604	17.659600	-179.120000	51.040000	1047.474042	4.059093	156.204972	156.204972	156.204972	4.017483	0.172090
-155.525604	18.159600	-179.120000	51.040000	1034.783919	4.060093	155.973797	155.973797	155.973797	4.014952	0.201707
-155.525604	18.659600	-179.120000	51.040000	1022.125321	4.061093	155.735764	155.735764	155.735764	4.012462	0.231441
-155.525604	19.159600	-179.120000	51.040000	1009.499188	4.062093	155.490628	155.490628	155.490628	4.010519	0.261457
-155.525604	19.659600	-179.120000	51.040000	996.906508	4.063093	155.238134	155.238134	155.238134	4.008586	0.291640
-155.525604	20.159600	-179.120000	51.040000	984.348315	4.064093	154.978016	154.978016	154.978016	4.008286	0.321921
-155.525604	20.659600	-179.120000	51.040000	971.734510	4.065474	154.709999	154.709999	154.709999	4.008461	0.352491
-155.525604	21.159600	-179.120000	51.040000	959.249796	4.066474	154.333791	154.333791	154.333791	4.008720	0.283210
-155.525604	21.659600	-179.120000	51.040000	946.659029	4.068093	154.049091	154.049091	154.049091	4.009830	0.314007
-155.525604	22.159600	-179.120000	51.040000	934.253304	4.069093	153.755583	153.755583	153.755583	4.011600	0.345103
-155.525604	22.659600	-179.120000	51.040000	921.888053	4.070093	153.352938	153.352938	153.352938	4.014002	0.276328
-155.525604	23.159600	-179.120000	51.040000	909.479449	4.071474	153.040811	152.940811	153.040811	4.017032	0.307612
-155.525604	23.659600	-179.120000	51.040000	897.200558	4.072474	152.618842	152.618842	152.618842	4.020456	0.239206
-155.525604	24.159600	-179.120000	51.040000	884.966520	4.073474	152.186657	152.186657	152.186657	4.022846	0.170910
-155.525604	24.659600	-179.120000	51.040000	872.778952	4.074474	151.843861	151.843861	151.843861	4.025102	0.202650
-155.525604	25.159600	-179.120000	51.040000	860.639556	4.075474	151.390045	151.390045	151.390045	4.027355	0.134718
-155.525604	25.659600	-179.120000	51.040000	848.629534	4.076093	151.024778	151.024778	151.024778	4.028416	0.166872
-155.525604	26.159600	-179.120000	51.040000	836.590805	4.077093	150.547613	150.547613	150.547613	4.032515	0.099039
-155.525604	26.659600	-179.120000	51.040000	824.605921	4.078093	150.058079	150.058079	150.058079	4.036827	0.031558
-155.025604	14.659600	-179.120000	51.040000	1128.829210	4.055093	157.182222	157.182222	157.182222	4.026339	0.104853
-155.025604	15.159600	-179.120000	51.040000	1116.178725	4.055474	156.983990	156.983990	156.983990	4.024963	0.131711
-155.025604	15.659600	-179.120000	51.040000	1103.487013	4.056093	156.780156	156.780156	156.780156	4.023349	0.158727
-155.025604	16.159600	-179.120000	51.040000	1090.718248	4.057093	156.470528	156.470528	156.470528	4.022905	0.086078
-155.025604	16.659600	-179.120000	51.040000	1078.243889	4.057093	156.354911	156.354911	156.354911	4.020846	0.213579
-155.025604	17.159600	-179.120000	51.040000	1065.530130	4.058093	156.133098	156.133098	156.133098	4.019396	0.241220
-155.025604	17.659600	-179.120000	51.040000	1052.846712	4.059093	155.904877	155.804877	155.904877	4.017765	0.269198
-155.025604	18.159600	-179.120000	51.040000	1040.194506	4.060093	155.670023	155.670023	155.670023	4.014734	0.297310
-155.025604	18.659600	-179.120000	51.040000	1027.574425	4.061093	155.428307	155.428307	155.428307	4.012468	0.325542
-155.025604	19.159600	-179.120000	51.040000	1014.987424	4.062093	155.179484	155.179484	155.179484	4.010608	0.354118
-155.025604	19.659600	-179.120000	51.040000	1002.434505	4.063093	154.823304	154.823304	154.823304	4.009043	0.282808
-155.025604	20.159600	-179.120000	51.040000	989.916717	4.064093	154.559504	154.559504	154.559504	4.008431	0.311601
-155.025604	20.659600	-179.120000	51.040000	977.343451	4.065474	154.287809	154.287809	154.287809	4.008761	0.340744
-155.025604	21.159600	-179.120000	51.040000	964.900474	4.066474	154.007934	154.007934	154.007934	4.009251	0.369982
-155.025604	21.659600	-179.120000	51.040000	952.351270	4.068093	153.619580	153.619580	153.619580	4.010254	0.299304
-155.025604	22.159600	-179.120000	51.040000	939.988673	4.069093	153.322436	153.322436	153.322436	4.012109	0.328985
-155.025604	22.659600	-179.120000	51.040000	927.667274	4.070093	152.916176	152.916176	152.916176	4.014559	0.258743
-155.025604	23.159600	-179.120000	51.040000	915.302713	4.071474	152.600463	152.600463	152.600463	4.017701	0.288563
-155.025604	23.659600	-179.120000	51.040000	903.069158	4.072474	152.174941	152.174941	152.174941	4.021076	0.218754
-155.025604	24.159600	-179.120000	51.040000	890.881227	4.073474	151.839240	151.839240	151.839240	4.023528	0.249002
-155.025604	24.659600	-179.120000	51.040000	878.740549	4.074474	151.392976	151.392976	151.392976	4.026181	0.179290
-155.025604	25.159600	-179.120000	51.040000	866.648840	4.075474	151.035743	151.035743	151.035743	4.027389	0.209966
-155.025604	25.659600	-179.120000	51.040000	854.687884	4.076093	150.567122	150.567122	150.567122	4.030771	0.140675
-155.025604	26.159600	-179.120000	51.040000	842.698485	4.077093	150.186672	150.186672	150.186672	4.031921	0.171402
-155.025604	26.659600	-179.120000	51.040000	830.763770	4.078093	149.693934	149.693934	149.693934	4.036300	0.102536
-154.525604	14.659600	-179.120000	51.040000	1134.065344	4.055093	156.808436	156.808436	156.808436	4.029054	0.110498
-154.525604	15.159600	-179.120000	51.040000	1121.450348	4.055474	156.706706	156.706706	156.706706	4.024173	0.235822
-154.525604	15.659600	-179.120000	51.040000	1108.794329	4.056093	156.399362	156.399362	156.399362	4.024722	0.161355
-154.525604	16.159600	-179.120000	51.040000	1096.061280	4.057093	156.186216	156.186216	156.186216	4.022843	0.187182
-154.525604	16.659600	-179.120000	51.040000	1083.522619	4.057474	155.967071	155.967071	155.967071	4.021102	0.213163
-154.525604	17.159600	-179.120000	51.040000	1070.947536	4.058093	155.741725	155.741725	155.741725	4.019730	0.239336
-154.525604	17.659600	-179.120000	51.040000	1058.301476	4.059093	155.509965	155.509965	155.509965	4.018095	0.265804
-154.525604	18.159600	-179.120000	51.040000	1045.687200	4.060093	155.271571	155.271571	155.271571	4.015421	0.292409
-154.525604	18.659600	-179.120000	51.040000	1033.105633	4.061093	155.026313	155.026313	155.026313	4.012915	0.319189
-154.525604	19.159600	-179.120000	51.040000	1020.557746	4.062093	154.773951	154.773951	154.773951	4.011004	0.346268
-154.525604	19.659600	-179.120000	51.040000	1008.044553	4.063093	154.514237	154.514237	154.514237	4.009791	0.373465
-154.525604	20.159600	-179.120000	51.040000	995.567119	4.064093	154.146910	154.146910	154.146910	4.009280	0.300818
-154.525604	20.659600	-179.120000	51.040000	983.034313	4.065474	153.871699	153.871699	153.871699	4.009561	0.328477
-154.525604	21.159600	-179.120000	51.040000	970.632984	4.066474	153.588322	153.588322	153.588322	4.010127	0.356235
-154.525604	21.659600	-179.120000	51.040000	958.125218	4.068093	153.296485	153.296485	153.296485	4.011308	0.384130
-154.525604	22.159600	-179.120000	51.040000	945.805617	4.069093	152.895881	152.895881	152.895881	4.013254	0.312339
-154.525604	22.659600	-179.120000	51.040000	933.527912	4.070093	152.586190	152.586190	152.586190	4.015925	0.340628
-154.525604	23.159600	-179.120000	51.040000	921.293520	4.071093	152.167078	152.167078	152.167078	4.018684	0.269033
-154.525604	23.659600	-179.120000	51.040000	909.018779	4.072474	151.838195	151.838195	151.838195	4.022136	0.297765
-154.525604	24.159600	-179.120000	51.040000	896.876717	4.073474	151.399180	151.399180	151.399180	4.024665	0.226556
-154.525604	24.659600	-179.120000	51.040000	884.782663	4.074474	151.049652	151.049652	151.049652	4.026502	0.255439
-154.525604	25.159600	-179.120000	51.040000	872.820039	4.075093	150.589216	150.589216	150.589216	4.029260	0.184666
-154.525604	25.659600	-179.120000	51.040000	860.826131	4.076093	150.217459	150.217459	150.217459	4.030706	0.213931
-154.525604	26.159600	-179.120000	51.040000	848.885696	4.077093	149.733950	149.733950	149.733950	4.035461	0.143262
-154.525604	26.659600	-179.120000	51.040000	837.000746	4.078093	149.338239	149.338239	149.338239	4.036616	0.172959
-154.025604	14.659600	-179.120000	51.040000	1139.381929	4.055093	156.539096	156.539096	156.539096	4.027879	0.215808
-154.025604	15.159600	-179.120000	51.040000	1126.802493	4.055474	156.333981	156.333981	156.333981	4.026240	0.239645
-154.025604	15.659600	-179.120000	51.040000	1114.182226	4.056093	156.123244	156.123244	156.123244	4.024646	0.263649
-154.025604	16.159600	-179.120000	51.040000	1101.484931	4.057093	155.906699	155.906699	155.906699	4.023244	0.287955
-154.025604	16.659600	-179.120000	51.040000	1088.983376	4.057474	155.684151	155.684151	155.684151	4.021643	0.312464
-154.025604	17.159600	-179.120000	51.040000	1076.445621	4.058093	155.355399	155.355399	155.455399	4.020155	0.237123
-154.025604	17.659600	-179.120000	51.040000	1063.836919	4.059093	155.120232	155.120232	155.120232	4.018328	0.262084
-154.025604	18.159600	-179.120000	51.040000	1051.260558	4.060093	154.878432	154.878432	154.878432	4.016436	0.287233
-154.025604	18.659600	-179.120000	51.040000	1038.717476	4.061093	154.629772	154.629772	154.629772	4.014349	0.312511
-154.025604	19.159600	-179.120000	51.040000	1026.208656	4.062093	154.374015	154.374015	154.374015	4.012335	0.338097
-154.025604	19.659600	-179.120000	51.040000	1013.735126	4.063093	154.110914	154.110914	154.110914	4.011031	0.363851
-154.025604	20.159600	-179.120000	51.040000	1001.297966	4.064093	153.840213	153.840213	153.840213	4.010681	0.389717
-154.025604	20.659600	-179.120000	51.040000	988.805514	4.065474	153.561644	153.561644	153.561644	4.010917	0.415895
-154.025604	21.159600	-179.120000	51.040000	976.297210	4.067093	153.174928	153.174928	153.174928	4.011333	0.342223
-154.025604	21.659600	-179.120000	51.040000	963.979232	4.068093	152.879776	152.879776	152.879776	4.012614	0.368643
-154.025604	22.159600	-179.120000	51.040000	951.702462	4.069093	152.575885	152.575885	152.575885	4.015032	0.395384
-154.025604	22.659600	-179.120000	51.040000	939.468263	4.070093	152.162940	152.162940	152.162940	4.017268	0.322256
-154.025604	23.159600	-179.120000	51.040000	927.278065	4.071093	151.840612	151.840612	151.840612	4.020419	0.349198
-154.025604	23.659600	-179.120000	51.040000	915.047653	4.072474	151.408558	151.408558	151.408558	4.023683	0.276474
-154.025604	24.159600	-179.120000	51.040000	902.951193	4.073474	151.066422	151.066422	151.066422	4.026316	0.303858
-154.025604	24.659600	-179.120000	51.040000	890.986879	4.074093	150.713831	150.713831	150.713831	4.028121	0.331291
-154.025604	25.159600	-179.120000	51.040000	878.988478	4.075093	150.250398	150.250398	150.250398	4.030657	0.259074
-154.025604	25.659600	-179.120000	51.040000	867.042380	4.076093	149.875716	149.875716	149.875716	4.031521	0.286941
-154.025604	26.159600	-179.120000	51.040000	855.150510	4.077093	149.389365	149.389365	149.389365	4.036242	0.214834
-154.025604	26.659600	-179.120000	51.040000	843.314889	4.078093	148.990905	148.990905	148.990905	4.037241	0.243098
-153.525604	14.659600	-179.120000	51.040000	1144.777702	4.055093	156.274202	156.274202	156.274202	4.027037	0.320819
-153.525604	15.159600	-179.120000	51.040000	1132.233877	4.055474	156.065814	156.065814	156.065814	4.026029	0.343125
-153.525604	15.659600	-179.120000	51.040000	1119.649394	4.056093	155.851799	155.851799	155.851799	4.025315	0.365603
-153.525604	16.159600	-179.120000	51.040000	1106.987868	4.057093	155.531973	155.531973	155.531973	4.024717	0.288433
-153.525604	16.659600	-179.120000	51.040000	1094.356604	4.058093	155.306143	155.306143	155.306143	4.023086	0.311427
-153.525604	17.159600	-179.120000	51.040000	1081.921300	4.058474	155.074111	155.074111	155.074111	4.021496	0.334573
-153.525604	17.659600	-179.120000	51.040000	1069.451632	4.059093	154.835666	154.835666	154.835666	4.019524	0.358075
-153.525604	18.159600	-179.120000	51.040000	1056.913145	4.060093	154.590594	154.590594	154.590594	4.017181	0.381721
-153.525604	18.659600	-179.120000	51.040000	1044.408492	4.061093	154.338669	154.338669	154.338669	4.015567	0.405502
-153.525604	19.159600	-179.120000	51.040000	1031.938667	4.062093	154.079658	154.079658	154.079658	4.014038	0.429641
-153.525604	19.659600	-179.120000	51.040000	1019.504712	4.063093	153.713316	153.713316	153.813316	4.012846	0.353907
-153.525604	20.159600	-179.120000	51.040000	1007.013196	4.064474	153.439391	153.439391	153.439391	4.012184	0.378289
-153.525604	20.659600	-179.120000	51.040000	994.655482	4.065474	153.157618	153.157618	153.157618	4.012625	0.403034
-153.525604	21.159600	-179.120000	51.040000	982.187661	4.067093	152.867722	152.867722	152.867722	4.013163	0.427887
-153.525604	21.659600	-179.120000	51.040000	969.911683	4.068093	152.569419	152.569419	152.569419	4.014605	0.452836
-153.525604	22.159600	-179.120000	51.040000	957.677552	4.069093	152.162409	152.162409	152.162409	4.016672	0.378157
-153.525604	22.659600	-179.120000	51.040000	945.486642	4.070093	151.846383	151.846383	151.846383	4.019539	0.403565
-153.525604	23.159600	-179.120000	51.040000	933.340396	4.071093	151.521018	151.421018	151.521018	4.022976	0.429049
-153.525604	23.659600	-179.120000	51.040000	921.154035	4.072474	151.085977	151.085977	151.085977	4.025909	0.354915
-153.525604	24.159600	-179.120000	51.040000	909.102879	4.073474	150.740909	150.740909	150.740909	4.028147	0.380849
-153.525604	24.659600	-179.120000	51.040000	897.101147	4.074474	150.385449	150.385449	150.385449	4.029483	0.406836
-153.525604	25.159600	-179.120000	51.040000	885.233445	4.075093	149.919217	149.919217	149.919217	4.032364	0.333219
-153.525604	25.659600	-179.120000	51.040000	873.334764	4.076093	149.541817	149.441817	149.541817	4.033430	0.359648
-153.525604	26.159600	-179.120000	51.040000	861.491030	4.077093	149.052835	149.052835	149.052835	4.037910	0.286108
-153.525604	26.659600	-179.120000	51.040000	849.704271	4.078093	148.551842	148.551842	148.551842	4.043976	0.212980
-153.025604	14.659600	-179.120000	51.040000	1150.251405	4.055093	156.013754	156.013754	156.013754	4.027323	0.425326
-153.025604	15.159600	-179.120000	51.040000	1137.569715	4.056093	155.702201	155.702201	155.702201	4.029046	0.346101
-153.025604	15.659600	-179.120000	51.040000	1125.088720	4.056474	155.485022	155.485022	155.485022	4.027498	0.367091
-153.025604	16.159600	-179.120000	51.040000	1112.568763	4.057093	155.262032	155.262032	155.262032	4.025946	0.388400
-153.025604	16.659600	-179.120000	51.040000	1099.973752	4.058093	155.033041	155.033041	155.033041	4.024568	0.409877
-153.025604	17.159600	-179.120000	51.040000	1087.410339	4.059093	154.797850	154.797850	154.797850	4.022839	0.431551
-153.025604	17.659600	-179.120000	51.040000	1075.043184	4.059474	154.556255	154.556255	154.556255	4.021144	0.453546
-153.025604	18.159600	-179.120000	51.040000	1062.543706	4.060474	154.308042	154.308042	154.308042	4.019152	0.475690
-153.025604	18.659600	-179.120000	51.040000	1050.078596	4.061474	154.052987	154.052987	154.052987	4.017606	0.498013
-153.025604	19.159600	-179.120000	51.040000	1037.648860	4.062474	153.690859	153.690859	153.690859	4.016063	0.420660
-153.025604	19.659600	-179.120000	51.040000	1025.255550	4.063474	153.421419	153.421419	153.421419	4.014912	0.443437
-153.025604	20.159600	-179.120000	51.040000	1012.899767	4.064474	153.144416	153.144416	153.144416	4.014532	0.466374
-153.025604	20.659600	-179.120000	51.040000	1000.430453	4.066093	152.859590	152.859590	152.859590	4.014884	0.489639
-153.025604	21.159600	-179.120000	51.040000	988.155137	4.067093	152.566670	152.566670	152.566670	4.015622	0.513017
-153.025604	21.659600	-179.120000	51.040000	975.920962	4.068093	152.165375	152.165375	152.165375	4.016706	0.436534
-153.025604	22.159600	-179.120000	51.040000	963.729249	4.069093	151.855411	151.855411	151.855411	4.018974	0.460388
-153.025604	22.659600	-179.120000	51.040000	951.581383	4.070093	151.536473	151.536473	151.536473	4.021949	0.484334
-153.025604	23.159600	-179.120000	51.040000	939.390796	4.071474	151.108245	151.108245	151.108245	4.024922	0.408397
-153.025604	23.659600	-179.120000	51.040000	927.336203	4.072474	150.770394	150.770394	150.770394	4.028420	0.432808
-153.025604	24.159600	-179.120000	51.040000	915.330024	4.073474	150.422578	150.422578	150.422578	4.030540	0.457292
-153.025604	24.659600	-179.120000	51.040000	903.373932	4.074474	150.064438	150.064438	150.064438	4.031567	0.481869
-153.025604	25.159600	-179.120000	51.040000	891.469685	4.075474	149.595601	149.595601	149.595601	4.033859	0.406809
-153.025604	25.659600	-179.120000	51.040000	879.619127	4.076474	149.215680	149.215680	149.215680	4.035478	0.431801
-153.025604	26.159600	-179.120000	51.040000	867.905389	4.077093	148.724271	148.724271	148.724271	4.039957	0.356859
-153.025604	26.659600	-179.120000	51.040000	856.166996	4.078093	148.220953	148.220953	148.220953	4.046133	0.282300
-152.525604	14.659600	-179.120000	51.040000	1155.693069	4.055474	155.657747	155.657747	155.657747	4.030748	0.429475
-152.525604	15.159600	-179.120000	51.040000	1143.154884	4.056093	155.443138	155.443138	155.443138	4.029365	0.448758
-152.525604	15.659600	-179.120000	51.040000	1130.537608	4.057093	155.122905	155.122905	155.222905	4.030493	0.368222
-152.525604	16.159600	-179.120000	51.040000	1118.121166	4.057474	154.996866	154.996866	154.996866	4.027217	0.488013
-152.525604	16.659600	-179.120000	51.040000	1105.667492	4.058093	154.764831	154.764831	154.764831	4.026022	0.508014
-152.525604	17.159600	-179.120000	51.040000	1093.140778	4.059093	154.426604	154.426604	154.426604	4.024916	0.428177
-152.525604	17.659600	-179.120000	51.040000	1080.647044	4.060093	154.181983	154.181983	154.181983	4.023053	0.448668
-152.525604	18.159600	-179.120000	51.040000	1068.187221	4.061093	153.930756	153.930756	153.930756	4.021367	0.469350
-152.525604	18.659600	-179.120000	51.040000	1055.762282	4.062093	153.672703	153.672703	153.672703	4.019625	0.490177
-152.525604	19.159600	-179.120000	51.040000	1043.373242	4.063093	153.407595	153.407595	153.407595	4.018174	0.511333
-152.525604	19.659600	-179.120000	51.040000	1031.021165	4.064093	153.135196	153.135196	153.135196	4.017317	0.532663
-152.525604	20.159600	-179.120000	51.040000	1018.707161	4.065093	152.855259	152.855259	152.855259	4.017105	0.554117
-152.525604	20.659600	-179.120000	51.040000	1006.432391	4.066093	152.567528	152.567528	152.567528	4.017648	0.575906
-152.525604	21.159600	-179.120000	51.040000	994.198072	4.067093	152.171735	152.171735	152.171735	4.017928	0.497849
-152.525604	21.659600	-179.120000	51.040000	982.005475	4.068093	151.867603	151.867603	151.867603	4.019170	0.519896
-152.525604	22.159600	-179.120000	51.040000	969.855933	4.069093	151.554845	151.554845	151.554845	4.021608	0.542286
-152.525604	22.659600	-179.120000	51.040000	957.661085	4.070474	151.233161	151.233161	151.233161	4.024484	0.564809
-152.525604	23.159600	-179.120000	51.040000	945.603053	4.071474	150.802237	150.802237	150.802237	4.027070	0.487415
-152.525604	23.659600	-179.120000	51.040000	933.450681	4.073093	150.461751	150.461751	150.461751	4.030575	0.510377
-152.525604	24.159600	-179.120000	51.040000	921.490975	4.074093	150.111364	150.111364	150.111364	4.032865	0.533447
-152.525604	24.659600	-179.120000	51.040000	909.581981	4.075093	149.750726	149.750726	149.750726	4.033922	0.556580
-152.525604	25.159600	-179.120000	51.040000	897.725463	4.076093	149.379472	149.379472	149.379472	4.034563	0.580082
-152.525604	25.659600	-179.120000	51.040000	885.923269	4.077093	148.897222	148.897222	148.897222	4.037295	0.503669
-152.525604	26.159600	-179.120000	51.040000	874.177339	4.078093	148.503581	148.503581	148.503581	4.038114	0.527296
-152.525604	26.659600	-179.120000	51.040000	862.620516	4.078474	147.898140	147.898140	147.898140	4.047609	0.351312
-152.025604	14.659600	-179.120000	51.040000	1161.318347	4.055474	155.406173	155.406173	155.406173	4.030170	0.533294
-152.025604	15.159600	-179.120000	51.040000	1148.815452	4.056093	155.188616	155.188616	155.188616	4.029959	0.551048
-152.025604	15.659600	-179.120000	51.040000	1136.233385	4.057093	154.965439	154.965439	154.965439	4.029247	0.568989
-152.025604	16.159600	-179.120000	51.040000	1123.682183	4.058093	154.636462	154.636462	154.636462	4.029733	0.487300
-152.025604	16.659600	-179.120000	51.040000	1111.332023	4.058474	154.401499	154.401499	154.401499	4.028275	0.505788
-152.025604	17.159600	-179.120000	51.040000	1098.946391	4.059093	154.160356	154.160356	154.160356	4.026726	0.524443
-152.025604	17.659600	-179.120000	51.040000	1086.489760	4.060093	153.912831	153.912831	153.912831	4.025131	0.543468
-152.025604	18.159600	-179.120000	51.040000	1074.067536	4.061093	153.658716	153.658716	153.658716	4.023747	0.562652
-152.025604	18.659600	-179.120000	51.040000	1061.680700	4.062093	153.397794	153.397794	153.397794	4.022471	0.581985
-152.025604	19.159600	-179.120000	51.040000	1049.330279	4.063093	153.129839	153.129839	153.129839	4.020844	0.601690
-152.025604	19.659600	-179.120000	51.040000	1037.017344	4.064093	152.854618	152.854618	152.854618	4.020058	0.621535
-152.025604	20.159600	-179.120000	51.040000	1024.743015	4.065093	152.471887	152.471887	152.471887	4.019624	0.541509
-152.025604	20.659600	-179.120000	51.040000	1012.508464	4.066093	152.181393	152.181393	152.181393	4.020237	0.561860
-152.025604	21.159600	-179.120000	51.040000	1000.314915	4.067093	151.882875	151.882875	151.882875	4.021078	0.582332
-152.025604	21.659600	-179.120000	51.040000	988.070998	4.068474	151.576060	151.576060	151.576060	4.022345	0.602913
-152.025604	22.159600	-179.120000	51.040000	975.964512	4.069474	151.260663	151.260663	151.260663	4.024763	0.623877
-152.025604	22.659600	-179.120000	51.040000	963.756596	4.071093	150.936391	150.936391	150.936391	4.027399	0.644942
-152.025604	23.159600	-179.120000	51.040000	951.743481	4.072093	150.502938	150.502938	150.502938	4.029858	0.566096
-152.025604	23.659600	-179.120000	51.040000	939.778383	4.073093	150.159984	150.159984	150.159984	4.032996	0.587641
-152.025604	24.159600	-179.120000	51.040000	927.862913	4.074093	149.807199	149.807199	149.807199	4.034721	0.609267
-152.025604	24.659600	-179.120000	51.040000	915.998759	4.075093	149.444240	149.444240	149.444240	4.035847	0.630960
-152.025604	25.159600	-179.120000	51.040000	904.187687	4.076093	148.970749	148.970749	148.970749	4.038209	0.553056
-152.025604	25.659600	-179.120000	51.040000	892.431551	4.077093	148.586356	148.586356	148.586356	4.039639	0.575211
-152.025604	26.159600	-179.120000	51.040000	880.732294	4.078093	148.090673	148.090673	148.090673	4.043414	0.497411
-152.025604	26.659600	-179.120000	51.040000	869.091952	4.079093	147.683301	147.583301	147.683301	4.045008	0.520027
-151.525604	14.659600	-179.120000	51.040000	1166.839838	4.056093	155.059023	155.059023	155.059023	4.032085	0.536589
-151.525604	15.159600	-179.120000	51.040000	1154.441587	4.056474	154.838622	154.838622	154.938622	4.031553	0.552816
-151.525604	15.659600	-179.120000	51.040000	1142.003237	4.057093	154.612609	154.612609	154.612609	4.030799	0.569265
-151.525604	16.159600	-179.120000	51.040000	1129.487626	4.058093	154.380807	154.380807	154.380807	4.029587	0.586057
-151.525604	16.659600	-179.120000	51.040000	1117.004160	4.059093	154.143029	154.143029	154.143029	4.028887	0.603032
-151.525604	17.159600	-179.120000	51.040000	1104.553712	4.060093	153.899086	153.899086	153.899086	4.027676	0.620210
-151.525604	17.659600	-179.120000	51.040000	1092.303557	4.060474	153.548777	153.548777	153.548777	4.026540	0.537732
-151.525604	18.159600	-179.120000	51.040000	1079.919985	4.061474	153.291898	153.291898	153.291898	4.025324	0.555418
-151.525604	18.659600	-179.120000	51.040000	1067.572285	4.062474	153.028233	153.028233	153.028233	4.024158	0.573289
-151.525604	19.159600	-179.120000	51.040000	1055.261493	4.063474	152.757561	152.757561	152.757561	4.022935	0.591504
-151.525604	19.659600	-179.120000	51.040000	1042.988688	4.064474	152.479650	152.479650	152.479650	4.021876	0.609865
-151.525604	20.159600	-179.120000	51.040000	1030.755000	4.065474	152.194262	152.194262	152.194262	4.021689	0.628391
-151.525604	20.659600	-179.120000	51.040000	1018.561606	4.066474	151.901148	151.901148	151.901148	4.022008	0.647266
-151.525604	21.159600	-179.120000	51.040000	1006.256718	4.068093	151.600049	151.600049	151.600049	4.022947	0.666268
-151.525604	21.659600	-179.120000	51.040000	994.149546	4.069093	151.290697	151.290697	151.290697	4.024477	0.685412
-151.525604	22.159600	-179.120000	51.040000	982.086529	4.070093	150.872814	150.872814	150.872814	4.025792	0.604914
-151.525604	22.659600	-179.120000	51.040000	970.069077	4.071093	150.546110	150.546110	150.546110	4.028515	0.624522
-151.525604	23.159600	-179.120000	51.040000	958.098663	4.072093	150.210285	150.210285	150.210285	4.031083	0.644250
-151.525604	23.659600	-179.120000	51.040000	946.176830	4.073093	149.865027	149.865027	149.865027	4.034317	0.664346
-151.525604	24.159600	-179.120000	51.040000	934.217723	4.074474	149.510012	149.510012	149.510012	4.035904	0.684528
-151.525604	24.659600	-179.120000	51.040000	922.399102	4.075474	149.044902	149.044902	149.044902	4.037481	0.604806
-151.525604	25.159600	-179.120000	51.040000	910.634134	4.076474	148.669350	148.669350	148.669350	4.039302	0.625465
-151.525604	25.659600	-179.120000	51.040000	898.788330	4.078093	148.282991	148.282991	148.282991	4.040505	0.646189
-151.525604	26.159600	-179.120000	51.040000	887.138123	4.079093	147.885449	147.885449	147.885449	4.041349	0.666982
-151.525604	26.659600	-179.120000	51.040000	875.547393	4.080093	147.376334	147.376334	147.376334	4.045968	0.588174
-151.025604	14.659600	-179.120000	51.040000	1172.611359	4.056093	154.816286	154.816286	154.816286	4.031295	0.639504
-151.025604	15.159600	-179.120000	51.040000	1160.071737	4.057093	154.493144	154.493144	154.493144	4.032391	0.554234
-151.025604	15.659600	-179.120000	51.040000	1147.563035	4.058093	154.264401	154.264401	154.264401	4.031505	0.569160
-151.025604	16.159600	-179.120000	51.040000	1135.259059	4.058474	154.029881	154.029881	154.029881	4.030495	0.584437
-151.025604	16.659600	-179.120000	51.040000	1122.918240	4.059093	153.789401	153.789401	153.789401	4.029373	0.599931
-151.025604	17.159600	-179.120000	51.040000	1110.504172	4.060093	153.542772	153.542772	153.542772	4.028733	0.615602
-151.025604	17.659600	-179.120000	51.040000	1098.124485	4.061093	153.289797	153.289797	153.289797	4.027666	0.631623
-151.025604	18.159600	-179.120000	51.040000	1085.780137	4.062093	153.030273	153.030273	153.030273	4.026866	0.647843
-151.025604	18.659600	-179.120000	51.040000	1073.472127	4.063093	152.763990	152.763990	152.763990	4.025777	0.664221
-151.025604	19.159600	-179.120000	51.040000	1061.201496	4.064093	152.490727	152.490727	152.490727	4.024760	0.680950
-151.025604	19.659600	-179.120000	51.040000	1048.969332	4.065093	152.210258	152.210258	152.210258	4.024281	0.697859
-151.025604	20.159600	-179.120000	51.040000	1036.776772	4.066093	151.922346	151.822346	151.922346	4.023575	0.714906
-151.025604	20.659600	-179.120000	51.040000	1024.625001	4.067093	151.526748	151.526748	151.526748	4.023128	0.632309
-151.025604	21.159600	-179.120000	51.040000	1012.515258	4.068093	151.223208	151.223208	151.223208	4.024096	0.649871
-151.025604	21.659600	-179.120000	51.040000	1000.448838	4.069093	150.911464	150.911464	150.911464	4.025577	0.667551
-151.025604	22.159600	-179.120000	51.040000	988.334465	4.070474	150.591241	150.591241	150.591241	4.027485	0.685594
-151.025604	22.659600	-179.120000	51.040000	976.359957	4.071474	150.262257	150.262257	150.262257	4.029703	0.703774
-151.025604	23.159600	-179.120000	51.040000	964.286555	4.073093	149.924215	149.924215	149.924215	4.032517	0.722051
-151.025604	23.659600	-179.120000	51.040000	952.410564	4.074093	149.576811	149.576811	149.576811	4.035390	0.740702
-151.025604	24.159600	-179.120000	51.040000	940.585295	4.075093	149.119727	149.119727	149.119727	4.036669	0.659466
-151.025604	24.659600	-179.120000	51.040000	928.812442	4.076093	148.752633	148.752633	148.752633	4.038712	0.678305
-151.025604	25.159600	-179.120000	51.040000	917.093777	4.077093	148.375187	148.375187	148.375187	4.040508	0.697533
-151.025604	25.659600	-179.120000	51.040000	905.431155	4.078093	147.887036	147.887036	147.887036	4.043222	0.616847
-151.025604	26.159600	-179.120000	51.040000	893.826521	4.079093	147.487810	147.487810	147.487810	4.044825	0.636215
-151.025604	26.659600	-179.120000	51.040000	882.281908	4.080093	146.977130	146.977130	146.977130	4.049722	0.555988
-150.525604	14.659600	-179.120000	51.040000	1178.164117	4.057093	154.477947	154.377947	154.477947	4.033277	0.642057
-150.525604	15.159600	-179.120000	51.040000	1165.839893	4.057474	154.252166	154.152166	154.252166	4.032527	0.655261
-150.525604	15.659600	-179.120000	51.040000	1153.475762	4.058093	153.920797	153.920797	153.920797	4.031498	0.568667
-150.525604	16.159600	-179.120000	51.040000	1141.034161	4.059093	153.683666	153.683666	153.683666	4.030302	0.582459
-150.525604	16.659600	-179.120000	51.040000	1128.625559	4.060093	153.440592	153.440592	153.440592	4.029606	0.596443
-150.525604	17.159600	-179.120000	51.040000	1116.420883	4.060474	153.191389	153.191389	153.191389	4.028849	0.610609
-150.525604	17.659600	-179.120000	51.040000	1104.079055	4.061474	152.935864	152.935864	152.935864	4.028149	0.625160
-150.525604	18.159600	-179.120000	51.040000	1091.773009	4.062474	152.673814	152.673814	152.673814	4.027388	0.639885
-150.525604	18.659600	-179.120000	51.040000	1079.503750	4.063474	152.405033	152.405033	152.405033	4.026698	0.654773
-150.525604	19.159600	-179.120000	51.040000	1067.272327	4.064474	152.129303	152.129303	152.129303	4.025600	0.670047
-150.525604	19.659600	-179.120000	51.040000	1055.079835	4.065474	151.846402	151.846402	151.846402	4.025376	0.685475
-150.525604	20.159600	-179.120000	51.040000	1042.927416	4.066474	151.556098	151.556098	151.556098	4.025209	0.701046
-150.525604	20.659600	-179.120000	51.040000	1030.816262	4.067474	151.258148	151.258148	151.258148	4.025678	0.717007
-150.525604	21.159600	-179.120000	51.040000	1018.747618	4.068474	150.852305	150.852305	150.852305	4.024716	0.633102
-150.525604	21.659600	-179.120000	51.040000	1006.569791	4.070093	150.638308	150.638308	150.638308	4.027631	0.749320
-150.525604	22.159600	-179.120000	51.040000	994.591984	4.071093	150.315890	150.315890	150.315890	4.029463	0.765932
-150.525604	22.659600	-179.120000	51.040000	982.660756	4.072093	149.884771	149.884771	149.884771	4.029980	0.682659
-150.525604	23.159600	-179.120000	51.040000	970.777591	4.073093	149.544662	149.544662	149.544662	4.032596	0.699489
-150.525604	23.659600	-179.120000	51.040000	958.854260	4.074474	149.195265	149.195265	149.195265	4.035374	0.716719
-150.525604	24.159600	-179.120000	51.040000	947.073065	4.075474	148.836268	148.836268	148.836268	4.037941	0.734043
-150.525604	24.659600	-179.120000	51.040000	935.202891	4.077093	148.567349	148.567349	148.567349	4.040496	0.851449
-150.525604	25.159600	-179.120000	51.040000	923.531121	4.078093	148.088173	148.088173	148.088173	4.041659	0.769264
-150.525604	25.659600	-179.120000	51.040000	911.915891	4.079093	147.698395	147.698395	147.698395	4.042831	0.787152
-150.525604	26.159600	-179.120000	51.040000	900.359143	4.080093	147.197656	147.197656	147.197656	4.045240	0.705100
-150.525604	26.659600	-179.120000	51.040000	888.862908	4.081093	146.785583	146.785583	146.785583	4.047478	0.723467
-150.025604	14.659600	-179.120000	51.040000	1184.076370	4.057093	154.143990	154.143990	154.143990	4.033885	0.644068
-150.025604	15.159600	-179.120000	51.040000	1171.608878	4.058093	153.915669	153.915669	153.915669	4.033675	0.655746
-150.025604	15.659600	-179.120000	51.040000	1159.173101	4.059093	153.681776	153.681776	153.681776	4.032789	0.667657
-150.025604	16.159600	-179.120000	51.040000	1146.944596	4.059474	153.342138	153.342138	153.342138	4.030453	0.579933
-150.025604	16.659600	-179.120000	51.040000	1134.572828	4.060474	153.196579	153.196579	153.196579	4.031285	0.692407
-150.025604	17.159600	-179.120000	51.040000	1122.340770	4.061093	152.844912	152.844912	152.844912	4.028584	0.605093
-150.025604	17.659600	-179.120000	51.040000	1110.037349	4.062093	152.586948	152.586948	152.586948	4.028110	0.618145
-150.025604	18.159600	-179.120000	51.040000	1097.770132	4.063093	152.422488	152.422488	152.422488	4.029265	0.731374
-150.025604	18.659600	-179.120000	51.040000	1085.540132	4.064093	152.151327	152.151327	152.151327	4.028827	0.744796
-150.025604	19.159600	-179.120000	51.040000	1073.348404	4.065093	151.873252	151.873252	151.873252	4.027892	0.758585
-150.025604	19.659600	-179.120000	51.040000	1061.196048	4.066093	151.588043	151.588043	151.588043	4.027650	0.772533
-150.025604	20.159600	-179.120000	51.040000	1049.084212	4.067093	151.295472	151.295472	151.295472	4.027333	0.786652
-150.025604	20.659600	-179.120000	51.040000	1037.014094	4.068093	150.895302	150.895302	150.895302	4.026018	0.701141
-150.025604	21.159600	-179.120000	51.040000	1024.986944	4.069093	150.587287	150.587287	150.587287	4.026937	0.715770
-150.025604	21.659600	-179.120000	51.040000	1012.909132	4.070474	150.271174	150.271174	150.271174	4.027971	0.730549
-150.025604	22.159600	-179.120000	51.040000	1000.973029	4.071474	149.946699	149.946699	149.946699	4.029765	0.745703
-150.025604	22.659600	-179.120000	51.040000	988.933774	4.073093	149.713587	149.713587	149.713587	4.033991	0.860978
-150.025604	23.159600	-179.120000	51.040000	977.095093	4.074093	149.371557	149.371557	149.371557	4.036425	0.876379
-150.025604	23.659600	-179.120000	51.040000	965.306492	4.075093	148.920315	148.920315	148.920315	4.037230	0.792165
-150.025604	24.159600	-179.120000	51.040000	953.569594	4.076093	148.559556	148.559556	148.559556	4.039064	0.808051
-150.025604	24.659600	-179.120000	51.040000	941.886092	4.077093	148.088966	148.088966	148.088966	4.040473	0.724037
-150.025604	25.159600	-179.120000	51.040000	930.170752	4.078474	147.808218	147.808218	147.808218	4.042994	0.840421
-150.025604	25.659600	-179.120000	51.040000	918.600544	4.079474	147.316973	147.316973	147.316973	4.044610	0.756885
-150.025604	26.159600	-179.120000	51.040000	906.951808	4.081093	147.014882	147.014882	147.014882	4.044951	0.873422
-150.025604	26.659600	-179.120000	51.040000	895.503301	4.082093	146.601582	146.601582	146.601582	4.046278	0.890372
-149.525604	14.659600	-179.120000	51.040000	1189.764624	4.058093	153.914397	153.914397	153.914397	4.034627	0.745673
-149.525604	15.159600	-179.120000	51.040000	1177.514008	4.058474	153.583633	153.583633	153.583633	4.033933	0.655852
-149.525604	15.659600	-179.120000	51.040000	1165.114110	4.059474	153.347316	153.347316	153.347316	4.033385	0.666242
-149.525604	16.159600	-179.120000	51.040000	1152.855441	4.060093	153.105275	153.105275	153.105275	4.032499	0.677006
-149.525604	16.659600	-179.120000	51.040000	1140.521070	4.061093	152.857334	152.857334	152.857334	4.031806	0.687995
-149.525604	17.159600	-179.120000	51.040000	1128.221392	4.062093	152.703311	152.703311	152.703311	4.032928	0.799177
-149.525604	17.659600	-179.120000	51.040000	1115.957343	4.063093	152.443019	152.443019	152.443019	4.032463	0.810731
-149.525604	18.159600	-179.120000	51.040000	1103.897912	4.063474	152.076261	152.076261	152.076261	4.029835	0.722491
-149.525604	18.659600	-179.120000	51.040000	1091.706199	4.064474	151.802835	151.802835	151.802835	4.028970	0.734424
-149.525604	19.159600	-179.120000	51.040000	1079.553177	4.065474	151.522533	151.522533	151.522533	4.028396	0.746730
-149.525604	19.659600	-179.120000	51.040000	1067.439953	4.066474	151.235137	151.235137	151.235137	4.028085	0.759222
-149.525604	20.159600	-179.120000	51.040000	1055.207213	4.068093	151.040423	151.040423	151.040423	4.030392	0.871866
-149.525604	20.659600	-179.120000	51.040000	1043.178959	4.069093	150.738159	150.738159	150.738159	4.030859	0.884888
-149.525604	21.159600	-179.120000	51.040000	1031.194103	4.070093	150.428102	150.428102	150.428102	4.031451	0.898073
-149.525604	21.659600	-179.120000	51.040000	1019.253952	4.071093	150.010004	150.010004	150.010004	4.030239	0.811392
-149.525604	22.159600	-179.120000	51.040000	1007.359872	4.072093	149.683607	149.683607	149.683607	4.031837	0.825093
-149.525604	22.659600	-179.120000	51.040000	995.420062	4.073474	149.348641	149.348641	149.348641	4.034038	0.838935
-149.525604	23.159600	-179.120000	51.040000	983.623586	4.074474	149.004830	149.004830	149.004830	4.036406	0.852890
-149.525604	23.659600	-179.120000	51.040000	971.730159	4.076093	148.751886	148.751886	148.751886	4.041682	0.967236
-149.525604	24.159600	-179.120000	51.040000	960.038175	4.077093	148.289511	148.289511	148.289511	4.041149	0.881699
-149.525604	24.659600	-179.120000	51.040000	948.400026	4.078093	147.917399	147.917399	147.917399	4.042979	0.896254
-149.525604	25.159600	-179.120000	51.040000	936.817483	4.079093	147.435229	147.435229	147.435229	4.043440	0.811212
-149.525604	25.659600	-179.120000	51.040000	925.292395	4.080093	147.042671	147.042671	147.042671	4.045360	0.826261
-149.525604	26.159600	-179.120000	51.040000	913.741286	4.081474	146.639384	146.639384	146.639384	4.046855	0.841380
-149.525604	26.659600	-179.120000	51.040000	902.338079	4.082474	146.225015	146.225015	146.225015	4.048867	0.856917
-149.025604	14.659600	-179.120000	51.040000	1195.700303	4.058474	153.589146	153.589146	153.589146	4.036556	0.746886
-149.025604	15.159600	-179.120000	51.040000	1183.416802	4.059093	153.256037	153.256037	153.256037	4.033216	0.655542
-149.025604	15.659600	-179.120000	51.040000	1171.053360	4.060093	153.117393	153.117393	153.117393	4.035350	0.764414
-149.025604	16.159600	-179.120000	51.040000	1158.723210	4.061093	152.973049	152.973049	152.973049	4.037462	0.873689
-149.025604	16.659600	-179.120000	51.040000	1146.601815	4.061474	152.522829	152.522829	152.522829	4.031685	0.683171
-149.025604	17.159600	-179.120000	51.040000	1134.338984	4.062474	152.366556	152.366556	152.366556	4.033281	0.792851
-149.025604	17.659600	-179.120000	51.040000	1122.112170	4.063474	152.104042	152.104042	152.104042	4.032693	0.802931
-149.025604	18.159600	-179.120000	51.040000	1109.922354	4.064474	151.835096	151.835096	151.835096	4.032353	0.813200
-149.025604	18.659600	-179.120000	51.040000	1097.770559	4.065474	151.659519	151.559519	151.659519	4.034511	0.923646
-149.025604	19.159600	-179.120000	51.040000	1085.657851	4.066474	151.377104	151.377104	151.377104	4.033416	0.934492
-149.025604	19.659600	-179.120000	51.040000	1073.585339	4.067474	151.087639	151.087639	151.087639	4.032877	0.945507
-149.025604	20.159600	-179.120000	51.040000	1061.554179	4.068474	150.690903	150.690903	150.690903	4.030776	0.856681
-149.025604	20.659600	-179.120000	51.040000	1049.565577	4.069474	150.386667	150.386667	150.386667	4.031203	0.868255
-149.025604	21.159600	-179.120000	51.040000	1037.620789	4.070474	150.074694	150.074694	150.074694	4.031439	0.879978
-149.025604	21.659600	-179.120000	51.040000	1025.565321	4.072093	149.854739	149.854739	149.854739	4.035511	0.991840
-149.025604	22.159600	-179.120000	51.040000	1013.713987	4.073093	149.526550	149.526550	149.526550	4.037041	1.004105
-149.025604	22.659600	-179.120000	51.040000	1001.910562	4.074093	149.089863	149.089863	149.089863	4.036702	0.916500
-149.025604	23.159600	-179.120000	51.040000	990.063857	4.075474	148.744406	148.744406	148.744406	4.039424	0.929013
-149.025604	23.659600	-179.120000	51.040000	978.361895	4.076474	148.389899	148.389899	148.389899	4.042047	0.941933
-149.025604	24.159600	-179.120000	51.040000	966.565872	4.078093	148.126050	148.126050	148.126050	4.046305	1.054962
-149.025604	24.659600	-179.120000	51.040000	954.972524	4.079093	147.652558	147.652558	147.652558	4.045591	0.968089
-149.025604	25.159600	-179.120000	51.040000	943.435188	4.080093	147.269112	147.269112	147.269112	4.046668	0.981630
-149.025604	25.659600	-179.120000	51.040000	931.955708	4.081093	146.775390	146.775390	146.775390	4.046907	0.895259
-149.025604	26.159600	-179.120000	51.040000	920.536011	4.082093	146.371058	146.371058	146.371058	4.048394	0.908964
-149.025604	26.659600	-179.120000	51.040000	909.178109	4.083093	145.855772	145.855772	145.855772	4.050923	0.823091
-162.025604	19.986300	-179.120000	51.040000	924.961645	4.062474	160.761820	160.761820	160.761820	4.034637	0.144927
-161.367599	17.746901	-179.120000	51.040000	988.680183	4.060474	160.718520	160.718520	160.718520	4.046180	-0.321498
-161.314896	21.956301	-179.120000	51.040000	880.291701	4.065474	159.468235	159.468235	159.468235	4.023215	0.603920
-161.095001	23.997200	-179.120000	51.040000	829.577768	4.071474	157.843824	157.843824	157.843824	4.018347	0.452515
-160.047501	19.823400	-179.120000	51.040000	946.882875	4.062474	158.961503	158.961503	158.961503	4.026220	0.151637
-159.664993	22.122999	-179.120000	51.040000	891.401838	4.067474	157.607529	157.607529	157.607529	4.017364	0.454384
-159.401001	21.971001	-179.120000	51.040000	897.830548	4.067474	157.400477	157.400477	157.400477	4.016864	0.406386
-158.982498	15.574000	-179.120000	51.040000	1066.309689	4.057474	159.478855	159.478855	159.478855	4.039055	-0.390034
-158.933105	24.573799	-179.120000	51.040000	836.551187	4.074474	155.237958	155.237958	155.237958	4.021867	0.408081
-158.903000	21.298401	-179.120000	51.040000	919.960272	4.066093	157.303800	157.303800	157.303800	4.015677	0.374191
-158.760193	18.564699	-179.120000	51.040000	991.511216	4.060474	158.404061	158.404061	158.404061	4.024389	0.114040
-158.185394	22.620199	-179.120000	51.040000	893.694894	4.069474	155.917572	155.917572	155.917572	4.014523	0.465333
-158.179504	20.377800	-179.120000	51.040000	950.767470	4.064093	157.141377	157.141377	157.141377	4.013929	0.336801
-157.931000	21.646000	-179.120000	51.040000	920.947346	4.067474	156.259012	156.259012	156.259012	4.012755	0.425170
-157.859100	14.659600	-179.120000	51.040000	1100.465693	4.056093	158.984185	158.984185	159.084185	4.036343	-0.333972
-157.700806	16.348400	-179.120000	51.040000	1058.668995	4.057474	158.302686	158.302686	158.302686	4.029337	-0.145391
-157.627594	20.346100	-179.120000	51.040000	957.220046	4.064093	156.633751	156.633751	156.633751	4.011800	0.299343
-157.270004	21.108999	-179.120000	51.040000	941.541420	4.066093	155.952359	155.952359	155.952359	4.010301	0.380111
-157.227295	18.984800	-179.120000	51.040000	996.072681	4.061093	156.969760	156.969760	156.969760	4.014452	0.227832
-156.964600	24.312099	-179.120000	51.040000	864.581467	4.074093	153.448709	153.448709	153.448709	4.022147	0.276197
-156.932007	19.832701	-179.120000	51.040000	977.503082	4.063093	156.359885	156.359885	156.359885	4.010583	0.335908
-156.808197	18.404200	-179.120000	51.040000	1015.167992	4.060093	156.843919	156.843919	156.843919	4.016008	0.148621
-156.755997	21.136000	-179.120000	51.040000	946.285807	4.066474	155.464175	155.464175	155.464175	4.009479	0.355745
-156.658005	20.891001	-179.120000	51.040000	953.479911	4.066093	155.499242	155.499242	155.499242	4.009343	0.326912
-156.510101	19.477699	-179.120000	51.040000	990.935767	4.062474	156.188815	156.188815	156.188815	4.009770	0.323206
-156.465103	18.775000	-179.120000	51.040000	1009.237192	4.061093	156.402550	156.402550	156.402550	4.012781	0.189844
-156.387695	17.614901	-179.120000	51.040000	1039.526395	4.059093	156.852930	156.852930	156.852930	4.019086	0.099740
-156.206604	16.162001	-179.120000	51.040000	1078.365464	4.057093	157.304452	157.304452	157.304452	4.024511	-0.009850
-156.167007	18.301001	-179.120000	51.040000	1024.440087	4.060093	156.390907	156.390907	156.390907	4.014973	0.172383
-155.996994	20.771000	-179.120000	51.040000	963.782249	4.065474	155.014154	155.014154	155.014154	4.008491	0.330973
-155.772995	19.079000	-179.120000	51.040000	1008.964367	4.061474	155.800390	155.800390	155.800390	4.010650	0.324677
-155.765305	26.776699	-179.120000	51.040000	818.924950	4.078093	150.111319	150.111319	150.111319	4.038214	-0.026401
-155.714996	18.000299	-179.120000	51.040000	1036.877139	4.059474	156.247557	156.247557	156.247557	4.015830	0.239136
-155.710999	20.046000	-179.120000	51.040000	985.103252	4.064093	155.228124	155.228124	155.228124	4.008277	0.352643
-155.679398	21.205500	-179.120000	51.040000	956.404606	4.066474	154.523465	154.523465	154.523465	4.008990	0.373132
-155.636200	22.299900	-179.120000	51.040000	929.496291	4.069474	153.706829	153.706829	153.706829	4.011955	0.295822
-154.994400	21.507000	-179.120000	51.040000	956.563173	4.067474	153.693777	153.693777	153.693777	4.009661	0.301167
-154.983002	19.601000	-179.120000	51.040000	1004.349361	4.063093	154.904834	154.904834	154.904834	4.009105	0.364760
-154.797394	18.803101	-179.120000	51.040000	1026.550599	4.061093	155.107382	155.107382	155.107382	4.012211	0.265010
-154.691299	17.180099	-179.120000	51.040000	1068.634471	4.058093	155.856853	155.856853	155.856853	4.019846	0.236436
-154.617798	20.088900	-179.120000	51.040000	996.247650	4.064093	154.330181	154.330181	154.330181	4.009289	0.368436
-154.495895	18.401699	-179.120000	51.040000	1039.947421	4.060474	155.163837	155.163837	155.163837	4.014244	0.338777
-154.482803	21.001900	-179.120000	51.040000	975.049360	4.066093	153.648919	153.648919	153.648919	4.009975	0.352170
-154.393997	19.262501	-179.120000	51.040000	1019.513068	4.062093	154.615569	154.615569	154.615569	4.010944	0.350068
-154.251801	21.168699	-179.120000	51.040000	973.437622	4.067093	153.389807	153.389807	153.389807	4.010915	0.383030
-154.030502	17.988400	-179.120000	51.040000	1055.419136	4.060093	155.002978	155.002978	155.002978	4.017167	0.315826
-153.992294	18.797600	-179.120000	51.040000	1035.709363	4.061093	154.586031	154.586031	154.586031	4.013777	0.371539
-153.982697	21.519699	-179.120000	51.040000	968.007358	4.067474	152.930078	152.930078	152.930078	4.012230	0.362225
-153.967499	14.731300	-179.120000	51.040000	1138.215518	4.055093	156.518130	156.518130	156.518130	4.025970	0.270623
-153.902405	19.979099	-179.120000	51.040000	1007.114724	4.064093	153.901996	153.801996	153.901996	4.011192	0.439891
-153.868195	17.315399	-179.120000	51.040000	1074.245887	4.058474	155.236309	155.236309	155.236309	4.019988	0.318349
-153.700806	17.297501	-179.120000	51.040000	1076.557671	4.058474	155.119882	155.119882	155.119882	4.020668	0.319661
-153.503204	19.495199	-179.120000	51.040000	1023.765861	4.063093	153.803522	153.803522	153.903522	4.013505	0.364874
-153.295898	18.800900	-179.120000	51.040000	1043.501236	4.061474	154.121849	154.121849	154.121849	4.015778	0.442599
-153.292099	20.892599	-179.120000	51.040000	991.640435	4.066093	152.849556	152.849556	152.849556	4.013825	0.421281
-153.290604	17.906200	-179.120000	51.040000	1065.805064	4.060093	154.545618	154.545618	154.545618	4.019395	0.376879
-152.981201	18.301800	-179.120000	51.040000	1059.421435	4.061093	154.147333	154.147333	154.147333	4.018499	0.426366
-152.765793	25.592800	-179.120000	51.040000	884.503626	4.076474	149.106336	149.106336	149.106336	4.036158	0.471500
-152.132401	18.481400	-179.120000	51.040000	1064.892529	4.061474	153.570714	153.570714	153.570714	4.022703	0.576442
-151.686600	14.689100	-179.120000	51.040000	1164.270485	4.056093	155.148220	155.148220	155.148220	4.031691	0.527238
-151.637604	16.737801	-179.120000	51.040000	1113.781479	4.059093	154.136820	154.136820	154.136820	4.028606	0.557948
-150.914993	18.914200	-179.120000	51.040000	1068.607771	4.063474	152.528297	152.528297	152.528297	4.025151	0.653213
-149.000900	16.989000	-179.120000	51.040000	1138.838959	4.062093	152.357509	152.357509	152.357509	4.031743	0.708494
