-162.025604	14.659600	165.810000	60.860000	1433.289895	4.007000	158.781550	158.781550	158.781550	4.039278	-1.929268
-162.025604	15.159600	165.810000	60.860000	1420.624518	4.006000	158.769690	158.769690	158.769690	4.034303	-1.809132
-162.025604	15.659600	165.810000	60.860000	1407.611530	4.006000	158.455009	158.455009	158.455009	4.032719	-1.988694
-162.025604	16.159600	165.810000	60.860000	1394.957246	4.005000	158.537424	158.537424	158.537424	4.029290	-1.767901
-162.025604	16.659600	165.810000	60.860000	1382.307456	4.004000	158.716849	158.716849	158.716849	4.030297	-1.446836
-162.025604	17.159600	165.810000	60.860000	1369.320428	4.004000	158.493193	158.393193	158.493193	4.027176	-1.525485
-162.025604	17.659600	165.810000	60.860000	1356.683735	4.003000	158.566364	158.566364	158.566364	4.027267	-1.303789
-162.025604	18.159600	165.810000	60.860000	1343.716837	4.003000	158.436265	158.436265	158.436265	4.021498	-1.281837
-162.025604	18.659600	165.810000	60.860000	1331.094710	4.002000	158.602798	158.602798	158.602798	4.020523	-0.959615
-162.025604	19.159600	165.810000	60.860000	1318.149465	4.002000	158.465859	158.465859	158.465859	4.012907	-0.937056
-162.025604	19.659600	165.810000	60.860000	1305.543494	4.001000	158.625342	158.625342	158.625342	4.012032	-0.614259
-162.025604	20.159600	165.810000	60.860000	1292.621547	4.001000	158.581136	158.581136	158.581136	4.010332	-0.491206
-162.025604	20.659600	165.810000	60.860000	1279.713523	4.001000	158.433126	158.433126	158.433126	4.005761	-0.467823
-162.025604	21.159600	165.810000	60.860000	1266.819881	4.001000	158.281195	158.281195	158.281195	4.000697	-0.444218
-162.025604	21.659600	165.810000	60.860000	1253.941102	4.001000	158.225218	158.225218	158.225218	3.998958	-0.320374
-162.025604	22.159600	165.810000	60.860000	1241.077684	4.001000	158.065069	158.065069	158.065069	3.996962	-0.296206
-162.025604	22.659600	165.810000	60.860000	1228.230147	4.001000	158.000614	158.000614	158.000614	3.997913	-0.171832
-162.025604	23.159600	165.810000	60.860000	1215.399034	4.001000	157.831716	157.831716	157.831716	3.998928	-0.147234
-162.025604	23.659600	165.810000	60.860000	1202.584910	4.001000	157.658233	157.658233	157.658233	3.999945	-0.122316
-162.025604	24.159600	165.810000	60.860000	1189.491065	4.002000	157.180016	157.180016	157.180016	3.996642	-0.397209
-162.025604	24.659600	165.810000	60.860000	1176.715903	4.002000	156.996912	156.996912	156.996912	4.000965	-0.371894
-162.025604	25.159600	165.810000	60.860000	1163.959569	4.002000	156.708759	156.708759	156.708759	3.999680	-0.446262
-162.025604	25.659600	165.810000	60.860000	1151.222732	4.002000	156.515392	156.515392	156.515392	4.001093	-0.420457
-162.025604	26.159600	165.810000	60.860000	1138.506091	4.002000	156.216638	156.216638	156.216638	4.001351	-0.494461
-162.025604	26.659600	165.810000	60.860000	1125.810374	4.002000	155.912317	155.912317	155.912317	4.003939	-0.568148
-161.525604	14.659600	165.810000	60.860000	1438.133054	4.006000	158.500792	158.500792	158.500792	4.037193	-1.977233
-161.525604	15.159600	165.810000	60.860000	1425.484593	4.005000	158.586957	158.586957	158.586957	4.032352	-1.758299
-161.525604	15.659600	165.810000	60.860000	1412.487412	4.005000	158.270295	158.270295	158.270295	4.030845	-1.939077
-161.525604	16.159600	165.810000	60.860000	1399.850437	4.004000	158.450725	158.450725	158.450725	4.027015	-1.619495
-161.525604	16.659600	165.810000	60.860000	1387.218162	4.003000	158.528158	158.528158	158.528158	4.026802	-1.399615
-161.525604	17.159600	165.810000	60.860000	1374.247543	4.003000	158.302506	158.302506	158.302506	4.023290	-1.479465
-161.525604	17.659600	165.810000	60.860000	1361.628787	4.002000	158.473675	158.473675	158.473675	4.025831	-1.158964
-161.525604	18.159600	165.810000	60.860000	1348.678724	4.002000	158.341571	158.241571	158.341571	4.019938	-1.138181
-161.525604	18.659600	165.810000	60.860000	1336.074977	4.001000	158.506094	158.406094	158.506094	4.019203	-0.817145
-161.525604	19.159600	165.810000	60.860000	1323.147013	4.001000	158.367141	158.367141	158.367141	4.011905	-0.795767
-161.525604	19.659600	165.810000	60.860000	1310.232328	4.001000	158.324607	158.224607	158.324607	4.007328	-0.674122
-161.525604	20.159600	165.810000	60.860000	1297.331356	4.001000	158.178380	158.178380	158.178380	4.003048	-0.652242
-161.525604	20.659600	165.810000	60.860000	1284.444542	4.001000	158.028348	158.028348	158.028348	4.000012	-0.630025
-161.525604	21.159600	165.810000	60.860000	1271.572353	4.001000	157.974391	157.974391	157.974391	3.996748	-0.507559
-161.525604	21.659600	165.810000	60.860000	1258.715275	4.001000	157.916389	157.916389	157.916389	3.995918	-0.384873
-161.525604	22.159600	165.810000	60.860000	1245.873812	4.001000	157.754212	157.754212	157.754212	3.994370	-0.361857
-161.525604	22.659600	165.810000	60.860000	1233.048490	4.001000	157.587731	157.587731	157.587731	3.993800	-0.338607
-161.525604	23.159600	165.810000	60.860000	1220.239857	4.001000	157.516807	157.516807	157.516807	3.996842	-0.215155
-161.525604	23.659600	165.810000	60.860000	1207.448484	4.001000	157.341299	157.241299	157.341299	3.998898	-0.191377
-161.525604	24.159600	165.810000	60.860000	1194.376447	4.002000	156.761061	156.761061	156.761061	3.993513	-0.567380
-161.525604	24.659600	165.810000	60.860000	1181.624592	4.002000	156.575938	156.575938	156.575938	3.996284	-0.543198
-161.525604	25.159600	165.810000	60.860000	1168.891855	4.002000	156.385772	156.385772	156.385772	3.999684	-0.518693
-161.525604	25.659600	165.810000	60.860000	1156.178911	4.002000	156.090398	156.090398	156.090398	3.998889	-0.593986
-161.525604	26.159600	165.810000	60.860000	1143.486465	4.002000	155.789644	155.789644	155.889644	3.999858	-0.669110
-161.525604	26.659600	165.810000	60.860000	1130.815252	4.002000	155.583332	155.583332	155.583332	4.003954	-0.643913
-161.025604	14.659600	165.810000	60.860000	1443.029962	4.005000	158.322148	158.322148	158.322148	4.036221	-1.925637
-161.025604	15.159600	165.810000	60.860000	1430.398440	4.004000	158.406382	158.406382	158.406382	4.029609	-1.707923
-161.025604	15.659600	165.810000	60.860000	1417.417070	4.004000	158.187784	158.187784	158.187784	4.028362	-1.789916
-161.025604	16.159600	165.810000	60.860000	1404.797419	4.003000	158.266273	158.266273	158.266273	4.024182	-1.571522
-161.025604	16.659600	165.810000	60.860000	1392.182670	4.002000	158.341762	158.341762	158.341762	4.023088	-1.352846
-161.025604	17.159600	165.810000	60.860000	1379.228453	4.002000	158.214161	158.214161	158.214161	4.021597	-1.333895
-161.025604	17.659600	165.810000	60.860000	1366.627638	4.001000	158.283378	158.283378	158.283378	4.022684	-1.114565
-161.025604	18.159600	165.810000	60.860000	1353.694393	4.001000	158.149318	158.149318	158.149318	4.017168	-1.094971
-161.025604	18.659600	165.810000	60.860000	1340.773828	4.001000	158.111882	158.011882	158.111882	4.012367	-0.975120
-161.025604	19.159600	165.810000	60.860000	1327.866345	4.001000	157.970967	157.970967	158.070967	4.005077	-0.954897
-161.025604	19.659600	165.810000	60.860000	1315.301107	4.000000	158.226469	158.126469	158.226469	4.006598	-0.534426
-161.025604	20.159600	165.810000	60.860000	1302.417844	4.000000	158.078277	158.078277	158.078277	4.002386	-0.513715
-161.025604	20.659600	165.810000	60.860000	1289.548975	4.000000	158.026278	157.926278	158.026278	4.000388	-0.392640
-161.025604	21.159600	165.810000	60.860000	1276.694971	4.000000	157.870355	157.870355	157.870355	3.996828	-0.371333
-161.025604	21.659600	165.810000	60.860000	1263.540439	4.001000	157.510385	157.510385	157.510385	3.991647	-0.549803
-161.025604	22.159600	165.810000	60.860000	1250.720863	4.001000	157.446242	157.446242	157.446242	3.992335	-0.427914
-161.025604	22.659600	165.810000	60.860000	1237.917681	4.001000	157.277796	157.277796	157.277796	3.992359	-0.405810
-161.025604	23.159600	165.810000	60.860000	1225.131447	4.001000	157.104910	157.104910	157.104910	3.994109	-0.383500
-161.025604	23.659600	165.810000	60.860000	1212.362738	4.001000	156.927443	156.927443	156.927443	3.996717	-0.360834
-161.025604	24.159600	165.810000	60.860000	1199.312400	4.002000	156.445249	156.445249	156.445249	3.993674	-0.637971
-161.025604	24.659600	165.810000	60.860000	1186.583748	4.002000	156.258177	156.258177	156.258177	3.995598	-0.614919
-161.025604	25.159600	165.810000	60.860000	1173.874496	4.002000	155.966068	155.966068	156.066068	3.997842	-0.691514
-161.025604	25.659600	165.810000	60.860000	1161.185325	4.002000	155.768759	155.768759	155.768759	3.999719	-0.667928
-161.025604	26.159600	165.810000	60.860000	1148.516945	4.002000	155.466079	155.466079	155.466079	4.000865	-0.744170
-161.025604	26.659600	165.810000	60.860000	1135.870097	4.002000	155.257852	155.157852	155.257852	4.004180	-0.720060
-160.525604	14.659600	165.810000	60.860000	1447.980009	4.004000	158.145620	158.145620	158.145620	4.033594	-1.874584
-160.525604	15.159600	165.810000	60.860000	1435.365439	4.003000	158.227965	158.227965	158.227965	4.026680	-1.658088
-160.525604	15.659600	165.810000	60.860000	1422.399877	4.003000	158.007476	158.007476	158.007476	4.025331	-1.741277
-160.525604	16.159600	165.810000	60.860000	1409.797556	4.002000	158.084069	158.084069	158.084069	4.020758	-1.524090
-160.525604	16.659600	165.810000	60.860000	1396.851210	4.002000	157.957659	157.957659	157.957659	4.017828	-1.506617
-160.525604	17.159600	165.810000	60.860000	1384.262505	4.001000	158.028156	158.028156	158.028156	4.018283	-1.288845
-160.525604	17.659600	165.810000	60.860000	1371.336789	4.001000	157.895469	157.895469	157.895469	4.015457	-1.270707
-160.525604	18.159600	165.810000	60.860000	1358.763173	4.000000	157.959503	157.959503	158.059503	4.012755	-1.052301
-160.525604	18.659600	165.810000	60.860000	1345.859610	4.000000	157.920159	157.920159	157.920159	4.008227	-0.933612
-160.525604	19.159600	165.810000	60.860000	1332.969346	4.000000	157.877335	157.877335	157.877335	4.002314	-0.814566
-160.525604	19.659600	165.810000	60.860000	1320.092802	4.000000	157.830926	157.830926	157.830926	3.999287	-0.695268
-160.525604	20.159600	165.810000	60.860000	1307.230420	4.000000	157.780823	157.780823	157.780823	3.997662	-0.575705
-160.525604	20.659600	165.810000	60.860000	1294.382658	4.000000	157.626913	157.626913	157.626913	3.994463	-0.555792
-160.525604	21.159600	165.810000	60.860000	1281.549992	4.000000	157.569080	157.569080	157.569080	3.992504	-0.435644
-160.525604	21.659600	165.810000	60.860000	1268.732918	4.000000	157.407201	157.407201	157.407201	3.990952	-0.415247
-160.525604	22.159600	165.810000	60.860000	1255.618048	4.001000	157.141152	157.141152	157.141152	3.989640	-0.494507
-160.525604	22.659600	165.810000	60.860000	1242.836922	4.001000	156.970802	156.970802	156.970802	3.990800	-0.473548
-160.525604	23.159600	165.810000	60.860000	1230.072996	4.001000	156.796016	156.796016	156.796016	3.992085	-0.452357
-160.525604	23.659600	165.810000	60.860000	1217.326851	4.001000	156.616654	156.616654	156.616654	3.995368	-0.430828
-160.525604	24.159600	165.810000	60.860000	1204.298094	4.002000	156.132572	156.132572	156.232572	3.994081	-0.709097
-160.525604	24.659600	165.810000	60.860000	1191.592532	4.002000	155.943617	155.943617	155.943617	3.996036	-0.687150
-160.525604	25.159600	165.810000	60.860000	1178.906643	4.002000	155.649635	155.649635	155.649635	3.997883	-0.764869
-160.525604	25.659600	165.810000	60.860000	1166.241113	4.002000	155.450461	155.450461	155.450461	4.000991	-0.742402
-160.525604	26.159600	165.810000	60.860000	1153.596659	4.002000	155.145928	155.145928	155.245928	4.002942	-0.819738
-160.525604	26.659600	165.810000	60.860000	1141.259200	4.001000	154.935861	154.935861	154.935861	4.005550	-0.796739
-160.025604	14.659600	165.810000	60.860000	1452.982581	4.003000	157.971206	157.971206	157.971206	4.029856	-1.824004
-160.025604	15.159600	165.810000	60.860000	1440.384969	4.002000	158.051706	158.051706	158.051706	4.023253	-1.608707
-160.025604	15.659600	165.810000	60.860000	1427.435203	4.002000	157.829368	157.829368	157.929368	4.021134	-1.693108
-160.025604	16.159600	165.810000	60.860000	1414.850210	4.001000	157.904111	157.904111	157.904111	4.017189	-1.477127
-160.025604	16.659600	165.810000	60.860000	1401.920032	4.001000	157.775848	157.775848	157.775848	4.014911	-1.460836
-160.025604	17.159600	165.810000	60.860000	1389.349043	4.000000	157.744491	157.744491	157.744491	4.014014	-1.344260
-160.025604	17.659600	165.810000	60.860000	1376.439885	4.000000	157.709947	157.709947	157.709947	4.012102	-1.227312
-160.025604	18.159600	165.810000	60.860000	1363.543420	4.000000	157.672123	157.672123	157.672123	4.006820	-1.110071
-160.025604	18.659600	165.810000	60.860000	1350.660044	4.000000	157.630921	157.630921	157.630921	4.003200	-0.992563
-160.025604	19.159600	165.810000	60.860000	1337.790172	4.000000	157.586239	157.586239	157.586239	3.997537	-0.874692
-160.025604	19.659600	165.810000	60.860000	1324.934232	4.000000	157.537972	157.537972	157.537972	3.995374	-0.756544
-160.025604	20.159600	165.810000	60.860000	1312.092668	4.000000	157.386012	157.386012	157.486012	3.991465	-0.738147
-160.025604	20.659600	165.810000	60.860000	1299.265945	4.000000	157.330246	157.330246	157.330246	3.990529	-0.619394
-160.025604	21.159600	165.810000	60.860000	1286.454542	4.000000	157.270558	157.270558	157.270558	3.989227	-0.500382
-160.025604	21.659600	165.810000	60.860000	1273.658962	4.000000	157.106829	157.106829	157.106829	3.988698	-0.481137
-160.025604	22.159600	165.810000	60.860000	1260.564582	4.001000	156.838932	156.838932	156.838932	3.987700	-0.561543
-160.025604	22.659600	165.810000	60.860000	1247.805419	4.001000	156.666739	156.666739	156.666739	3.989085	-0.541706
-160.025604	23.159600	165.810000	60.860000	1235.063699	4.001000	156.490115	156.490115	156.490115	3.991431	-0.521653
-160.025604	23.659600	165.810000	60.860000	1222.340010	4.001000	156.308922	156.208922	156.308922	3.994679	-0.501257
-160.025604	24.159600	165.810000	60.860000	1209.634964	4.001000	156.023016	156.023016	156.023016	3.996333	-0.580634
-160.025604	24.659600	165.810000	60.860000	1196.650109	4.002000	155.632246	155.632246	155.732246	3.997189	-0.759813
-160.025604	25.159600	165.810000	60.860000	1183.987450	4.002000	155.436457	155.436457	155.436457	3.999888	-0.738652
-160.025604	25.659600	165.810000	60.860000	1171.638184	4.001000	155.235490	155.235490	155.235490	4.001762	-0.717281
-160.025604	26.159600	165.810000	60.860000	1159.014352	4.001000	154.929175	154.929175	154.929175	4.003892	-0.795729
-160.025604	26.659600	165.810000	60.860000	1146.412628	4.001000	154.717340	154.717340	154.717340	4.005736	-0.773839
-159.525604	14.659600	165.810000	60.860000	1458.037065	4.002000	157.798906	157.798906	157.798906	4.026603	-1.773889
-159.525604	15.159600	165.810000	60.860000	1445.456410	4.001000	157.877602	157.877602	157.877602	4.019782	-1.559808
-159.525604	15.659600	165.810000	60.860000	1432.522419	4.001000	157.753460	157.753460	157.753460	4.017351	-1.545418
-159.525604	16.159600	165.810000	60.860000	1419.954745	4.000000	157.726396	157.726396	157.726396	4.013681	-1.430622
-159.525604	16.659600	165.810000	60.860000	1407.040706	4.000000	157.596326	157.596326	157.596326	4.012094	-1.415530
-159.525604	17.159600	165.810000	60.860000	1394.138793	4.000000	157.563160	157.563160	157.563160	4.009880	-1.300147
-159.525604	17.659600	165.810000	60.860000	1381.594776	3.999000	157.526808	157.526808	157.526808	4.007029	-1.184369
-159.525604	18.159600	165.810000	60.860000	1368.715026	3.999000	157.487175	157.487175	157.487175	4.001527	-1.068310
-159.525604	18.659600	165.810000	60.860000	1355.848566	3.999000	157.444164	157.444164	157.444164	3.998331	-0.951980
-159.525604	19.159600	165.810000	60.860000	1342.995813	3.999000	157.397674	157.397674	157.397674	3.993532	-0.835263
-159.525604	19.659600	165.810000	60.860000	1330.157200	3.999000	157.347601	157.347601	157.347601	3.990760	-0.718283
-159.525604	20.159600	165.810000	60.860000	1317.333177	3.999000	157.293837	157.293837	157.293837	3.988322	-0.601049
-159.525604	20.659600	165.810000	60.860000	1304.198082	4.000000	157.136269	157.136269	157.136269	3.987157	-0.583435
-159.525604	21.159600	165.810000	60.860000	1291.407859	4.000000	156.974784	156.974784	156.974784	3.986514	-0.565576
-159.525604	21.659600	165.810000	60.860000	1278.633681	4.000000	156.809260	156.809260	156.809260	3.985965	-0.547480
-159.525604	22.159600	165.810000	60.860000	1265.876074	4.000000	156.639574	156.639574	156.639574	3.986634	-0.529010
-159.525604	22.659600	165.810000	60.860000	1252.822379	4.001000	156.465597	156.365597	156.465597	3.988467	-0.510313
-159.525604	23.159600	165.810000	60.860000	1240.102755	4.001000	156.187197	156.187197	156.187197	3.990779	-0.591396
-159.525604	23.659600	165.810000	60.860000	1227.401404	4.001000	156.004235	156.004235	156.004235	3.994170	-0.572110
-159.525604	24.159600	165.810000	60.860000	1214.718943	4.001000	155.716568	155.716568	155.716568	3.996323	-0.652613
-159.525604	24.659600	165.810000	60.860000	1202.056013	4.001000	155.424048	155.424048	155.424048	3.998477	-0.732915
-159.525604	25.159600	165.810000	60.860000	1189.413283	4.001000	155.226521	155.226521	155.226521	4.000497	-0.712850
-159.525604	25.659600	165.810000	60.860000	1176.791449	4.001000	154.923827	154.923827	154.923827	4.002780	-0.792593
-159.525604	26.159600	165.810000	60.860000	1164.191239	4.001000	154.715801	154.715801	154.715801	4.003413	-0.772151
-159.525604	26.659600	165.810000	60.860000	1151.901311	4.000000	154.302270	154.302270	154.302270	4.008332	-0.951346
-159.025604	14.659600	165.810000	60.860000	1463.142849	4.001000	157.728718	157.728718	157.728718	4.020329	-1.624339
-159.025604	15.159600	165.810000	60.860000	1450.579139	4.000000	157.705653	157.705653	157.705653	4.014591	-1.511470
-159.025604	15.659600	165.810000	60.860000	1437.660897	4.000000	157.579748	157.579748	157.579748	4.013431	-1.498273
-159.025604	16.159600	165.810000	60.860000	1425.110523	3.999000	157.550922	157.550922	157.550922	4.009212	-1.384680
-159.025604	16.659600	165.810000	60.860000	1412.212587	3.999000	157.419089	157.419089	157.519089	4.007189	-1.370785
-159.025604	17.159600	165.810000	60.860000	1399.326959	3.999000	157.384161	157.384161	157.384161	4.004719	-1.256578
-159.025604	17.659600	165.810000	60.860000	1386.454015	3.999000	157.346046	157.346046	157.346046	4.000985	-1.141986
-159.025604	18.159600	165.810000	60.860000	1373.594147	3.999000	157.304653	157.304653	157.304653	3.996416	-1.027110
-159.025604	18.659600	165.810000	60.860000	1360.747759	3.999000	157.259882	157.259882	157.259882	3.992783	-0.911939
-159.025604	19.159600	165.810000	60.860000	1347.915274	3.999000	157.211635	157.211635	157.211635	3.989004	-0.796393
-159.025604	19.659600	165.810000	60.860000	1335.097129	3.999000	157.159807	157.059807	157.159807	3.986241	-0.680580
-159.025604	20.159600	165.810000	60.860000	1322.293778	3.999000	157.004291	157.004291	157.004291	3.983884	-0.664490
-159.025604	20.659600	165.810000	60.860000	1309.505693	3.999000	156.844976	156.844976	156.844976	3.982616	-0.648033
-159.025604	21.159600	165.810000	60.860000	1296.409181	4.000000	156.781747	156.681747	156.781747	3.983947	-0.531326
-159.025604	21.659600	165.810000	60.860000	1283.656308	4.000000	156.614485	156.614485	156.614485	3.983998	-0.514360
-159.025604	22.159600	165.810000	60.860000	1270.920226	4.000000	156.443067	156.343067	156.443067	3.985020	-0.497033
-159.025604	22.659600	165.810000	60.860000	1258.201488	4.000000	156.167366	156.167366	156.167366	3.987172	-0.579473
-159.025604	23.159600	165.810000	60.860000	1245.189368	4.001000	155.987249	155.987249	155.987249	3.990335	-0.561672
-159.025604	23.659600	165.810000	60.860000	1232.510228	4.001000	155.702579	155.702579	155.702579	3.993656	-0.643515
-159.025604	24.159600	165.810000	60.860000	1219.850216	4.001000	155.413215	155.413215	155.413215	3.996649	-0.725144
-159.025604	24.659600	165.810000	60.860000	1207.209980	4.001000	155.219009	155.219009	155.219009	3.998850	-0.706548
-159.025604	25.159600	165.810000	60.860000	1194.590191	4.001000	154.919809	154.919809	155.019809	4.001387	-0.787600
-159.025604	25.659600	165.810000	60.860000	1182.287050	4.000000	154.615457	154.615457	154.615457	4.004580	-0.868455
-159.025604	26.159600	165.810000	60.860000	1169.707146	4.000000	154.305788	154.305788	154.305788	4.007876	-0.949103
-159.025604	26.659600	165.810000	60.860000	1157.149889	4.000000	154.190632	154.090632	154.190632	4.004281	-0.829401
-158.525604	14.659600	165.810000	60.860000	1468.299319	4.000000	157.560638	157.560638	157.560638	4.016581	-1.575285
-158.525604	15.159600	165.810000	60.860000	1455.752538	3.999000	157.635854	157.635854	157.635854	4.007811	-1.363614
-158.525604	15.659600	165.810000	60.860000	1442.850008	3.999000	157.508230	157.408230	157.508230	4.007496	-1.351623
-158.525604	16.159600	165.810000	60.860000	1429.959238	3.999000	157.377685	157.377685	157.377685	4.005712	-1.339230
-158.525604	16.659600	165.810000	60.860000	1417.435031	3.998000	157.344133	157.344133	157.344133	4.003146	-1.226514
-158.525604	17.159600	165.810000	60.860000	1404.565639	3.998000	157.207488	157.207488	157.307488	4.000062	-1.213497
-158.525604	17.659600	165.810000	60.860000	1391.709113	3.998000	157.167658	157.167658	157.167658	3.996613	-1.100089
-158.525604	18.159600	165.810000	60.860000	1378.865847	3.998000	157.124551	157.124551	157.124551	3.991398	-0.986376
-158.525604	18.659600	165.810000	60.860000	1366.036252	3.998000	157.078069	157.078069	157.078069	3.987158	-0.872380
-158.525604	19.159600	165.810000	60.860000	1353.220753	3.998000	157.028114	157.028114	157.028114	3.984726	-0.758002
-158.525604	19.659600	165.810000	60.860000	1340.419792	3.998000	156.874582	156.874582	156.974582	3.981397	-0.743336
-158.525604	20.159600	165.810000	60.860000	1327.301835	3.999000	156.717365	156.717365	156.717365	3.980392	-0.728406
-158.525604	20.659600	165.810000	60.860000	1314.534535	3.999000	156.656355	156.656355	156.656355	3.979256	-0.613103
-158.525604	21.159600	165.810000	60.860000	1301.783197	3.999000	156.491437	156.491437	156.491437	3.980099	-0.597528
-158.525604	21.659600	165.810000	60.860000	1288.726074	4.000000	156.322493	156.322493	156.322493	3.981141	-0.581707
-158.525604	22.159600	165.810000	60.860000	1276.011404	4.000000	156.149400	156.149400	156.149400	3.982870	-0.565520
-158.525604	22.659600	165.810000	60.860000	1263.314295	4.000000	155.872032	155.872032	155.872032	3.985546	-0.649079
-158.525604	23.159600	165.810000	60.860000	1250.635325	4.000000	155.690257	155.690257	155.690257	3.989130	-0.632409
-158.525604	23.659600	165.810000	60.860000	1237.975094	4.000000	155.403941	155.403941	155.403941	3.993100	-0.715379
-158.525604	24.159600	165.810000	60.860000	1225.334229	4.000000	155.112941	155.112941	155.112941	3.996602	-0.798112
-158.525604	24.659600	165.810000	60.860000	1212.713379	4.000000	154.817113	154.817113	154.817113	3.999271	-0.880634
-158.525604	25.159600	165.810000	60.860000	1200.113222	4.000000	154.616305	154.616305	154.616305	4.001683	-0.862799
-158.525604	25.659600	165.810000	60.860000	1187.534462	4.000000	154.310361	154.310361	154.310361	4.004235	-0.944746
-158.525604	26.159600	165.810000	60.860000	1175.271654	3.999000	153.999116	153.999116	153.999116	4.008136	-1.026500
-158.525604	26.659600	165.810000	60.860000	1162.734792	3.999000	153.782404	153.782404	153.782404	4.008199	-1.007899
-158.025604	14.659600	165.810000	60.860000	1473.505864	3.999000	157.394664	157.394664	157.394664	4.011874	-1.526723
-158.025604	15.159600	165.810000	60.860000	1460.610649	3.999000	157.268201	157.268201	157.268201	4.009118	-1.516261
-158.025604	15.659600	165.810000	60.860000	1448.089124	3.998000	157.338900	157.338900	157.338900	4.002050	-1.305474
-158.025604	16.159600	165.810000	60.860000	1435.214189	3.998000	157.206679	157.206679	157.206679	4.000283	-1.294264
-158.025604	16.659600	165.810000	60.860000	1422.351538	3.998000	157.171453	157.171453	157.171453	3.998172	-1.182741
-158.025604	17.159600	165.810000	60.860000	1409.501541	3.998000	157.033135	157.033135	157.033135	3.996007	-1.170912
-158.025604	17.659600	165.810000	60.860000	1397.014011	3.997000	156.991636	156.991636	156.991636	3.992731	-1.058670
-158.025604	18.159600	165.810000	60.860000	1383.841062	3.998000	156.946862	156.946862	156.946862	3.987060	-0.946133
-158.025604	18.659600	165.810000	60.860000	1371.031393	3.998000	156.898718	156.898718	156.898718	3.982339	-0.833310
-158.025604	19.159600	165.810000	60.860000	1358.236004	3.998000	156.747103	156.747103	156.747103	3.980112	-0.820082
-158.025604	19.659600	165.810000	60.860000	1345.455341	3.998000	156.691917	156.691917	156.691917	3.978209	-0.706578
-158.025604	20.159600	165.810000	60.860000	1332.689866	3.998000	156.533052	156.533052	156.533052	3.976429	-0.692805
-158.025604	20.659600	165.810000	60.860000	1319.609991	3.999000	156.370399	156.370399	156.370399	3.975947	-0.678637
-158.025604	21.159600	165.810000	60.860000	1306.879535	3.999000	156.203845	156.203845	156.203845	3.977428	-0.664209
-158.025604	21.659600	165.810000	60.860000	1294.165760	3.999000	156.033273	156.033273	156.033273	3.979494	-0.649531
-158.025604	22.159600	165.810000	60.860000	1281.148835	4.000000	155.858560	155.858560	155.858560	3.981142	-0.634464
-158.025604	22.659600	165.810000	60.860000	1268.473225	4.000000	155.579582	155.579582	155.579582	3.983989	-0.719156
-158.025604	23.159600	165.810000	60.860000	1255.815970	4.000000	155.296209	155.296209	155.396209	3.988045	-0.803615
-158.025604	23.659600	165.810000	60.860000	1243.177674	4.000000	155.108305	155.008305	155.108305	3.992812	-0.787691
-158.025604	24.159600	165.810000	60.860000	1230.558967	4.000000	154.815731	154.815731	154.815731	3.995406	-0.871543
-158.025604	24.659600	165.810000	60.860000	1217.960501	4.000000	154.518343	154.518343	154.518343	3.998792	-0.955181
-158.025604	25.159600	165.810000	60.860000	1205.382960	4.000000	154.315990	154.315990	154.315990	4.001661	-0.938440
-158.025604	25.659600	165.810000	60.860000	1193.125332	3.999000	154.008518	154.008518	154.008518	4.003900	-1.021493
-158.025604	26.159600	165.810000	60.860000	1180.588661	3.999000	153.795765	153.795765	153.795765	4.003634	-1.004349
-158.025604	26.659600	165.810000	60.860000	1168.367301	3.998000	153.377565	153.377565	153.377565	4.010753	-1.186829
-157.525604	14.659600	165.810000	60.860000	1478.761870	3.998000	157.330791	157.330791	157.330791	4.005754	-1.378747
-157.525604	15.159600	165.810000	60.860000	1465.882113	3.998000	157.202691	157.202691	157.202691	4.004710	-1.369492
-157.525604	15.659600	165.810000	60.860000	1453.377618	3.997000	157.271754	157.271754	157.271754	3.998500	-1.159895
-157.525604	16.159600	165.810000	60.860000	1440.518463	3.997000	157.137899	157.137899	157.137899	3.996909	-1.149882
-157.525604	16.659600	165.810000	60.860000	1427.671756	3.997000	157.001043	157.001043	157.001043	3.994231	-1.139550
-157.525604	17.159600	165.810000	60.860000	1414.837871	3.997000	156.861097	156.861097	156.861097	3.991876	-1.128894
-157.525604	17.659600	165.810000	60.860000	1402.017196	3.997000	156.817974	156.817974	156.817974	3.989112	-1.017833
-157.525604	18.159600	165.810000	60.860000	1389.210134	3.997000	156.771579	156.771579	156.771579	3.983335	-0.906471
-157.525604	18.659600	165.810000	60.860000	1376.417103	3.997000	156.721819	156.721819	156.721819	3.978806	-0.794804
-157.525604	19.159600	165.810000	60.860000	1363.638534	3.997000	156.568594	156.568594	156.568594	3.976325	-0.782742
-157.525604	19.659600	165.810000	60.860000	1350.536990	3.998000	156.411803	156.411803	156.411803	3.974795	-0.770398
-157.525604	20.159600	165.810000	60.860000	1337.791900	3.998000	156.251340	156.251340	156.251340	3.973836	-0.757766
-157.525604	20.659600	165.810000	60.860000	1325.062669	3.998000	156.087096	156.087096	156.087096	3.973409	-0.744747
-157.525604	21.159600	165.810000	60.860000	1312.021628	3.999000	155.918959	155.918959	155.918959	3.974838	-0.731465
-157.525604	21.659600	165.810000	60.860000	1299.328813	3.999000	155.746812	155.746812	155.746812	3.976530	-0.717913
-157.525604	22.159600	165.810000	60.860000	1286.653417	3.999000	155.570535	155.570535	155.570535	3.979510	-0.703982
-157.525604	22.659600	165.810000	60.860000	1273.996003	3.999000	155.290003	155.290003	155.290003	3.982916	-0.789805
-157.525604	23.159600	165.810000	60.860000	1261.357157	3.999000	155.005088	155.005088	155.005088	3.987266	-0.875376
-157.525604	23.659600	165.810000	60.860000	1248.737487	3.999000	154.715655	154.715655	154.715655	3.992373	-0.960574
-157.525604	24.159600	165.810000	60.860000	1236.137625	3.999000	154.521567	154.521567	154.521567	3.995970	-0.945544
-157.525604	24.659600	165.810000	60.860000	1223.558229	3.999000	154.222680	154.222680	154.222680	3.998563	-1.030281
-157.525604	25.159600	165.810000	60.860000	1210.999985	3.999000	153.918845	153.918845	153.918845	4.002720	-1.114648
-157.525604	25.659600	165.810000	60.860000	1198.763371	3.998000	153.609909	153.609909	153.609909	4.005950	-1.198806
-157.525604	26.159600	165.810000	60.860000	1186.246467	3.998000	153.395713	153.395713	153.395713	4.006868	-1.182748
-157.525604	26.659600	165.810000	60.860000	1174.046606	3.997000	152.976092	152.976092	152.976092	4.014727	-1.366325
-157.025604	14.659600	165.810000	60.860000	1484.066725	3.997000	157.269014	157.269014	157.269014	4.000859	-1.231291
-157.025604	15.159600	165.810000	60.860000	1471.202374	3.997000	157.139317	157.139317	157.139317	3.998978	-1.223230
-157.025604	15.659600	165.810000	60.860000	1458.349910	3.997000	157.006786	157.006786	157.006786	3.996142	-1.214834
-157.025604	16.159600	165.810000	60.860000	1445.871425	3.996000	156.971340	156.971340	156.971340	3.993336	-1.106015
-157.025604	16.659600	165.810000	60.860000	1433.040595	3.996000	156.932896	156.832896	156.932896	3.991050	-0.996859
-157.025604	17.159600	165.810000	60.860000	1420.222750	3.996000	156.791366	156.791366	156.791366	3.989523	-0.987387
-157.025604	17.659600	165.810000	60.860000	1407.418282	3.996000	156.646663	156.646663	156.646663	3.986540	-0.977504
-157.025604	18.159600	165.810000	60.860000	1394.627598	3.996000	156.598695	156.598695	156.598695	3.981281	-0.867302
-157.025604	18.659600	165.810000	60.860000	1381.505394	3.997000	156.447365	156.447365	156.447365	3.976815	-0.856803
-157.025604	19.159600	165.810000	60.860000	1368.746746	3.997000	156.292577	156.292577	156.392577	3.973868	-0.845903
-157.025604	19.659600	165.810000	60.860000	1356.003186	3.997000	156.234230	156.234230	156.234230	3.971663	-0.734703
-157.025604	20.159600	165.810000	60.860000	1343.275185	3.997000	156.072218	156.072218	156.072218	3.971398	-0.723224
-157.025604	20.659600	165.810000	60.860000	1330.230422	3.998000	155.906434	155.906434	155.906434	3.971289	-0.711353
-157.025604	21.159600	165.810000	60.860000	1317.538194	3.998000	155.736765	155.736765	155.736765	3.972527	-0.699199
-157.025604	21.659600	165.810000	60.860000	1304.863037	3.998000	155.463097	155.463097	155.463097	3.975508	-0.786786
-157.025604	22.159600	165.810000	60.860000	1291.882366	3.999000	155.285310	155.285310	155.285310	3.978363	-0.773987
-157.025604	22.659600	165.810000	60.860000	1279.246172	3.999000	155.003280	155.003280	155.003280	3.982302	-0.860925
-157.025604	23.159600	165.810000	60.860000	1266.628745	3.999000	154.816879	154.716879	154.816879	3.987107	-0.847620
-157.025604	23.659600	165.810000	60.860000	1254.030698	3.999000	154.525975	154.525975	154.525975	3.992589	-0.933937
-157.025604	24.159600	165.810000	60.860000	1241.452667	3.999000	154.230431	154.230431	154.230431	3.996250	-1.020008
-157.025604	24.659600	165.810000	60.860000	1229.202691	3.998000	153.930105	153.930105	153.930105	3.999399	-1.105855
-157.025604	25.159600	165.810000	60.860000	1216.663566	3.998000	153.624850	153.624850	153.624850	4.002871	-1.191329
-157.025604	25.659600	165.810000	60.860000	1204.146528	3.998000	153.414513	153.414513	153.414513	4.004573	-1.176574
-157.025604	26.159600	165.810000	60.860000	1191.950459	3.997000	153.098938	153.098938	153.098938	4.008412	-1.261614
-157.025604	26.659600	165.810000	60.860000	1179.771905	3.996000	152.677959	152.677959	152.677959	4.016617	-1.446283
-156.525604	14.659600	165.810000	60.860000	1489.047184	3.997000	156.909329	156.909329	156.909329	4.006155	-1.384353
-156.525604	15.159600	165.810000	60.860000	1476.570812	3.996000	157.078074	157.078074	157.078074	3.995350	-1.077496
-156.525604	15.659600	165.810000	60.860000	1463.733841	3.996000	156.943990	156.943990	156.943990	3.993633	-1.070297
-156.525604	16.159600	165.810000	60.860000	1450.909261	3.996000	156.806994	156.806994	156.806994	3.991188	-1.062658
-156.525604	16.659600	165.810000	60.860000	1438.097441	3.996000	156.667005	156.667005	156.667005	3.988985	-1.054690
-156.525604	17.159600	165.810000	60.860000	1425.298761	3.996000	156.623935	156.623935	156.623935	3.986868	-0.946399
-156.525604	17.659600	165.810000	60.860000	1412.513616	3.996000	156.477696	156.477696	156.477696	3.983458	-0.937679
-156.525604	18.159600	165.810000	60.860000	1399.742416	3.996000	156.428198	156.428198	156.428198	3.978514	-0.828648
-156.525604	18.659600	165.810000	60.860000	1386.985583	3.996000	156.275346	156.275346	156.275346	3.975431	-0.819314
-156.525604	19.159600	165.810000	60.860000	1374.243558	3.996000	156.219043	156.119043	156.219043	3.973206	-0.709561
-156.525604	19.659600	165.810000	60.860000	1361.176162	3.997000	155.959187	155.959187	155.959187	3.971039	-0.799516
-156.525604	20.159600	165.810000	60.860000	1348.468317	3.997000	155.795676	155.795676	155.795676	3.969765	-0.789187
-156.525604	20.659600	165.810000	60.860000	1335.776695	3.997000	155.628401	155.628401	155.628401	3.970685	-0.778448
-156.525604	21.159600	165.810000	60.860000	1322.770864	3.998000	155.457253	155.457253	155.457253	3.971813	-0.767435
-156.525604	21.659600	165.810000	60.860000	1310.116401	3.998000	155.282115	155.182115	155.282115	3.974282	-0.756156
-156.525604	22.159600	165.810000	60.860000	1297.479741	3.998000	155.002871	155.002871	155.002871	3.977712	-0.844475
-156.525604	22.659600	165.810000	60.860000	1284.861456	3.998000	154.719397	154.719397	154.719397	3.981832	-0.932538
-156.525604	23.159600	165.810000	60.860000	1272.262137	3.998000	154.531566	154.531566	154.531566	3.986557	-0.920355
-156.525604	23.659600	165.810000	60.860000	1259.682398	3.998000	154.239248	154.239248	154.239248	3.992634	-1.007775
-156.525604	24.159600	165.810000	60.860000	1247.122879	3.998000	153.942306	153.942306	153.942306	3.996187	-1.094958
-156.525604	24.659600	165.810000	60.860000	1234.584245	3.998000	153.640599	153.640599	153.740599	4.000064	-1.181912
-156.525604	25.159600	165.810000	60.860000	1222.372932	3.997000	153.433984	153.433984	153.433984	4.002462	-1.168476
-156.525604	25.659600	165.810000	60.860000	1209.875041	3.997000	153.222307	153.122307	153.222307	4.004586	-1.154820
-156.525604	26.159600	165.810000	60.860000	1197.699848	3.996000	152.805415	152.805415	152.805415	4.010907	-1.340954
-156.525604	26.659600	165.810000	60.860000	1185.542398	3.995000	152.383144	152.383144	152.383144	4.018819	-1.526700
-156.025604	14.659600	165.810000	60.860000	1494.446460	3.996000	156.951727	156.951727	156.951727	3.998861	-1.138022
-156.025604	15.159600	165.810000	60.860000	1481.615942	3.996000	156.818956	156.818956	156.818956	3.998012	-1.132367
-156.025604	15.659600	165.810000	60.860000	1469.165260	3.995000	156.883358	156.883358	156.883358	3.991549	-0.926355
-156.025604	16.159600	165.810000	60.860000	1456.356249	3.995000	156.744854	156.744854	156.744854	3.989797	-0.919907
-156.025604	16.659600	165.810000	60.860000	1443.560147	3.995000	156.603361	156.603361	156.603361	3.987648	-0.913124
-156.025604	17.159600	165.810000	60.860000	1430.777339	3.995000	156.458794	156.458794	156.458794	3.985749	-0.906002
-156.025604	17.659600	165.810000	60.860000	1418.008222	3.995000	156.311064	156.311064	156.411064	3.981965	-0.898457
-156.025604	18.159600	165.810000	60.860000	1405.253208	3.995000	156.260081	156.260081	156.260081	3.977152	-0.790595
-156.025604	18.659600	165.810000	60.860000	1392.164248	3.996000	156.105752	156.105752	156.105752	3.974068	-0.782414
-156.025604	19.159600	165.810000	60.860000	1379.441924	3.996000	155.947979	155.947979	155.947979	3.972152	-0.773819
-156.025604	19.659600	165.810000	60.860000	1366.735027	3.996000	155.786662	155.786662	155.786662	3.970360	-0.764927
-156.025604	20.159600	165.810000	60.860000	1354.044035	3.996000	155.621700	155.621700	155.621700	3.969304	-0.755736
-156.025604	20.659600	165.810000	60.860000	1341.033847	3.997000	155.452984	155.452984	155.452984	3.969917	-0.746139
-156.025604	21.159600	165.810000	60.860000	1328.379330	3.997000	155.180406	155.180406	155.180406	3.971381	-0.836264
-156.025604	21.659600	165.810000	60.860000	1315.742251	3.997000	155.003851	155.003851	155.003851	3.974259	-0.826108
-156.025604	22.159600	165.810000	60.860000	1303.123159	3.997000	154.723202	154.723202	154.723202	3.977731	-0.915556
-156.025604	22.659600	165.810000	60.860000	1290.199838	3.998000	154.538337	154.538337	154.538337	3.981749	-0.904743
-156.025604	23.159600	165.810000	60.860000	1277.621611	3.998000	154.249131	154.249131	154.249131	3.986582	-0.993667
-156.025604	23.659600	165.810000	60.860000	1265.379657	3.997000	153.955453	153.955453	153.955453	3.992347	-1.082202
-156.025604	24.159600	165.810000	60.860000	1252.838474	3.997000	153.657170	153.657170	153.757170	3.996599	-1.170495
-156.025604	24.659600	165.810000	60.860000	1240.318374	3.997000	153.454142	153.454142	153.454142	4.000575	-1.158544
-156.025604	25.159600	165.810000	60.860000	1227.820052	3.997000	153.246224	153.246224	153.246224	4.002574	-1.146208
-156.025604	25.659600	165.810000	60.860000	1215.648368	3.996000	152.933269	152.933269	152.933269	4.006056	-1.233649
-156.025604	26.159600	165.810000	60.860000	1203.493852	3.995000	152.515121	152.515121	152.515121	4.014000	-1.420865
-156.025604	26.659600	165.810000	60.860000	1191.059085	3.995000	152.391620	152.391620	152.391620	4.011770	-1.307699
-155.525604	14.659600	165.810000	60.860000	1499.892743	3.995000	156.896204	156.896204	156.896204	3.997514	-0.992236
-155.525604	15.159600	165.810000	60.860000	1487.077425	3.995000	156.761954	156.761954	156.761954	3.996189	-0.987772
-155.525604	15.659600	165.810000	60.860000	1474.274423	3.995000	156.624883	156.624883	156.624883	3.994761	-0.982954
-155.525604	16.159600	165.810000	60.860000	1461.484099	3.995000	156.484911	156.484911	156.484911	3.991424	-0.977695
-155.525604	16.659600	165.810000	60.860000	1448.706826	3.995000	156.441957	156.441957	156.441957	3.987756	-0.872084
-155.525604	17.159600	165.810000	60.860000	1435.942991	3.995000	156.295934	156.295934	156.295934	3.984668	-0.866140
-155.525604	17.659600	165.810000	60.860000	1423.192996	3.995000	156.146756	156.146756	156.146756	3.981680	-0.859766
-155.525604	18.159600	165.810000	60.860000	1410.457254	3.995000	156.094332	156.094332	156.094332	3.977691	-0.753060
-155.525604	18.659600	165.810000	60.860000	1397.736197	3.995000	155.938570	155.938570	155.938570	3.974437	-0.746041
-155.525604	19.159600	165.810000	60.860000	1385.030269	3.995000	155.779374	155.779374	155.779374	3.972315	-0.738602
-155.525604	19.659600	165.810000	60.860000	1371.996504	3.996000	155.616643	155.616643	155.616643	3.970861	-0.730850
-155.525604	20.159600	165.810000	60.860000	1359.325410	3.996000	155.450277	155.450277	155.450277	3.970039	-0.722804
-155.525604	20.659600	165.810000	60.860000	1346.670878	3.996000	155.180169	155.180169	155.180169	3.970567	-0.814348
-155.525604	21.159600	165.810000	60.860000	1334.033424	3.996000	155.006211	155.006211	155.006211	3.972020	-0.805598
-155.525604	21.659600	165.810000	60.860000	1321.082980	3.997000	154.828289	154.828289	154.828289	3.975002	-0.796573
-155.525604	22.159600	165.810000	60.860000	1308.484456	3.997000	154.546286	154.546286	154.546286	3.978306	-0.887146
-155.525604	22.659600	165.810000	60.860000	1295.904669	3.997000	154.260083	154.260083	154.260083	3.982644	-0.977444
-155.525604	23.159600	165.810000	60.860000	1283.344217	3.997000	154.069555	154.069555	154.069555	3.987951	-0.967485
-155.525604	23.659600	165.810000	60.860000	1270.803719	3.997000	153.774574	153.774574	153.774574	3.993601	-1.057131
-155.525604	24.159600	165.810000	60.860000	1258.283820	3.997000	153.475005	153.475005	153.475005	3.997545	-1.146520
-155.525604	24.659600	165.810000	60.860000	1246.096948	3.996000	153.270711	153.270711	153.270711	4.000661	-1.135672
-155.525604	25.159600	165.810000	60.860000	1233.617161	3.996000	153.061550	153.061550	153.061550	4.003071	-1.124434
-155.525604	25.659600	165.810000	60.860000	1221.465740	3.995000	152.647374	152.647374	152.747374	4.009417	-1.312958
-155.525604	26.159600	165.810000	60.860000	1209.028981	3.995000	152.528031	152.528031	152.528031	4.008101	-1.201264
-155.525604	26.659600	165.810000	60.860000	1196.916062	3.994000	152.103361	152.103361	152.103361	4.016034	-1.389183
-155.025604	14.659600	165.810000	60.860000	1505.385423	3.994000	156.942750	156.942750	156.942750	3.994120	-0.746994
-155.025604	15.159600	165.810000	60.860000	1492.585224	3.994000	156.807061	156.807061	156.807061	3.994312	-0.743728
-155.025604	15.659600	165.810000	60.860000	1479.797476	3.994000	156.568556	156.568556	156.668556	3.994976	-0.840103
-155.025604	16.159600	165.810000	60.860000	1467.022543	3.994000	156.427157	156.427157	156.427157	3.991925	-0.836019
-155.025604	16.659600	165.810000	60.860000	1454.260802	3.994000	156.382782	156.282782	156.382782	3.988379	-0.731589
-155.025604	17.159600	165.810000	60.860000	1441.512642	3.994000	156.235345	156.235345	156.235345	3.986121	-0.726820
-155.025604	17.659600	165.810000	60.860000	1428.778467	3.994000	156.084762	156.084762	156.084762	3.982824	-0.721606
-155.025604	18.159600	165.810000	60.860000	1416.058695	3.994000	155.930941	155.930941	155.930941	3.978628	-0.716064
-155.025604	18.659600	165.810000	60.860000	1403.002481	3.995000	155.773791	155.773791	155.773791	3.975417	-0.710203
-155.025604	19.159600	165.810000	60.860000	1390.316004	3.995000	155.613216	155.613216	155.613216	3.973256	-0.703908
-155.025604	19.659600	165.810000	60.860000	1377.645272	3.995000	155.449117	155.449117	155.449117	3.971460	-0.697304
-155.025604	20.159600	165.810000	60.860000	1364.990766	3.995000	155.181394	155.181394	155.181394	3.970723	-0.790401
-155.025604	20.659600	165.810000	60.860000	1352.014558	3.996000	155.009942	155.009942	155.009942	3.971543	-0.783073
-155.025604	21.159600	165.810000	60.860000	1339.397178	3.996000	154.834652	154.834652	154.834652	3.973133	-0.775456
-155.025604	21.659600	165.810000	60.860000	1326.797572	3.996000	154.555412	154.555412	154.555412	3.975825	-0.867559
-155.025604	22.159600	165.810000	60.860000	1314.216299	3.996000	154.372107	154.372107	154.372107	3.979860	-0.859245
-155.025604	22.659600	165.810000	60.860000	1301.653935	3.996000	154.084618	154.084618	154.084618	3.984608	-0.950660
-155.025604	23.159600	165.810000	60.860000	1289.111081	3.996000	153.892821	153.792821	153.892821	3.989052	-0.941815
-155.025604	23.659600	165.810000	60.860000	1276.588359	3.996000	153.596588	153.596588	153.596588	3.994897	-1.032560
-155.025604	24.159600	165.810000	60.860000	1264.086417	3.996000	153.295788	153.295788	153.395788	3.997996	-1.123054
-155.025604	24.659600	165.810000	60.860000	1251.919218	3.995000	153.090285	153.090285	153.090285	4.001552	-1.113305
-155.025604	25.159600	165.810000	60.860000	1239.457758	3.995000	152.879937	152.779937	152.879937	4.004406	-1.103153
-155.025604	25.659600	165.810000	60.860000	1227.326394	3.994000	152.464599	152.464599	152.464599	4.010882	-1.292767
-155.025604	26.159600	165.810000	60.860000	1214.908341	3.994000	152.244119	152.244119	152.244119	4.013417	-1.282159
-155.025604	26.659600	165.810000	60.860000	1202.815871	3.993000	151.818341	151.818341	151.918341	4.023761	-1.471151
-154.525604	14.659600	165.810000	60.860000	1510.545597	3.994000	156.791359	156.791359	156.791359	3.998432	-0.702382
-154.525604	15.159600	165.810000	60.860000	1497.763631	3.994000	156.654268	156.654268	156.654268	3.997694	-0.700312
-154.525604	15.659600	165.810000	60.860000	1484.994242	3.994000	156.514369	156.514369	156.514369	3.996049	-0.697869
-154.525604	16.159600	165.810000	60.860000	1472.237799	3.994000	156.371582	156.371582	156.371582	3.993895	-0.694970
-154.525604	16.659600	165.810000	60.860000	1459.494678	3.994000	156.225826	156.225826	156.225826	3.990917	-0.691719
-154.525604	17.159600	165.810000	60.860000	1446.765274	3.994000	156.077018	156.077018	156.077018	3.987795	-0.688116
-154.525604	17.659600	165.810000	60.860000	1434.049992	3.994000	155.925070	155.925070	155.925070	3.984591	-0.684069
-154.525604	18.159600	165.810000	60.860000	1421.349252	3.994000	155.769895	155.769895	155.769895	3.981462	-0.679689
-154.525604	18.659600	165.810000	60.860000	1408.663490	3.994000	155.611400	155.611400	155.611400	3.977731	-0.674977
-154.525604	19.159600	165.810000	60.860000	1395.993156	3.994000	155.449491	155.449491	155.449491	3.975239	-0.669833
-154.525604	19.659600	165.810000	60.860000	1382.992450	3.995000	155.284070	155.284070	155.284070	3.973792	-0.664376
-154.525604	20.159600	165.810000	60.860000	1370.357555	3.995000	155.015037	155.015037	155.115037	3.972801	-0.758606
-154.525604	20.659600	165.810000	60.860000	1357.739536	3.995000	154.842287	154.842287	154.842287	3.973403	-0.752414
-154.525604	21.159600	165.810000	60.860000	1345.138914	3.995000	154.665713	154.665713	154.665713	3.974725	-0.745928
-154.525604	21.659600	165.810000	60.860000	1332.556228	3.995000	154.385205	154.385205	154.385205	3.977598	-0.839148
-154.525604	22.159600	165.810000	60.860000	1319.661708	3.996000	154.200647	154.200647	154.200647	3.981625	-0.831955
-154.525604	22.659600	165.810000	60.860000	1307.119732	3.996000	153.911922	153.911922	153.911922	3.986329	-0.924487
-154.525604	23.159600	165.810000	60.860000	1294.597428	3.996000	153.718907	153.718907	153.718907	3.991472	-0.916745
-154.525604	23.659600	165.810000	60.860000	1282.416346	3.995000	153.421477	153.421477	153.421477	3.996148	-1.008597
-154.525604	24.159600	165.810000	60.860000	1269.932161	3.995000	153.219500	153.219500	153.219500	3.999613	-1.000193
-154.525604	24.659600	165.810000	60.860000	1257.469602	3.995000	153.012841	152.912841	153.012841	4.002411	-0.991534
-154.525604	25.159600	165.810000	60.860000	1245.341093	3.994000	152.701362	152.701362	152.701362	4.006111	-1.082474
-154.525604	25.659600	165.810000	60.860000	1232.920803	3.994000	152.484918	152.384918	152.484918	4.008251	-1.073177
-154.525604	26.159600	165.810000	60.860000	1220.829993	3.993000	152.063359	152.063359	152.063359	4.016605	-1.263646
-154.525604	26.659600	165.810000	60.860000	1208.455019	3.993000	151.836531	151.836531	151.836531	4.018509	-1.253717
-154.025604	14.659600	165.810000	60.860000	1515.748161	3.994000	156.642021	156.642021	156.642021	4.002231	-0.658339
-154.025604	15.159600	165.810000	60.860000	1503.360731	3.993000	156.703567	156.703567	156.703567	3.996515	-0.457455
-154.025604	15.659600	165.810000	60.860000	1490.606403	3.993000	156.562311	156.462311	156.562311	3.995916	-0.456201
-154.025604	16.159600	165.810000	60.860000	1477.865147	3.993000	156.318176	156.318176	156.318176	3.996034	-0.554484
-154.025604	16.659600	165.810000	60.860000	1465.137345	3.993000	156.171079	156.171079	156.171079	3.993361	-0.552402
-154.025604	17.159600	165.810000	60.860000	1452.059741	3.994000	155.920939	155.920939	155.920939	3.991375	-0.649970
-154.025604	17.659600	165.810000	60.860000	1439.363225	3.994000	155.767670	155.767670	155.767670	3.987199	-0.647087
-154.025604	18.159600	165.810000	60.860000	1426.681386	3.994000	155.611182	155.611182	155.611182	3.983870	-0.643860
-154.025604	18.659600	165.810000	60.860000	1414.014661	3.994000	155.451386	155.451386	155.451386	3.981143	-0.640303
-154.025604	19.159600	165.810000	60.860000	1401.363502	3.994000	155.288187	155.288187	155.288187	3.978194	-0.636307
-154.025604	19.659600	165.810000	60.860000	1388.728380	3.994000	155.121488	155.121488	155.121488	3.976510	-0.631986
-154.025604	20.159600	165.810000	60.860000	1376.109781	3.994000	154.851189	154.851189	154.851189	3.975598	-0.727355
-154.025604	20.659600	165.810000	60.860000	1363.166904	3.995000	154.677188	154.677188	154.677188	3.975959	-0.722295
-154.025604	21.159600	165.810000	60.860000	1350.586029	3.995000	154.499378	154.499378	154.499378	3.977122	-0.716930
-154.025604	21.659600	165.810000	60.860000	1338.023240	3.995000	154.217649	154.217649	154.217649	3.979749	-0.811274
-154.025604	22.159600	165.810000	60.860000	1325.479098	3.995000	154.031887	154.031887	154.031887	3.983835	-0.805198
-154.025604	22.659600	165.810000	60.860000	1312.954184	3.995000	153.741976	153.741976	153.741976	3.987343	-0.898836
-154.025604	23.159600	165.810000	60.860000	1300.449103	3.995000	153.547795	153.547795	153.547795	3.992603	-0.892203
-154.025604	23.659600	165.810000	60.860000	1287.964481	3.995000	153.249218	153.249218	153.249218	3.997851	-0.985158
-154.025604	24.159600	165.810000	60.860000	1275.500970	3.995000	153.046116	153.046116	153.046116	4.001090	-0.977846
-154.025604	24.659600	165.810000	60.860000	1263.375483	3.994000	152.838356	152.838356	152.838356	4.004312	-0.970282
-154.025604	25.159600	165.810000	60.860000	1250.953135	3.994000	152.625800	152.625800	152.625800	4.007133	-0.962311
-154.025604	25.659600	165.810000	60.860000	1238.864189	3.993000	152.308305	152.208305	152.308305	4.011051	-1.054093
-154.025604	26.159600	165.810000	60.860000	1226.485942	3.993000	152.085723	152.085723	152.085723	4.014033	-1.045643
-154.025604	26.659600	165.810000	60.860000	1214.436608	3.992000	151.657903	151.657903	151.657903	4.024193	-1.236790
-153.525604	14.659600	165.810000	60.860000	1521.373393	3.993000	156.794727	156.794727	156.794727	3.998572	-0.314867
-153.525604	15.159600	165.810000	60.860000	1508.624390	3.993000	156.554947	156.554947	156.654947	4.002901	-0.415175
-153.525604	15.659600	165.810000	60.860000	1495.888208	3.993000	156.412373	156.412373	156.412373	4.002150	-0.415106
-153.525604	16.159600	165.810000	60.860000	1483.165218	3.993000	156.266928	156.166928	156.266928	3.999631	-0.414562
-153.525604	16.659600	165.810000	60.860000	1470.455804	3.993000	156.018530	156.018530	156.018530	3.997596	-0.513653
-153.525604	17.159600	165.810000	60.860000	1457.760363	3.993000	155.867099	155.867099	155.867099	3.994129	-0.512389
-153.525604	17.659600	165.810000	60.860000	1445.079306	3.993000	155.712548	155.712548	155.712548	3.991063	-0.510663
-153.525604	18.159600	165.810000	60.860000	1432.413057	3.993000	155.554790	155.554790	155.554790	3.988545	-0.508592
-153.525604	18.659600	165.810000	60.860000	1419.406583	3.994000	155.393734	155.393734	155.393734	3.985515	-0.506187
-153.525604	19.159600	165.810000	60.860000	1406.774450	3.994000	155.229288	155.229288	155.229288	3.982619	-0.503330
-153.525604	19.659600	165.810000	60.860000	1394.158489	3.994000	154.961355	154.961355	154.961355	3.980443	-0.600150
-153.525604	20.159600	165.810000	60.860000	1381.559187	3.994000	154.789836	154.789836	154.789836	3.979363	-0.596655
-153.525604	20.659600	165.810000	60.860000	1368.977050	3.994000	154.614629	154.514629	154.614629	3.980457	-0.592718
-153.525604	21.159600	165.810000	60.860000	1356.412602	3.994000	154.335629	154.335629	154.335629	3.981110	-0.688478
-153.525604	21.659600	165.810000	60.860000	1343.866387	3.994000	154.152726	154.152726	154.152726	3.983503	-0.683943
-153.525604	22.159600	165.810000	60.860000	1331.338968	3.994000	153.865809	153.865809	153.865809	3.987308	-0.778976
-153.525604	22.659600	165.810000	60.860000	1318.830929	3.994000	153.674761	153.674761	153.674761	3.991884	-0.773724
-153.525604	23.159600	165.810000	60.860000	1306.342875	3.994000	153.479463	153.379463	153.479463	3.996929	-0.768197
-153.525604	23.659600	165.810000	60.860000	1293.875435	3.994000	153.179790	153.179790	153.179790	4.000968	-0.862246
-153.525604	24.159600	165.810000	60.860000	1281.429261	3.994000	152.975615	152.975615	152.975615	4.003765	-0.856029
-153.525604	24.659600	165.810000	60.860000	1269.005030	3.994000	152.766806	152.766806	152.766806	4.006515	-0.849556
-153.525604	25.159600	165.810000	60.860000	1256.918146	3.993000	152.453226	152.453226	152.453226	4.010330	-0.942667
-153.525604	25.659600	165.810000	60.860000	1244.536837	3.993000	152.234735	152.234735	152.234735	4.011990	-0.935531
-153.525604	26.159600	165.810000	60.860000	1232.488329	3.992000	151.911186	151.811186	151.911186	4.018606	-1.028157
-153.525604	26.659600	165.810000	60.860000	1220.152998	3.992000	151.682428	151.682428	151.682428	4.022357	-1.020373
-153.025604	14.659600	165.810000	60.860000	1526.660152	3.993000	156.649468	156.649468	156.749468	4.005770	-0.272046
-153.025604	15.159600	165.810000	60.860000	1513.929064	3.993000	156.508399	156.508399	156.508399	4.006241	-0.273544
-153.025604	15.659600	165.810000	60.860000	1501.210910	3.993000	156.364544	156.264544	156.364544	4.005590	-0.274654
-153.025604	16.159600	165.810000	60.860000	1488.506062	3.993000	156.117826	156.117826	156.117826	4.004317	-0.375287
-153.025604	16.659600	165.810000	60.860000	1475.814908	3.993000	155.968167	155.968167	155.968167	4.002304	-0.375551
-153.025604	17.159600	165.810000	60.860000	1463.137845	3.993000	155.815483	155.815483	155.815483	3.999426	-0.375449
-153.025604	17.659600	165.810000	60.860000	1450.475288	3.993000	155.659691	155.659691	155.659691	3.995667	-0.374883
-153.025604	18.159600	165.810000	60.860000	1437.827661	3.993000	155.500703	155.400703	155.500703	3.992695	-0.373967
-153.025604	18.659600	165.810000	60.860000	1425.195409	3.993000	155.238430	155.238430	155.338430	3.990710	-0.472706
-153.025604	19.159600	165.810000	60.860000	1412.578986	3.993000	155.072780	155.072780	155.072780	3.988362	-0.470994
-153.025604	19.659600	165.810000	60.860000	1399.628348	3.994000	154.903656	154.903656	154.903656	3.985629	-0.468952
-153.025604	20.159600	165.810000	60.860000	1387.048175	3.994000	154.730961	154.730961	154.730961	3.985146	-0.466585
-153.025604	20.659600	165.810000	60.860000	1374.485299	3.994000	154.454593	154.454593	154.454593	3.985448	-0.563778
-153.025604	21.159600	165.810000	60.860000	1361.940247	3.994000	154.274448	154.274448	154.274448	3.986342	-0.560661
-153.025604	21.659600	165.810000	60.860000	1349.413563	3.994000	154.090419	153.990419	154.090419	3.988626	-0.557238
-153.025604	22.159600	165.810000	60.860000	1336.905812	3.994000	153.802393	153.802393	153.802393	3.991392	-0.653384
-153.025604	22.659600	165.810000	60.860000	1324.417580	3.994000	153.610256	153.610256	153.610256	3.995921	-0.649241
-153.025604	23.159600	165.810000	60.860000	1311.949474	3.994000	153.413889	153.313889	153.413889	4.000949	-0.644812
-153.025604	23.659600	165.810000	60.860000	1299.502123	3.994000	153.113170	153.113170	153.113170	4.004550	-0.739960
-153.025604	24.159600	165.810000	60.860000	1287.076181	3.994000	152.907972	152.907972	152.907972	4.007564	-0.734837
-153.025604	24.659600	165.810000	60.860000	1274.991552	3.993000	152.698166	152.698166	152.698166	4.009684	-0.729448
-153.025604	25.159600	165.810000	60.860000	1262.607386	3.993000	152.483614	152.483614	152.483614	4.011459	-0.723643
-153.025604	25.659600	165.810000	60.860000	1250.246747	3.993000	152.264180	152.264180	152.264180	4.012343	-0.717587
-153.025604	26.159600	165.810000	60.860000	1238.220491	3.992000	151.839717	151.839717	151.839717	4.020191	-0.911285
-153.025604	26.659600	165.810000	60.860000	1225.906127	3.992000	151.710078	151.610078	151.710078	4.019519	-0.804572
-152.525604	14.659600	165.810000	60.860000	1531.987407	3.993000	156.606233	156.606233	156.706233	4.012047	-0.129820
-152.525604	15.159600	165.810000	60.860000	1519.274115	3.993000	156.463910	156.463910	156.463910	4.011152	-0.132500
-152.525604	15.659600	165.810000	60.860000	1506.573865	3.993000	156.318812	156.318812	156.318812	4.010619	-0.134791
-152.525604	16.159600	165.810000	60.860000	1493.887031	3.993000	156.070860	156.070860	156.070860	4.009825	-0.236600
-152.525604	16.659600	165.810000	60.860000	1481.214002	3.993000	155.919977	155.919977	155.919977	4.006794	-0.238028
-152.525604	17.159600	165.810000	60.860000	1468.555179	3.993000	155.766081	155.766081	155.766081	4.003697	-0.239090
-152.525604	17.659600	165.810000	60.860000	1455.910975	3.993000	155.609087	155.509087	155.609087	4.000682	-0.239682
-152.525604	18.159600	165.810000	60.860000	1443.281821	3.993000	155.348910	155.348910	155.448910	3.998837	-0.339914
-152.525604	18.659600	165.810000	60.860000	1430.668159	3.993000	155.185460	155.185460	155.185460	3.995669	-0.339800
-152.525604	19.159600	165.810000	60.860000	1418.070449	3.993000	155.018647	155.018647	155.018647	3.993316	-0.339229
-152.525604	19.659600	165.810000	60.860000	1405.489166	3.993000	154.748375	154.748375	154.848375	3.991371	-0.438319
-152.525604	20.159600	165.810000	60.860000	1392.576047	3.994000	154.674547	154.674547	154.674547	3.990254	-0.337083
-152.525604	20.659600	165.810000	60.860000	1380.032252	3.994000	154.397062	154.397062	154.397062	3.990571	-0.435401
-152.525604	21.159600	165.810000	60.860000	1367.506408	3.994000	154.215818	154.215818	154.215818	3.991234	-0.433399
-152.525604	21.659600	165.810000	60.860000	1354.999060	3.994000	153.930706	153.930706	153.930706	3.992857	-0.531092
-152.525604	22.159600	165.810000	60.860000	1342.510777	3.994000	153.741618	153.741618	153.741618	3.996139	-0.528348
-152.525604	22.659600	165.810000	60.860000	1330.042143	3.994000	153.548439	153.548439	153.548439	4.000277	-0.525306
-152.525604	23.159600	165.810000	60.860000	1317.593768	3.994000	153.251052	153.251052	153.351052	4.004219	-0.621977
-152.525604	23.659600	165.810000	60.860000	1305.166282	3.994000	153.049335	153.049335	153.049335	4.007869	-0.618220
-152.525604	24.159600	165.810000	60.860000	1293.084096	3.993000	152.843165	152.843165	152.843165	4.010722	-0.614184
-152.525604	24.659600	165.810000	60.860000	1280.697274	3.993000	152.632410	152.632410	152.632410	4.012491	-0.609882
-152.525604	25.159600	165.810000	60.860000	1268.333384	3.993000	152.416939	152.416939	152.416939	4.014027	-0.605158
-152.525604	25.659600	165.810000	60.860000	1256.307785	3.992000	152.096613	152.096613	152.096613	4.018070	-0.700175
-152.525604	26.159600	165.810000	60.860000	1243.988896	3.992000	151.871290	151.871290	151.871290	4.019875	-0.694945
-152.525604	26.659600	165.810000	60.860000	1231.695223	3.992000	151.640822	151.640822	151.640822	4.022197	-0.689298
-152.025604	14.659600	165.810000	60.860000	1537.354528	3.993000	156.665011	156.565011	156.665011	4.011831	0.111810
-152.025604	15.159600	165.810000	60.860000	1524.658907	3.993000	156.421471	156.421471	156.421471	4.015352	0.007945
-152.025604	15.659600	165.810000	60.860000	1511.976431	3.993000	156.275165	156.275165	156.275165	4.014468	0.004474
-152.025604	16.159600	165.810000	60.860000	1499.307476	3.993000	156.026017	156.026017	156.026017	4.015059	-0.098503
-152.025604	16.659600	165.810000	60.860000	1486.652433	3.993000	155.873948	155.873948	155.873948	4.012203	-0.101099
-152.025604	17.159600	165.810000	60.860000	1474.011703	3.993000	155.718877	155.718877	155.718877	4.009506	-0.103321
-152.025604	17.659600	165.810000	60.860000	1461.385704	3.993000	155.560721	155.460721	155.560721	4.006806	-0.105064
-152.025604	18.159600	165.810000	60.860000	1448.774866	3.993000	155.299394	155.299394	155.299394	4.004226	-0.206447
-152.025604	18.659600	165.810000	60.860000	1436.179634	3.993000	155.134808	155.134808	155.134808	4.002069	-0.207477
-152.025604	19.159600	165.810000	60.860000	1423.600468	3.993000	154.966873	154.866873	154.966873	3.999242	-0.208040
-152.025604	19.659600	165.810000	60.860000	1411.037846	3.993000	154.695495	154.695495	154.695495	3.997565	-0.308264
-152.025604	20.159600	165.810000	60.860000	1398.492260	3.993000	154.520576	154.520576	154.520576	3.996438	-0.308156
-152.025604	20.659600	165.810000	60.860000	1385.964222	3.993000	154.342018	154.342018	154.342018	3.996792	-0.307592
-152.025604	21.159600	165.810000	60.860000	1373.110381	3.994000	154.159718	154.159718	154.159718	3.997484	-0.306708
-152.025604	21.659600	165.810000	60.860000	1360.622170	3.994000	153.973569	153.973569	153.973569	3.999179	-0.305513
-152.025604	22.159600	165.810000	60.860000	1348.153146	3.994000	153.683464	153.683464	153.683464	4.001559	-0.403873
-152.025604	22.659600	165.810000	60.860000	1335.703896	3.994000	153.489289	153.489289	153.489289	4.005199	-0.401932
-152.025604	23.159600	165.810000	60.860000	1323.606429	3.993000	153.290929	153.190929	153.290929	4.009181	-0.399701
-152.025604	23.659600	165.810000	60.860000	1311.195471	3.993000	153.088263	152.988263	153.088263	4.012011	-0.397033
-152.025604	24.159600	165.810000	60.860000	1298.806188	3.993000	152.781167	152.781167	152.881167	4.013754	-0.494084
-152.025604	24.659600	165.810000	60.860000	1286.439261	3.993000	152.569515	152.569515	152.669515	4.015171	-0.490864
-152.025604	25.159600	165.810000	60.860000	1274.095392	3.993000	152.353173	152.353173	152.453173	4.016483	-0.487216
-152.025604	25.659600	165.810000	60.860000	1262.091391	3.992000	152.032007	152.032007	152.032007	4.019929	-0.583306
-152.025604	26.159600	165.810000	60.860000	1249.792784	3.992000	151.805874	151.805874	151.805874	4.021778	-0.579145
-152.025604	26.659600	165.810000	60.860000	1237.519521	3.992000	151.574631	151.574631	151.574631	4.024744	-0.574561
-151.525604	14.659600	165.810000	60.860000	1542.760888	3.993000	156.525791	156.525791	156.525791	4.017501	0.152764
-151.525604	15.159600	165.810000	60.860000	1530.082808	3.993000	156.381069	156.281069	156.381069	4.016740	0.147716
-151.525604	15.659600	165.810000	60.860000	1517.417970	3.993000	156.133592	156.133592	156.133592	4.018601	0.043071
-151.525604	16.159600	165.810000	60.860000	1504.766754	3.993000	155.883283	155.883283	155.883283	4.017250	-0.061077
-151.525604	16.659600	165.810000	60.860000	1492.129551	3.993000	155.730065	155.730065	155.730065	4.015655	-0.064837
-151.525604	17.159600	165.810000	60.860000	1479.506765	3.993000	155.573857	155.573857	155.573857	4.012836	-0.068216
-151.525604	17.659600	165.810000	60.860000	1466.898814	3.993000	155.414578	155.414578	155.414578	4.010785	-0.071113
-151.525604	18.159600	165.810000	60.860000	1454.306130	3.993000	155.152141	155.152141	155.152141	4.009315	-0.173643
-151.525604	18.659600	165.810000	60.860000	1441.729159	3.993000	154.986459	154.986459	154.986459	4.007497	-0.175813
-151.525604	19.159600	165.810000	60.860000	1429.168365	3.993000	154.817442	154.817442	154.817442	4.004789	-0.177513
-151.525604	19.659600	165.810000	60.860000	1416.624224	3.993000	154.544998	154.544998	154.644998	4.001835	-0.278867
-151.525604	20.159600	165.810000	60.860000	1404.097232	3.993000	154.369031	154.369031	154.369031	4.001039	-0.279882
-151.525604	20.659600	165.810000	60.860000	1391.587900	3.993000	154.189442	154.189442	154.189442	4.000928	-0.280439
-151.525604	21.159600	165.810000	60.860000	1379.096758	3.993000	154.006129	154.006129	154.006129	4.001658	-0.280670
-151.525604	21.659600	165.810000	60.860000	1366.624356	3.993000	153.718988	153.718988	153.818988	4.002531	-0.380583
-151.525604	22.159600	165.810000	60.860000	1354.171261	3.993000	153.527910	153.527910	153.527910	4.004398	-0.380048
-151.525604	22.659600	165.810000	60.860000	1341.738063	3.993000	153.332785	153.332785	153.332785	4.007823	-0.379207
-151.525604	23.159600	165.810000	60.860000	1329.325371	3.993000	153.133497	153.133497	153.133497	4.010492	-0.378069
-151.525604	23.659600	165.810000	60.860000	1316.933818	3.993000	152.929928	152.929928	152.929928	4.013700	-0.376490
-151.525604	24.159600	165.810000	60.860000	1304.564059	3.993000	152.721955	152.721955	152.721955	4.015103	-0.374627
-151.525604	24.659600	165.810000	60.860000	1292.216774	3.993000	152.509453	152.509453	152.509453	4.016879	-0.372486
-151.525604	25.159600	165.810000	60.860000	1279.892668	3.993000	152.292290	152.292290	152.292290	4.018037	-0.369913
-151.525604	25.659600	165.810000	60.860000	1267.910005	3.992000	151.870332	151.870332	151.870332	4.022454	-0.567074
-151.525604	26.159600	165.810000	60.860000	1255.631403	3.992000	151.643441	151.643441	151.743441	4.025479	-0.563978
-151.525604	26.659600	165.810000	60.860000	1243.378263	3.992000	151.511472	151.511472	151.511472	4.025773	-0.460456
-151.025604	14.659600	165.810000	60.860000	1548.205861	3.993000	156.488561	156.388561	156.488561	4.018862	0.293100
-151.025604	15.159600	165.810000	60.860000	1535.545186	3.993000	156.242692	156.142692	156.242692	4.021698	0.186874
-151.025604	15.659600	165.810000	60.860000	1522.897847	3.993000	155.994079	155.994079	155.994079	4.021357	0.081055
-151.025604	16.159600	165.810000	60.860000	1509.886092	3.994000	155.842646	155.842646	155.842646	4.020601	0.075739
-151.025604	16.659600	165.810000	60.860000	1497.269738	3.994000	155.688316	155.688316	155.688316	4.018595	0.070818
-151.025604	17.159600	165.810000	60.860000	1485.039712	3.993000	155.431009	155.431009	155.431009	4.017022	-0.033718
-151.025604	17.659600	165.810000	60.860000	1472.449648	3.993000	155.170643	155.170643	155.270643	4.013586	-0.137765
-151.025604	18.159600	165.810000	60.860000	1459.874951	3.993000	155.007134	155.007134	155.007134	4.012353	-0.141437
-151.025604	18.659600	165.810000	60.860000	1447.316069	3.993000	154.840395	154.840395	154.840395	4.010513	-0.144747
-151.025604	19.159600	165.810000	60.860000	1434.773467	3.993000	154.670337	154.670337	154.670337	4.008792	-0.147581
-151.025604	19.659600	165.810000	60.860000	1422.247623	3.993000	154.496868	154.496868	154.496868	4.006612	-0.150061
-151.025604	20.159600	165.810000	60.860000	1409.739033	3.993000	154.219893	154.219893	154.219893	4.003952	-0.252199
-151.025604	20.659600	165.810000	60.860000	1397.248210	3.993000	154.039315	154.039315	154.039315	4.004055	-0.253873
-151.025604	21.159600	165.810000	60.860000	1384.775685	3.993000	153.855032	153.855032	153.855032	4.004768	-0.255215
-151.025604	21.659600	165.810000	60.860000	1372.322007	3.993000	153.566941	153.566941	153.666941	4.005231	-0.356235
-151.025604	22.159600	165.810000	60.860000	1359.887746	3.993000	153.374934	153.374934	153.374934	4.007431	-0.356801
-151.025604	22.659600	165.810000	60.860000	1347.473492	3.993000	153.178903	153.178903	153.178903	4.009418	-0.357056
-151.025604	23.159600	165.810000	60.860000	1335.079854	3.993000	152.978733	152.978733	152.978733	4.012145	-0.357009
-151.025604	23.659600	165.810000	60.860000	1322.707465	3.993000	152.774307	152.774307	152.874307	4.014440	-0.356518
-151.025604	24.159600	165.810000	60.860000	1310.356982	3.993000	152.565503	152.565503	152.565503	4.016642	-0.355735
-151.025604	24.659600	165.810000	60.860000	1298.029084	3.993000	152.352197	152.352197	152.352197	4.018431	-0.354672
-151.025604	25.159600	165.810000	60.860000	1285.724475	3.993000	152.234261	152.234261	152.234261	4.020047	-0.253170
-151.025604	25.659600	165.810000	60.860000	1273.443887	3.993000	152.011561	152.011561	152.011561	4.020471	-0.251399
-151.025604	26.159600	165.810000	60.860000	1261.504007	3.992000	151.583960	151.583960	151.583960	4.024843	-0.449366
-151.025604	26.659600	165.810000	60.860000	1249.270699	3.992000	151.451316	151.351316	151.451316	4.025496	-0.346902
-150.525604	14.659600	165.810000	60.860000	1553.299821	3.994000	156.153309	156.153309	156.153309	4.024747	0.132812
-150.525604	15.159600	165.810000	60.860000	1540.659576	3.994000	156.006328	156.006328	156.006328	4.024451	0.125408
-150.525604	15.659600	165.810000	60.860000	1528.032752	3.994000	155.856614	155.856614	155.856614	4.023869	0.118416
-150.525604	16.159600	165.810000	60.860000	1515.419731	3.994000	155.704092	155.704092	155.704092	4.022784	0.111937
-150.525604	16.659600	165.810000	60.860000	1502.820906	3.994000	155.548686	155.548686	155.548686	4.022011	0.105856
-150.525604	17.159600	165.810000	60.860000	1490.236684	3.994000	155.390316	155.390316	155.390316	4.021115	0.100166
-150.525604	17.659600	165.810000	60.860000	1477.667488	3.994000	155.228901	155.228901	155.228901	4.019536	0.094973
-150.525604	18.159600	165.810000	60.860000	1465.113749	3.994000	155.064358	155.064358	155.064358	4.018000	0.090158
-150.525604	18.659600	165.810000	60.860000	1452.575919	3.994000	154.896601	154.896601	154.896601	4.016571	0.085712
-150.525604	19.159600	165.810000	60.860000	1440.054461	3.994000	154.625541	154.625541	154.625541	4.013335	-0.018251
-150.525604	19.659600	165.810000	60.860000	1427.549855	3.994000	154.451086	154.451086	154.451086	4.011551	-0.021857
-150.525604	20.159600	165.810000	60.860000	1415.062599	3.994000	154.273144	154.273144	154.273144	4.009778	-0.025115
-150.525604	20.659600	165.810000	60.860000	1402.593205	3.994000	154.091617	154.091617	154.091617	4.009507	-0.027902
-150.525604	21.159600	165.810000	60.860000	1390.142205	3.994000	153.906405	153.906405	153.906405	4.010250	-0.030353
-150.525604	21.659600	165.810000	60.860000	1377.710150	3.994000	153.617406	153.617406	153.617406	4.010167	-0.132477
-150.525604	22.159600	165.810000	60.860000	1365.297608	3.994000	153.424515	153.424515	153.424515	4.011789	-0.134141
-150.525604	22.659600	165.810000	60.860000	1352.905171	3.994000	153.227621	153.227621	153.227621	4.013678	-0.135490
-150.525604	23.159600	165.810000	60.860000	1340.533448	3.994000	153.026613	153.026613	153.026613	4.015936	-0.136531
-150.525604	23.659600	165.810000	60.860000	1328.183072	3.994000	152.821374	152.821374	152.821374	4.018293	-0.137123
-150.525604	24.159600	165.810000	60.860000	1316.184240	3.993000	152.411785	152.411785	152.511785	4.017095	-0.337420
-150.525604	24.659600	165.810000	60.860000	1303.875467	3.993000	152.297722	152.297722	152.297722	4.019943	-0.237429
-150.525604	25.159600	165.810000	60.860000	1291.590087	3.993000	152.079059	152.079059	152.079059	4.021218	-0.236998
-150.525604	25.659600	165.810000	60.860000	1279.328829	3.993000	151.855664	151.855664	151.855664	4.022134	-0.236291
-150.525604	26.159600	165.810000	60.860000	1267.092451	3.993000	151.727401	151.727401	151.727401	4.021440	-0.135317
-150.525604	26.659600	165.810000	60.860000	1254.881739	3.993000	151.594131	151.594131	151.594131	4.020452	-0.033909
-150.025604	14.659600	165.810000	60.860000	1558.818778	3.994000	156.020022	156.020022	156.020022	4.025987	0.171826
-150.025604	15.159600	165.810000	60.860000	1546.195647	3.994000	155.871962	155.871962	155.871962	4.025873	0.163246
-150.025604	15.659600	165.810000	60.860000	1533.586020	3.994000	155.721182	155.721182	155.721182	4.025330	0.155085
-150.025604	16.159600	165.810000	60.860000	1520.990281	3.994000	155.567606	155.567606	155.567606	4.024799	0.147442
-150.025604	16.659600	165.810000	60.860000	1508.408824	3.994000	155.411159	155.411159	155.411159	4.023980	0.140204
-150.025604	17.159600	165.810000	60.860000	1495.842058	3.994000	155.251763	155.251763	155.251763	4.023031	0.133363
-150.025604	17.659600	165.810000	60.860000	1483.290405	3.994000	155.089336	155.089336	155.089336	4.022845	0.127024
-150.025604	18.159600	165.810000	60.860000	1470.754300	3.994000	154.923797	154.923797	154.923797	4.021947	0.121069
-150.025604	18.659600	165.810000	60.860000	1458.234193	3.994000	154.755059	154.755059	154.755059	4.020406	0.115489
-150.025604	19.159600	165.810000	60.860000	1445.730550	3.994000	154.483035	154.483035	154.583035	4.016892	0.010397
-150.025604	19.659600	165.810000	60.860000	1433.243852	3.994000	154.307634	154.307634	154.307634	4.015188	0.005668
-150.025604	20.159600	165.810000	60.860000	1420.774596	3.994000	154.128764	154.128764	154.128764	4.012566	0.001292
-150.025604	20.659600	165.810000	60.860000	1408.323296	3.994000	153.946328	153.946328	153.946328	4.012250	-0.002607
-150.025604	21.159600	165.810000	60.860000	1395.890485	3.994000	153.760229	153.760229	153.760229	4.013212	-0.006165
-150.025604	21.659600	165.810000	60.860000	1383.476713	3.994000	153.470364	153.470364	153.570364	4.012148	-0.109391
-150.025604	22.159600	165.810000	60.860000	1371.082550	3.994000	153.276628	153.276628	153.276628	4.014021	-0.112151
-150.025604	22.659600	165.810000	60.860000	1358.708587	3.994000	153.078915	153.078915	153.078915	4.014936	-0.114591
-150.025604	23.159600	165.810000	60.860000	1346.355434	3.994000	152.977111	152.877111	152.977111	4.019106	-0.016720
-150.025604	23.659600	165.810000	60.860000	1334.023723	3.994000	152.771104	152.771104	152.771104	4.021378	-0.018393
-150.025604	24.159600	165.810000	60.860000	1321.714111	3.994000	152.560774	152.560774	152.560774	4.022090	-0.019765
-150.025604	24.659600	165.810000	60.860000	1309.427276	3.994000	152.346000	152.346000	152.346000	4.022766	-0.020847
-150.025604	25.159600	165.810000	60.860000	1297.488781	3.993000	151.926655	151.926655	151.926655	4.023205	-0.221482
-150.025604	25.659600	165.810000	60.860000	1285.246571	3.993000	151.702611	151.702611	151.702611	4.024570	-0.221836
-150.025604	26.159600	165.810000	60.860000	1273.029335	3.993000	151.573734	151.573734	151.573734	4.024619	-0.121922
-150.025604	26.659600	165.810000	60.860000	1260.837855	3.993000	151.439884	151.439884	151.439884	4.023463	-0.021566
-149.525604	14.659600	165.810000	60.860000	1563.982900	3.995000	156.088687	156.088687	156.088687	4.028647	0.410197
-149.525604	15.159600	165.810000	60.860000	1551.379887	3.995000	155.939582	155.939582	155.939582	4.030014	0.400444
-149.525604	15.659600	165.810000	60.860000	1538.790454	3.995000	155.787769	155.787769	155.787769	4.030392	0.391116
-149.525604	16.159600	165.810000	60.860000	1526.214985	3.995000	155.633174	155.633174	155.633174	4.030370	0.382311
-149.525604	16.659600	165.810000	60.860000	1513.653876	3.995000	155.475722	155.475722	155.475722	4.029359	0.373918
-149.525604	17.159600	165.810000	60.860000	1501.107535	3.995000	155.315335	155.315335	155.415335	4.028778	0.365928
-149.525604	17.659600	165.810000	60.860000	1488.949090	3.994000	154.851932	154.851932	154.851932	4.023107	0.058446
-149.525604	18.159600	165.810000	60.860000	1476.430436	3.994000	154.685432	154.685432	154.685432	4.022703	0.051354
-149.525604	18.659600	165.810000	60.860000	1463.927865	3.994000	154.515751	154.515751	154.515751	4.022163	0.044642
-149.525604	19.159600	165.810000	60.860000	1451.441844	3.994000	154.342800	154.342800	154.342800	4.019474	0.038425
-149.525604	19.659600	165.810000	60.860000	1438.972853	3.994000	154.166492	154.166492	154.166492	4.017630	0.032576
-149.525604	20.159600	165.810000	60.860000	1426.521391	3.994000	153.986733	153.986733	153.986733	4.015642	0.027085
-149.525604	20.659600	165.810000	60.860000	1414.087973	3.994000	153.803429	153.803429	153.803429	4.014681	0.022077
-149.525604	21.159600	165.810000	60.860000	1401.673132	3.994000	153.616481	153.616481	153.616481	4.015582	0.017414
-149.525604	21.659600	165.810000	60.860000	1389.277418	3.994000	153.325791	153.325791	153.325791	4.014259	-0.086910
-149.525604	22.159600	165.810000	60.860000	1376.901402	3.994000	153.131253	153.131253	153.131253	4.015782	-0.090764
-149.525604	22.659600	165.810000	60.860000	1364.545673	3.994000	152.932761	152.932761	152.932761	4.017004	-0.094292
-149.525604	23.159600	165.810000	60.860000	1352.210843	3.994000	152.730205	152.730205	152.830205	4.018379	-0.097504
-149.525604	23.659600	165.810000	60.860000	1339.897544	3.994000	152.623472	152.623472	152.623472	4.022513	-0.000254
-149.525604	24.159600	165.810000	60.860000	1327.606430	3.994000	152.412445	152.412445	152.412445	4.023994	-0.002702
-149.525604	24.659600	165.810000	60.860000	1315.338181	3.994000	152.197003	152.197003	152.197003	4.024746	-0.004852
-149.525604	25.159600	165.810000	60.860000	1303.093499	3.994000	152.077022	152.077022	152.077022	4.025724	0.093451
-149.525604	25.659600	165.810000	60.860000	1290.873112	3.994000	151.852374	151.852374	151.852374	4.025419	0.092035
-149.525604	26.159600	165.810000	60.860000	1278.677776	3.994000	151.722927	151.722927	151.722927	4.023519	0.190897
-149.525604	26.659600	165.810000	60.860000	1266.825454	3.993000	151.188545	151.188545	151.188545	4.027732	-0.109796
-149.025604	14.659600	165.810000	60.860000	1569.573340	3.995000	155.859290	155.859290	155.859290	4.029652	0.347916
-149.025604	15.159600	165.810000	60.860000	1556.987131	3.995000	155.709173	155.709173	155.709173	4.030760	0.336991
-149.025604	15.659600	165.810000	60.860000	1544.414575	3.995000	155.556361	155.556361	155.556361	4.030852	0.326499
-149.025604	16.159600	165.810000	60.860000	1531.856057	3.995000	155.400781	155.400781	155.400781	4.030311	0.316536
-149.025604	16.659600	165.810000	60.860000	1519.311975	3.995000	155.242358	155.242358	155.242358	4.030006	0.306991
-149.025604	17.159600	165.810000	60.860000	1506.782739	3.995000	155.081014	155.081014	155.081014	4.029389	0.297854
-149.025604	17.659600	165.810000	60.860000	1494.268772	3.995000	154.916671	154.916671	154.916671	4.028949	0.289232
-149.025604	18.159600	165.810000	60.860000	1481.770512	3.995000	154.749247	154.749247	154.749247	4.028661	0.281005
-149.025604	18.659600	165.810000	60.860000	1469.288410	3.995000	154.678659	154.678659	154.678659	4.030400	0.373165
-149.025604	19.159600	165.810000	60.860000	1456.822932	3.995000	154.504819	154.504819	154.504819	4.028779	0.365824
-149.025604	19.659600	165.810000	60.860000	1444.374562	3.995000	154.327641	154.327641	154.327641	4.026806	0.358857
-149.025604	20.159600	165.810000	60.860000	1431.943796	3.995000	154.147031	154.147031	154.147031	4.025312	0.352255
-149.025604	20.659600	165.810000	60.860000	1419.531152	3.995000	153.962897	153.962897	153.962897	4.024239	0.346140
-149.025604	21.159600	165.810000	60.860000	1407.137160	3.995000	153.775141	153.775141	153.775141	4.024165	0.340377
-149.025604	21.659600	165.810000	60.860000	1394.762373	3.995000	153.583664	153.583664	153.583664	4.025458	0.334957
-149.025604	22.159600	165.810000	60.860000	1382.407359	3.995000	153.388364	153.388364	153.388364	4.026997	0.330012
-149.025604	22.659600	165.810000	60.860000	1370.072710	3.995000	153.189135	153.189135	153.189135	4.028182	0.325398
-149.025604	23.159600	165.810000	60.860000	1357.759035	3.995000	152.985868	152.985868	152.985868	4.028715	0.321107
-149.025604	23.659600	165.810000	60.860000	1345.803839	3.994000	152.378452	152.378452	152.478452	4.020855	-0.082721
-149.025604	24.159600	165.810000	60.860000	1333.530958	3.994000	152.266769	152.266769	152.266769	4.024928	0.013763
-149.025604	24.659600	165.810000	60.860000	1321.281021	3.994000	152.050703	152.050703	152.050703	4.026091	0.010549
-149.025604	25.159600	165.810000	60.860000	1309.054730	3.994000	151.830129	151.830129	151.830129	4.026999	0.007788
-149.025604	25.659600	165.810000	60.860000	1296.852810	3.994000	151.704922	151.704922	151.704922	4.028649	0.105318
-149.025604	26.159600	165.810000	60.860000	1284.676017	3.994000	151.474950	151.474950	151.474950	4.027917	0.103130
-149.025604	26.659600	165.810000	60.860000	1272.525130	3.994000	151.340081	151.340081	151.340081	4.025632	0.201387
-162.025604	19.986300	165.810000	60.860000	1297.098740	4.001000	158.566202	158.566202	158.566202	4.009749	-0.564556
-161.367599	17.746901	165.810000	60.860000	1360.834163	4.002000	158.246481	158.246481	158.246481	4.021973	-1.285231
-161.314896	21.956301	165.810000	60.860000	1253.125904	4.001000	157.705105	157.705105	157.705105	3.993428	-0.384615
-161.095001	23.997200	165.810000	60.860000	1202.763694	4.002000	156.622630	156.622630	156.622630	3.994606	-0.561572
-160.047501	19.823400	165.810000	60.860000	1320.512376	4.000000	157.481782	157.481782	157.481782	3.994304	-0.767463
-159.664993	22.122999	165.810000	60.860000	1265.412114	4.000000	156.726224	156.726224	156.726224	3.986640	-0.520598
-159.401001	21.971001	165.810000	60.860000	1271.936795	4.000000	156.693041	156.693041	156.693041	3.986293	-0.489874
-158.982498	15.574000	165.810000	60.860000	1440.285789	4.000000	157.569296	157.569296	157.569296	4.013528	-1.513844
-158.933105	24.573799	165.810000	60.860000	1210.335491	4.001000	155.158312	155.158312	155.158312	3.998824	-0.761657
-158.903000	21.298401	165.810000	60.860000	1294.102352	4.000000	156.662847	156.662847	156.662847	3.983073	-0.544206
-158.760193	18.564699	165.810000	60.860000	1366.144598	3.998000	157.197632	157.197632	157.197632	3.989542	-0.886957
-158.185394	22.620199	165.810000	60.860000	1267.818315	4.000000	155.690706	155.690706	155.690706	3.984230	-0.694185
-158.179504	20.377800	165.810000	60.860000	1325.228472	3.999000	156.498695	156.498695	156.498695	3.976731	-0.717887
-157.931000	21.646000	165.810000	60.860000	1295.484654	3.999000	156.029520	156.029520	156.029520	3.978960	-0.616878
-157.859100	14.659600	165.810000	60.860000	1475.127845	3.999000	157.306657	157.306657	157.306657	4.012126	-1.543886
-157.700806	16.348400	165.810000	60.860000	1433.925448	3.997000	157.148083	157.148083	157.148083	3.996969	-1.158953
-157.627594	20.346100	165.810000	60.860000	1331.996047	3.998000	156.271791	156.271791	156.271791	3.973657	-0.715662
-157.270004	21.108999	165.810000	60.860000	1316.281263	3.998000	155.848402	155.848402	155.848402	3.973607	-0.710531
-157.227295	18.984800	165.810000	60.860000	1371.142301	3.997000	156.513888	156.513888	156.513888	3.975232	-0.768397
-156.964600	24.312099	165.810000	60.860000	1238.272749	3.999000	154.067377	154.067377	154.067377	3.997498	-1.091943
-156.932007	19.832701	165.810000	60.860000	1352.561221	3.997000	156.136006	156.136006	156.136006	3.971058	-0.733714
-156.808197	18.404200	165.810000	60.860000	1390.598224	3.996000	156.427490	156.427490	156.527490	3.978043	-0.868411
-156.755997	21.136000	165.810000	60.860000	1320.952438	3.998000	155.536807	155.536807	155.536807	3.971999	-0.793543
-156.658005	20.891001	165.810000	60.860000	1328.189002	3.998000	155.656390	155.656390	155.656390	3.970654	-0.722294
-156.510101	19.477699	165.810000	60.860000	1365.964104	3.997000	156.036368	156.036368	156.036368	3.971434	-0.778146
-156.465103	18.775000	165.810000	60.860000	1384.668235	3.996000	156.247409	156.247409	156.247409	3.974411	-0.784118
-156.387695	17.614901	165.810000	60.860000	1415.068773	3.996000	156.443358	156.443358	156.443358	3.983522	-0.928980
-156.206604	16.162001	165.810000	60.860000	1454.449280	3.995000	156.746945	156.746945	156.746945	3.990812	-0.990963
-156.167007	18.301001	165.810000	60.860000	1399.832878	3.996000	156.249043	156.249043	156.249043	3.976418	-0.814090
-155.996994	20.771000	165.810000	60.860000	1338.515317	3.997000	155.359728	155.359728	155.359728	3.970263	-0.787350
-155.772995	19.079000	165.810000	60.860000	1384.132974	3.996000	155.902309	155.902309	155.902309	3.972133	-0.743210
-155.765305	26.776699	165.810000	60.860000	1191.339522	3.994000	152.108272	152.108272	152.108272	4.017109	-1.426679
-155.714996	18.000299	165.810000	60.860000	1412.539343	3.995000	156.188960	156.188960	156.188960	3.979075	-0.786155
-155.710999	20.046000	165.810000	60.860000	1360.241260	3.996000	155.522584	155.522584	155.522584	3.970029	-0.765848
-155.679398	21.205500	165.810000	60.860000	1330.899153	3.997000	155.057237	155.057237	155.057237	3.972234	-0.800304
-155.636200	22.299900	165.810000	60.860000	1303.761874	3.997000	154.593862	154.493862	154.593862	3.979308	-0.830193
-154.994400	21.507000	165.810000	60.860000	1330.978047	3.996000	154.705423	154.705423	154.705423	3.975353	-0.762663
-154.983002	19.601000	165.810000	60.860000	1379.583237	3.995000	155.432028	155.432028	155.432028	3.971916	-0.717648
-154.797394	18.803101	165.810000	60.860000	1402.131030	3.994000	155.642201	155.642201	155.642201	3.975899	-0.703723
-154.691299	17.180099	165.810000	60.860000	1444.498100	3.994000	156.151543	156.151543	156.151543	3.987207	-0.672236
-154.617798	20.088900	165.810000	60.860000	1371.150954	3.995000	155.157508	155.157508	155.157508	3.972617	-0.677360
-154.495895	18.401699	165.810000	60.860000	1415.521152	3.994000	155.711852	155.711852	155.711852	3.979618	-0.647520
-154.482803	21.001900	165.810000	60.860000	1349.575406	3.995000	154.704817	154.704817	154.704817	3.974202	-0.748177
-154.393997	19.262501	165.810000	60.860000	1394.798153	3.994000	155.347110	155.347110	155.347110	3.975621	-0.685818
-154.251801	21.168699	165.810000	60.860000	1347.887855	3.995000	154.550182	154.550182	154.550182	3.975821	-0.750721
-154.030502	17.988400	165.810000	60.860000	1430.969599	3.994000	155.704829	155.704829	155.704829	3.985473	-0.607199
-153.992294	18.797600	165.810000	60.860000	1410.879667	3.994000	155.441839	155.441839	155.441839	3.980561	-0.591194
-153.982697	21.519699	165.810000	60.860000	1342.007011	3.995000	154.348326	154.248326	154.348326	3.979176	-0.716814
-153.967499	14.731300	165.810000	60.860000	1514.903966	3.993000	156.844268	156.844268	156.844268	3.993734	-0.413987
-153.902405	19.979099	165.810000	60.860000	1382.000467	3.994000	154.910752	154.910752	154.910752	3.977188	-0.683803
-153.868195	17.315399	165.810000	60.860000	1450.142237	3.993000	155.867634	155.867634	155.867634	3.991447	-0.594428
-153.700806	17.297501	165.810000	60.860000	1452.384915	3.993000	155.891145	155.891145	155.891145	3.992461	-0.512358
-153.503204	19.495199	165.810000	60.860000	1398.548751	3.994000	155.024823	155.024823	155.024823	3.982259	-0.584861
-153.295898	18.800900	165.810000	60.860000	1418.683371	3.993000	155.263787	155.263787	155.263787	3.987312	-0.502153
-153.292099	20.892599	165.810000	60.860000	1365.691579	3.994000	154.422986	154.422986	154.422986	3.982652	-0.610887
-153.290604	17.906200	165.810000	60.860000	1441.365876	3.993000	155.625416	155.625416	155.625416	3.991949	-0.430435
-152.981201	18.301800	165.810000	60.860000	1434.716707	3.993000	155.377326	155.377326	155.377326	3.992439	-0.434580
-152.765793	25.592800	165.810000	60.860000	1254.876768	3.993000	152.211915	152.211915	152.311915	4.015054	-0.703696
-152.132401	18.481400	165.810000	60.860000	1439.487720	3.993000	155.246823	155.246823	155.246823	4.001779	-0.193019
-151.686600	14.689100	165.810000	60.860000	1540.267139	3.993000	156.584857	156.584857	156.584857	4.015570	0.162252
-151.637604	16.737801	165.810000	60.860000	1488.923532	3.993000	155.711876	155.711876	155.711876	4.014584	-0.099474
-150.914993	18.914200	165.810000	60.860000	1442.170277	3.993000	154.682693	154.682693	154.682693	4.010202	-0.178972
-149.000900	16.989000	165.810000	60.860000	1511.337037	3.995000	155.144188	155.144188	155.144188	4.029491	0.316853
