-162.0256040	14.6596000	165.8100000	60.8600000	1429.2326179	4.0183750
-162.0256040	15.1596000	165.8100000	60.8600000	1416.2495618	4.0183750
-162.0256040	15.6596000	165.8100000	60.8600000	1403.6259506	4.0173750
-162.0256040	16.1596000	165.8100000	60.8600000	1390.6602649	4.0173750
-162.0256040	16.6596000	165.8100000	60.8600000	1378.0483813	4.0163750
-162.0256040	17.1596000	165.8100000	60.8600000	1365.1013683	4.0163750
-162.0256040	17.6596000	165.8100000	60.8600000	1352.5025693	4.0153750
-162.0256040	18.1596000	165.8100000	60.8600000	1339.5756341	4.0153750
-162.0256040	18.6596000	165.8100000	60.8600000	1326.7641660	4.0150625
-162.0256040	19.1596000	165.8100000	60.8600000	1314.0860459	4.0143750
-162.0256040	19.6596000	165.8100000	60.8600000	1301.1937175	4.0143750
-162.0256040	20.1596000	165.8100000	60.8600000	1288.3148240	4.0143750
-162.0256040	20.6596000	165.8100000	60.8600000	1275.4498064	4.0143750
-162.0256040	21.1596000	165.8100000	60.8600000	1262.5991236	4.0143750
-162.0256040	21.6596000	165.8100000	60.8600000	1249.7632534	4.0143750
-162.0256040	22.1596000	165.8100000	60.8600000	1236.7308929	4.0150625
-162.0256040	22.6596000	165.8100000	60.8600000	1223.8330994	4.0153750
-162.0256040	23.1596000	165.8100000	60.8600000	1211.0479216	4.0153750
-162.0256040	23.6596000	165.8100000	60.8600000	1197.9813230	4.0163750
-162.0256040	24.1596000	165.8100000	60.8600000	1185.2337621	4.0163750
-162.0256040	24.6596000	165.8100000	60.8600000	1172.3036567	4.0170625
-162.0256040	25.1596000	165.8100000	60.8600000	1159.5049515	4.0173750
-162.0256040	25.6596000	165.8100000	60.8600000	1146.6206385	4.0180625
-162.0256040	26.1596000	165.8100000	60.8600000	1133.8666465	4.0183750
-162.0256040	26.6596000	165.8100000	60.8600000	1121.2226654	4.0183750
-161.5256040	14.6596000	165.8100000	60.8600000	1434.0610539	4.0173750
-161.5256040	15.1596000	165.8100000	60.8600000	1421.0935772	4.0173750
-161.5256040	15.6596000	165.8100000	60.8600000	1408.4870308	4.0163750
-161.5256040	16.1596000	165.8100000	60.8600000	1395.5373094	4.0163750
-161.5256040	16.6596000	165.8100000	60.8600000	1382.9428921	4.0153750
-161.5256040	17.1596000	165.8100000	60.8600000	1370.0122474	4.0153750
-161.5256040	17.6596000	165.8100000	60.8600000	1357.4313360	4.0143750
-161.5256040	18.1596000	165.8100000	60.8600000	1344.5211932	4.0143750
-161.5256040	18.6596000	165.8100000	60.8600000	1331.6234774	4.0143750
-161.5256040	19.1596000	165.8100000	60.8600000	1318.7385856	4.0143750
-161.5256040	19.6596000	165.8100000	60.8600000	1305.8669303	4.0143750
-161.5256040	20.1596000	165.8100000	60.8600000	1293.1096045	4.0140625
-161.5256040	20.6596000	165.8100000	60.8600000	1280.1650629	4.0143750
-161.5256040	21.1596000	165.8100000	60.8600000	1267.3357616	4.0143750
-161.5256040	21.6596000	165.8100000	60.8600000	1254.5215203	4.0143750
-161.5256040	22.1596000	165.8100000	60.8600000	1241.5102230	4.0150625
-161.5256040	22.6596000	165.8100000	60.8600000	1228.6341926	4.0153750
-161.5256040	23.1596000	165.8100000	60.8600000	1215.8714144	4.0153750
-161.5256040	23.6596000	165.8100000	60.8600000	1202.8262793	4.0163750
-161.5256040	24.1596000	165.8100000	60.8600000	1190.1016594	4.0163750
-161.5256040	24.6596000	165.8100000	60.8600000	1177.1023686	4.0173750
-161.5256040	25.1596000	165.8100000	60.8600000	1164.4183612	4.0173750
-161.5256040	25.6596000	165.8100000	60.8600000	1151.5570048	4.0180625
-161.5256040	26.1596000	165.8100000	60.8600000	1138.8267255	4.0183750
-161.5256040	26.6596000	165.8100000	60.8600000	1126.2071484	4.0183750
-161.0256040	14.6596000	165.8100000	60.8600000	1438.9430799	4.0163750
-161.0256040	15.1596000	165.8100000	60.8600000	1425.9911908	4.0163750
-161.0256040	15.6596000	165.8100000	60.8600000	1413.4017278	4.0153750
-161.0256040	16.1596000	165.8100000	60.8600000	1400.4679716	4.0153750
-161.0256040	16.6596000	165.8100000	60.8600000	1387.8910316	4.0143750
-161.0256040	17.1596000	165.8100000	60.8600000	1374.9767482	4.0143750
-161.0256040	17.6596000	165.8100000	60.8600000	1362.0743433	4.0143750
-161.0256040	18.1596000	165.8100000	60.8600000	1349.2892263	4.0140625
-161.0256040	18.6596000	165.8100000	60.8600000	1336.6396354	4.0133750
-161.0256040	19.1596000	165.8100000	60.8600000	1323.7719522	4.0133750
-161.0256040	19.6596000	165.8100000	60.8600000	1310.9177292	4.0133750
-161.0256040	20.1596000	165.8100000	60.8600000	1298.0774007	4.0133750
-161.0256040	20.6596000	165.8100000	60.8600000	1285.0312912	4.0140625
-161.0256040	21.1596000	165.8100000	60.8600000	1272.1232812	4.0143750
-161.0256040	21.6596000	165.8100000	60.8600000	1259.3306074	4.0143750
-161.0256040	22.1596000	165.8100000	60.8600000	1246.3402972	4.0150625
-161.0256040	22.6596000	165.8100000	60.8600000	1233.4859518	4.0153750
-161.0256040	23.1596000	165.8100000	60.8600000	1220.5365173	4.0160625
-161.0256040	23.6596000	165.8100000	60.8600000	1207.7217202	4.0163750
-161.0256040	24.1596000	165.8100000	60.8600000	1194.8154255	4.0170625
-161.0256040	24.6596000	165.8100000	60.8600000	1182.0425453	4.0173750
-161.0256040	25.1596000	165.8100000	60.8600000	1169.3819332	4.0173750
-161.0256040	25.6596000	165.8100000	60.8600000	1156.5434050	4.0180625
-161.0256040	26.1596000	165.8100000	60.8600000	1143.9256677	4.0180625
-161.0256040	26.6596000	165.8100000	60.8600000	1131.3293772	4.0180625
-160.5256040	14.6596000	165.8100000	60.8600000	1443.8780857	4.0153750
-160.5256040	15.1596000	165.8100000	60.8600000	1430.9417842	4.0153750
-160.5256040	15.6596000	165.8100000	60.8600000	1418.3694150	4.0143750
-160.5256040	16.1596000	165.8100000	60.8600000	1405.4516164	4.0143750
-160.5256040	16.6596000	165.8100000	60.8600000	1392.5451798	4.0143750
-160.5256040	17.1596000	165.8100000	60.8600000	1379.9942181	4.0133750
-160.5256040	17.6596000	165.8100000	60.8600000	1367.1083580	4.0133750
-160.5256040	18.1596000	165.8100000	60.8600000	1354.2349525	4.0133750
-160.5256040	18.6596000	165.8100000	60.8600000	1341.3743930	4.0133750
-160.5256040	19.1596000	165.8100000	60.8600000	1328.5270863	4.0133750
-160.5256040	19.6596000	165.8100000	60.8600000	1315.6934549	4.0133750
-160.5256040	20.1596000	165.8100000	60.8600000	1302.8739381	4.0133750
-160.5256040	20.6596000	165.8100000	60.8600000	1289.8480401	4.0140625
-160.5256040	21.1596000	165.8100000	60.8600000	1276.9609166	4.0143750
-160.5256040	21.6596000	165.8100000	60.8600000	1264.1897393	4.0143750
-160.5256040	22.1596000	165.8100000	60.8600000	1251.2203303	4.0150625
-160.5256040	22.6596000	165.8100000	60.8600000	1238.3875820	4.0153750
-160.5256040	23.1596000	165.8100000	60.8600000	1225.4595324	4.0160625
-160.5256040	23.6596000	165.8100000	60.8600000	1212.6668305	4.0163750
-160.5256040	24.1596000	165.8100000	60.8600000	1199.7824255	4.0170625
-160.5256040	24.6596000	165.8100000	60.8600000	1187.0321599	4.0173750
-160.5256040	25.1596000	165.8100000	60.8600000	1174.3948211	4.0173750
-160.5256040	25.6596000	165.8100000	60.8600000	1161.7777641	4.0173750
-160.5256040	26.1596000	165.8100000	60.8600000	1148.9850757	4.0180625
-160.5256040	26.6596000	165.8100000	60.8600000	1136.4129046	4.0180625
-160.0256040	14.6596000	165.8100000	60.8600000	1448.8654605	4.0143750
-160.0256040	15.1596000	165.8100000	60.8600000	1435.9447387	4.0143750
-160.0256040	15.6596000	165.8100000	60.8600000	1423.0348919	4.0143750
-160.0256040	16.1596000	165.8100000	60.8600000	1410.4876083	4.0133750
-160.0256040	16.6596000	165.8100000	60.8600000	1397.5972995	4.0133750
-160.0256040	17.1596000	165.8100000	60.8600000	1384.7188928	4.0133750
-160.0256040	17.6596000	165.8100000	60.8600000	1371.9595842	4.0130625
-160.0256040	18.1596000	165.8100000	60.8600000	1359.1050967	4.0130625
-160.0256040	18.6596000	165.8100000	60.8600000	1346.2636569	4.0130625
-160.0256040	19.1596000	165.8100000	60.8600000	1333.4356761	4.0130625
-160.0256040	19.6596000	165.8100000	60.8600000	1320.5187503	4.0133750
-160.0256040	20.1596000	165.8100000	60.8600000	1307.7199826	4.0133750
-160.0256040	20.6596000	165.8100000	60.8600000	1294.9360054	4.0133750
-160.0256040	21.1596000	165.8100000	60.8600000	1281.9476993	4.0140625
-160.0256040	21.6596000	165.8100000	60.8600000	1269.0981432	4.0143750
-160.0256040	22.1596000	165.8100000	60.8600000	1256.1495399	4.0150625
-160.0256040	22.6596000	165.8100000	60.8600000	1243.3382913	4.0153750
-160.0256040	23.1596000	165.8100000	60.8600000	1230.4315174	4.0160625
-160.0256040	23.6596000	165.8100000	60.8600000	1217.6607989	4.0163750
-160.0256040	24.1596000	165.8100000	60.8600000	1205.0043885	4.0163750
-160.0256040	24.6596000	165.8100000	60.8600000	1192.1631173	4.0170625
-160.0256040	25.1596000	165.8100000	60.8600000	1179.4561837	4.0173750
-160.0256040	25.6596000	165.8100000	60.8600000	1166.8625372	4.0173750
-160.0256040	26.1596000	165.8100000	60.8600000	1154.2901601	4.0173750
-160.0256040	26.6596000	165.8100000	60.8600000	1141.7398017	4.0173750
-159.5256040	14.6596000	165.8100000	60.8600000	1453.5424187	4.0143750
-159.5256040	15.1596000	165.8100000	60.8600000	1440.9994353	4.0133750
-159.5256040	15.6596000	165.8100000	60.8600000	1428.1053257	4.0133750
-159.5256040	16.1596000	165.8100000	60.8600000	1415.3328037	4.0130625
-159.5256040	16.6596000	165.8100000	60.8600000	1402.7011030	4.0123750
-159.5256040	17.1596000	165.8100000	60.8600000	1389.8389818	4.0123750
-159.5256040	17.6596000	165.8100000	60.8600000	1376.9893202	4.0123750
-159.5256040	18.1596000	165.8100000	60.8600000	1364.1525039	4.0123750
-159.5256040	18.6596000	165.8100000	60.8600000	1351.3289333	4.0123750
-159.5256040	19.1596000	165.8100000	60.8600000	1338.5190240	4.0123750
-159.5256040	19.6596000	165.8100000	60.8600000	1325.4960923	4.0130625
-159.5256040	20.1596000	165.8100000	60.8600000	1312.6147915	4.0133750
-159.5256040	20.6596000	165.8100000	60.8600000	1299.8517054	4.0133750
-159.5256040	21.1596000	165.8100000	60.8600000	1286.8836630	4.0140625
-159.5256040	21.6596000	165.8100000	60.8600000	1274.0550490	4.0143750
-159.5256040	22.1596000	165.8100000	60.8600000	1261.1271469	4.0150625
-159.5256040	22.6596000	165.8100000	60.8600000	1248.3372911	4.0153750
-159.5256040	23.1596000	165.8100000	60.8600000	1235.6632032	4.0153750
-159.5256040	23.6596000	165.8100000	60.8600000	1222.7028180	4.0163750
-159.5256040	24.1596000	165.8100000	60.8600000	1210.0689062	4.0163750
-159.5256040	24.6596000	165.8100000	60.8600000	1197.2495140	4.0170625
-159.5256040	25.1596000	165.8100000	60.8600000	1184.6573366	4.0170625
-159.5256040	25.6596000	165.8100000	60.8600000	1172.0859722	4.0170625
-159.5256040	26.1596000	165.8100000	60.8600000	1159.5361440	4.0170625
-159.5256040	26.6596000	165.8100000	60.8600000	1147.0086062	4.0170625
-159.0256040	14.6596000	165.8100000	60.8600000	1458.6313394	4.0133750
-159.0256040	15.1596000	165.8100000	60.8600000	1446.1052546	4.0123750
-159.0256040	15.6596000	165.8100000	60.8600000	1433.2268546	4.0123750
-159.0256040	16.1596000	165.8100000	60.8600000	1420.3600095	4.0123750
-159.0256040	16.6596000	165.8100000	60.8600000	1407.5050685	4.0123750
-159.0256040	17.1596000	165.8100000	60.8600000	1394.6623937	4.0123750
-159.0256040	17.6596000	165.8100000	60.8600000	1381.9399937	4.0120625
-159.0256040	18.1596000	165.8100000	60.8600000	1369.0153600	4.0123750
-159.0256040	18.6596000	165.8100000	60.8600000	1356.2117952	4.0123750
-159.0256040	19.1596000	165.8100000	60.8600000	1343.4220865	4.0123750
-159.0256040	19.6596000	165.8100000	60.8600000	1330.6466698	4.0123750
-159.0256040	20.1596000	165.8100000	60.8600000	1317.6602251	4.0130625
-159.0256040	20.6596000	165.8100000	60.8600000	1304.8153434	4.0133750
-159.0256040	21.1596000	165.8100000	60.8600000	1291.8674641	4.0140625
-159.0256040	21.6596000	165.8100000	60.8600000	1279.0596899	4.0143750
-159.0256040	22.1596000	165.8100000	60.8600000	1266.3692148	4.0143750
-159.0256040	22.6596000	165.8100000	60.8600000	1253.3837965	4.0153750
-159.0256040	23.1596000	165.8100000	60.8600000	1240.7316059	4.0153750
-159.0256040	23.6596000	165.8100000	60.8600000	1227.8876233	4.0160625
-159.0256040	24.1596000	165.8100000	60.8600000	1215.1805364	4.0163750
-159.0256040	24.6596000	165.8100000	60.8600000	1202.5886878	4.0163750
-159.0256040	25.1596000	165.8100000	60.8600000	1190.0172088	4.0163750
-159.0256040	25.6596000	165.8100000	60.8600000	1177.4667979	4.0163750
-159.0256040	26.1596000	165.8100000	60.8600000	1164.9381830	4.0163750
-159.0256040	26.6596000	165.8100000	60.8600000	1152.5217977	4.0160625
-158.5256040	14.6596000	165.8100000	60.8600000	1463.7707820	4.0123750
-158.5256040	15.1596000	165.8100000	60.8600000	1450.8998815	4.0123750
-158.5256040	15.6596000	165.8100000	60.8600000	1438.1523722	4.0120625
-158.5256040	16.1596000	165.8100000	60.8600000	1425.5478501	4.0113750
-158.5256040	16.6596000	165.8100000	60.8600000	1412.7089252	4.0113750
-158.5256040	17.1596000	165.8100000	60.8600000	1399.8824435	4.0113750
-158.5256040	17.6596000	165.8100000	60.8600000	1387.0687845	4.0113750
-158.5256040	18.1596000	165.8100000	60.8600000	1374.2683419	4.0113750
-158.5256040	18.6596000	165.8100000	60.8600000	1361.2482248	4.0120625
-158.5256040	19.1596000	165.8100000	60.8600000	1348.3726184	4.0123750
-158.5256040	19.6596000	165.8100000	60.8600000	1335.6175184	4.0123750
-158.5256040	20.1596000	165.8100000	60.8600000	1322.8773606	4.0123750
-158.5256040	20.6596000	165.8100000	60.8600000	1309.8261728	4.0133750
-158.5256040	21.1596000	165.8100000	60.8600000	1297.1205078	4.0133750
-158.5256040	21.6596000	165.8100000	60.8600000	1284.2112735	4.0140625
-158.5256040	22.1596000	165.8100000	60.8600000	1271.4421613	4.0143750
-158.5256040	22.6596000	165.8100000	60.8600000	1258.5749775	4.0150625
-158.5256040	23.1596000	165.8100000	60.8600000	1245.8466046	4.0153750
-158.5256040	23.6596000	165.8100000	60.8600000	1233.2348508	4.0153750
-158.5256040	24.1596000	165.8100000	60.8600000	1220.4334302	4.0160625
-158.5256040	24.6596000	165.8100000	60.8600000	1207.8630580	4.0160625
-158.5256040	25.1596000	165.8100000	60.8600000	1195.3132957	4.0160625
-158.5256040	25.6596000	165.8100000	60.8600000	1182.7848459	4.0160625
-158.5256040	26.1596000	165.8100000	60.8600000	1170.2784406	4.0160625
-158.5256040	26.6596000	165.8100000	60.8600000	1157.9930752	4.0153750
-158.0256040	14.6596000	165.8100000	60.8600000	1468.9601354	4.0113750
-158.0256040	15.1596000	165.8100000	60.8600000	1456.1047019	4.0113750
-158.0256040	15.6596000	165.8100000	60.8600000	1443.2608098	4.0113750
-158.0256040	16.1596000	165.8100000	60.8600000	1430.4288035	4.0113750
-158.0256040	16.6596000	165.8100000	60.8600000	1417.6090396	4.0113750
-158.0256040	17.1596000	165.8100000	60.8600000	1404.8018878	4.0113750
-158.0256040	17.6596000	165.8100000	60.8600000	1392.0077314	4.0113750
-158.0256040	18.1596000	165.8100000	60.8600000	1379.2269679	4.0113750
-158.0256040	18.6596000	165.8100000	60.8600000	1366.4600095	4.0113750
-158.0256040	19.1596000	165.8100000	60.8600000	1353.7072838	4.0113750
-158.0256040	19.6596000	165.8100000	60.8600000	1340.6350265	4.0123750
-158.0256040	20.1596000	165.8100000	60.8600000	1327.9152859	4.0123750
-158.0256040	20.6596000	165.8100000	60.8600000	1314.9858427	4.0130625
-158.0256040	21.1596000	165.8100000	60.8600000	1302.1985919	4.0133750
-158.0256040	21.6596000	165.8100000	60.8600000	1289.3094940	4.0140625
-158.0256040	22.1596000	165.8100000	60.8600000	1276.5611964	4.0143750
-158.0256040	22.6596000	165.8100000	60.8600000	1263.9309764	4.0143750
-158.0256040	23.1596000	165.8100000	60.8600000	1251.1047832	4.0150625
-158.0256040	23.6596000	165.8100000	60.8600000	1238.4175100	4.0153750
-158.0256040	24.1596000	165.8100000	60.8600000	1225.8471195	4.0153750
-158.0256040	24.6596000	165.8100000	60.8600000	1213.2968942	4.0153750
-158.0256040	25.1596000	165.8100000	60.8600000	1200.7675124	4.0153750
-158.0256040	25.6596000	165.8100000	60.8600000	1188.2596806	4.0153750
-158.0256040	26.1596000	165.8100000	60.8600000	1175.8656488	4.0150625
-158.0256040	26.6596000	165.8100000	60.8600000	1163.4021851	4.0150625
-157.5256040	14.6596000	165.8100000	60.8600000	1473.8312843	4.0113750
-157.5256040	15.1596000	165.8100000	60.8600000	1461.1082996	4.0110625
-157.5256040	15.6596000	165.8100000	60.8600000	1448.5304619	4.0103750
-157.5256040	16.1596000	165.8100000	60.8600000	1435.7141935	4.0103750
-157.5256040	16.6596000	165.8100000	60.8600000	1422.9103313	4.0103750
-157.5256040	17.1596000	165.8100000	60.8600000	1410.1192486	4.0103750
-157.5256040	17.6596000	165.8100000	60.8600000	1397.3413323	4.0103750
-157.5256040	18.1596000	165.8100000	60.8600000	1384.3396671	4.0110625
-157.5256040	18.6596000	165.8100000	60.8600000	1371.4846337	4.0113750
-157.5256040	19.1596000	165.8100000	60.8600000	1358.7518578	4.0113750
-157.5256040	19.6596000	165.8100000	60.8600000	1345.8032881	4.0120625
-157.5256040	20.1596000	165.8100000	60.8600000	1332.9990417	4.0123750
-157.5256040	20.6596000	165.8100000	60.8600000	1320.3154145	4.0123750
-157.5256040	21.1596000	165.8100000	60.8600000	1307.4240700	4.0130625
-157.5256040	21.6596000	165.8100000	60.8600000	1294.6749142	4.0133750
-157.5256040	22.1596000	165.8100000	60.8600000	1281.8253408	4.0140625
-157.5256040	22.6596000	165.8100000	60.8600000	1269.1166195	4.0143750
-157.5256040	23.1596000	165.8100000	60.8600000	1256.5261800	4.0143750
-157.5256040	23.6596000	165.8100000	60.8600000	1243.9548427	4.0143750
-157.5256040	24.1596000	165.8100000	60.8600000	1231.1923859	4.0150625
-157.5256040	24.6596000	165.8100000	60.8600000	1218.6633149	4.0150625
-157.5256040	25.1596000	165.8100000	60.8600000	1206.1553106	4.0150625
-157.5256040	25.6596000	165.8100000	60.8600000	1193.8735089	4.0143750
-157.5256040	26.1596000	165.8100000	60.8600000	1181.4076625	4.0143750
-157.5256040	26.6596000	165.8100000	60.8600000	1169.0561126	4.0140625
-157.0256040	14.6596000	165.8100000	60.8600000	1479.1172178	4.0103750
-157.0256040	15.1596000	165.8100000	60.8600000	1466.2957705	4.0103750
-157.0256040	15.6596000	165.8100000	60.8600000	1453.4861710	4.0103750
-157.0256040	16.1596000	165.8100000	60.8600000	1440.6887702	4.0103750
-157.0256040	16.6596000	165.8100000	60.8600000	1427.9039317	4.0103750
-157.0256040	17.1596000	165.8100000	60.8600000	1415.1320319	4.0103750
-157.0256040	17.6596000	165.8100000	60.8600000	1402.3734612	4.0103750
-157.0256040	18.1596000	165.8100000	60.8600000	1389.6286239	4.0103750
-157.0256040	18.6596000	165.8100000	60.8600000	1376.8979393	4.0103750
-157.0256040	19.1596000	165.8100000	60.8600000	1363.9480217	4.0110625
-157.0256040	19.6596000	165.8100000	60.8600000	1351.1438716	4.0113750
-157.0256040	20.1596000	165.8100000	60.8600000	1338.2321271	4.0120625
-157.0256040	20.6596000	165.8100000	60.8600000	1325.4646539	4.0123750
-157.0256040	21.1596000	165.8100000	60.8600000	1312.8178971	4.0123750
-157.0256040	21.6596000	165.8100000	60.8600000	1299.9654105	4.0130625
-157.0256040	22.1596000	165.8100000	60.8600000	1287.2551389	4.0133750
-157.0256040	22.6596000	165.8100000	60.8600000	1274.6642046	4.0133750
-157.0256040	23.1596000	165.8100000	60.8600000	1261.8758103	4.0140625
-157.0256040	23.6596000	165.8100000	60.8600000	1249.3250369	4.0140625
-157.0256040	24.1596000	165.8100000	60.8600000	1236.6979240	4.0143750
-157.0256040	24.6596000	165.8100000	60.8600000	1224.2839706	4.0140625
-157.0256040	25.1596000	165.8100000	60.8600000	1211.7950221	4.0140625
-157.0256040	25.6596000	165.8100000	60.8600000	1199.3280716	4.0140625
-157.0256040	26.1596000	165.8100000	60.8600000	1187.0871760	4.0133750
-157.0256040	26.6596000	165.8100000	60.8600000	1174.7558248	4.0130625
-156.5256040	14.6596000	165.8100000	60.8600000	1484.1967210	4.0100625
-156.5256040	15.1596000	165.8100000	60.8600000	1471.6450760	4.0093750
-156.5256040	15.6596000	165.8100000	60.8600000	1458.8509286	4.0093750
-156.5256040	16.1596000	165.8100000	60.8600000	1446.0691311	4.0093750
-156.5256040	16.6596000	165.8100000	60.8600000	1433.3000502	4.0093750
-156.5256040	17.1596000	165.8100000	60.8600000	1420.5440657	4.0093750
-156.5256040	17.6596000	165.8100000	60.8600000	1407.5602140	4.0100625
-156.5256040	18.1596000	165.8100000	60.8600000	1394.8337993	4.0100625
-156.5256040	18.6596000	165.8100000	60.8600000	1382.0140018	4.0103750
-156.5256040	19.1596000	165.8100000	60.8600000	1369.3176500	4.0103750
-156.5256040	19.6596000	165.8100000	60.8600000	1356.4039798	4.0110625
-156.5256040	20.1596000	165.8100000	60.8600000	1343.6360041	4.0113750
-156.5256040	20.6596000	165.8100000	60.8600000	1330.7617888	4.0120625
-156.5256040	21.1596000	165.8100000	60.8600000	1318.0318210	4.0123750
-156.5256040	21.6596000	165.8100000	60.8600000	1305.4226939	4.0123750
-156.5256040	22.1596000	165.8100000	60.8600000	1292.6098269	4.0130625
-156.5256040	22.6596000	165.8100000	60.8600000	1280.0389027	4.0130625
-156.5256040	23.1596000	165.8100000	60.8600000	1267.3881792	4.0133750
-156.5256040	23.6596000	165.8100000	60.8600000	1254.8566327	4.0133750
-156.5256040	24.1596000	165.8100000	60.8600000	1242.3452286	4.0133750
-156.5256040	24.6596000	165.8100000	60.8600000	1229.8546290	4.0133750
-156.5256040	25.1596000	165.8100000	60.8600000	1217.3855221	4.0133750
-156.5256040	25.6596000	165.8100000	60.8600000	1205.0324549	4.0130625
-156.5256040	26.1596000	165.8100000	60.8600000	1192.6075434	4.0130625
-156.5256040	26.6596000	165.8100000	60.8600000	1180.4085842	4.0123750
-156.0256040	14.6596000	165.8100000	60.8600000	1489.4610927	4.0093750
-156.0256040	15.1596000	165.8100000	60.8600000	1476.6733766	4.0093750
-156.0256040	15.6596000	165.8100000	60.8600000	1463.8977968	4.0093750
-156.0256040	16.1596000	165.8100000	60.8600000	1451.1347102	4.0093750
-156.0256040	16.6596000	165.8100000	60.8600000	1438.3844867	4.0093750
-156.0256040	17.1596000	165.8100000	60.8600000	1425.6475090	4.0093750
-156.0256040	17.6596000	165.8100000	60.8600000	1412.9241735	4.0093750
-156.0256040	18.1596000	165.8100000	60.8600000	1400.2148911	4.0093750
-156.0256040	18.6596000	165.8100000	60.8600000	1387.2822072	4.0100625
-156.0256040	19.1596000	165.8100000	60.8600000	1374.4973823	4.0103750
-156.0256040	19.6596000	165.8100000	60.8600000	1361.8360332	4.0103750
-156.0256040	20.1596000	165.8100000	60.8600000	1348.9592805	4.0110625
-156.0256040	20.6596000	165.8100000	60.8600000	1336.2281762	4.0113750
-156.0256040	21.1596000	165.8100000	60.8600000	1323.6190074	4.0113750
-156.0256040	21.6596000	165.8100000	60.8600000	1310.8025595	4.0120625
-156.0256040	22.1596000	165.8100000	60.8600000	1298.1297313	4.0123750
-156.0256040	22.6596000	165.8100000	60.8600000	1285.5774856	4.0123750
-156.0256040	23.1596000	165.8100000	60.8600000	1273.0443226	4.0123750
-156.0256040	23.6596000	165.8100000	60.8600000	1260.3149109	4.0130625
-156.0256040	24.1596000	165.8100000	60.8600000	1247.8239244	4.0130625
-156.0256040	24.6596000	165.8100000	60.8600000	1235.3539369	4.0130625
-156.0256040	25.1596000	165.8100000	60.8600000	1223.1151767	4.0123750
-156.0256040	25.6596000	165.8100000	60.8600000	1210.6871589	4.0123750
-156.0256040	26.1596000	165.8100000	60.8600000	1198.3756369	4.0120625
-156.0256040	26.6596000	165.8100000	60.8600000	1186.1970161	4.0113750
-155.5256040	14.6596000	165.8100000	60.8600000	1494.8879586	4.0083750
-155.5256040	15.1596000	165.8100000	60.8600000	1482.1154023	4.0083750
-155.5256040	15.6596000	165.8100000	60.8600000	1469.3551212	4.0083750
-155.5256040	16.1596000	165.8100000	60.8600000	1456.6074752	4.0083750
-155.5256040	16.6596000	165.8100000	60.8600000	1443.8728369	4.0083750
-155.5256040	17.1596000	165.8100000	60.8600000	1430.9061706	4.0090625
-155.5256040	17.6596000	165.8100000	60.8600000	1418.2008978	4.0090625
-155.5256040	18.1596000	165.8100000	60.8600000	1405.4002788	4.0093750
-155.5256040	18.6596000	165.8100000	60.8600000	1392.7248307	4.0093750
-155.5256040	19.1596000	165.8100000	60.8600000	1380.0644580	4.0093750
-155.5256040	19.6596000	165.8100000	60.8600000	1367.1851869	4.0100625
-155.5256040	20.1596000	165.8100000	60.8600000	1354.4529749	4.0103750
-155.5256040	20.6596000	165.8100000	60.8600000	1341.6138109	4.0110625
-155.5256040	21.1596000	165.8100000	60.8600000	1329.0238132	4.0110625
-155.5256040	21.6596000	165.8100000	60.8600000	1316.3488035	4.0113750
-155.5256040	22.1596000	165.8100000	60.8600000	1303.7954274	4.0113750
-155.5256040	22.6596000	165.8100000	60.8600000	1291.0394543	4.0120625
-155.5256040	23.1596000	165.8100000	60.8600000	1278.5261574	4.0120625
-155.5256040	23.6596000	165.8100000	60.8600000	1266.0327403	4.0120625
-155.5256040	24.1596000	165.8100000	60.8600000	1253.5598451	4.0120625
-155.5256040	24.6596000	165.8100000	60.8600000	1241.1081388	4.0120625
-155.5256040	25.1596000	165.8100000	60.8600000	1228.6783149	4.0120625
-155.5256040	25.6596000	165.8100000	60.8600000	1216.4795468	4.0113750
-155.5256040	26.1596000	165.8100000	60.8600000	1204.1873687	4.0110625
-155.5256040	26.6596000	165.8100000	60.8600000	1191.8245526	4.0110625
-155.0256040	14.6596000	165.8100000	60.8600000	1499.9867516	4.0083750
-155.0256040	15.1596000	165.8100000	60.8600000	1487.2324571	4.0083750
-155.0256040	15.6596000	165.8100000	60.8600000	1474.4905690	4.0083750
-155.0256040	16.1596000	165.8100000	60.8600000	1461.7614500	4.0083750
-155.0256040	16.6596000	165.8100000	60.8600000	1449.0454753	4.0083750
-155.0256040	17.1596000	165.8100000	60.8600000	1436.3430333	4.0083750
-155.0256040	17.6596000	165.8100000	60.8600000	1423.6545260	4.0083750
-155.0256040	18.1596000	165.8100000	60.8600000	1410.7384075	4.0090625
-155.0256040	18.6596000	165.8100000	60.8600000	1398.0812045	4.0090625
-155.0256040	19.1596000	165.8100000	60.8600000	1385.3312421	4.0093750
-155.0256040	19.6596000	165.8100000	60.8600000	1372.7059390	4.0093750
-155.0256040	20.1596000	165.8100000	60.8600000	1359.8636251	4.0100625
-155.0256040	20.6596000	165.8100000	60.8600000	1347.1683286	4.0103750
-155.0256040	21.1596000	165.8100000	60.8600000	1334.5961747	4.0103750
-155.0256040	21.6596000	165.8100000	60.8600000	1321.8151343	4.0110625
-155.0256040	22.1596000	165.8100000	60.8600000	1309.2811065	4.0110625
-155.0256040	22.6596000	165.8100000	60.8600000	1296.6648933	4.0113750
-155.0256040	23.1596000	165.8100000	60.8600000	1284.1701140	4.0113750
-155.0256040	23.6596000	165.8100000	60.8600000	1271.6953899	4.0113750
-155.0256040	24.1596000	165.8100000	60.8600000	1259.2413654	4.0113750
-155.0256040	24.6596000	165.8100000	60.8600000	1246.8087099	4.0113750
-155.0256040	25.1596000	165.8100000	60.8600000	1234.4942917	4.0110625
-155.0256040	25.6596000	165.8100000	60.8600000	1222.1055230	4.0110625
-155.0256040	26.1596000	165.8100000	60.8600000	1209.7402950	4.0110625
-155.0256040	26.6596000	165.8100000	60.8600000	1197.6979880	4.0100625
-154.5256040	14.6596000	165.8100000	60.8600000	1505.2457731	4.0080625
-154.5256040	15.1596000	165.8100000	60.8600000	1492.5086528	4.0080625
-154.5256040	15.6596000	165.8100000	60.8600000	1479.7840664	4.0080625
-154.5256040	16.1596000	165.8100000	60.8600000	1467.0723791	4.0080625
-154.5256040	16.6596000	165.8100000	60.8600000	1454.3739688	4.0080625
-154.5256040	17.1596000	165.8100000	60.8600000	1441.6892264	4.0080625
-154.5256040	17.6596000	165.8100000	60.8600000	1428.9071459	4.0083750
-154.5256040	18.1596000	165.8100000	60.8600000	1416.2519540	4.0083750
-154.5256040	18.6596000	165.8100000	60.8600000	1403.6116859	4.0083750
-154.5256040	19.1596000	165.8100000	60.8600000	1390.7482571	4.0090625
-154.5256040	19.6596000	165.8100000	60.8600000	1378.1413628	4.0090625
-154.5256040	20.1596000	165.8100000	60.8600000	1365.4443506	4.0093750
-154.5256040	20.6596000	165.8100000	60.8600000	1352.8715718	4.0093750
-154.5256040	21.1596000	165.8100000	60.8600000	1340.0863401	4.0100625
-154.5256040	21.6596000	165.8100000	60.8600000	1327.4474685	4.0103750
-154.5256040	22.1596000	165.8100000	60.8600000	1314.9314460	4.0103750
-154.5256040	22.6596000	165.8100000	60.8600000	1302.4344257	4.0103750
-154.5256040	23.1596000	165.8100000	60.8600000	1289.7359089	4.0110625
-154.5256040	23.6596000	165.8100000	60.8600000	1277.2808503	4.0110625
-154.5256040	24.1596000	165.8100000	60.8600000	1264.8466591	4.0110625
-154.5256040	24.6596000	165.8100000	60.8600000	1252.4340066	4.0110625
-154.5256040	25.1596000	165.8100000	60.8600000	1240.2561696	4.0103750
-154.5256040	25.6596000	165.8100000	60.8600000	1227.8865932	4.0103750
-154.5256040	26.1596000	165.8100000	60.8600000	1215.6354615	4.0100625
-154.5256040	26.6596000	165.8100000	60.8600000	1203.3131427	4.0100625
-154.0256040	14.6596000	165.8100000	60.8600000	1510.6892093	4.0073750
-154.0256040	15.1596000	165.8100000	60.8600000	1497.9679746	4.0073750
-154.0256040	15.6596000	165.8100000	60.8600000	1485.2593979	4.0073750
-154.0256040	16.1596000	165.8100000	60.8600000	1472.5638468	4.0073750
-154.0256040	16.6596000	165.8100000	60.8600000	1459.8817015	4.0073750
-154.0256040	17.1596000	165.8100000	60.8600000	1447.2133553	4.0073750
-154.0256040	17.6596000	165.8100000	60.8600000	1434.3131481	4.0080625
-154.0256040	18.1596000	165.8100000	60.8600000	1421.6758036	4.0080625
-154.0256040	18.6596000	165.8100000	60.8600000	1408.9436660	4.0083750
-154.0256040	19.1596000	165.8100000	60.8600000	1396.3378778	4.0083750
-154.0256040	19.6596000	165.8100000	60.8600000	1383.7480684	4.0083750
-154.0256040	20.1596000	165.8100000	60.8600000	1370.9395859	4.0090625
-154.0256040	20.6596000	165.8100000	60.8600000	1358.2794811	4.0093750
-154.0256040	21.1596000	165.8100000	60.8600000	1345.7437133	4.0093750
-154.0256040	21.6596000	165.8100000	60.8600000	1332.9973944	4.0100625
-154.0256040	22.1596000	165.8100000	60.8600000	1320.5003697	4.0100625
-154.0256040	22.6596000	165.8100000	60.8600000	1308.0225017	4.0100625
-154.0256040	23.1596000	165.8100000	60.8600000	1295.5643919	4.0100625
-154.0256040	23.6596000	165.8100000	60.8600000	1283.0266783	4.0103750
-154.0256040	24.1596000	165.8100000	60.8600000	1270.6109496	4.0103750
-154.0256040	24.6596000	165.8100000	60.8600000	1258.3149758	4.0100625
-154.0256040	25.1596000	165.8100000	60.8600000	1245.9423858	4.0100625
-154.0256040	25.6596000	165.8100000	60.8600000	1233.5929242	4.0100625
-154.0256040	26.1596000	165.8100000	60.8600000	1221.2673453	4.0100625
-154.0256040	26.6596000	165.8100000	60.8600000	1209.1737369	4.0093750
-153.5256040	14.6596000	165.8100000	60.8600000	1516.0342469	4.0070625
-153.5256040	15.1596000	165.8100000	60.8600000	1503.3299854	4.0070625
-153.5256040	15.6596000	165.8100000	60.8600000	1490.5222564	4.0073750
-153.5256040	16.1596000	165.8100000	60.8600000	1477.8449055	4.0073750
-153.5256040	16.6596000	165.8100000	60.8600000	1465.1810819	4.0073750
-153.5256040	17.1596000	165.8100000	60.8600000	1452.5311813	4.0073750
-153.5256040	17.6596000	165.8100000	60.8600000	1439.8956127	4.0073750
-153.5256040	18.1596000	165.8100000	60.8600000	1427.2747996	4.0073750
-153.5256040	18.6596000	165.8100000	60.8600000	1414.4265248	4.0080625
-153.5256040	19.1596000	165.8100000	60.8600000	1401.8387124	4.0080625
-153.5256040	19.6596000	165.8100000	60.8600000	1389.1587033	4.0083750
-153.5256040	20.1596000	165.8100000	60.8600000	1376.6045853	4.0083750
-153.5256040	20.6596000	165.8100000	60.8600000	1363.8336534	4.0090625
-153.5256040	21.1596000	165.8100000	60.8600000	1351.3164118	4.0090625
-153.5256040	21.6596000	165.8100000	60.8600000	1338.7129823	4.0093750
-153.5256040	22.1596000	165.8100000	60.8600000	1326.2336027	4.0093750
-153.5256040	22.6596000	165.8100000	60.8600000	1313.7735286	4.0093750
-153.5256040	23.1596000	165.8100000	60.8600000	1301.1102594	4.0100625
-153.5256040	23.6596000	165.8100000	60.8600000	1288.6927583	4.0100625
-153.5256040	24.1596000	165.8100000	60.8600000	1276.2964382	4.0100625
-153.5256040	24.6596000	165.8100000	60.8600000	1263.9219731	4.0100625
-153.5256040	25.1596000	165.8100000	60.8600000	1251.5700631	4.0100625
-153.5256040	25.6596000	165.8100000	60.8600000	1239.2414351	4.0100625
-153.5256040	26.1596000	165.8100000	60.8600000	1227.1472294	4.0093750
-153.5256040	26.6596000	165.8100000	60.8600000	1214.9600524	4.0090625
-153.0256040	14.6596000	165.8100000	60.8600000	1521.5635084	4.0063750
-153.0256040	15.1596000	165.8100000	60.8600000	1508.6160432	4.0070625
-153.0256040	15.6596000	165.8100000	60.8600000	1495.9425223	4.0070625
-153.0256040	16.1596000	165.8100000	60.8600000	1483.2822617	4.0070625
-153.0256040	16.6596000	165.8100000	60.8600000	1470.6356459	4.0070625
-153.0256040	17.1596000	165.8100000	60.8600000	1458.0030727	4.0070625
-153.0256040	17.6596000	165.8100000	60.8600000	1445.2722386	4.0073750
-153.0256040	18.1596000	165.8100000	60.8600000	1432.6699811	4.0073750
-153.0256040	18.6596000	165.8100000	60.8600000	1420.0830418	4.0073750
-153.0256040	19.1596000	165.8100000	60.8600000	1407.2704486	4.0080625
-153.0256040	19.6596000	165.8100000	60.8600000	1394.7176824	4.0080625
-153.0256040	20.1596000	165.8100000	60.8600000	1382.1816472	4.0080625
-153.0256040	20.6596000	165.8100000	60.8600000	1369.5560662	4.0083750
-153.0256040	21.1596000	165.8100000	60.8600000	1357.0560035	4.0083750
-153.0256040	21.6596000	165.8100000	60.8600000	1344.3436686	4.0090625
-153.0256040	22.1596000	165.8100000	60.8600000	1331.8829109	4.0090625
-153.0256040	22.6596000	165.8100000	60.8600000	1319.3387566	4.0093750
-153.0256040	23.1596000	165.8100000	60.8600000	1306.9184624	4.0093750
-153.0256040	23.6596000	165.8100000	60.8600000	1294.5188441	4.0093750
-153.0256040	24.1596000	165.8100000	60.8600000	1282.1405525	4.0093750
-153.0256040	24.6596000	165.8100000	60.8600000	1269.7842628	4.0093750
-153.0256040	25.1596000	165.8100000	60.8600000	1257.4506761	4.0093750
-153.0256040	25.6596000	165.8100000	60.8600000	1245.1405200	4.0093750
-153.0256040	26.1596000	165.8100000	60.8600000	1232.8545503	4.0093750
-153.0256040	26.6596000	165.8100000	60.8600000	1220.6886965	4.0090625
-152.5256040	14.6596000	165.8100000	60.8600000	1526.8729788	4.0063750
-152.5256040	15.1596000	165.8100000	60.8600000	1514.2021292	4.0063750
-152.5256040	15.6596000	165.8100000	60.8600000	1501.5442776	4.0063750
-152.5256040	16.1596000	165.8100000	60.8600000	1488.8997980	4.0063750
-152.5256040	16.6596000	165.8100000	60.8600000	1476.0157922	4.0070625
-152.5256040	17.1596000	165.8100000	60.8600000	1463.4013939	4.0070625
-152.5256040	17.6596000	165.8100000	60.8600000	1450.8015646	4.0070625
-152.5256040	18.1596000	165.8100000	60.8600000	1438.1045759	4.0073750
-152.5256040	18.6596000	165.8100000	60.8600000	1425.5361611	4.0073750
-152.5256040	19.1596000	165.8100000	60.8600000	1412.9836408	4.0073750
-152.5256040	19.6596000	165.8100000	60.8600000	1400.2072722	4.0080625
-152.5256040	20.1596000	165.8100000	60.8600000	1387.6901251	4.0080625
-152.5256040	20.6596000	165.8100000	60.8600000	1375.1903403	4.0080625
-152.5256040	21.1596000	165.8100000	60.8600000	1362.6022027	4.0083750
-152.5256040	21.6596000	165.8100000	60.8600000	1350.1397100	4.0083750
-152.5256040	22.1596000	165.8100000	60.8600000	1337.4668169	4.0090625
-152.5256040	22.6596000	165.8100000	60.8600000	1325.0450293	4.0090625
-152.5256040	23.1596000	165.8100000	60.8600000	1312.6434241	4.0090625
-152.5256040	23.6596000	165.8100000	60.8600000	1300.1612825	4.0093750
-152.5256040	24.1596000	165.8100000	60.8600000	1287.8029138	4.0093750
-152.5256040	24.6596000	165.8100000	60.8600000	1275.4666819	4.0093750
-152.5256040	25.1596000	165.8100000	60.8600000	1263.1532884	4.0093750
-152.5256040	25.6596000	165.8100000	60.8600000	1250.8634616	4.0093750
-152.5256040	26.1596000	165.8100000	60.8600000	1238.5979572	4.0093750
-152.5256040	26.6596000	165.8100000	60.8600000	1226.4531543	4.0090625
-152.0256040	14.6596000	165.8100000	60.8600000	1532.2221821	4.0063750
-152.0256040	15.1596000	165.8100000	60.8600000	1519.5689447	4.0063750
-152.0256040	15.6596000	165.8100000	60.8600000	1506.9288079	4.0063750
-152.0256040	16.1596000	165.8100000	60.8600000	1494.3021476	4.0063750
-152.0256040	16.6596000	165.8100000	60.8600000	1481.6893522	4.0063750
-152.0256040	17.1596000	165.8100000	60.8600000	1468.8387696	4.0070625
-152.0256040	17.6596000	165.8100000	60.8600000	1456.2570804	4.0070625
-152.0256040	18.1596000	165.8100000	60.8600000	1443.6904989	4.0070625
-152.0256040	18.6596000	165.8100000	60.8600000	1431.0278649	4.0073750
-152.0256040	19.1596000	165.8100000	60.8600000	1418.4938225	4.0073750
-152.0256040	19.6596000	165.8100000	60.8600000	1405.9762640	4.0073750
-152.0256040	20.1596000	165.8100000	60.8600000	1393.2366608	4.0080625
-152.0256040	20.6596000	165.8100000	60.8600000	1380.7557036	4.0080625
-152.0256040	21.1596000	165.8100000	60.8600000	1368.1860785	4.0083750
-152.0256040	21.6596000	165.8100000	60.8600000	1355.7426537	4.0083750
-152.0256040	22.1596000	165.8100000	60.8600000	1343.0879872	4.0090625
-152.0256040	22.6596000	165.8100000	60.8600000	1330.6855108	4.0090625
-152.0256040	23.1596000	165.8100000	60.8600000	1318.3033415	4.0090625
-152.0256040	23.6596000	165.8100000	60.8600000	1305.9421083	4.0090625
-152.0256040	24.1596000	165.8100000	60.8600000	1293.5016360	4.0093750
-152.0256040	24.6596000	165.8100000	60.8600000	1281.1852169	4.0093750
-152.0256040	25.1596000	165.8100000	60.8600000	1268.6742213	4.0100625
-152.0256040	25.6596000	165.8100000	60.8600000	1256.4065651	4.0100625
-152.0256040	26.1596000	165.8100000	60.8600000	1244.1633544	4.0100625
-152.0256040	26.6596000	165.8100000	60.8600000	1231.9453738	4.0100625
-151.5256040	14.6596000	165.8100000	60.8600000	1537.6104930	4.0063750
-151.5256040	15.1596000	165.8100000	60.8600000	1524.9747378	4.0063750
-151.5256040	15.6596000	165.8100000	60.8600000	1512.3521811	4.0063750
-151.5256040	16.1596000	165.8100000	60.8600000	1499.7432004	4.0063750
-151.5256040	16.6596000	165.8100000	60.8600000	1487.1481856	4.0063750
-151.5256040	17.1596000	165.8100000	60.8600000	1474.3145469	4.0070625
-151.5256040	17.6596000	165.8100000	60.8600000	1461.7508424	4.0070625
-151.5256040	18.1596000	165.8100000	60.8600000	1449.2023513	4.0070625
-151.5256040	18.6596000	165.8100000	60.8600000	1436.5574839	4.0073750
-151.5256040	19.1596000	165.8100000	60.8600000	1424.0417466	4.0073750
-151.5256040	19.6596000	165.8100000	60.8600000	1411.5426033	4.0073750
-151.5256040	20.1596000	165.8100000	60.8600000	1398.8205688	4.0080625
-151.5256040	20.6596000	165.8100000	60.8600000	1386.3582476	4.0080625
-151.5256040	21.1596000	165.8100000	60.8600000	1373.8069340	4.0083750
-151.5256040	21.6596000	165.8100000	60.8600000	1361.3823722	4.0083750
-151.5256040	22.1596000	165.8100000	60.8600000	1348.7457142	4.0090625
-151.5256040	22.6596000	165.8100000	60.8600000	1336.3623300	4.0090625
-151.5256040	23.1596000	165.8100000	60.8600000	1323.9993700	4.0090625
-151.5256040	23.6596000	165.8100000	60.8600000	1311.5552290	4.0093750
-151.5256040	24.1596000	165.8100000	60.8600000	1299.2359903	4.0093750
-151.5256040	24.6596000	165.8100000	60.8600000	1286.7184977	4.0100625
-151.5256040	25.1596000	165.8100000	60.8600000	1274.4468297	4.0100625
-151.5256040	25.6596000	165.8100000	60.8600000	1262.1989700	4.0100625
-151.5256040	26.1596000	165.8100000	60.8600000	1249.9756741	4.0100625
-151.5256040	26.6596000	165.8100000	60.8600000	1237.7777261	4.0100625
-151.0256040	14.6596000	165.8100000	60.8600000	1543.0372889	4.0063750
-151.0256040	15.1596000	165.8100000	60.8600000	1530.4188808	4.0063750
-151.0256040	15.6596000	165.8100000	60.8600000	1517.8137641	4.0063750
-151.0256040	16.1596000	165.8100000	60.8600000	1505.2223178	4.0063750
-151.0256040	16.6596000	165.8100000	60.8600000	1492.6449335	4.0063750
-151.0256040	17.1596000	165.8100000	60.8600000	1479.8280765	4.0070625
-151.0256040	17.6596000	165.8100000	60.8600000	1467.2821958	4.0070625
-151.0256040	18.1596000	165.8100000	60.8600000	1454.7516287	4.0070625
-151.0256040	18.6596000	165.8100000	60.8600000	1442.1243528	4.0073750
-151.0256040	19.1596000	165.8100000	60.8600000	1429.6267425	4.0073750
-151.0256040	19.6596000	165.8100000	60.8600000	1417.1458303	4.0073750
-151.0256040	20.1596000	165.8100000	60.8600000	1404.4411678	4.0080625
-151.0256040	20.6596000	165.8100000	60.8600000	1391.9972858	4.0080625
-151.0256040	21.1596000	165.8100000	60.8600000	1379.4640776	4.0083750
-151.0256040	21.6596000	165.8100000	60.8600000	1367.0581688	4.0083750
-151.0256040	22.1596000	165.8100000	60.8600000	1354.4392960	4.0090625
-151.0256040	22.6596000	165.8100000	60.8600000	1342.0747796	4.0090625
-151.0256040	23.1596000	165.8100000	60.8600000	1329.6271535	4.0093750
-151.0256040	23.6596000	165.8100000	60.8600000	1317.3052961	4.0093750
-151.0256040	24.1596000	165.8100000	60.8600000	1304.7815210	4.0100625
-151.0256040	24.6596000	165.8100000	60.8600000	1292.5060769	4.0100625
-151.0256040	25.1596000	165.8100000	60.8600000	1280.2538234	4.0100625
-151.0256040	25.6596000	165.8100000	60.8600000	1268.0254882	4.0100625
-151.0256040	26.1596000	165.8100000	60.8600000	1255.8218264	4.0100625
-151.0256040	26.6596000	165.8100000	60.8600000	1243.6436212	4.0100625
-150.5256040	14.6596000	165.8100000	60.8600000	1548.5019502	4.0063750
-150.5256040	15.1596000	165.8100000	60.8600000	1535.9007486	4.0063750
-150.5256040	15.6596000	165.8100000	60.8600000	1523.3129265	4.0063750
-150.5256040	16.1596000	165.8100000	60.8600000	1510.4796655	4.0070625
-150.5256040	16.6596000	165.8100000	60.8600000	1497.9219111	4.0070625
-150.5256040	17.1596000	165.8100000	60.8600000	1485.3787128	4.0070625
-150.5256040	17.6596000	165.8100000	60.8600000	1472.7356334	4.0073750
-150.5256040	18.1596000	165.8100000	60.8600000	1460.2237945	4.0073750
-150.5256040	18.6596000	165.8100000	60.8600000	1447.7278104	4.0073750
-150.5256040	19.1596000	165.8100000	60.8600000	1435.2481439	4.0073750
-150.5256040	19.6596000	165.8100000	60.8600000	1422.5412258	4.0080625
-150.5256040	20.1596000	165.8100000	60.8600000	1410.0977813	4.0080625
-150.5256040	20.6596000	165.8100000	60.8600000	1397.5631701	4.0083750
-150.5256040	21.1596000	165.8100000	60.8600000	1385.1568227	4.0083750
-150.5256040	21.6596000	165.8100000	60.8600000	1372.5339420	4.0090625
-150.5256040	22.1596000	165.8100000	60.8600000	1360.1680360	4.0090625
-150.5256040	22.6596000	165.8100000	60.8600000	1347.7171043	4.0093750
-150.5256040	23.1596000	165.8100000	60.8600000	1335.1638808	4.0100625
-150.5256040	23.6596000	165.8100000	60.8600000	1322.8629751	4.0100625
-150.5256040	24.1596000	165.8100000	60.8600000	1310.5839840	4.0100625
-150.5256040	24.6596000	165.8100000	60.8600000	1298.2264133	4.0103750
-150.5256040	25.1596000	165.8100000	60.8600000	1285.9942595	4.0103750
-150.5256040	25.6596000	165.8100000	60.8600000	1273.5677970	4.0110625
-150.5256040	26.1596000	165.8100000	60.8600000	1261.3865218	4.0110625
-150.5256040	26.6596000	165.8100000	60.8600000	1249.2307965	4.0110625
-150.0256040	14.6596000	165.8100000	60.8600000	1554.0038598	4.0063750
-150.0256040	15.1596000	165.8100000	60.8600000	1541.4197194	4.0063750
-150.0256040	15.6596000	165.8100000	60.8600000	1528.5867355	4.0070625
-150.0256040	16.1596000	165.8100000	60.8600000	1516.0320566	4.0070625
-150.0256040	16.6596000	165.8100000	60.8600000	1503.3743679	4.0073750
-150.0256040	17.1596000	165.8100000	60.8600000	1490.8495449	4.0073750
-150.0256040	17.6596000	165.8100000	60.8600000	1478.3397840	4.0073750
-150.0256040	18.1596000	165.8100000	60.8600000	1465.8455194	4.0073750
-150.0256040	18.6596000	165.8100000	60.8600000	1453.1179065	4.0080625
-150.0256040	19.1596000	165.8100000	60.8600000	1440.6581331	4.0080625
-150.0256040	19.6596000	165.8100000	60.8600000	1428.1038971	4.0083750
-150.0256040	20.1596000	165.8100000	60.8600000	1415.6793585	4.0083750
-150.0256040	20.6596000	165.8100000	60.8600000	1403.0320714	4.0090625
-150.0256040	21.1596000	165.8100000	60.8600000	1390.6459716	4.0090625
-150.0256040	21.6596000	165.8100000	60.8600000	1378.1714118	4.0093750
-150.0256040	22.1596000	165.8100000	60.8600000	1365.8247779	4.0093750
-150.0256040	22.6596000	165.8100000	60.8600000	1353.2662185	4.0100625
-150.0256040	23.1596000	165.8100000	60.8600000	1340.9625464	4.0100625
-150.0256040	23.6596000	165.8100000	60.8600000	1328.5766951	4.0103750
-150.0256040	24.1596000	165.8100000	60.8600000	1316.0917283	4.0110625
-150.0256040	24.6596000	165.8100000	60.8600000	1303.8571595	4.0110625
-150.0256040	25.1596000	165.8100000	60.8600000	1291.6459716	4.0110625
-150.0256040	25.6596000	165.8100000	60.8600000	1279.4588908	4.0110625
-150.0256040	26.1596000	165.8100000	60.8600000	1267.2966702	4.0110625
-150.0256040	26.6596000	165.8100000	60.8600000	1255.1600906	4.0110625
-149.5256040	14.6596000	165.8100000	60.8600000	1559.2748319	4.0070625
-149.5256040	15.1596000	165.8100000	60.8600000	1546.7097583	4.0070625
-149.5256040	15.6596000	165.8100000	60.8600000	1534.0385861	4.0073750
-149.5256040	16.1596000	165.8100000	60.8600000	1521.5019505	4.0073750
-149.5256040	16.6596000	165.8100000	60.8600000	1508.9796305	4.0073750
-149.5256040	17.1596000	165.8100000	60.8600000	1496.4720340	4.0073750
-149.5256040	17.6596000	165.8100000	60.8600000	1483.7250382	4.0080625
-149.5256040	18.1596000	165.8100000	60.8600000	1471.2503065	4.0080625
-149.5256040	18.6596000	165.8100000	60.8600000	1458.6778700	4.0083750
-149.5256040	19.1596000	165.8100000	60.8600000	1446.2366262	4.0083750
-149.5256040	19.6596000	165.8100000	60.8600000	1433.8123523	4.0083750
-149.5256040	20.1596000	165.8100000	60.8600000	1421.1617942	4.0090625
-149.5256040	20.6596000	165.8100000	60.8600000	1408.7750901	4.0090625
-149.5256040	21.1596000	165.8100000	60.8600000	1396.2980518	4.0093750
-149.5256040	21.6596000	165.8100000	60.8600000	1383.7126047	4.0100625
-149.5256040	22.1596000	165.8100000	60.8600000	1371.3861611	4.0100625
-149.5256040	22.6596000	165.8100000	60.8600000	1358.9740190	4.0103750
-149.5256040	23.1596000	165.8100000	60.8600000	1346.4587316	4.0110625
-149.5256040	23.6596000	165.8100000	60.8600000	1334.1978114	4.0110625
-149.5256040	24.1596000	165.8100000	60.8600000	1321.9589825	4.0110625
-149.5256040	24.6596000	165.8100000	60.8600000	1309.6408856	4.0113750
-149.5256040	25.1596000	165.8100000	60.8600000	1297.4492404	4.0113750
-149.5256040	25.6596000	165.8100000	60.8600000	1285.0615431	4.0120625
-149.5256040	26.1596000	165.8100000	60.8600000	1272.9211106	4.0120625
-149.5256040	26.6596000	165.8100000	60.8600000	1260.8063947	4.0120625
-149.0256040	14.6596000	165.8100000	60.8600000	1564.7264128	4.0073750
-149.0256040	15.1596000	165.8100000	60.8600000	1552.1790704	4.0073750
-149.0256040	15.6596000	165.8100000	60.8600000	1539.6453392	4.0073750
-149.0256040	16.1596000	165.8100000	60.8600000	1527.1256030	4.0073750
-149.0256040	16.6596000	165.8100000	60.8600000	1514.3604579	4.0080625
-149.0256040	17.1596000	165.8100000	60.8600000	1501.8720552	4.0080625
-149.0256040	17.6596000	165.8100000	60.8600000	1489.2827540	4.0083750
-149.0256040	18.1596000	165.8100000	60.8600000	1476.8261974	4.0083750
-149.0256040	18.6596000	165.8100000	60.8600000	1464.3857449	4.0083750
-149.0256040	19.1596000	165.8100000	60.8600000	1451.7128716	4.0090625
-149.0256040	19.6596000	165.8100000	60.8600000	1439.3081658	4.0090625
-149.0256040	20.1596000	165.8100000	60.8600000	1426.8097844	4.0093750
-149.0256040	20.6596000	165.8100000	60.8600000	1414.1991478	4.0100625
-149.0256040	21.1596000	165.8100000	60.8600000	1401.8517102	4.0100625
-149.0256040	21.6596000	165.8100000	60.8600000	1389.4151274	4.0103750
-149.0256040	22.1596000	165.8100000	60.8600000	1376.8714450	4.0110625
-149.0256040	22.6596000	165.8100000	60.8600000	1364.5861905	4.0110625
-149.0256040	23.1596000	165.8100000	60.8600000	1352.3218263	4.0110625
-149.0256040	23.6596000	165.8100000	60.8600000	1339.9745834	4.0113750
-149.0256040	24.1596000	165.8100000	60.8600000	1327.5273418	4.0120625
-149.0256040	24.6596000	165.8100000	60.8600000	1315.3325546	4.0120625
-149.0256040	25.1596000	165.8100000	60.8600000	1303.1613062	4.0120625
-149.0256040	25.6596000	165.8100000	60.8600000	1291.0143205	4.0120625
-149.0256040	26.1596000	165.8100000	60.8600000	1278.8923476	4.0120625
-149.0256040	26.6596000	165.8100000	60.8600000	1266.6975003	4.0123750
-162.0256040	19.9863000	165.8100000	60.8600000	1292.7771001	4.0143750
-161.3675990	17.7469010	165.8100000	60.8600000	1356.6391608	4.0143750
-161.3148960	21.9563010	165.8100000	60.8600000	1248.9507714	4.0143750
-161.0950010	23.9972000	165.8100000	60.8600000	1198.4588871	4.0163750
-160.0475010	19.8234000	165.8100000	60.8600000	1316.1116307	4.0133750
-159.6649930	22.1229990	165.8100000	60.8600000	1260.6649274	4.0150625
-159.4010010	21.9710010	165.8100000	60.8600000	1267.3821435	4.0143750
-158.9824980	15.5740000	165.8100000	60.8600000	1435.8436511	4.0123750
-158.9331050	24.5737990	165.8100000	60.8600000	1205.7022339	4.0163750
-158.9030000	21.2984010	165.8100000	60.8600000	1289.5687165	4.0140625
-158.7601930	18.5646990	165.8100000	60.8600000	1361.3561905	4.0120625
-158.1853940	22.6201990	165.8100000	60.8600000	1263.2784107	4.0143750
-158.1795040	20.3778000	165.8100000	60.8600000	1320.8109095	4.0123750
-157.9310000	21.6460000	165.8100000	60.8600000	1290.8445248	4.0133750
-157.8591000	14.6596000	165.8100000	60.8600000	1470.5771125	4.0113750
-157.7008060	16.3484000	165.8100000	60.8600000	1429.1431666	4.0103750
-157.6275940	20.3461000	165.8100000	60.8600000	1327.2239530	4.0123750
-157.2700040	21.1089990	165.8100000	60.8600000	1311.3407796	4.0130625
-157.2272950	18.9848000	165.8100000	60.8600000	1366.2287341	4.0113750
-156.9646000	24.3120990	165.8100000	60.8600000	1233.6262175	4.0140625
-156.9320070	19.8327010	165.8100000	60.8600000	1347.7142408	4.0113750
-156.8081970	18.4042000	165.8100000	60.8600000	1385.6136933	4.0103750
-156.7559970	21.1360000	165.8100000	60.8600000	1316.2199099	4.0123750
-156.6580050	20.8910010	165.8100000	60.8600000	1323.5336313	4.0120625
-156.5101010	19.4776990	165.8100000	60.8600000	1361.1751352	4.0110625
-156.4651030	18.7750000	165.8100000	60.8600000	1379.7049602	4.0103750
-156.3876950	17.6149010	165.8100000	60.8600000	1410.3482042	4.0093750
-156.2066040	16.1620010	165.8100000	60.8600000	1449.2345779	4.0093750
-156.1670070	18.3010010	165.8100000	60.8600000	1394.9239447	4.0100625
-155.9969940	20.7710000	165.8100000	60.8600000	1333.7186714	4.0113750
-155.7729950	19.0790000	165.8100000	60.8600000	1379.2790968	4.0100625
-155.7653050	26.7766990	165.8100000	60.8600000	1186.2717345	4.0110625
-155.7149960	18.0002990	165.8100000	60.8600000	1407.4749027	4.0093750
-155.7109990	20.0460000	165.8100000	60.8600000	1355.3655425	4.0103750
-155.6793980	21.2055000	165.8100000	60.8600000	1326.1298001	4.0113750
-155.6362000	22.2999000	165.8100000	60.8600000	1298.8671611	4.0120625
-154.9944000	21.5070000	165.8100000	60.8600000	1326.2072217	4.0103750
-154.9830020	19.6010000	165.8100000	60.8600000	1374.6369552	4.0093750
-154.7973940	18.8031010	165.8100000	60.8600000	1396.8630709	4.0090625
-154.6912990	17.1800990	165.8100000	60.8600000	1439.3177845	4.0083750
-154.6177980	20.0889000	165.8100000	60.8600000	1366.2349050	4.0093750
-154.4958950	18.4016990	165.8100000	60.8600000	1410.4447546	4.0083750
-154.4828030	21.0019000	165.8100000	60.8600000	1344.5061683	4.0100625
-154.3939970	19.2625010	165.8100000	60.8600000	1389.5577442	4.0090625
-154.2518010	21.1686990	165.8100000	60.8600000	1343.0552121	4.0093750
-154.0305020	17.9884000	165.8100000	60.8600000	1425.9489711	4.0080625
-153.9922940	18.7976000	165.8100000	60.8600000	1405.8199149	4.0083750
-153.9826970	21.5196990	165.8100000	60.8600000	1337.1954537	4.0093750
-153.9674990	14.7313000	165.8100000	60.8600000	1509.4698029	4.0073750
-153.9024050	19.9790990	165.8100000	60.8600000	1377.0442832	4.0083750
-153.8681950	17.3153990	165.8100000	60.8600000	1444.9403830	4.0073750
-153.7008060	17.2975010	165.8100000	60.8600000	1447.1750155	4.0073750
-153.5032040	19.4951990	165.8100000	60.8600000	1393.6418731	4.0080625
-153.2958980	18.8009000	165.8100000	60.8600000	1413.5943642	4.0073750
-153.2920990	20.8925990	165.8100000	60.8600000	1360.5605259	4.0090625
-153.2906040	17.9062000	165.8100000	60.8600000	1436.1955040	4.0073750
-152.9812010	18.3018000	165.8100000	60.8600000	1429.5701856	4.0073750
-152.7657930	25.5928000	165.8100000	60.8600000	1249.7516312	4.0093750
-152.1324010	18.4814000	165.8100000	60.8600000	1434.3240851	4.0073750
-151.6866000	14.6891000	165.8100000	60.8600000	1535.1250695	4.0063750
-151.6376040	16.7378010	165.8100000	60.8600000	1483.9528695	4.0063750
-150.9149930	18.9142000	165.8100000	60.8600000	1436.9970192	4.0073750
-149.0009000	16.9890000	165.8100000	60.8600000	1506.4115105	4.0080625
