-162.025604	14.659600	153.730000	46.140000	1328.822401	4.057688	136.765412	136.765412	136.765412	4.038251	-3.027535
-162.025604	15.159600	153.730000	46.140000	1318.776681	4.056687	136.431849	136.431849	136.431849	4.037917	-3.072685
-162.025604	15.659600	153.730000	46.140000	1308.770558	4.055688	136.093095	136.093095	136.093095	4.036978	-3.117501
-162.025604	16.159600	153.730000	46.140000	1298.805199	4.054688	135.749039	135.649039	135.749039	4.033698	-3.161739
-162.025604	16.659600	153.730000	46.140000	1288.981172	4.053375	135.399572	135.399572	135.399572	4.030250	-3.205619
-162.025604	17.159600	153.730000	46.140000	1279.317274	4.051687	135.344579	135.344579	135.344579	4.034630	-2.949193
-162.025604	17.659600	153.730000	46.140000	1269.479188	4.050688	134.983947	134.983947	135.083947	4.027041	-2.992200
-162.025604	18.159600	153.730000	46.140000	1259.784091	4.049375	134.817558	134.817558	134.917558	4.023687	-2.834871
-162.025604	18.659600	153.730000	46.140000	1250.250483	4.047688	134.845295	134.845295	134.845295	4.026252	-2.477264
-162.025604	19.159600	153.730000	46.140000	1240.551454	4.046687	134.767039	134.767039	134.767039	4.022277	-2.219100
-162.025604	19.659600	153.730000	46.140000	1230.997425	4.045375	134.782668	134.782668	134.782668	4.023822	-1.860622
-162.025604	20.159600	153.730000	46.140000	1221.398956	4.044375	134.792060	134.792060	134.792060	4.022626	-1.501893
-162.025604	20.659600	153.730000	46.140000	1211.759692	4.043687	134.695090	134.695090	134.795090	4.015515	-1.242616
-162.025604	21.159600	153.730000	46.140000	1202.269186	4.042688	134.791633	134.791633	134.891633	4.014126	-0.783047
-162.025604	21.659600	153.730000	46.140000	1192.631773	4.042375	134.781562	134.781562	134.781562	4.013039	-0.423254
-162.025604	22.159600	153.730000	46.140000	1182.963639	4.042375	134.664750	134.664750	134.664750	4.009077	-0.162921
-162.025604	22.659600	153.730000	46.140000	1173.359344	4.042375	134.641067	134.541067	134.641067	4.009685	0.197684
-162.025604	23.159600	153.730000	46.140000	1163.730580	4.042688	134.510383	134.410383	134.510383	4.011041	0.458485
-162.025604	23.659600	153.730000	46.140000	1154.063453	4.043375	134.272568	134.272568	134.272568	4.006093	0.619819
-162.025604	24.159600	153.730000	46.140000	1144.574662	4.043687	134.127489	134.127489	134.127489	4.011177	0.881405
-162.025604	24.659600	153.730000	46.140000	1134.965096	4.044688	133.775015	133.775015	133.775015	4.010492	0.943160
-162.025604	25.159600	153.730000	46.140000	1125.432796	4.045687	133.515013	133.515013	133.515013	4.012640	1.105440
-162.025604	25.659600	153.730000	46.140000	1115.979587	4.046687	133.147350	133.147350	133.147350	4.012716	1.167953
-162.025604	26.159600	153.730000	46.140000	1106.419413	4.048375	132.671893	132.671893	132.671893	4.013190	1.130608
-162.025604	26.659600	153.730000	46.140000	1097.131664	4.049375	132.288511	132.288511	132.288511	4.013860	1.193783
-161.525604	14.659600	153.730000	46.140000	1337.761170	4.056687	136.374021	136.374021	136.374021	4.035941	-3.220816
-161.525604	15.159600	153.730000	46.140000	1327.745638	4.055688	136.040811	136.040811	136.040811	4.034332	-3.267646
-161.525604	15.659600	153.730000	46.140000	1317.871158	4.054375	135.702485	135.702485	135.702485	4.032137	-3.314098
-161.525604	16.159600	153.730000	46.140000	1308.156878	4.052688	135.658937	135.658937	135.658937	4.032863	-3.059966
-161.525604	16.659600	153.730000	46.140000	1298.260924	4.051687	135.310059	135.310059	135.310059	4.030179	-3.105510
-161.525604	17.159600	153.730000	46.140000	1288.507427	4.050375	135.055741	135.055741	135.055741	4.027190	-3.050698
-161.525604	17.659600	153.730000	46.140000	1278.915228	4.048687	134.995870	134.995870	134.995870	4.030055	-2.795314
-161.525604	18.159600	153.730000	46.140000	1269.149887	4.047688	134.830334	134.730334	134.830334	4.026603	-2.639633
-161.525604	18.659600	153.730000	46.140000	1259.528739	4.046375	134.759017	134.659017	134.759017	4.024444	-2.383619
-161.525604	19.159600	153.730000	46.140000	1249.857883	4.045375	134.681802	134.581802	134.681802	4.019914	-2.127043
-161.525604	19.659600	153.730000	46.140000	1240.447572	4.043687	134.898573	134.798573	134.898573	4.024914	-1.570198
-161.525604	20.159600	153.730000	46.140000	1230.666653	4.043375	134.709209	134.609209	134.709209	4.016596	-1.413042
-161.525604	20.659600	153.730000	46.140000	1221.149184	4.042375	134.713590	134.713590	134.813590	4.014499	-1.055333
-161.525604	21.159600	153.730000	46.140000	1211.592127	4.041688	134.811594	134.711594	134.811594	4.014046	-0.597382
-161.525604	21.659600	153.730000	46.140000	1201.887667	4.041688	134.703097	134.703097	134.803097	4.009803	-0.339142
-161.525604	22.159600	153.730000	46.140000	1192.245075	4.041688	134.687975	134.587975	134.687975	4.010202	0.019642
-161.525604	22.659600	153.730000	46.140000	1182.665944	4.041688	134.666103	134.566103	134.666103	4.011226	0.378641
-161.525604	23.159600	153.730000	46.140000	1172.952385	4.042375	134.437354	134.437354	134.537354	4.005963	0.537909
-161.525604	23.659600	153.730000	46.140000	1163.218967	4.043375	134.201601	134.201601	134.201601	4.005913	0.697714
-161.525604	24.159600	153.730000	46.140000	1153.754929	4.043687	134.058717	134.058717	134.058717	4.010021	0.957705
-161.525604	24.659600	153.730000	46.140000	1144.168053	4.044688	133.708573	133.708573	133.808573	4.009651	1.017946
-161.525604	25.159600	153.730000	46.140000	1134.465120	4.046375	133.251041	133.251041	133.251041	4.007748	0.978716
-161.525604	25.659600	153.730000	46.140000	1125.035140	4.047375	132.985992	132.985992	132.985992	4.010811	1.139646
-161.525604	26.159600	153.730000	46.140000	1115.685503	4.048375	132.513297	132.513297	132.613297	4.011756	1.100805
-161.525604	26.659600	153.730000	46.140000	1106.418092	4.049375	132.032828	132.032828	132.032828	4.014394	1.062487
-161.025604	14.659600	153.730000	46.140000	1346.842553	4.055375	136.086400	136.086400	136.086400	4.034563	-3.314825
-161.025604	15.159600	153.730000	46.140000	1337.082632	4.053687	135.953577	135.953577	135.953577	4.032162	-3.163299
-161.025604	15.659600	153.730000	46.140000	1327.133706	4.052688	135.515716	135.515716	135.515716	4.030545	-3.311387
-161.025604	16.159600	153.730000	46.140000	1317.326889	4.051375	135.272712	135.272712	135.272712	4.027271	-3.258926
-161.025604	16.659600	153.730000	46.140000	1307.681370	4.049688	135.224458	135.224458	135.224458	4.028604	-3.006092
-161.025604	17.159600	153.730000	46.140000	1297.855165	4.048687	134.970847	134.970847	134.970847	4.026759	-2.952895
-161.025604	17.659600	153.730000	46.140000	1288.172546	4.047375	134.811771	134.811771	134.811771	4.025886	-2.799164
-161.025604	18.159600	153.730000	46.140000	1278.652398	4.045687	134.747118	134.747118	134.747118	4.024493	-2.545085
-161.025604	18.659600	153.730000	46.140000	1268.960125	4.044688	134.676777	134.676777	134.676777	4.022201	-2.290664
-161.025604	19.159600	153.730000	46.140000	1259.315916	4.043687	134.700634	134.700634	134.700634	4.019019	-1.935727
-161.025604	19.659600	153.730000	46.140000	1249.721150	4.042688	134.718574	134.618574	134.718574	4.017816	-1.580463
-161.025604	20.159600	153.730000	46.140000	1240.177242	4.041688	134.730480	134.630480	134.730480	4.015674	-1.224879
-161.025604	20.659600	153.730000	46.140000	1230.476288	4.041375	134.636237	134.636237	134.736237	4.009457	-0.968795
-161.025604	21.159600	153.730000	46.140000	1220.737912	4.041375	134.635724	134.635724	134.635724	4.006974	-0.612405
-161.025604	21.659600	153.730000	46.140000	1211.265557	4.040687	134.728821	134.628821	134.728821	4.008018	-0.155717
-161.025604	22.159600	153.730000	46.140000	1201.442591	4.041375	134.515409	134.515409	134.615409	4.002220	0.001456
-161.025604	22.659600	153.730000	46.140000	1191.796585	4.041688	134.495365	134.395365	134.495365	4.005187	0.358914
-161.025604	23.159600	153.730000	46.140000	1182.107065	4.042375	134.368565	134.268565	134.368565	4.004793	0.616648
-161.025604	23.659600	153.730000	46.140000	1172.396516	4.043375	134.134888	134.134888	134.134888	4.004456	0.774854
-161.025604	24.159600	153.730000	46.140000	1162.758732	4.044375	133.894208	133.794208	133.894208	4.006575	0.933323
-161.025604	24.659600	153.730000	46.140000	1153.195394	4.045375	133.546401	133.546401	133.546401	4.007005	0.992049
-161.025604	25.159600	153.730000	46.140000	1143.708220	4.046375	133.191343	133.191343	133.191343	4.008941	1.051231
-161.025604	25.659600	153.730000	46.140000	1134.211399	4.047688	132.828909	132.828909	132.828909	4.010347	1.110657
-161.025604	26.159600	153.730000	46.140000	1124.882626	4.048687	132.458973	132.458973	132.458973	4.012776	1.170321
-161.025604	26.659600	153.730000	46.140000	1115.446065	4.050375	132.081411	132.081411	132.081411	4.012272	1.230425
-160.525604	14.659600	153.730000	46.140000	1356.088804	4.053687	135.802478	135.802478	135.802478	4.035234	-3.409610
-160.525604	15.159600	153.730000	46.140000	1346.129594	4.052688	135.470080	135.470080	135.470080	4.033223	-3.459728
-160.525604	15.659600	153.730000	46.140000	1336.312672	4.051375	135.232717	135.232717	135.332717	4.029676	-3.409492
-160.525604	16.159600	153.730000	46.140000	1326.657475	4.049688	135.190289	135.190289	135.190289	4.026393	-3.158660
-160.525604	16.659600	153.730000	46.140000	1316.918644	4.048375	135.042692	135.042692	135.042692	4.024363	-3.007447
-160.525604	17.159600	153.730000	46.140000	1307.342215	4.046687	134.889821	134.889821	134.889821	4.024381	-2.855908
-160.525604	17.659600	153.730000	46.140000	1297.586056	4.045687	134.731570	134.631570	134.731570	4.023812	-2.703786
-160.525604	18.159600	153.730000	46.140000	1287.974615	4.044375	134.667830	134.667830	134.667830	4.021413	-2.451306
-160.525604	18.659600	153.730000	46.140000	1278.309436	4.043375	134.598493	134.598493	134.598493	4.017397	-2.198527
-160.525604	19.159600	153.730000	46.140000	1268.692083	4.042375	134.623448	134.623448	134.723448	4.014294	-1.845176
-160.525604	19.659600	153.730000	46.140000	1259.123917	4.041375	134.642583	134.642583	134.742583	4.012555	-1.491491
-160.525604	20.159600	153.730000	46.140000	1249.509689	4.040687	134.655785	134.555785	134.755785	4.011580	-1.137533
-160.525604	20.659600	153.730000	46.140000	1239.833829	4.040375	134.662940	134.562940	134.662940	4.007570	-0.783015
-160.525604	21.159600	153.730000	46.140000	1230.119472	4.040375	134.663931	134.563931	134.663931	4.003834	-0.428183
-160.525604	21.659600	153.730000	46.140000	1220.464731	4.040375	134.558642	134.558642	134.658642	4.000845	-0.173107
-160.525604	22.159600	153.730000	46.140000	1210.777464	4.040687	134.546957	134.446957	134.646957	4.001470	0.182520
-160.525604	22.659600	153.730000	46.140000	1201.042901	4.041375	134.428755	134.328755	134.428755	4.001260	0.438440
-160.525604	23.159600	153.730000	46.140000	1191.283772	4.042375	134.303918	134.203918	134.303918	4.002449	0.694576
-160.525604	23.659600	153.730000	46.140000	1181.595297	4.043375	134.072326	134.072326	134.072326	4.002733	0.851255
-160.525604	24.159600	153.730000	46.140000	1171.979089	4.044375	133.833859	133.833859	133.833859	4.005895	1.008206
-160.525604	24.659600	153.730000	46.140000	1162.436796	4.045375	133.488394	133.488394	133.488394	4.006673	1.065347
-160.525604	25.159600	153.730000	46.140000	1152.881074	4.046687	133.135813	133.135813	133.135813	4.008039	1.123021
-160.525604	25.659600	153.730000	46.140000	1143.298288	4.048375	132.775992	132.775992	132.775992	4.010558	1.180948
-160.525604	26.159600	153.730000	46.140000	1133.990426	4.049375	132.408811	132.408811	132.408811	4.012130	1.239038
-160.525604	26.659600	153.730000	46.140000	1124.763472	4.050375	131.934150	131.934150	131.934150	4.015018	1.197653
-160.025604	14.659600	153.730000	46.140000	1365.249110	4.052375	135.522191	135.522191	135.522191	4.037248	-3.505107
-160.025604	15.159600	153.730000	46.140000	1355.547706	4.050688	135.390249	135.390249	135.490249	4.031711	-3.356909
-160.025604	15.659600	153.730000	46.140000	1345.757566	4.049375	135.253417	135.253417	135.253417	4.027178	-3.208308
-160.025604	16.159600	153.730000	46.140000	1336.129935	4.047688	135.111597	135.111597	135.111597	4.024923	-3.059105
-160.025604	16.659600	153.730000	46.140000	1326.315137	4.046687	134.864688	134.864688	134.964688	4.022491	-3.009558
-160.025604	17.159600	153.730000	46.140000	1316.644570	4.045375	134.712586	134.712586	134.712586	4.021506	-2.859632
-160.025604	17.659600	153.730000	46.140000	1307.137514	4.043687	134.655189	134.655189	134.655189	4.021801	-2.609117
-160.025604	18.159600	153.730000	46.140000	1297.451653	4.042688	134.592390	134.592390	134.592390	4.017794	-2.358286
-160.025604	18.659600	153.730000	46.140000	1287.812062	4.041688	134.524084	134.524084	134.624084	4.014271	-2.107099
-160.025604	19.159600	153.730000	46.140000	1278.220050	4.040687	134.650163	134.550163	134.650163	4.011387	-1.655335
-160.025604	19.659600	153.730000	46.140000	1268.461086	4.040375	134.570517	134.570517	134.670517	4.008573	-1.403281
-160.025604	20.159600	153.730000	46.140000	1258.872465	4.039688	134.585036	134.485036	134.685036	4.005575	-1.050895
-160.025604	20.659600	153.730000	46.140000	1249.124361	4.039688	134.593610	134.493610	134.593610	4.002348	-0.697942
-160.025604	21.159600	153.730000	46.140000	1239.434057	4.039688	134.596125	134.496125	134.596125	3.999793	-0.344728
-160.025604	21.659600	153.730000	46.140000	1229.593743	4.040375	134.492467	134.492467	134.592467	3.997562	-0.091203
-160.025604	22.159600	153.730000	46.140000	1219.930693	4.040687	134.382524	134.382524	134.482524	3.996422	0.162879
-160.025604	22.659600	153.730000	46.140000	1210.219069	4.041375	134.366178	134.266178	134.366178	3.998348	0.517195
-160.025604	23.159600	153.730000	46.140000	1200.481713	4.042375	134.243315	134.143315	134.243315	4.000761	0.771800
-160.025604	23.659600	153.730000	46.140000	1190.814529	4.043375	134.013817	134.013817	134.013817	4.002084	0.926954
-160.025604	24.159600	153.730000	46.140000	1181.127835	4.044688	133.677568	133.677568	133.677568	4.003415	0.982313
-160.025604	24.659600	153.730000	46.140000	1171.606545	4.045687	133.434450	133.334450	133.434450	4.006281	1.137943
-160.025604	25.159600	153.730000	46.140000	1161.962883	4.047375	133.084345	133.084345	133.084345	4.007897	1.194111
-160.025604	25.659600	153.730000	46.140000	1152.595007	4.048375	132.627136	132.627136	132.627136	4.011391	1.150458
-160.025604	26.159600	153.730000	46.140000	1143.217371	4.049688	132.262706	132.262706	132.262706	4.013575	1.207055
-160.025604	26.659600	153.730000	46.140000	1133.816510	4.051375	131.990936	131.990936	131.990936	4.011057	1.364183
-159.525604	14.659600	153.730000	46.140000	1374.574444	4.050688	135.345469	135.345469	135.345469	4.037400	-3.501368
-159.525604	15.159600	153.730000	46.140000	1365.006411	4.048687	135.414015	135.414015	135.414015	4.026655	-3.154813
-159.525604	15.659600	153.730000	46.140000	1355.137866	4.047688	135.177746	135.177746	135.177746	4.024276	-3.107848
-159.525604	16.159600	153.730000	46.140000	1345.413243	4.046375	134.936564	134.936564	134.936564	4.022185	-3.060318
-159.525604	16.659600	153.730000	46.140000	1335.852173	4.044688	134.890372	134.890372	134.890372	4.020595	-2.812392
-159.525604	17.159600	153.730000	46.140000	1326.104807	4.043687	134.639068	134.639068	134.639068	4.019508	-2.764079
-159.525604	17.659600	153.730000	46.140000	1316.502739	4.042375	134.582551	134.582551	134.582551	4.017892	-2.515220
-159.525604	18.159600	153.730000	46.140000	1306.842942	4.041375	134.620720	134.520720	134.620720	4.014744	-2.165988
-159.525604	18.659600	153.730000	46.140000	1297.229167	4.040375	134.453469	134.453469	134.553469	4.010394	-2.016393
-159.525604	19.159600	153.730000	46.140000	1287.563095	4.039688	134.580695	134.480695	134.680695	4.006554	-1.566267
-159.525604	19.659600	153.730000	46.140000	1277.828466	4.039375	134.602291	134.502291	134.602291	4.004634	-1.215793
-159.525604	20.159600	153.730000	46.140000	1268.048916	4.039375	134.518149	134.518149	134.618149	4.000902	-0.964977
-159.525604	20.659600	153.730000	46.140000	1258.325412	4.039375	134.528160	134.528160	134.628160	3.997629	-0.613648
-159.525604	21.159600	153.730000	46.140000	1248.659346	4.039375	134.532216	134.432216	134.532216	3.996087	-0.261992
-159.525604	21.659600	153.730000	46.140000	1238.956295	4.039688	134.430205	134.430205	134.530205	3.994610	-0.010017
-159.525604	22.159600	153.730000	46.140000	1229.200969	4.040375	134.422017	134.322017	134.422017	3.994856	0.342455
-159.525604	22.659600	153.730000	46.140000	1219.416463	4.041375	134.307539	134.307539	134.307539	3.994961	0.595232
-159.525604	23.159600	153.730000	46.140000	1209.700114	4.042375	134.186659	134.086659	134.186659	3.997644	0.848308
-159.525604	23.659600	153.730000	46.140000	1199.960702	4.043687	133.959263	133.859263	133.959263	4.001086	1.001865
-159.525604	24.159600	153.730000	46.140000	1190.183731	4.045375	133.625237	133.625237	133.625237	4.003335	1.055706
-159.525604	24.659600	153.730000	46.140000	1180.683555	4.046375	133.284467	133.284467	133.284467	4.006203	1.109824
-159.525604	25.159600	153.730000	46.140000	1171.167400	4.047688	133.036839	132.936839	133.036839	4.007260	1.264407
-159.525604	25.659600	153.730000	46.140000	1161.621288	4.049375	132.682238	132.682238	132.682238	4.009209	1.319255
-159.525604	26.159600	153.730000	46.140000	1152.351878	4.050375	132.220551	132.220551	132.220551	4.012819	1.274361
-159.525604	26.659600	153.730000	46.140000	1143.162033	4.051375	131.751663	131.751663	131.751663	4.016651	1.229914
-159.025604	14.659600	153.730000	46.140000	1384.045400	4.048687	135.372248	135.372248	135.372248	4.030440	-3.298430
-159.025604	15.159600	153.730000	46.140000	1374.271456	4.047375	135.141313	135.141313	135.141313	4.027622	-3.253518
-159.025604	15.659600	153.730000	46.140000	1364.661274	4.045687	135.105635	135.105635	135.105635	4.020858	-3.008230
-159.025604	16.159600	153.730000	46.140000	1354.857458	4.044688	134.965119	134.965119	134.965119	4.018421	-2.862329
-159.025604	16.659600	153.730000	46.140000	1345.198567	4.043375	134.819671	134.819671	134.819671	4.016618	-2.716023
-159.025604	17.159600	153.730000	46.140000	1335.704274	4.041688	134.669191	134.669191	134.669191	4.015570	-2.569370
-159.025604	17.659600	153.730000	46.140000	1326.024528	4.040687	134.613581	134.613581	134.613581	4.013538	-2.322117
-159.025604	18.159600	153.730000	46.140000	1316.389306	4.039688	134.552741	134.452741	134.652741	4.009723	-2.074483
-159.025604	18.659600	153.730000	46.140000	1306.577436	4.039375	134.586570	134.486570	134.586570	4.005869	-1.726530
-159.025604	19.159600	153.730000	46.140000	1296.936233	4.038687	134.614965	134.514965	134.714965	4.002331	-1.377989
-159.025604	19.659600	153.730000	46.140000	1287.225273	4.038375	134.637822	134.537822	134.737822	4.000191	-1.029091
-159.025604	20.159600	153.730000	46.140000	1277.468316	4.038375	134.655038	134.555038	134.655038	3.997805	-0.679901
-159.025604	20.659600	153.730000	46.140000	1267.668965	4.038687	134.566505	134.566505	134.666505	3.994379	-0.430136
-159.025604	21.159600	153.730000	46.140000	1258.025533	4.038687	134.572117	134.472117	134.572117	3.992813	-0.080036
-159.025604	21.659600	153.730000	46.140000	1248.131534	4.039688	134.471768	134.471768	134.571768	3.992732	0.170329
-159.025604	22.159600	153.730000	46.140000	1238.302320	4.040687	134.465347	134.365347	134.465347	3.992581	0.521258
-159.025604	22.659600	153.730000	46.140000	1228.539320	4.041688	134.252747	134.252747	134.352747	3.994321	0.672501
-159.025604	23.159600	153.730000	46.140000	1218.843994	4.042688	134.133858	134.133858	134.133858	3.995107	0.923981
-159.025604	23.659600	153.730000	46.140000	1209.012288	4.044375	133.908569	133.908569	133.908569	3.999386	1.076014
-159.025604	24.159600	153.730000	46.140000	1199.458516	4.045375	133.576769	133.576769	133.576769	4.003069	1.128340
-159.025604	24.659600	153.730000	46.140000	1189.885110	4.046687	133.238348	133.238348	133.238348	4.005640	1.180877
-159.025604	25.159600	153.730000	46.140000	1180.277749	4.048375	132.993194	132.993194	132.993194	4.007088	1.333956
-159.025604	25.659600	153.730000	46.140000	1170.857638	4.049688	132.541197	132.541197	132.541197	4.010408	1.287309
-159.025604	26.159600	153.730000	46.140000	1161.605798	4.050688	132.082245	132.082245	132.082245	4.014766	1.240844
-159.025604	26.659600	153.730000	46.140000	1152.237333	4.052375	131.816229	131.816229	131.816229	4.011495	1.394914
-158.525604	14.659600	153.730000	46.140000	1393.555941	4.046687	135.302462	135.302462	135.302462	4.025390	-3.196236
-158.525604	15.159600	153.730000	46.140000	1383.700400	4.045687	135.072073	135.072073	135.072073	4.024281	-3.153009
-158.525604	15.659600	153.730000	46.140000	1373.989576	4.044375	135.037014	135.037014	135.037014	4.017295	-2.909357
-158.525604	16.159600	153.730000	46.140000	1364.443499	4.042688	134.997192	134.997192	134.997192	4.013931	-2.665084
-158.525604	16.659600	153.730000	46.140000	1354.704581	4.041688	134.852514	134.752514	134.852514	4.013232	-2.520445
-158.525604	17.159600	153.730000	46.140000	1345.111593	4.040375	134.702883	134.702883	134.702883	4.012286	-2.375404
-158.525604	17.659600	153.730000	46.140000	1335.456922	4.039375	134.648204	134.548204	134.648204	4.010916	-2.129757
-158.525604	18.159600	153.730000	46.140000	1325.743929	4.038687	134.588379	134.588379	134.688379	4.005301	-1.883772
-158.525604	18.659600	153.730000	46.140000	1315.955673	4.038375	134.723308	134.623308	134.723308	4.002282	-1.437409
-158.525604	19.159600	153.730000	46.140000	1306.338691	4.037687	134.752892	134.652892	134.752892	3.999317	-1.090453
-158.525604	19.659600	153.730000	46.140000	1296.550379	4.037687	134.777031	134.677031	134.877031	3.996032	-0.743187
-158.525604	20.159600	153.730000	46.140000	1286.816093	4.037687	134.795621	134.695621	134.795621	3.994992	-0.395566
-158.525604	20.659600	153.730000	46.140000	1276.919731	4.038375	134.708559	134.708559	134.808559	3.992038	-0.147364
-158.525604	21.159600	153.730000	46.140000	1267.201066	4.038687	134.715743	134.615743	134.715743	3.990879	0.201121
-158.525604	21.659600	153.730000	46.140000	1257.327954	4.039688	134.617067	134.617067	134.617067	3.990352	0.449938
-158.525604	22.159600	153.730000	46.140000	1247.519188	4.040687	134.512425	134.512425	134.512425	3.991844	0.699324
-158.525604	22.659600	153.730000	46.140000	1237.776174	4.041688	134.301711	134.301711	134.401711	3.992754	0.848965
-158.525604	23.159600	153.730000	46.140000	1227.891535	4.043375	134.184819	134.184819	134.184819	3.995672	1.098917
-158.525604	23.659600	153.730000	46.140000	1218.191931	4.044688	133.861641	133.861641	133.861641	3.999168	1.149428
-158.525604	24.159600	153.730000	46.140000	1208.452018	4.046375	133.632070	133.632070	133.632070	4.003535	1.300166
-158.525604	24.659600	153.730000	46.140000	1198.990815	4.047375	133.295997	133.295997	133.295997	4.005596	1.351195
-158.525604	25.159600	153.730000	46.140000	1189.511054	4.048687	132.853314	132.853314	132.853314	4.008898	1.302772
-158.525604	25.659600	153.730000	46.140000	1179.998411	4.050375	132.603915	132.603915	132.603915	4.007796	1.454549
-158.525604	26.159600	153.730000	46.140000	1170.764231	4.051375	132.047690	132.047690	132.047690	4.013989	1.306596
-158.525604	26.659600	153.730000	46.140000	1161.608251	4.052375	131.584532	131.584532	131.584532	4.017642	1.259183
-158.025604	14.659600	153.730000	46.140000	1402.866862	4.045375	135.136047	135.136047	135.136047	4.025365	-3.194840
-158.025604	15.159600	153.730000	46.140000	1393.273736	4.043687	135.106231	135.106231	135.106231	4.018412	-2.953257
-158.025604	15.659600	153.730000	46.140000	1383.587476	4.042375	135.071817	135.071817	135.071817	4.012609	-2.711240
-158.025604	16.159600	153.730000	46.140000	1373.832972	4.041375	134.932714	134.932714	134.932714	4.011558	-2.568640
-158.025604	16.659600	153.730000	46.140000	1364.351159	4.039688	134.888830	134.788830	134.888830	4.009760	-2.325622
-158.025604	17.159600	153.730000	46.140000	1354.677268	4.038687	134.740072	134.740072	134.840072	4.009485	-2.182194
-158.025604	17.659600	153.730000	46.140000	1344.817220	4.038375	134.586346	134.586346	134.686346	4.008085	-2.038202
-158.025604	18.159600	153.730000	46.140000	1335.231738	4.037375	134.727556	134.627556	134.827556	4.004123	-1.593816
-158.025604	18.659600	153.730000	46.140000	1325.363116	4.037375	134.863607	134.763607	134.863607	3.999999	-1.149043
-158.025604	19.159600	153.730000	46.140000	1315.769709	4.036688	134.894399	134.794399	134.994399	3.998179	-0.803725
-158.025604	19.659600	153.730000	46.140000	1305.780598	4.037375	134.919836	134.819836	134.919836	3.994277	-0.458036
-158.025604	20.159600	153.730000	46.140000	1296.069212	4.037375	134.939817	134.839817	135.039817	3.992202	-0.111983
-158.025604	20.659600	153.730000	46.140000	1286.313234	4.037687	134.854242	134.754242	134.954242	3.989702	0.134597
-158.025604	21.159600	153.730000	46.140000	1276.397748	4.038687	134.763009	134.763009	134.863009	3.989526	0.381525
-158.025604	21.659600	153.730000	46.140000	1266.544809	4.039688	134.666017	134.666017	134.766017	3.989744	0.628795
-158.025604	22.159600	153.730000	46.140000	1256.755768	4.040687	134.563163	134.563163	134.563163	3.990025	0.876574
-158.025604	22.659600	153.730000	46.140000	1246.819923	4.042375	134.354343	134.354343	134.454343	3.992555	1.024680
-158.025604	23.159600	153.730000	46.140000	1237.068945	4.043687	134.139453	134.139453	134.139453	3.995584	1.173105
-158.025604	23.659600	153.730000	46.140000	1227.273872	4.045375	133.918389	133.918389	133.918389	3.999773	1.322022
-158.025604	24.159600	153.730000	46.140000	1217.664643	4.046687	133.591047	133.591047	133.591047	4.003568	1.371246
-158.025604	24.659600	153.730000	46.140000	1208.016145	4.048375	133.257320	133.257320	133.257320	4.006449	1.420767
-158.025604	25.159600	153.730000	46.140000	1198.647131	4.049375	132.817104	132.817104	132.817104	4.009131	1.370764
-158.025604	25.659600	153.730000	46.140000	1189.260599	4.050688	132.470295	132.470295	132.470295	4.010532	1.421045
-158.025604	26.159600	153.730000	46.140000	1180.042418	4.051687	132.016786	132.016786	132.016786	4.013330	1.371605
-158.025604	26.659600	153.730000	46.140000	1170.901751	4.052688	131.456475	131.456475	131.456475	4.020660	1.222622
-157.525604	14.659600	153.730000	46.140000	1412.343425	4.043687	135.072939	135.072939	135.172939	4.023374	-3.094272
-157.525604	15.159600	153.730000	46.140000	1402.646032	4.042375	135.043722	135.043722	135.043722	4.016845	-2.854331
-157.525604	15.659600	153.730000	46.140000	1393.114628	4.040687	135.109977	135.109977	135.209977	4.010231	-2.513993
-157.525604	16.159600	153.730000	46.140000	1383.383855	4.039688	134.971617	134.971617	135.071617	4.009564	-2.373021
-157.525604	16.659600	153.730000	46.140000	1373.693391	4.038687	134.928550	134.828550	134.928550	4.007684	-2.131622
-157.525604	17.159600	153.730000	46.140000	1364.044347	4.037687	134.880687	134.780687	134.880687	4.007922	-1.889853
-157.525604	17.659600	153.730000	46.140000	1354.437865	4.036688	134.827935	134.727935	134.927935	4.007545	-1.647467
-157.525604	18.159600	153.730000	46.140000	1344.646048	4.036375	134.970201	134.870201	134.970201	4.002093	-1.204677
-157.525604	18.659600	153.730000	46.140000	1334.799016	4.036375	135.007390	134.907390	135.107390	3.998315	-0.861546
-157.525604	19.159600	153.730000	46.140000	1325.002826	4.036375	135.039409	134.939409	135.039409	3.996840	-0.517811
-157.525604	19.659600	153.730000	46.140000	1315.156878	4.036688	135.066160	135.066160	135.166160	3.993336	-0.173696
-157.525604	20.159600	153.730000	46.140000	1305.244521	4.037375	135.087546	134.987546	135.087546	3.991217	0.170732
-157.525604	20.659600	153.730000	46.140000	1295.510423	4.037687	135.003470	134.903470	135.003470	3.989071	0.415751
-157.525604	21.159600	153.730000	46.140000	1285.614839	4.038687	134.913833	134.813833	134.913833	3.988298	0.661126
-157.525604	21.659600	153.730000	46.140000	1275.564285	4.040375	134.818535	134.718535	134.818535	3.988326	0.906788
-157.525604	22.159600	153.730000	46.140000	1265.795971	4.041375	134.617476	134.617476	134.617476	3.990362	1.053027
-157.525604	22.659600	153.730000	46.140000	1255.995351	4.042688	134.410555	134.410555	134.410555	3.992838	1.199601
-157.525604	23.159600	153.730000	46.140000	1246.146917	4.044375	134.197672	134.197672	134.197672	3.996518	1.346434
-157.525604	23.659600	153.730000	46.140000	1236.484115	4.045687	133.878724	133.878724	133.878724	4.000564	1.393831
-157.525604	24.159600	153.730000	46.140000	1226.778222	4.047375	133.553609	133.553609	133.553609	4.004611	1.441543
-157.525604	24.659600	153.730000	46.140000	1217.258975	4.048687	133.222226	133.222226	133.222226	4.006862	1.489486
-157.525604	25.159600	153.730000	46.140000	1207.701462	4.050375	132.884472	132.884472	132.884472	4.008691	1.537983
-157.525604	25.659600	153.730000	46.140000	1198.424205	4.051375	132.440244	132.440244	132.440244	4.010821	1.486774
-157.525604	26.159600	153.730000	46.140000	1189.222135	4.052375	131.889442	131.889442	131.889442	4.015910	1.335768
-157.525604	26.659600	153.730000	46.140000	1180.096881	4.053375	131.431962	131.431962	131.431962	4.018953	1.285306
-157.025604	14.659600	153.730000	46.140000	1421.965710	4.041688	135.313073	135.213073	135.313073	4.014416	-2.694481
-157.025604	15.159600	153.730000	46.140000	1412.291990	4.040375	135.284480	135.284480	135.284480	4.009975	-2.456227
-157.025604	15.659600	153.730000	46.140000	1402.546259	4.039375	135.151428	135.151428	135.151428	4.007390	-2.317523
-157.025604	16.159600	153.730000	46.140000	1392.839521	4.038375	135.113833	135.113833	135.113833	4.006695	-2.078179
-157.025604	16.659600	153.730000	46.140000	1383.172848	4.037375	135.071606	135.071606	135.171606	4.006751	-1.838447
-157.025604	17.159600	153.730000	46.140000	1373.547340	4.036375	135.024658	134.924658	135.124658	4.006462	-1.598290
-157.025604	17.659600	153.730000	46.140000	1363.858504	4.035687	134.972899	134.872899	135.072899	4.007537	-1.357508
-157.025604	18.159600	153.730000	46.140000	1353.983860	4.035687	135.016239	134.916239	135.116239	4.001007	-1.016367
-157.025604	18.659600	153.730000	46.140000	1344.158547	4.035687	135.054585	135.054585	135.154585	3.997538	-0.674824
-157.025604	19.159600	153.730000	46.140000	1334.383743	4.035687	135.187845	135.087845	135.287845	3.995699	-0.232672
-157.025604	19.659600	153.730000	46.140000	1324.435030	4.036375	135.215925	135.115925	135.315925	3.991713	0.109812
-157.025604	20.159600	153.730000	46.140000	1314.440887	4.037375	135.138730	135.138730	135.238730	3.990535	0.352674
-157.025604	20.659600	153.730000	46.140000	1304.727991	4.037687	135.056165	134.956165	135.156165	3.988690	0.596132
-157.025604	21.159600	153.730000	46.140000	1294.631236	4.039375	134.968133	134.968133	134.968133	3.987460	0.839893
-157.025604	21.659600	153.730000	46.140000	1284.818257	4.040375	134.874537	134.874537	134.874537	3.988801	1.084010
-157.025604	22.159600	153.730000	46.140000	1274.969656	4.041688	134.675280	134.675280	134.675280	3.990342	1.228709
-157.025604	22.659600	153.730000	46.140000	1265.069588	4.043375	134.470264	134.470264	134.470264	3.993471	1.373685
-157.025604	23.159600	153.730000	46.140000	1255.355017	4.044688	134.159390	134.159390	134.159390	3.997235	1.418993
-157.025604	23.659600	153.730000	46.140000	1245.593604	4.046375	133.842558	133.842558	133.842558	4.001148	1.464872
-157.025604	24.159600	153.730000	46.140000	1236.018579	4.047688	133.519670	133.519670	133.519670	4.005495	1.511000
-157.025604	24.659600	153.730000	46.140000	1226.401434	4.049375	133.090626	133.090626	133.090626	4.008674	1.457439
-157.025604	25.159600	153.730000	46.140000	1217.065619	4.050375	132.755326	132.755326	132.755326	4.009927	1.504438
-157.025604	25.659600	153.730000	46.140000	1207.709607	4.051687	132.313671	132.313671	132.313671	4.012508	1.451657
-157.025604	26.159600	153.730000	46.140000	1198.522013	4.052688	131.765562	131.765562	131.765562	4.017992	1.299168
-157.025604	26.659600	153.730000	46.140000	1189.410541	4.053687	131.310900	131.310900	131.310900	4.021053	1.247227
-156.525604	14.659600	153.730000	46.140000	1431.381042	4.040375	135.256389	135.256389	135.256389	4.017133	-2.595523
-156.525604	15.159600	153.730000	46.140000	1421.864029	4.038687	135.428441	135.428441	135.428441	4.005731	-2.158913
-156.525604	15.659600	153.730000	46.140000	1412.141135	4.037687	135.396105	135.296105	135.396105	4.004438	-1.921843
-156.525604	16.159600	153.730000	46.140000	1402.456997	4.036688	135.359296	135.259296	135.359296	4.004061	-1.684174
-156.525604	16.659600	153.730000	46.140000	1392.812676	4.035687	135.217928	135.117928	135.317928	4.005056	-1.546062
-156.525604	17.159600	153.730000	46.140000	1382.973602	4.035375	135.171914	135.071914	135.271914	4.005686	-1.307515
-156.525604	17.659600	153.730000	46.140000	1373.073425	4.035375	135.121168	135.021168	135.221168	4.004748	-1.068389
-156.525604	18.159600	153.730000	46.140000	1363.453401	4.034688	135.265599	135.165599	135.365599	4.000958	-0.628844
-156.525604	18.659600	153.730000	46.140000	1353.417800	4.035375	135.305118	135.205118	135.405118	3.996586	-0.288890
-156.525604	19.159600	153.730000	46.140000	1343.664649	4.035375	135.339634	135.239634	135.439634	3.995508	0.051625
-156.525604	19.659600	153.730000	46.140000	1333.632363	4.036375	135.369057	135.269057	135.369057	3.991256	0.392534
-156.525604	20.159600	153.730000	46.140000	1323.657590	4.037375	135.293292	135.193292	135.293292	3.990008	0.633830
-156.525604	20.659600	153.730000	46.140000	1313.741532	4.038375	135.112248	135.112248	135.212248	3.988280	0.775667
-156.525604	21.159600	153.730000	46.140000	1303.885420	4.039375	135.025830	135.025830	135.125830	3.988296	1.017876
-156.525604	21.659600	153.730000	46.140000	1293.990432	4.040687	134.933944	134.833944	134.933944	3.988803	1.260448
-156.525604	22.159600	153.730000	46.140000	1284.040384	4.042375	134.736494	134.736494	134.736494	3.990550	1.403543
-156.525604	22.659600	153.730000	46.140000	1274.275774	4.043687	134.433386	134.433386	134.433386	3.993641	1.446986
-156.525604	23.159600	153.730000	46.140000	1264.460638	4.045375	134.124521	134.124521	134.124521	3.997695	1.490772
-156.525604	23.659600	153.730000	46.140000	1254.831712	4.046687	133.809805	133.809805	133.809805	4.002738	1.535061
-156.525604	24.159600	153.730000	46.140000	1245.156884	4.048375	133.389141	133.389141	133.389141	4.006492	1.479677
-156.525604	24.659600	153.730000	46.140000	1235.669189	4.049688	133.062431	133.062431	133.062431	4.009361	1.524614
-156.525604	25.159600	153.730000	46.140000	1226.140312	4.051375	132.729578	132.629578	132.729578	4.009954	1.570036
-156.525604	25.659600	153.730000	46.140000	1216.893480	4.052375	132.190486	132.190486	132.190486	4.014415	1.415765
-156.525604	26.159600	153.730000	46.140000	1207.720495	4.053375	131.745059	131.745059	131.745059	4.016893	1.361793
-156.525604	26.659600	153.730000	46.140000	1198.622929	4.054375	131.293199	131.293199	131.293199	4.018992	1.308288
-156.025604	14.659600	153.730000	46.140000	1440.962645	4.038687	135.402824	135.402824	135.502824	4.014694	-2.297419
-156.025604	15.159600	153.730000	46.140000	1431.336930	4.037375	135.575543	135.575543	135.575543	4.005052	-1.862451
-156.025604	15.659600	153.730000	46.140000	1421.637191	4.036375	135.543943	135.443943	135.543943	4.003043	-1.627061
-156.025604	16.159600	153.730000	46.140000	1411.866621	4.035687	135.407940	135.407940	135.507940	4.004829	-1.491019
-156.025604	16.659600	153.730000	46.140000	1402.245660	4.034688	135.367450	135.267450	135.467450	4.003713	-1.254525
-156.025604	17.159600	153.730000	46.140000	1392.320149	4.034688	135.322390	135.222390	135.422390	4.005889	-1.017638
-156.025604	17.659600	153.730000	46.140000	1382.548175	4.034375	135.372672	135.272672	135.472672	4.005107	-0.680116
-156.025604	18.159600	153.730000	46.140000	1372.715899	4.034375	135.418210	135.318210	135.518210	4.000579	-0.342166
-156.025604	18.659600	153.730000	46.140000	1362.826726	4.034688	135.458916	135.358916	135.558916	3.996876	-0.003852
-156.025604	19.159600	153.730000	46.140000	1352.863164	4.035375	135.494703	135.394703	135.594703	3.993798	0.335082
-156.025604	19.659600	153.730000	46.140000	1342.849989	4.036375	135.425479	135.425479	135.525479	3.991054	0.574419
-156.025604	20.159600	153.730000	46.140000	1332.893923	4.037375	135.351156	135.351156	135.451156	3.989926	0.814092
-156.025604	20.659600	153.730000	46.140000	1322.996152	4.038375	135.271643	135.171643	135.271643	3.988947	1.054371
-156.025604	21.159600	153.730000	46.140000	1313.056306	4.039688	135.086846	135.086846	135.086846	3.988535	1.195029
-156.025604	21.659600	153.730000	46.140000	1303.057867	4.041375	134.896676	134.896676	134.896676	3.989443	1.335996
-156.025604	22.159600	153.730000	46.140000	1293.244879	4.042688	134.701038	134.701038	134.701038	3.991300	1.477554
-156.025604	22.659600	153.730000	46.140000	1283.377743	4.044375	134.399839	134.399839	134.399839	3.994617	1.519469
-156.025604	23.159600	153.730000	46.140000	1273.480308	4.046375	134.092985	134.092985	134.092985	3.999103	1.561665
-156.025604	23.659600	153.730000	46.140000	1263.966071	4.047375	133.780383	133.680383	133.780383	4.004260	1.604439
-156.025604	24.159600	153.730000	46.140000	1254.209366	4.049375	133.361939	133.361939	133.361939	4.008090	1.547548
-156.025604	24.659600	153.730000	46.140000	1244.833614	4.050375	132.937557	132.937557	132.937557	4.011211	1.490910
-156.025604	25.159600	153.730000	46.140000	1235.528051	4.051375	132.507143	132.507143	132.507143	4.013842	1.434838
-156.025604	25.659600	153.730000	46.140000	1226.199595	4.052688	132.070603	132.070603	132.070603	4.016034	1.379080
-156.025604	26.159600	153.730000	46.140000	1217.039610	4.053687	131.627843	131.627843	131.627843	4.018872	1.323548
-156.025604	26.659600	153.730000	46.140000	1208.047451	4.054375	131.078769	131.078769	131.078769	4.025152	1.168568
-155.525604	14.659600	153.730000	46.140000	1450.443173	4.037375	135.652317	135.652317	135.652317	4.011988	-1.900127
-155.525604	15.159600	153.730000	46.140000	1440.729523	4.036375	135.625724	135.625724	135.725724	4.008725	-1.666846
-155.525604	15.659600	153.730000	46.140000	1431.053106	4.035375	135.694879	135.594879	135.694879	4.004895	-1.333091
-155.525604	16.159600	153.730000	46.140000	1421.304840	4.034688	135.659701	135.559701	135.659701	4.004471	-1.098676
-155.525604	16.659600	153.730000	46.140000	1411.466096	4.034375	135.520107	135.420107	135.620107	4.005768	-0.963849
-155.525604	17.159600	153.730000	46.140000	1401.801216	4.033688	135.576016	135.476016	135.676016	4.005579	-0.628572
-155.525604	17.659600	153.730000	46.140000	1391.941908	4.033688	135.527343	135.427343	135.627343	4.005172	-0.392653
-155.525604	18.159600	153.730000	46.140000	1381.894292	4.034375	135.474002	135.474002	135.574002	4.000237	-0.156351
-155.525604	18.659600	153.730000	46.140000	1372.025915	4.034688	135.515910	135.515910	135.615910	3.997281	0.180377
-155.525604	19.159600	153.730000	46.140000	1362.081921	4.035375	135.552978	135.552978	135.652978	3.994390	0.517730
-155.525604	19.659600	153.730000	46.140000	1352.087207	4.036375	135.585120	135.485120	135.585120	3.992293	0.855438
-155.525604	20.159600	153.730000	46.140000	1342.149194	4.037375	135.512248	135.412248	135.512248	3.990755	1.093548
-155.525604	20.659600	153.730000	46.140000	1332.165961	4.038687	135.334273	135.234273	135.334273	3.990163	1.232268
-155.525604	21.159600	153.730000	46.140000	1322.120658	4.040375	135.151105	135.151105	135.151105	3.990127	1.371315
-155.525604	21.659600	153.730000	46.140000	1312.260885	4.041688	134.962655	134.962655	134.962655	3.991237	1.510740
-155.525604	22.159600	153.730000	46.140000	1302.343402	4.043375	134.668831	134.668831	134.668831	3.993295	1.550762
-155.525604	22.659600	153.730000	46.140000	1292.392324	4.045375	134.469543	134.469543	134.469543	3.996881	1.691081
-155.525604	23.159600	153.730000	46.140000	1282.728262	4.046687	134.064700	134.064700	134.064700	4.000372	1.631757
-155.525604	23.659600	153.730000	46.140000	1273.013209	4.048375	133.654210	133.654210	133.654210	4.005709	1.573016
-155.525604	24.159600	153.730000	46.140000	1263.582793	4.049375	133.237980	133.237980	133.237980	4.009426	1.514545
-155.525604	24.659600	153.730000	46.140000	1254.123761	4.050688	132.815919	132.815919	132.815919	4.012739	1.456408
-155.525604	25.159600	153.730000	46.140000	1244.620613	4.052375	132.487935	132.487935	132.487935	4.014187	1.498841
-155.525604	25.659600	153.730000	46.140000	1235.401289	4.053375	132.053935	132.053935	132.053935	4.016073	1.441517
-155.525604	26.159600	153.730000	46.140000	1226.254458	4.054375	131.613829	131.613829	131.613829	4.017509	1.384507
-155.525604	26.659600	153.730000	46.140000	1217.388017	4.054688	130.967524	130.967524	130.967524	4.026834	1.128054
-155.025604	14.659600	153.730000	46.140000	1460.090447	4.035687	135.904807	135.904807	136.004807	4.008160	-1.503703
-155.025604	15.159600	153.730000	46.140000	1450.398234	4.034688	135.978921	135.978921	136.078921	4.003872	-1.172066
-155.025604	15.659600	153.730000	46.140000	1440.497486	4.034375	135.848850	135.748850	135.848850	4.005446	-1.039944
-155.025604	16.159600	153.730000	46.140000	1430.770957	4.033688	135.814514	135.814514	135.914514	4.006447	-0.807204
-155.025604	16.659600	153.730000	46.140000	1420.952750	4.033375	135.775834	135.675834	135.875834	4.007349	-0.573995
-155.025604	17.159600	153.730000	46.140000	1411.068461	4.033375	135.732728	135.632728	135.832728	4.007180	-0.340328
-155.025604	17.659600	153.730000	46.140000	1401.121427	4.033688	135.585113	135.485113	135.685113	4.007040	-0.206064
-155.025604	18.159600	153.730000	46.140000	1391.093492	4.034375	135.732908	135.632908	135.732908	4.002013	0.228643
-155.025604	18.659600	153.730000	46.140000	1381.245287	4.034688	135.776029	135.676029	135.776029	3.998960	0.563784
-155.025604	19.159600	153.730000	46.140000	1371.214040	4.035687	135.714391	135.714391	135.814391	3.996366	0.799502
-155.025604	19.659600	153.730000	46.140000	1361.237946	4.036688	135.647908	135.547908	135.647908	3.993571	1.035638
-155.025604	20.159600	153.730000	46.140000	1351.318131	4.037687	135.476495	135.476495	135.576495	3.991906	1.172184
-155.025604	20.659600	153.730000	46.140000	1341.227432	4.039375	135.400065	135.300065	135.400065	3.991126	1.409286
-155.025604	21.159600	153.730000	46.140000	1331.322405	4.040687	135.118531	135.118531	135.218531	3.991023	1.446783
-155.025604	21.659600	153.730000	46.140000	1321.356163	4.042375	134.931804	134.931804	134.931804	3.993234	1.584666
-155.025604	22.159600	153.730000	46.140000	1311.353089	4.044375	134.739798	134.739798	134.739798	3.995557	1.723087
-155.025604	22.659600	153.730000	46.140000	1301.638512	4.045687	134.342422	134.342422	134.342422	3.998842	1.661878
-155.025604	23.159600	153.730000	46.140000	1291.869310	4.047375	134.039587	134.039587	134.039587	4.002927	1.701034
-155.025604	23.659600	153.730000	46.140000	1282.287114	4.048687	133.631204	133.531204	133.631204	4.008333	1.640707
-155.025604	24.159600	153.730000	46.140000	1272.654777	4.050375	133.217184	133.217184	133.217184	4.010987	1.580730
-155.025604	24.659600	153.730000	46.140000	1263.307675	4.051375	132.797437	132.797437	132.797437	4.014343	1.521094
-155.025604	25.159600	153.730000	46.140000	1254.029503	4.052375	132.371872	132.371872	132.371872	4.016429	1.461957
-155.025604	25.659600	153.730000	46.140000	1244.821693	4.053375	131.840400	131.840400	131.840400	4.020668	1.303147
-155.025604	26.159600	153.730000	46.140000	1235.685704	4.054375	131.402933	131.402933	131.402933	4.022955	1.244658
-155.025604	26.659600	153.730000	46.140000	1226.623028	4.055375	130.959380	130.959380	130.959380	4.025803	1.186648
-154.525604	14.659600	153.730000	46.140000	1469.519571	4.034688	136.160236	136.160236	136.160236	4.009849	-1.108162
-154.525604	15.159600	153.730000	46.140000	1459.849845	4.033688	136.235075	136.235075	136.335075	4.006716	-0.778166
-154.525604	15.659600	153.730000	46.140000	1449.969642	4.033375	136.205795	136.105795	136.205795	4.005009	-0.547724
-154.525604	16.159600	153.730000	46.140000	1440.018793	4.033375	136.072318	135.972318	136.072318	4.006930	-0.416610
-154.525604	16.659600	153.730000	46.140000	1430.111388	4.033375	135.934566	135.834566	136.034566	4.008751	-0.285019
-154.525604	17.159600	153.730000	46.140000	1420.248431	4.033375	135.792459	135.792459	135.892459	4.009582	-0.153011
-154.525604	17.659600	153.730000	46.140000	1410.430949	4.033375	135.745917	135.745917	135.845917	4.009606	0.079651
-154.525604	18.159600	153.730000	46.140000	1400.312813	4.034375	135.794860	135.794860	135.894860	4.004143	0.412765
-154.525604	18.659600	153.730000	46.140000	1390.484162	4.034688	135.839205	135.739205	135.939205	4.000693	0.746267
-154.525604	19.159600	153.730000	46.140000	1380.470506	4.035687	135.778870	135.778870	135.878870	3.998174	0.980406
-154.525604	19.659600	153.730000	46.140000	1370.278222	4.037375	135.713771	135.713771	135.713771	3.995898	1.214973
-154.525604	20.159600	153.730000	46.140000	1360.376912	4.038375	135.543825	135.543825	135.543825	3.993951	1.349898
-154.525604	20.659600	153.730000	46.140000	1350.428105	4.039688	135.368946	135.368946	135.368946	3.992828	1.485445
-154.525604	21.159600	153.730000	46.140000	1340.414630	4.041375	135.189050	135.189050	135.189050	3.993691	1.621395
-154.525604	21.659600	153.730000	46.140000	1330.361142	4.043375	135.004051	135.004051	135.004051	3.995093	1.757676
-154.525604	22.159600	153.730000	46.140000	1320.597705	4.044688	134.713862	134.713862	134.713862	3.998604	1.794563
-154.525604	22.659600	153.730000	46.140000	1310.776070	4.046375	134.318397	134.318397	134.318397	4.001658	1.731830
-154.525604	23.159600	153.730000	46.140000	1301.141389	4.047688	133.917568	133.917568	133.917568	4.005830	1.669400
-154.525604	23.659600	153.730000	46.140000	1291.452908	4.049375	133.511289	133.511289	133.511289	4.010200	1.607562
-154.525604	24.159600	153.730000	46.140000	1281.952060	4.050688	133.099472	133.099472	133.099472	4.013342	1.546082
-154.525604	24.659600	153.730000	46.140000	1272.617794	4.051687	132.682030	132.682030	132.682030	4.015934	1.484877
-154.525604	25.159600	153.730000	46.140000	1263.137552	4.053375	132.258874	132.258874	132.258874	4.019010	1.424249
-154.525604	25.659600	153.730000	46.140000	1254.155572	4.053687	131.729917	131.729917	131.729917	4.022778	1.263957
-154.525604	26.159600	153.730000	46.140000	1245.030456	4.054688	131.295073	131.295073	131.295073	4.025469	1.203914
-154.525604	26.659600	153.730000	46.140000	1236.073191	4.055375	130.754254	130.754254	130.754254	4.031256	1.044435
-154.025604	14.659600	153.730000	46.140000	1478.976891	4.033688	136.418545	136.418545	136.418545	4.011221	-0.713466
-154.025604	15.159600	153.730000	46.140000	1469.078663	4.033375	136.394126	136.294126	136.394126	4.008445	-0.485159
-154.025604	15.659600	153.730000	46.140000	1459.355802	4.032687	136.365652	136.365652	136.465652	4.008327	-0.256350
-154.025604	16.159600	153.730000	46.140000	1449.424654	4.032687	136.333049	136.233049	136.333049	4.009196	-0.026862
-154.025604	16.659600	153.730000	46.140000	1439.536638	4.032687	136.096240	136.096240	136.196240	4.011722	0.003062
-154.025604	17.159600	153.730000	46.140000	1429.449053	4.033375	135.955146	135.955146	136.055146	4.011606	0.133462
-154.025604	17.659600	153.730000	46.140000	1419.541983	4.033688	135.909690	135.809690	136.009690	4.011194	0.364523
-154.025604	18.159600	153.730000	46.140000	1409.551579	4.034375	135.959791	135.959791	136.059791	4.006935	0.695990
-154.025604	18.659600	153.730000	46.140000	1399.503399	4.035375	136.005371	135.905371	136.005371	4.003148	1.027907
-154.025604	19.159600	153.730000	46.140000	1389.508474	4.036375	135.846348	135.846348	135.946348	4.000823	1.160469
-154.025604	19.659600	153.730000	46.140000	1379.461098	4.037687	135.782641	135.682641	135.782641	3.998611	1.393408
-154.025604	20.159600	153.730000	46.140000	1369.343602	4.039375	135.614167	135.614167	135.614167	3.997334	1.526772
-154.025604	20.659600	153.730000	46.140000	1359.412319	4.040687	135.440845	135.440845	135.440845	3.996269	1.660764
-154.025604	21.159600	153.730000	46.140000	1349.415083	4.042375	135.262591	135.262591	135.262591	3.996690	1.795105
-154.025604	21.659600	153.730000	46.140000	1339.604376	4.043687	134.979320	134.979320	134.979320	3.998478	1.829848
-154.025604	22.159600	153.730000	46.140000	1329.731955	4.045375	134.590949	134.590949	134.590949	4.001244	1.765202
-154.025604	22.659600	153.730000	46.140000	1319.822279	4.047375	134.297394	134.297394	134.297394	4.005446	1.800878
-154.025604	23.159600	153.730000	46.140000	1310.303657	4.048375	133.898568	133.898568	133.898568	4.008992	1.736932
-154.025604	23.659600	153.730000	46.140000	1300.748353	4.049688	133.394388	133.394388	133.394388	4.013296	1.573583
-154.025604	24.159600	153.730000	46.140000	1291.140044	4.051375	132.984767	132.984767	132.984767	4.016413	1.510527
-154.025604	24.659600	153.730000	46.140000	1281.818827	4.052375	132.569620	132.569620	132.569620	4.019109	1.447827
-154.025604	25.159600	153.730000	46.140000	1272.565272	4.053375	132.148861	132.148861	132.148861	4.021694	1.385711
-154.025604	25.659600	153.730000	46.140000	1263.380760	4.054375	131.722407	131.722407	131.722407	4.023569	1.323859
-154.025604	26.159600	153.730000	46.140000	1254.266701	4.055375	131.290170	131.290170	131.290170	4.025489	1.262342
-154.025604	26.659600	153.730000	46.140000	1245.435619	4.055688	130.652066	130.652066	130.652066	4.034646	1.001395
-153.525604	14.659600	153.730000	46.140000	1488.461740	4.032687	136.779675	136.679675	136.779675	4.008429	-0.219675
-153.525604	15.159600	153.730000	46.140000	1478.468658	4.032687	136.656013	136.556013	136.656013	4.010016	-0.093010
-153.525604	15.659600	153.730000	46.140000	1468.630297	4.032375	136.628362	136.528362	136.628362	4.010222	0.134166
-153.525604	16.159600	153.730000	46.140000	1458.719208	4.032375	136.496648	136.396648	136.596648	4.012457	0.261979
-153.525604	16.659600	153.730000	46.140000	1448.738652	4.032687	136.260794	136.260794	136.360794	4.013870	0.290286
-153.525604	17.159600	153.730000	46.140000	1438.669656	4.033375	136.220726	136.120726	136.220726	4.014067	0.519077
-153.525604	17.659600	153.730000	46.140000	1428.781675	4.033688	136.076366	135.976366	136.176366	4.013910	0.648484
-153.525604	18.159600	153.730000	46.140000	1418.699237	4.034688	136.127637	136.027637	136.227637	4.009524	0.978359
-153.525604	18.659600	153.730000	46.140000	1408.668615	4.035687	136.074460	135.974460	136.074460	4.005809	1.208692
-153.525604	19.159600	153.730000	46.140000	1398.452666	4.037375	136.016757	135.916757	136.016757	4.003449	1.439619
-153.525604	19.659600	153.730000	46.140000	1388.530537	4.038375	135.854449	135.854449	135.854449	4.002091	1.570989
-153.525604	20.159600	153.730000	46.140000	1378.556721	4.039688	135.687454	135.587454	135.687454	4.000999	1.702792
-153.525604	20.659600	153.730000	46.140000	1368.513564	4.041375	135.515692	135.515692	135.515692	4.000257	1.835169
-153.525604	21.159600	153.730000	46.140000	1358.657116	4.042688	135.239081	135.239081	135.239081	4.000490	1.867964
-153.525604	21.659600	153.730000	46.140000	1348.735492	4.044375	134.957541	134.957541	134.957541	4.002236	1.901169
-153.525604	22.159600	153.730000	46.140000	1338.773421	4.046375	134.570988	134.570988	134.570988	4.004815	1.834926
-153.525604	22.659600	153.730000	46.140000	1329.102792	4.047688	134.179339	134.179339	134.179339	4.008680	1.769077
-153.525604	23.159600	153.730000	46.140000	1319.373392	4.049375	133.782513	133.782513	133.782513	4.012594	1.703616
-153.525604	23.659600	153.730000	46.140000	1309.932821	4.050375	133.280425	133.280425	133.380425	4.016462	1.538686
-153.525604	24.159600	153.730000	46.140000	1300.456335	4.051687	132.872992	132.872992	132.872992	4.019010	1.474128
-153.525604	24.659600	153.730000	46.140000	1291.146604	4.052688	132.460131	132.460131	132.460131	4.021981	1.409934
-153.525604	25.159600	153.730000	46.140000	1281.903899	4.053687	132.041758	132.041758	132.041758	4.024591	1.346252
-153.525604	25.659600	153.730000	46.140000	1272.729579	4.054688	131.617791	131.617791	131.617791	4.026781	1.282919
-153.525604	26.159600	153.730000	46.140000	1263.722403	4.055375	131.088145	131.088145	131.088145	4.031708	1.119930
-153.525604	26.659600	153.730000	46.140000	1254.688319	4.056375	130.652738	130.652738	130.652738	4.034592	1.057432
-153.025604	14.659600	153.730000	46.140000	1497.718065	4.032375	136.943569	136.943569	136.943569	4.014266	0.073205
-153.025604	15.159600	153.730000	46.140000	1487.745100	4.032375	136.820680	136.820680	136.920680	4.016139	0.198229
-153.025604	15.659600	153.730000	46.140000	1477.812743	4.032375	136.793865	136.693865	136.793865	4.013985	0.423724
-153.025604	16.159600	153.730000	46.140000	1467.921915	4.032375	136.663052	136.563052	136.763052	4.016134	0.549913
-153.025604	16.659600	153.730000	46.140000	1457.960573	4.032687	136.528167	136.428167	136.628167	4.016716	0.676604
-153.025604	17.159600	153.730000	46.140000	1447.909582	4.033375	136.389136	136.289136	136.489136	4.017523	0.803737
-153.025604	17.659600	153.730000	46.140000	1437.795045	4.034375	136.245883	136.245883	136.345883	4.016982	0.931544
-153.025604	18.159600	153.730000	46.140000	1427.730926	4.035375	136.298332	136.198332	136.298332	4.013378	1.259828
-153.025604	18.659600	153.730000	46.140000	1417.718217	4.036375	136.146408	136.146408	136.246408	4.010287	1.388523
-153.025604	19.159600	153.730000	46.140000	1407.648978	4.037687	136.090032	136.090032	136.090032	4.007906	1.617875
-153.025604	19.659600	153.730000	46.140000	1397.505058	4.039375	135.929128	135.929128	135.929128	4.006496	1.747677
-153.025604	20.159600	153.730000	46.140000	1387.547967	4.040687	135.763616	135.763616	135.763616	4.005333	1.877863
-153.025604	20.659600	153.730000	46.140000	1377.520254	4.042375	135.493417	135.493417	135.493417	4.004786	1.908688
-153.025604	21.159600	153.730000	46.140000	1367.679562	4.043687	135.218453	135.218453	135.218453	4.005473	1.939939
-153.025604	21.659600	153.730000	46.140000	1357.772378	4.045375	134.838642	134.838642	134.838642	4.006038	1.871545
-153.025604	22.159600	153.730000	46.140000	1348.052526	4.046687	134.553905	134.553905	134.553905	4.009087	1.903773
-153.025604	22.659600	153.730000	46.140000	1338.270378	4.048375	134.164161	134.064161	134.164161	4.012540	1.836404
-153.025604	23.159600	153.730000	46.140000	1328.675998	4.049688	133.669329	133.669329	133.669329	4.016395	1.669361
-153.025604	23.659600	153.730000	46.140000	1319.023593	4.051375	133.269327	133.269327	133.269327	4.020419	1.602924
-153.025604	24.159600	153.730000	46.140000	1309.660504	4.052375	132.864074	132.764074	132.864074	4.022469	1.536868
-153.025604	24.659600	153.730000	46.140000	1300.362488	4.053375	132.353488	132.353488	132.353488	4.025196	1.371110
-153.025604	25.159600	153.730000	46.140000	1291.130854	4.054375	131.937489	131.937489	131.937489	4.027821	1.305943
-153.025604	25.659600	153.730000	46.140000	1281.966938	4.055375	131.615994	131.515994	131.615994	4.028024	1.341134
-153.025604	26.159600	153.730000	46.140000	1273.087870	4.055688	130.988923	130.988923	130.988923	4.035721	1.076596
-153.025604	26.659600	153.730000	46.140000	1264.159304	4.056375	130.456194	130.456194	130.456194	4.042421	0.912634
-152.525604	14.659600	153.730000	46.140000	1506.880531	4.032375	137.110170	137.010170	137.110170	4.019865	0.365204
-152.525604	15.159600	153.730000	46.140000	1496.927910	4.032375	137.088068	136.988068	137.088068	4.019531	0.588539
-152.525604	15.659600	153.730000	46.140000	1487.015578	4.032375	136.962103	136.962103	137.062103	4.019131	0.712402
-152.525604	16.159600	153.730000	46.140000	1477.029981	4.032687	136.832204	136.832204	136.932204	4.020835	0.836967
-152.525604	16.659600	153.730000	46.140000	1466.951662	4.033375	136.698299	136.598299	136.698299	4.021585	0.961992
-152.525604	17.159600	153.730000	46.140000	1456.806994	4.034375	136.460315	136.460315	136.560315	4.021100	0.987518
-152.525604	17.659600	153.730000	46.140000	1446.957899	4.034688	136.418178	136.418178	136.518178	4.019497	1.213725
-152.525604	18.159600	153.730000	46.140000	1436.665790	4.036375	136.371815	136.371815	136.371815	4.017158	1.440364
-152.525604	18.659600	153.730000	46.140000	1426.671192	4.037375	136.221150	136.221150	136.321150	4.013901	1.567477
-152.525604	19.159600	153.730000	46.140000	1416.728589	4.038375	136.166108	136.066108	136.166108	4.012310	1.795253
-152.525604	19.659600	153.730000	46.140000	1406.490809	4.040375	136.006612	136.006612	136.006612	4.010270	1.923431
-152.525604	20.159600	153.730000	46.140000	1396.657808	4.041375	135.742587	135.742587	135.742587	4.009256	1.952059
-152.525604	20.659600	153.730000	46.140000	1386.536922	4.043375	135.473954	135.473954	135.473954	4.009170	1.981332
-152.525604	21.159600	153.730000	46.140000	1376.711353	4.044688	135.200636	135.200636	135.200636	4.009786	2.010978
-152.525604	21.659600	153.730000	46.140000	1366.817970	4.046375	134.822555	134.822555	134.822555	4.011022	1.941049
-152.525604	22.159600	153.730000	46.140000	1357.112195	4.047688	134.439633	134.439633	134.439633	4.013150	1.871749
-152.525604	22.659600	153.730000	46.140000	1347.342764	4.049375	134.051789	134.051789	134.051789	4.016960	1.802792
-152.525604	23.159600	153.730000	46.140000	1337.864554	4.050375	133.558945	133.558945	133.558945	4.020509	1.634237
-152.525604	23.659600	153.730000	46.140000	1328.345846	4.051687	133.161022	133.161022	133.161022	4.024681	1.566295
-152.525604	24.159600	153.730000	46.140000	1318.993547	4.052688	132.757939	132.657939	132.757939	4.026443	1.498669
-152.525604	24.659600	153.730000	46.140000	1309.705705	4.053687	132.349619	132.249619	132.349619	4.028021	1.431421
-152.525604	25.159600	153.730000	46.140000	1300.483605	4.054688	131.935979	131.935979	131.935979	4.030107	1.364770
-152.525604	25.659600	153.730000	46.140000	1291.428069	4.055375	131.416942	131.416942	131.416942	4.033889	1.198408
-152.525604	26.159600	153.730000	46.140000	1282.340693	4.056375	130.992428	130.992428	130.992428	4.036960	1.132402
-152.525604	26.659600	153.730000	46.140000	1273.323084	4.057375	130.562358	130.562358	130.562358	4.040339	1.066978
-152.025604	14.659600	153.730000	46.140000	1516.322363	4.031688	137.479423	137.479423	137.579423	4.018048	0.856262
-152.025604	15.159600	153.730000	46.140000	1506.131015	4.032375	137.258121	137.258121	137.358121	4.022532	0.877956
-152.025604	15.659600	153.730000	46.140000	1496.122209	4.032687	137.133017	137.133017	137.233017	4.024066	1.000187
-152.025604	16.159600	153.730000	46.140000	1486.017645	4.033375	137.004044	137.004044	137.004044	4.024736	1.123077
-152.025604	16.659600	153.730000	46.140000	1476.095508	4.033688	136.871129	136.771129	136.871129	4.025081	1.246487
-152.025604	17.159600	153.730000	46.140000	1465.967782	4.034688	136.634202	136.634202	136.734202	4.025054	1.270406
-152.025604	17.659600	153.730000	46.140000	1455.888729	4.035687	136.593190	136.493190	136.593190	4.023318	1.494961
-152.025604	18.159600	153.730000	46.140000	1445.859295	4.036688	136.448022	136.448022	136.548022	4.020617	1.620009
-152.025604	18.659600	153.730000	46.140000	1435.636000	4.038375	136.298623	136.298623	136.398623	4.018066	1.745541
-152.025604	19.159600	153.730000	46.140000	1425.710471	4.039375	136.144920	136.144920	136.144920	4.016553	1.871685
-152.025604	19.659600	153.730000	46.140000	1415.728009	4.040687	135.986838	135.986838	135.986838	4.014811	1.998297
-152.025604	20.159600	153.730000	46.140000	1405.670326	4.042375	135.724302	135.724302	135.724302	4.013563	2.025367
-152.025604	20.659600	153.730000	46.140000	1395.800234	4.043687	135.457236	135.457236	135.457236	4.013428	2.053028
-152.025604	21.159600	153.730000	46.140000	1385.858943	4.045375	135.085565	135.085565	135.085565	4.014750	1.981131
-152.025604	21.659600	153.730000	46.140000	1376.105432	4.046687	134.709213	134.709213	134.709213	4.015862	1.909669
-152.025604	22.159600	153.730000	46.140000	1366.284811	4.048375	134.328101	134.328101	134.328101	4.017782	1.838774
-152.025604	22.659600	153.730000	46.140000	1356.652275	4.049688	133.942153	133.942153	133.942153	4.021406	1.768299
-152.025604	23.159600	153.730000	46.140000	1346.956784	4.051375	133.551292	133.451292	133.551292	4.024485	1.698233
-152.025604	23.659600	153.730000	46.140000	1337.552942	4.052375	133.055440	133.055440	133.055440	4.027972	1.528715
-152.025604	24.159600	153.730000	46.140000	1328.211689	4.053375	132.654519	132.654519	132.654519	4.030309	1.459591
-152.025604	24.659600	153.730000	46.140000	1318.934266	4.054375	132.248451	132.248451	132.248451	4.031960	1.390855
-152.025604	25.159600	153.730000	46.140000	1309.721938	4.055375	131.837158	131.837158	131.837158	4.033667	1.322645
-152.025604	25.659600	153.730000	46.140000	1300.796461	4.055688	131.320564	131.320564	131.320564	4.037371	1.154807
-152.025604	26.159600	153.730000	46.140000	1291.716627	4.056687	130.898589	130.898589	130.898589	4.040309	1.087334
-152.025604	26.659600	153.730000	46.140000	1282.804644	4.057375	130.471158	130.471158	130.471158	4.044183	1.020366
-151.525604	14.659600	153.730000	46.140000	1525.267345	4.032375	137.451272	137.451272	137.551272	4.023876	0.946378
-151.525604	15.159600	153.730000	46.140000	1515.353775	4.032375	137.530782	137.430782	137.530782	4.020035	1.266432
-151.525604	15.659600	153.730000	46.140000	1505.363178	4.032687	137.306552	137.306552	137.406552	4.024012	1.286984
-151.525604	16.159600	153.730000	46.140000	1495.159773	4.033688	137.078514	137.078514	137.178514	4.025849	1.308250
-151.525604	16.659600	153.730000	46.140000	1485.117866	4.034375	136.846600	136.846600	136.946600	4.026244	1.330046
-151.525604	17.159600	153.730000	46.140000	1475.007481	4.035375	136.710738	136.710738	136.810738	4.025542	1.452308
-151.525604	17.659600	153.730000	46.140000	1464.945375	4.036375	136.570859	136.570859	136.670859	4.024378	1.575265
-151.525604	18.159600	153.730000	46.140000	1454.819872	4.037687	136.526892	136.426892	136.526892	4.021942	1.798725
-151.525604	18.659600	153.730000	46.140000	1444.612026	4.039375	136.378765	136.378765	136.378765	4.020481	1.922621
-151.525604	19.159600	153.730000	46.140000	1434.702969	4.040375	136.126405	136.126405	136.126405	4.018513	1.947193
-151.525604	19.659600	153.730000	46.140000	1424.735856	4.041688	135.869740	135.869740	135.869740	4.017114	1.972241
-151.525604	20.159600	153.730000	46.140000	1414.692245	4.043375	135.708696	135.708696	135.708696	4.017163	2.097697
-151.525604	20.659600	153.730000	46.140000	1404.836539	4.044688	135.343199	135.343199	135.343199	4.016760	2.023809
-151.525604	21.159600	153.730000	46.140000	1394.908324	4.046375	135.073174	135.073174	135.073174	4.018093	2.050372
-151.525604	21.659600	153.730000	46.140000	1385.168173	4.047688	134.698547	134.598547	134.698547	4.020317	1.977315
-151.525604	22.159600	153.730000	46.140000	1375.359565	4.049375	134.319244	134.219244	134.319244	4.021928	1.904896
-151.525604	22.659600	153.730000	46.140000	1365.844666	4.050375	133.835187	133.835187	133.835187	4.024215	1.732904
-151.525604	23.159600	153.730000	46.140000	1356.284776	4.051687	133.446302	133.446302	133.446302	4.027525	1.661262
-151.525604	23.659600	153.730000	46.140000	1346.891054	4.052688	132.952512	132.952512	132.952512	4.030197	1.490242
-151.525604	24.159600	153.730000	46.140000	1337.559321	4.053687	132.553742	132.553742	132.553742	4.032286	1.419625
-151.525604	24.659600	153.730000	46.140000	1328.290796	4.054688	132.149915	132.149915	132.149915	4.034209	1.349330
-151.525604	25.159600	153.730000	46.140000	1319.188371	4.055375	131.740956	131.740956	131.740956	4.036505	1.279641
-151.525604	25.659600	153.730000	46.140000	1310.049290	4.056375	131.326788	131.326788	131.326788	4.038562	1.210332
-151.525604	26.159600	153.730000	46.140000	1300.977229	4.057375	130.907335	130.907335	130.907335	4.040845	1.141318
-151.525604	26.659600	153.730000	46.140000	1292.192407	4.057688	130.382523	130.382523	130.382523	4.046598	0.972893
-151.025604	14.659600	153.730000	46.140000	1534.490417	4.032375	137.625664	137.625664	137.725664	4.021766	1.235578
-151.025604	15.159600	153.730000	46.140000	1524.477416	4.032687	137.505996	137.505996	137.605996	4.023079	1.353944
-151.025604	15.659600	153.730000	46.140000	1514.364455	4.033375	137.282650	137.282650	137.382650	4.026572	1.372864
-151.025604	16.159600	153.730000	46.140000	1504.178581	4.034375	137.055558	137.055558	137.155558	4.027397	1.392508
-151.025604	16.659600	153.730000	46.140000	1494.038800	4.035375	136.924653	136.924653	136.924653	4.027729	1.512638
-151.025604	17.159600	153.730000	46.140000	1483.945995	4.036375	136.789865	136.689865	136.789865	4.026272	1.633296
-151.025604	17.659600	153.730000	46.140000	1473.901064	4.037375	136.551126	136.551126	136.651126	4.025001	1.654656
-151.025604	18.159600	153.730000	46.140000	1463.791653	4.038687	136.508366	136.508366	136.508366	4.023759	1.876472
-151.025604	18.659600	153.730000	46.140000	1453.598663	4.040375	136.361516	136.361516	136.361516	4.022723	1.998789
-151.025604	19.159600	153.730000	46.140000	1443.705485	4.041375	136.110503	136.110503	136.110503	4.021030	2.021789
-151.025604	19.659600	153.730000	46.140000	1433.753123	4.042688	135.855257	135.855257	135.855257	4.020154	2.045215
-151.025604	20.159600	153.730000	46.140000	1423.722979	4.044375	135.595706	135.595706	135.595706	4.019444	2.069116
-151.025604	20.659600	153.730000	46.140000	1413.881054	4.045687	135.331777	135.331777	135.331777	4.020821	2.093681
-151.025604	21.159600	153.730000	46.140000	1403.965303	4.047375	134.963398	134.963398	134.963398	4.020876	2.018643
-151.025604	21.659600	153.730000	46.140000	1394.345523	4.048375	134.590495	134.590495	134.590495	4.022909	1.944054
-151.025604	22.159600	153.730000	46.140000	1384.675715	4.049688	134.112995	134.112995	134.212995	4.023811	1.770111
-151.025604	22.659600	153.730000	46.140000	1374.938106	4.051375	133.830823	133.730823	133.830823	4.027699	1.796537
-151.025604	23.159600	153.730000	46.140000	1365.494579	4.052375	133.343907	133.343907	133.343907	4.029781	1.623388
-151.025604	23.659600	153.730000	46.140000	1356.111256	4.053375	132.852171	132.852171	132.952171	4.031938	1.450867
-151.025604	24.159600	153.730000	46.140000	1346.789313	4.054375	132.455541	132.455541	132.455541	4.033990	1.378686
-151.025604	24.659600	153.730000	46.140000	1337.529949	4.055375	132.153943	132.153943	132.153943	4.036278	1.406907
-151.025604	25.159600	153.730000	46.140000	1328.334387	4.056375	131.747303	131.747303	131.747303	4.037641	1.335740
-151.025604	25.659600	153.730000	46.140000	1319.427443	4.056687	131.235545	131.235545	131.235545	4.040260	1.164884
-151.025604	26.159600	153.730000	46.140000	1310.361661	4.057688	130.818596	130.818596	130.818596	4.043164	1.094408
-151.025604	26.659600	153.730000	46.140000	1301.463717	4.058375	130.396382	130.396382	130.396382	4.046573	1.024527
-150.525604	14.659600	153.730000	46.140000	1543.612804	4.032687	137.802543	137.702543	137.802543	4.022261	1.523800
-150.525604	15.159600	153.730000	46.140000	1533.475464	4.033375	137.583710	137.483710	137.583710	4.026551	1.540526
-150.525604	15.659600	153.730000	46.140000	1523.262521	4.034375	137.261257	137.261257	137.361257	4.027684	1.457816
-150.525604	16.159600	153.730000	46.140000	1513.094437	4.035375	137.135120	137.035120	137.135120	4.028647	1.575786
-150.525604	16.659600	153.730000	46.140000	1502.972062	4.036375	136.905231	136.905231	136.905231	4.028215	1.594302
-150.525604	17.159600	153.730000	46.140000	1492.896266	4.037375	136.771524	136.771524	136.771524	4.027498	1.713356
-150.525604	17.659600	153.730000	46.140000	1482.753195	4.038687	136.633932	136.633932	136.633932	4.027345	1.833065
-150.525604	18.159600	153.730000	46.140000	1472.774036	4.039688	136.492385	136.492385	136.492385	4.025632	1.953293
-150.525604	18.659600	153.730000	46.140000	1462.595320	4.041375	136.346815	136.346815	136.346815	4.025498	2.074032
-150.525604	19.159600	153.730000	46.140000	1452.605136	4.042688	136.097152	136.097152	136.097152	4.023854	2.095402
-150.525604	19.659600	153.730000	46.140000	1442.779227	4.043687	135.843328	135.843328	135.843328	4.023304	2.117266
-150.525604	20.159600	153.730000	46.140000	1432.761955	4.045375	135.585270	135.585270	135.585270	4.023591	2.139613
-150.525604	20.659600	153.730000	46.140000	1422.933209	4.046687	135.222909	135.222909	135.222909	4.023472	2.062569
-150.525604	21.159600	153.730000	46.140000	1413.029320	4.048375	134.956173	134.956173	134.956173	4.026147	2.085992
-150.525604	21.659600	153.730000	46.140000	1403.422355	4.049375	134.484990	134.484990	134.484990	4.025458	1.909874
-150.525604	22.159600	153.730000	46.140000	1393.764144	4.050688	134.109289	134.109289	134.109289	4.027632	1.834343
-150.525604	22.659600	153.730000	46.140000	1384.271604	4.051687	133.728997	133.628997	133.728997	4.030316	1.759253
-150.525604	23.159600	153.730000	46.140000	1374.837550	4.052688	133.244042	133.244042	133.244042	4.031507	1.584599
-150.525604	23.659600	153.730000	46.140000	1365.463114	4.053687	132.754351	132.754351	132.854351	4.032860	1.410507
-150.525604	24.159600	153.730000	46.140000	1356.149454	4.054688	132.359850	132.359850	132.459850	4.034746	1.336835
-150.525604	24.659600	153.730000	46.140000	1346.897748	4.055688	132.060469	132.060469	132.060469	4.038040	1.363573
-150.525604	25.159600	153.730000	46.140000	1337.709200	4.056687	131.656132	131.656132	131.656132	4.039976	1.290853
-150.525604	25.659600	153.730000	46.140000	1328.687365	4.057375	131.246768	131.246768	131.246768	4.041154	1.218528
-150.525604	26.159600	153.730000	46.140000	1319.628113	4.058375	130.832305	130.832305	130.832305	4.043444	1.146591
-150.525604	26.659600	153.730000	46.140000	1310.635775	4.059375	130.512669	130.512669	130.512669	4.045073	1.175174
-150.025604	14.659600	153.730000	46.140000	1552.607743	4.033375	137.781858	137.681858	137.781858	4.026121	1.611050
-150.025604	15.159600	153.730000	46.140000	1542.368755	4.034375	137.463868	137.463868	137.463868	4.029312	1.526136
-150.025604	15.659600	153.730000	46.140000	1532.173426	4.035375	137.242318	137.242318	137.242318	4.029390	1.541747
-150.025604	16.159600	153.730000	46.140000	1522.022577	4.036375	137.117144	137.117144	137.117144	4.028815	1.658096
-150.025604	16.659600	153.730000	46.140000	1511.917048	4.037375	136.888280	136.888280	136.988280	4.027534	1.675000
-150.025604	17.159600	153.730000	46.140000	1501.857696	4.038375	136.755660	136.755660	136.755660	4.028274	1.792398
-150.025604	17.659600	153.730000	46.140000	1491.729990	4.039688	136.619219	136.619219	136.619219	4.027561	1.910512
-150.025604	18.159600	153.730000	46.140000	1481.766435	4.040687	136.478889	136.378889	136.478889	4.028155	2.029155
-150.025604	18.659600	153.730000	46.140000	1471.601412	4.042375	136.334603	136.334603	136.334603	4.028638	2.148260
-150.025604	19.159600	153.730000	46.140000	1461.625267	4.043687	136.086294	136.086294	136.086294	4.027497	2.168061
-150.025604	19.659600	153.730000	46.140000	1451.566869	4.045375	135.933892	135.933892	135.933892	4.029837	2.288365
-150.025604	20.159600	153.730000	46.140000	1441.808608	4.046375	135.477328	135.477328	135.477328	4.025597	2.109100
-150.025604	20.659600	153.730000	46.140000	1431.992450	4.047688	135.216533	135.216533	135.216533	4.027743	2.130512
-150.025604	21.159600	153.730000	46.140000	1422.341309	4.048687	134.751438	134.751438	134.751438	4.026353	1.952400
-150.025604	21.659600	153.730000	46.140000	1412.505077	4.050375	134.481972	134.481972	134.481972	4.030616	1.974692
-150.025604	22.159600	153.730000	46.140000	1402.966071	4.051375	134.008065	134.008065	134.008065	4.029682	1.797640
-150.025604	22.659600	153.730000	46.140000	1393.483882	4.052375	133.629645	133.629645	133.629645	4.032878	1.721039
-150.025604	23.159600	153.730000	46.140000	1384.059602	4.053375	133.146643	133.146643	133.146643	4.032964	1.544814
-150.025604	23.659600	153.730000	46.140000	1374.694348	4.054375	132.758986	132.758986	132.758986	4.036060	1.469226
-150.025604	24.159600	153.730000	46.140000	1365.389257	4.055375	132.366604	132.366604	132.366604	4.037532	1.394066
-150.025604	24.659600	153.730000	46.140000	1356.145489	4.056375	131.969425	131.969425	131.969425	4.038943	1.319252
-150.025604	25.159600	153.730000	46.140000	1346.964227	4.057375	131.667378	131.667378	131.667378	4.041919	1.345059
-150.025604	25.659600	153.730000	46.140000	1337.846677	4.058375	131.360392	131.360392	131.360392	4.043229	1.371269
-150.025604	26.159600	153.730000	46.140000	1329.019151	4.058687	130.748395	130.748395	130.748395	4.044891	1.097798
-150.025604	26.659600	153.730000	46.140000	1320.031160	4.059687	130.431317	130.431317	130.431317	4.047239	1.124931
-149.525604	14.659600	153.730000	46.140000	1561.496375	4.034375	137.663556	137.563556	137.663556	4.030332	1.597346
-149.525604	15.159600	153.730000	46.140000	1551.274827	4.035375	137.446419	137.446419	137.446419	4.031598	1.610744
-149.525604	15.659600	153.730000	46.140000	1541.096565	4.036375	137.225779	137.225779	137.225779	4.030255	1.624726
-149.525604	16.159600	153.730000	46.140000	1530.962401	4.037375	137.101575	137.101575	137.101575	4.028992	1.739453
-149.525604	16.659600	153.730000	46.140000	1520.873163	4.038375	136.973742	136.973742	136.973742	4.030668	1.854694
-149.525604	17.159600	153.730000	46.140000	1510.712820	4.039688	136.842216	136.842216	136.842216	4.031452	1.970490
-149.525604	17.659600	153.730000	46.140000	1500.716790	4.040687	136.606931	136.606931	136.606931	4.028912	1.987009
-149.525604	18.159600	153.730000	46.140000	1490.514733	4.042375	136.567822	136.567822	136.567822	4.033986	2.204012
-149.525604	18.659600	153.730000	46.140000	1480.616369	4.043375	136.324824	136.324824	136.324824	4.032522	2.221541
-149.525604	19.159600	153.730000	46.140000	1470.653687	4.044688	136.077868	136.077868	136.077868	4.031458	2.239773
-149.525604	19.659600	153.730000	46.140000	1460.607474	4.046375	135.926889	135.926889	135.926889	4.035165	2.358458
-149.525604	20.159600	153.730000	46.140000	1450.862388	4.047375	135.471819	135.471819	135.471819	4.030467	2.177643
-149.525604	20.659600	153.730000	46.140000	1441.058231	4.048687	135.212589	135.212589	135.212589	4.033762	2.197511
-149.525604	21.159600	153.730000	46.140000	1431.419247	4.049688	134.749132	134.749132	134.749132	4.031203	2.017802
-149.525604	21.659600	153.730000	46.140000	1421.834435	4.050688	134.281378	134.281378	134.281378	4.029275	1.838567
-149.525604	22.159600	153.730000	46.140000	1412.065230	4.052375	134.109259	134.009259	134.109259	4.038342	1.959997
-149.525604	22.659600	153.730000	46.140000	1402.593554	4.053375	133.632705	133.632705	133.632705	4.038065	1.781819
-149.525604	23.159600	153.730000	46.140000	1393.179205	4.054375	133.251647	133.251647	133.251647	4.040675	1.704091
-149.525604	23.659600	153.730000	46.140000	1383.823283	4.055375	132.866015	132.766015	132.866015	4.043878	1.627009
-149.525604	24.159600	153.730000	46.140000	1374.526905	4.056375	132.475739	132.475739	132.475739	4.044470	1.550291
-149.525604	24.659600	153.730000	46.140000	1365.522592	4.056687	131.880750	131.880750	131.880750	4.040096	1.273998
-149.525604	25.159600	153.730000	46.140000	1356.347139	4.057688	131.580977	131.580977	131.580977	4.043170	1.298333
-149.525604	25.659600	153.730000	46.140000	1347.234732	4.058687	131.176351	131.176351	131.276351	4.043896	1.223004
-149.525604	26.159600	153.730000	46.140000	1338.186580	4.059687	130.866802	130.866802	130.866802	4.046010	1.248077
-149.525604	26.659600	153.730000	46.140000	1329.306216	4.060375	130.452262	130.452262	130.452262	4.048656	1.173761
-149.025604	14.659600	153.730000	46.140000	1570.665317	4.034688	137.547585	137.447585	137.547585	4.030572	1.582627
-149.025604	15.159600	153.730000	46.140000	1560.193082	4.036375	137.431309	137.431309	137.531309	4.032191	1.694387
-149.025604	15.659600	153.730000	46.140000	1550.031346	4.037375	137.311588	137.311588	137.311588	4.033681	1.806739
-149.025604	16.159600	153.730000	46.140000	1539.913321	4.038375	137.188361	137.088361	137.188361	4.034140	1.919795
-149.025604	16.659600	153.730000	46.140000	1529.839823	4.039375	136.961565	136.961565	136.961565	4.030685	1.933424
-149.025604	17.159600	153.730000	46.140000	1519.694145	4.040687	136.831136	136.831136	136.831136	4.032953	2.047618
-149.025604	17.659600	153.730000	46.140000	1509.713022	4.041688	136.597012	136.597012	136.597012	4.030968	2.062489
-149.025604	18.159600	153.730000	46.140000	1499.523968	4.043375	136.559128	136.559128	136.559128	4.037695	2.277906
-149.025604	18.659600	153.730000	46.140000	1489.524534	4.044688	136.317418	136.317418	136.317418	4.036614	2.293860
-149.025604	19.159600	153.730000	46.140000	1479.689839	4.045687	135.971819	135.971819	135.971819	4.032500	2.210467
-149.025604	19.659600	153.730000	46.140000	1469.655238	4.047375	135.822263	135.822263	135.822263	4.037329	2.327592
-149.025604	20.159600	153.730000	46.140000	1459.922749	4.048375	135.468685	135.468685	135.468685	4.036220	2.245228
-149.025604	20.659600	153.730000	46.140000	1450.241926	4.049375	135.011018	135.011018	135.111018	4.032333	2.063492
-149.025604	21.159600	153.730000	46.140000	1440.502607	4.050688	134.749195	134.749195	134.749195	4.037710	2.082248
-149.025604	21.659600	153.730000	46.140000	1430.928838	4.051687	134.283148	134.283148	134.283148	4.035249	1.901489
-149.025604	22.159600	153.730000	46.140000	1421.409727	4.052688	133.912811	133.912811	133.912811	4.037341	1.821335
-149.025604	22.659600	153.730000	46.140000	1411.946312	4.053687	133.438115	133.438115	133.438115	4.036144	1.641647
-149.025604	23.159600	153.730000	46.140000	1402.539652	4.054688	133.058992	133.058992	133.058992	4.038462	1.562419
-149.025604	23.659600	153.730000	46.140000	1393.190828	4.055688	132.675374	132.675374	132.675374	4.041087	1.483773
-149.025604	24.159600	153.730000	46.140000	1383.900941	4.056687	132.287193	132.287193	132.387193	4.041849	1.405569
-149.025604	24.659600	153.730000	46.140000	1374.776992	4.057375	131.894379	131.894379	131.894379	4.043314	1.327800
-149.025604	25.159600	153.730000	46.140000	1365.607636	4.058375	131.596865	131.596865	131.596865	4.047020	1.350589
-149.025604	25.659600	153.730000	46.140000	1356.500654	4.059375	131.294583	131.294583	131.294583	4.048595	1.373798
-149.025604	26.159600	153.730000	46.140000	1347.457236	4.060375	130.987463	130.887463	130.987463	4.049244	1.397417
-149.025604	26.659600	153.730000	46.140000	1338.478591	4.061375	130.675439	130.675439	130.675439	4.050416	1.421573
-162.025604	19.986300	153.730000	46.140000	1224.730201	4.044688	134.762819	134.762819	134.862819	4.020685	-1.652962
-161.367599	17.746901	153.730000	46.140000	1280.042340	4.048375	134.761638	134.761638	134.761638	4.023960	-2.916635
-161.314896	21.956301	153.730000	46.140000	1200.080319	4.041375	134.698277	134.598277	134.698277	4.006321	-0.056738
-161.095001	23.997200	153.730000	46.140000	1164.708314	4.043687	134.034918	134.034918	134.034918	4.006174	0.924282
-160.047501	19.823400	153.730000	46.140000	1264.847374	4.040375	134.532696	134.532696	134.632696	4.008020	-1.337977
-159.664993	22.122999	153.730000	46.140000	1227.337842	4.040375	134.387456	134.387456	134.487456	3.994895	0.242543
-159.401001	21.971001	153.730000	46.140000	1235.081768	4.040375	134.400108	134.400108	134.500108	3.994354	0.218220
-158.982498	15.574000	153.730000	46.140000	1367.165782	4.045687	135.140017	135.140017	135.140017	4.020023	-3.007599
-158.933105	24.573799	153.730000	46.140000	1193.176637	4.046687	133.349026	133.349026	133.349026	4.005402	1.245361
-158.903000	21.298401	153.730000	46.140000	1257.394284	4.039375	134.621685	134.521685	134.621685	3.993587	0.100201
-158.760193	18.564699	153.730000	46.140000	1313.478273	4.038687	134.728993	134.628993	134.728993	4.003956	-1.562402
-158.185394	22.620199	153.730000	46.140000	1244.600353	4.042375	134.437283	134.437283	134.437283	3.992271	1.040330
-158.179504	20.377800	153.730000	46.140000	1288.925630	4.037687	134.868321	134.768321	134.968321	3.990672	-0.081251
-157.931000	21.646000	153.730000	46.140000	1268.549469	4.039688	134.694665	134.694665	134.694665	3.990010	0.672084
-157.859100	14.659600	153.730000	46.140000	1406.062257	4.044688	135.181464	135.181464	135.181464	4.021977	-3.094472
-157.700806	16.348400	153.730000	46.140000	1376.439068	4.039688	134.965957	134.965957	134.965957	4.009640	-2.325992
-157.627594	20.346100	153.730000	46.140000	1299.769632	4.037375	134.999489	134.999489	135.099489	3.989181	0.177813
-157.270004	21.108999	153.730000	46.140000	1291.299565	4.038687	134.935285	134.935285	135.035285	3.989264	0.712729
-157.227295	18.984800	153.730000	46.140000	1334.102715	4.035687	135.033526	135.033526	135.133526	3.995142	-0.550664
-156.964600	24.312099	153.730000	46.140000	1234.165335	4.048375	133.406346	133.406346	133.406346	4.006675	1.523731
-156.932007	19.832701	153.730000	46.140000	1322.803261	4.036375	135.167507	135.067507	135.267507	3.990542	0.195954
-156.808197	18.404200	153.730000	46.140000	1353.248579	4.035375	135.194923	135.094923	135.194923	3.998427	-0.630018
-156.755997	21.136000	153.730000	46.140000	1300.067954	4.039375	135.052337	135.052337	135.052337	3.988378	0.973806
-156.658005	20.891001	153.730000	46.140000	1306.771456	4.038687	135.104836	135.104836	135.204836	3.989081	0.887681
-156.510101	19.477699	153.730000	46.140000	1337.668101	4.035687	135.327031	135.227031	135.427031	3.990754	0.240528
-156.465103	18.775000	153.730000	46.140000	1352.272168	4.035375	135.344002	135.244002	135.444002	3.995745	-0.163827
-156.387695	17.614901	153.730000	46.140000	1376.707090	4.034688	135.137609	135.037609	135.237609	4.003643	-1.039941
-156.206604	16.162001	153.730000	46.140000	1408.535321	4.035687	135.368861	135.268861	135.468861	4.003862	-1.580629
-156.167007	18.301001	153.730000	46.140000	1367.244587	4.034688	135.314920	135.314920	135.414920	3.999878	-0.399080
-155.996994	20.771000	153.730000	46.140000	1321.299977	4.038687	135.238998	135.238998	135.238998	3.989322	1.100343
-155.772995	19.079000	153.730000	46.140000	1359.081722	4.035375	135.546200	135.546200	135.646200	3.994094	0.400907
-155.765305	26.776699	153.730000	46.140000	1210.818739	4.054688	130.835116	130.835116	130.835116	4.028930	1.054913
-155.714996	18.000299	153.730000	46.140000	1381.538205	4.034375	135.486977	135.386977	135.586977	4.001738	-0.285306
-155.710999	20.046000	153.730000	46.140000	1340.894173	4.037375	135.482626	135.482626	135.482626	3.989770	0.949149
-155.679398	21.205500	153.730000	46.140000	1318.393155	4.040375	135.140127	135.140127	135.140127	3.989770	1.356173
-155.636200	22.299900	153.730000	46.140000	1297.560671	4.043687	134.624494	134.624494	134.624494	3.993635	1.578362
-154.994400	21.507000	153.730000	46.140000	1324.804072	4.042375	135.054091	135.054091	135.054091	3.991842	1.613701
-154.983002	19.601000	153.730000	46.140000	1363.153955	4.036688	135.665710	135.665710	135.665710	3.993330	1.027531
-154.797394	18.803101	153.730000	46.140000	1382.440280	4.035375	135.744445	135.744445	135.844445	3.999113	0.671522
-154.691299	17.180099	153.730000	46.140000	1416.800276	4.033375	135.819795	135.719795	135.819795	4.009454	-0.156120
-154.617798	20.088900	153.730000	46.140000	1360.012287	4.038375	135.590162	135.590162	135.590162	3.993722	1.332727
-154.495895	18.401699	153.730000	46.140000	1396.148930	4.034375	135.848913	135.748913	135.948913	4.001168	0.613268
-154.482803	21.001900	153.730000	46.140000	1344.187169	4.041375	135.304288	135.304288	135.304288	3.993218	1.645241
-154.393997	19.262501	153.730000	46.140000	1380.692047	4.036375	135.769483	135.769483	135.869483	3.997348	1.062039
-154.251801	21.168699	153.730000	46.140000	1345.248967	4.041688	135.246385	135.246385	135.246385	3.995552	1.739818
-154.030502	17.988400	153.730000	46.140000	1412.793675	4.034375	135.918593	135.918593	136.018593	4.008091	0.556751
-153.992294	18.797600	153.730000	46.140000	1397.344400	4.035687	135.950370	135.950370	136.050370	4.002327	1.060366
-153.982697	21.519699	153.730000	46.140000	1343.127474	4.043375	135.078699	134.978699	135.078699	3.998068	1.847911
-153.967499	14.731300	153.730000	46.140000	1478.711786	4.033375	136.506796	136.406796	136.506796	4.007942	-0.573692
-153.902405	19.979099	153.730000	46.140000	1375.309471	4.038687	135.678296	135.678296	135.678296	3.998592	1.507276
-153.868195	17.315399	153.730000	46.140000	1429.294076	4.033375	135.979847	135.879847	136.079847	4.012236	0.281698
-153.700806	17.297501	153.730000	46.140000	1432.733471	4.033375	136.050396	136.050396	136.150396	4.014741	0.382375
-153.503204	19.495199	153.730000	46.140000	1392.327609	4.037687	135.887834	135.887834	135.887834	4.002405	1.511944
-153.295898	18.800900	153.730000	46.140000	1409.970438	4.036375	136.048741	136.048741	136.148741	4.007001	1.313642
-153.292099	20.892599	153.730000	46.140000	1368.148142	4.042375	135.396993	135.396993	135.396993	4.002712	1.904431
-153.290604	17.906200	153.730000	46.140000	1428.086885	4.034375	136.253195	136.153195	136.253195	4.012590	1.015206
-152.981201	18.301800	153.730000	46.140000	1425.692898	4.035687	136.232295	136.232295	136.332295	4.012826	1.282707
-152.765793	25.592800	153.730000	46.140000	1288.059523	4.055375	131.578119	131.578119	131.578119	4.030651	1.285241
-152.132401	18.481400	153.730000	46.140000	1437.424564	4.037375	136.449400	136.349400	136.449400	4.018683	1.776389
-151.686600	14.689100	153.730000	46.140000	1521.974861	4.031688	137.664132	137.564132	137.664132	4.014401	1.135668
-151.637604	16.737801	153.730000	46.140000	1481.511439	4.034375	136.773524	136.773524	136.873524	4.027146	1.273202
-150.914993	18.914200	153.730000	46.140000	1450.449082	4.041375	136.240576	136.240576	136.240576	4.022143	2.036693
-149.000900	16.989000	153.730000	46.140000	1523.561878	4.040375	136.958142	136.958142	136.958142	4.035026	2.095010
