-162.0256040	14.6596000	-179.1200000	51.0400000	1067.9467680	4.0426875
-162.0256040	15.1596000	-179.1200000	51.0400000	1054.8804264	4.0426875
-162.0256040	15.6596000	-179.1200000	51.0400000	1041.8269142	4.0426875
-162.0256040	16.1596000	-179.1200000	51.0400000	1029.0412819	4.0416875
-162.0256040	16.6596000	-179.1200000	51.0400000	1016.0117518	4.0416875
-162.0256040	17.1596000	-179.1200000	51.0400000	1002.9966555	4.0416875
-162.0256040	17.6596000	-179.1200000	51.0400000	989.9965840	4.0416875
-162.0256040	18.1596000	-179.1200000	51.0400000	977.0121601	4.0416875
-162.0256040	18.6596000	-179.1200000	51.0400000	964.0440404	4.0416875
-162.0256040	19.1596000	-179.1200000	51.0400000	951.0929174	4.0416875
-162.0256040	19.6596000	-179.1200000	51.0400000	937.9999672	4.0423750
-162.0256040	20.1596000	-179.1200000	51.0400000	925.0157571	4.0426875
-162.0256040	20.6596000	-179.1200000	51.0400000	912.1233652	4.0426875
-162.0256040	21.1596000	-179.1200000	51.0400000	899.0287606	4.0436875
-162.0256040	21.6596000	-179.1200000	51.0400000	885.9617029	4.0446875
-162.0256040	22.1596000	-179.1200000	51.0400000	872.9231353	4.0456875
-162.0256040	22.6596000	-179.1200000	51.0400000	859.9140570	4.0466875
-162.0256040	23.1596000	-179.1200000	51.0400000	846.9355266	4.0476875
-162.0256040	23.6596000	-179.1200000	51.0400000	833.8470740	4.0493750
-162.0256040	24.1596000	-179.1200000	51.0400000	820.8719699	4.0506875
-162.0256040	24.6596000	-179.1200000	51.0400000	807.8582509	4.0523750
-162.0256040	25.1596000	-179.1200000	51.0400000	794.9579945	4.0536875
-162.0256040	25.6596000	-179.1200000	51.0400000	782.1569123	4.0546875
-162.0256040	26.1596000	-179.1200000	51.0400000	769.2045691	4.0566875
-162.0256040	26.6596000	-179.1200000	51.0400000	756.4850869	4.0576875
-161.5256040	14.6596000	-179.1200000	51.0400000	1072.2013203	4.0416875
-161.5256040	15.1596000	-179.1200000	51.0400000	1059.1639464	4.0416875
-161.5256040	15.6596000	-179.1200000	51.0400000	1046.1400125	4.0416875
-161.5256040	16.1596000	-179.1200000	51.0400000	1033.3857277	4.0406875
-161.5256040	16.6596000	-179.1200000	51.0400000	1020.3870666	4.0406875
-161.5256040	17.1596000	-179.1200000	51.0400000	1007.4035142	4.0406875
-161.5256040	17.6596000	-179.1200000	51.0400000	994.4356846	4.0406875
-161.5256040	18.1596000	-179.1200000	51.0400000	981.4842247	4.0406875
-161.5256040	18.6596000	-179.1200000	51.0400000	968.3850518	4.0413750
-161.5256040	19.1596000	-179.1200000	51.0400000	955.3967327	4.0416875
-161.5256040	19.6596000	-179.1200000	51.0400000	942.5018123	4.0416875
-161.5256040	20.1596000	-179.1200000	51.0400000	929.3962618	4.0426875
-161.5256040	20.6596000	-179.1200000	51.0400000	916.5440104	4.0426875
-161.5256040	21.1596000	-179.1200000	51.0400000	903.4893249	4.0436875
-161.5256040	21.6596000	-179.1200000	51.0400000	890.4630797	4.0446875
-161.5256040	22.1596000	-179.1200000	51.0400000	877.4662498	4.0456875
-161.5256040	22.6596000	-179.1200000	51.0400000	864.4998673	4.0466875
-161.5256040	23.1596000	-179.1200000	51.0400000	851.4204127	4.0483750
-161.5256040	23.6596000	-179.1200000	51.0400000	838.4557897	4.0496875
-161.5256040	24.1596000	-179.1200000	51.0400000	825.4507047	4.0513750
-161.5256040	24.6596000	-179.1200000	51.0400000	812.5604885	4.0526875
-161.5256040	25.1596000	-179.1200000	51.0400000	799.7705331	4.0536875
-161.5256040	25.6596000	-179.1200000	51.0400000	786.8852211	4.0553750
-161.5256040	26.1596000	-179.1200000	51.0400000	774.1155061	4.0566875
-161.5256040	26.6596000	-179.1200000	51.0400000	761.4477005	4.0576875
-161.0256040	14.6596000	-179.1200000	51.0400000	1076.5563635	4.0406875
-161.0256040	15.1596000	-179.1200000	51.0400000	1063.5484357	4.0406875
-161.0256040	15.6596000	-179.1200000	51.0400000	1050.5545584	4.0406875
-161.0256040	16.1596000	-179.1200000	51.0400000	1037.6555307	4.0403750
-161.0256040	16.6596000	-179.1200000	51.0400000	1024.8648090	4.0396875
-161.0256040	17.1596000	-179.1200000	51.0400000	1011.9132757	4.0396875
-161.0256040	17.6596000	-179.1200000	51.0400000	998.8081790	4.0403750
-161.0256040	18.1596000	-179.1200000	51.0400000	985.8161037	4.0406875
-161.0256040	18.6596000	-179.1200000	51.0400000	972.9190664	4.0406875
-161.0256040	19.1596000	-179.1200000	51.0400000	960.0405637	4.0406875
-161.0256040	19.6596000	-179.1200000	51.0400000	946.9470263	4.0416875
-161.0256040	20.1596000	-179.1200000	51.0400000	933.9522975	4.0423750
-161.0256040	20.6596000	-179.1200000	51.0400000	921.0684220	4.0426875
-161.0256040	21.1596000	-179.1200000	51.0400000	908.0540540	4.0436875
-161.0256040	21.6596000	-179.1200000	51.0400000	895.0690112	4.0446875
-161.0256040	22.1596000	-179.1200000	51.0400000	882.1142996	4.0456875
-161.0256040	22.6596000	-179.1200000	51.0400000	869.0433406	4.0473750
-161.0256040	23.1596000	-179.1200000	51.0400000	856.0886875	4.0486875
-161.0256040	23.6596000	-179.1200000	51.0400000	843.2348340	4.0496875
-161.0256040	24.1596000	-179.1200000	51.0400000	830.2109933	4.0516875
-161.0256040	24.6596000	-179.1200000	51.0400000	817.4316211	4.0526875
-161.0256040	25.1596000	-179.1200000	51.0400000	804.5535179	4.0543750
-161.0256040	25.6596000	-179.1200000	51.0400000	791.7922652	4.0556875
-161.0256040	26.1596000	-179.1200000	51.0400000	779.1338410	4.0566875
-161.0256040	26.6596000	-179.1200000	51.0400000	766.5179401	4.0576875
-160.5256040	14.6596000	-179.1200000	51.0400000	1081.0107492	4.0396875
-160.5256040	15.1596000	-179.1200000	51.0400000	1068.0327165	4.0396875
-160.5256040	15.6596000	-179.1200000	51.0400000	1055.0693435	4.0396875
-160.5256040	16.1596000	-179.1200000	51.0400000	1042.2018205	4.0393750
-160.5256040	16.6596000	-179.1200000	51.0400000	1029.2684965	4.0393750
-160.5256040	17.1596000	-179.1200000	51.0400000	1016.2729993	4.0396875
-160.5256040	17.6596000	-179.1200000	51.0400000	1003.3742328	4.0396875
-160.5256040	18.1596000	-179.1200000	51.0400000	990.4932672	4.0396875
-160.5256040	18.6596000	-179.1200000	51.0400000	977.4644821	4.0403750
-160.5256040	19.1596000	-179.1200000	51.0400000	964.5489277	4.0406875
-160.5256040	19.6596000	-179.1200000	51.0400000	951.5671707	4.0413750
-160.5256040	20.1596000	-179.1200000	51.0400000	938.6978643	4.0416875
-160.5256040	20.6596000	-179.1200000	51.0400000	925.6949477	4.0426875
-160.5256040	21.1596000	-179.1200000	51.0400000	912.7212516	4.0436875
-160.5256040	21.6596000	-179.1200000	51.0400000	899.6248424	4.0453750
-160.5256040	22.1596000	-179.1200000	51.0400000	886.7148146	4.0463750
-160.5256040	22.6596000	-179.1200000	51.0400000	873.7696458	4.0476875
-160.5256040	23.1596000	-179.1200000	51.0400000	860.9264325	4.0486875
-160.5256040	23.6596000	-179.1200000	51.0400000	847.9085475	4.0506875
-160.5256040	24.1596000	-179.1200000	51.0400000	835.1392451	4.0516875
-160.5256040	24.6596000	-179.1200000	51.0400000	822.2678202	4.0533750
-160.5256040	25.1596000	-179.1200000	51.0400000	809.5144989	4.0546875
-160.5256040	25.6596000	-179.1200000	51.0400000	796.8649261	4.0556875
-160.5256040	26.1596000	-179.1200000	51.0400000	784.2573527	4.0566875
-160.5256040	26.6596000	-179.1200000	51.0400000	771.6935214	4.0576875
-160.0256040	14.6596000	-179.1200000	51.0400000	1085.5633175	4.0386875
-160.0256040	15.1596000	-179.1200000	51.0400000	1072.6155994	4.0386875
-160.0256040	15.6596000	-179.1200000	51.0400000	1059.6831481	4.0386875
-160.0256040	16.1596000	-179.1200000	51.0400000	1046.7665499	4.0386875
-160.0256040	16.6596000	-179.1200000	51.0400000	1033.8664209	4.0386875
-160.0256040	17.1596000	-179.1200000	51.0400000	1020.9834084	4.0386875
-160.0256040	17.6596000	-179.1200000	51.0400000	1008.1181926	4.0386875
-160.0256040	18.1596000	-179.1200000	51.0400000	995.1020954	4.0393750
-160.0256040	18.6596000	-179.1200000	51.0400000	982.2008524	4.0396875
-160.0256040	19.1596000	-179.1200000	51.0400000	969.1567326	4.0406875
-160.0256040	19.6596000	-179.1200000	51.0400000	956.2138785	4.0413750
-160.0256040	20.1596000	-179.1200000	51.0400000	943.3846997	4.0416875
-160.0256040	20.6596000	-179.1200000	51.0400000	930.4219300	4.0426875
-160.0256040	21.1596000	-179.1200000	51.0400000	917.3332553	4.0443750
-160.0256040	21.6596000	-179.1200000	51.0400000	904.4338386	4.0453750
-160.0256040	22.1596000	-179.1200000	51.0400000	891.4976931	4.0466875
-160.0256040	22.6596000	-179.1200000	51.0400000	878.6646528	4.0476875
-160.0256040	23.1596000	-179.1200000	51.0400000	865.7190388	4.0493750
-160.0256040	23.6596000	-179.1200000	51.0400000	852.8925161	4.0506875
-160.0256040	24.1596000	-179.1200000	51.0400000	840.0272695	4.0523750
-160.0256040	24.6596000	-179.1200000	51.0400000	827.2813804	4.0536875
-160.0256040	25.1596000	-179.1200000	51.0400000	814.6401617	4.0546875
-160.0256040	25.6596000	-179.1200000	51.0400000	802.0404194	4.0556875
-160.0256040	26.1596000	-179.1200000	51.0400000	789.4838301	4.0566875
-160.0256040	26.6596000	-179.1200000	51.0400000	776.9721731	4.0576875
-159.5256040	14.6596000	-179.1200000	51.0400000	1090.2128976	4.0376875
-159.5256040	15.1596000	-179.1200000	51.0400000	1077.2958849	4.0376875
-159.5256040	15.6596000	-179.1200000	51.0400000	1064.3947427	4.0376875
-159.5256040	16.1596000	-179.1200000	51.0400000	1051.5100765	4.0376875
-159.5256040	16.6596000	-179.1200000	51.0400000	1038.6425221	4.0376875
-159.5256040	17.1596000	-179.1200000	51.0400000	1025.7927469	4.0376875
-159.5256040	17.6596000	-179.1200000	51.0400000	1012.7106377	4.0386875
-159.5256040	18.1596000	-179.1200000	51.0400000	999.9017331	4.0386875
-159.5256040	18.6596000	-179.1200000	51.0400000	986.8684628	4.0396875
-159.5256040	19.1596000	-179.1200000	51.0400000	973.9377605	4.0403750
-159.5256040	19.6596000	-179.1200000	51.0400000	961.1222942	4.0406875
-159.5256040	20.1596000	-179.1200000	51.0400000	948.1700504	4.0416875
-159.5256040	20.6596000	-179.1200000	51.0400000	935.2477086	4.0426875
-159.5256040	21.1596000	-179.1200000	51.0400000	922.1994598	4.0443750
-159.5256040	21.6596000	-179.1200000	51.0400000	909.2719000	4.0456875
-159.5256040	22.1596000	-179.1200000	51.0400000	896.4485902	4.0466875
-159.5256040	22.6596000	-179.1200000	51.0400000	883.5093675	4.0483750
-159.5256040	23.1596000	-179.1200000	51.0400000	870.6905834	4.0496875
-159.5256040	23.6596000	-179.1200000	51.0400000	857.9766376	4.0506875
-159.5256040	24.1596000	-179.1200000	51.0400000	845.1572879	4.0523750
-159.5256040	24.6596000	-179.1200000	51.0400000	832.4587867	4.0536875
-159.5256040	25.1596000	-179.1200000	51.0400000	819.8664108	4.0546875
-159.5256040	25.6596000	-179.1200000	51.0400000	807.3166035	4.0556875
-159.5256040	26.1596000	-179.1200000	51.0400000	794.8110750	4.0566875
-159.5256040	26.6596000	-179.1200000	51.0400000	782.3516389	4.0576875
-159.0256040	14.6596000	-179.1200000	51.0400000	1094.9583101	4.0366875
-159.0256040	15.1596000	-179.1200000	51.0400000	1082.0723644	4.0366875
-159.0256040	15.6596000	-179.1200000	51.0400000	1069.2028892	4.0366875
-159.0256040	16.1596000	-179.1200000	51.0400000	1056.3505085	4.0366875
-159.0256040	16.6596000	-179.1200000	51.0400000	1043.3381843	4.0373750
-159.0256040	17.1596000	-179.1200000	51.0400000	1030.4444124	4.0376875
-159.0256040	17.6596000	-179.1200000	51.0400000	1017.6505453	4.0376875
-159.0256040	18.1596000	-179.1200000	51.0400000	1004.6277770	4.0386875
-159.0256040	18.6596000	-179.1200000	51.0400000	991.7088716	4.0393750
-159.0256040	19.1596000	-179.1200000	51.0400000	978.9067568	4.0396875
-159.0256040	19.6596000	-179.1200000	51.0400000	965.9646573	4.0406875
-159.0256040	20.1596000	-179.1200000	51.0400000	953.0522944	4.0416875
-159.0256040	20.6596000	-179.1200000	51.0400000	940.0107645	4.0433750
-159.0256040	21.1596000	-179.1200000	51.0400000	927.1630110	4.0443750
-159.0256040	21.6596000	-179.1200000	51.0400000	914.2773776	4.0456875
-159.0256040	22.1596000	-179.1200000	51.0400000	901.4972417	4.0466875
-159.0256040	22.6596000	-179.1200000	51.0400000	888.6012188	4.0483750
-159.0256040	23.1596000	-179.1200000	51.0400000	875.8270137	4.0496875
-159.0256040	23.6596000	-179.1200000	51.0400000	863.0125130	4.0513750
-159.0256040	24.1596000	-179.1200000	51.0400000	850.3200693	4.0526875
-159.0256040	24.6596000	-179.1200000	51.0400000	837.7346252	4.0536875
-159.0256040	25.1596000	-179.1200000	51.0400000	825.1911706	4.0546875
-159.0256040	25.6596000	-179.1200000	51.0400000	812.6913500	4.0556875
-159.0256040	26.1596000	-179.1200000	51.0400000	800.2369048	4.0566875
-159.0256040	26.6596000	-179.1200000	51.0400000	787.8296803	4.0576875
-158.5256040	14.6596000	-179.1200000	51.0400000	1099.6110439	4.0363750
-158.5256040	15.1596000	-179.1200000	51.0400000	1086.7586880	4.0363750
-158.5256040	15.6596000	-179.1200000	51.0400000	1073.9233950	4.0363750
-158.5256040	16.1596000	-179.1200000	51.0400000	1061.0236600	4.0366875
-158.5256040	16.6596000	-179.1200000	51.0400000	1048.2254404	4.0366875
-158.5256040	17.1596000	-179.1200000	51.0400000	1035.2699849	4.0373750
-158.5256040	17.6596000	-179.1200000	51.0400000	1022.4337054	4.0376875
-158.5256040	18.1596000	-179.1200000	51.0400000	1009.5262585	4.0383750
-158.5256040	18.6596000	-179.1200000	51.0400000	996.7371515	4.0386875
-158.5256040	19.1596000	-179.1200000	51.0400000	983.8048331	4.0396875
-158.5256040	19.6596000	-179.1200000	51.0400000	970.9020765	4.0406875
-158.5256040	20.1596000	-179.1200000	51.0400000	958.0298094	4.0416875
-158.5256040	20.6596000	-179.1200000	51.0400000	945.0282977	4.0433750
-158.5256040	21.1596000	-179.1200000	51.0400000	932.1501817	4.0446875
-158.5256040	21.6596000	-179.1200000	51.0400000	919.3786676	4.0456875
-158.5256040	22.1596000	-179.1200000	51.0400000	906.4878593	4.0473750
-158.5256040	22.6596000	-179.1200000	51.0400000	893.7201758	4.0486875
-158.5256040	23.1596000	-179.1200000	51.0400000	881.0596525	4.0496875
-158.5256040	23.6596000	-179.1200000	51.0400000	868.2902755	4.0513750
-158.5256040	24.1596000	-179.1200000	51.0400000	855.6443858	4.0526875
-158.5256040	24.6596000	-179.1200000	51.0400000	843.1068833	4.0536875
-158.5256040	25.1596000	-179.1200000	51.0400000	830.6123789	4.0546875
-158.5256040	25.6596000	-179.1200000	51.0400000	818.1625457	4.0556875
-158.5256040	26.1596000	-179.1200000	51.0400000	805.7591541	4.0566875
-158.5256040	26.6596000	-179.1200000	51.0400000	793.4651876	4.0573750
-158.0256040	14.6596000	-179.1200000	51.0400000	1104.4581332	4.0356875
-158.0256040	15.1596000	-179.1200000	51.0400000	1091.6384709	4.0356875
-158.0256040	15.6596000	-179.1200000	51.0400000	1078.8364597	4.0356875
-158.0256040	16.1596000	-179.1200000	51.0400000	1066.0527587	4.0356875
-158.0256040	16.6596000	-179.1200000	51.0400000	1053.1086579	4.0363750
-158.0256040	17.1596000	-179.1200000	51.0400000	1040.2853143	4.0366875
-158.0256040	17.6596000	-179.1200000	51.0400000	1027.3890034	4.0373750
-158.0256040	18.1596000	-179.1200000	51.0400000	1014.6125771	4.0376875
-158.0256040	18.6596000	-179.1200000	51.0400000	1001.6896946	4.0386875
-158.0256040	19.1596000	-179.1200000	51.0400000	988.7961907	4.0396875
-158.0256040	19.6596000	-179.1200000	51.0400000	975.9329676	4.0406875
-158.0256040	20.1596000	-179.1200000	51.0400000	963.1009744	4.0416875
-158.0256040	20.6596000	-179.1200000	51.0400000	950.1396294	4.0433750
-158.0256040	21.1596000	-179.1200000	51.0400000	937.3029288	4.0446875
-158.0256040	21.6596000	-179.1200000	51.0400000	924.5740324	4.0456875
-158.0256040	22.1596000	-179.1200000	51.0400000	911.7257829	4.0473750
-158.0256040	22.6596000	-179.1200000	51.0400000	899.0019877	4.0486875
-158.0256040	23.1596000	-179.1200000	51.0400000	886.3866364	4.0496875
-158.0256040	23.6596000	-179.1200000	51.0400000	873.6624238	4.0513750
-158.0256040	24.1596000	-179.1200000	51.0400000	861.1295164	4.0523750
-158.0256040	24.6596000	-179.1200000	51.0400000	848.5735617	4.0536875
-158.0256040	25.1596000	-179.1200000	51.0400000	836.1279887	4.0546875
-158.0256040	25.6596000	-179.1200000	51.0400000	823.7915707	4.0553750
-158.0256040	26.1596000	-179.1200000	51.0400000	811.4381857	4.0563750
-158.0256040	26.6596000	-179.1200000	51.0400000	799.2696134	4.0566875
-157.5256040	14.6596000	-179.1200000	51.0400000	1109.4825764	4.0346875
-157.5256040	15.1596000	-179.1200000	51.0400000	1096.6948902	4.0346875
-157.5256040	15.6596000	-179.1200000	51.0400000	1083.7407730	4.0353750
-157.5256040	16.1596000	-179.1200000	51.0400000	1070.9094711	4.0356875
-157.5256040	16.6596000	-179.1200000	51.0400000	1058.1817030	4.0356875
-157.5256040	17.1596000	-179.1200000	51.0400000	1045.2962212	4.0363750
-157.5256040	17.6596000	-179.1200000	51.0400000	1032.5321651	4.0366875
-157.5256040	18.1596000	-179.1200000	51.0400000	1019.6183905	4.0376875
-157.5256040	18.6596000	-179.1200000	51.0400000	1006.7338037	4.0386875
-157.5256040	19.1596000	-179.1200000	51.0400000	993.8792822	4.0396875
-157.5256040	19.6596000	-179.1200000	51.0400000	981.0557482	4.0406875
-157.5256040	20.1596000	-179.1200000	51.0400000	968.2641708	4.0416875
-157.5256040	20.6596000	-179.1200000	51.0400000	955.3431045	4.0433750
-157.5256040	21.1596000	-179.1200000	51.0400000	942.5479242	4.0446875
-157.5256040	21.6596000	-179.1200000	51.0400000	929.8617407	4.0456875
-157.5256040	22.1596000	-179.1200000	51.0400000	917.0561112	4.0473750
-157.5256040	22.6596000	-179.1200000	51.0400000	904.3762548	4.0486875
-157.5256040	23.1596000	-179.1200000	51.0400000	891.8061120	4.0496875
-157.5256040	23.6596000	-179.1200000	51.0400000	879.1270621	4.0513750
-157.5256040	24.1596000	-179.1200000	51.0400000	866.6411425	4.0523750
-157.5256040	24.6596000	-179.1200000	51.0400000	854.1985275	4.0533750
-157.5256040	25.1596000	-179.1200000	51.0400000	841.8008494	4.0543750
-157.5256040	25.6596000	-179.1200000	51.0400000	829.4498322	4.0553750
-157.5256040	26.1596000	-179.1200000	51.0400000	817.2858154	4.0556875
-157.5256040	26.6596000	-179.1200000	51.0400000	805.0935983	4.0563750
-157.0256040	14.6596000	-179.1200000	51.0400000	1114.4081033	4.0343750
-157.0256040	15.1596000	-179.1200000	51.0400000	1101.6548172	4.0343750
-157.0256040	15.6596000	-179.1200000	51.0400000	1088.8359965	4.0346875
-157.0256040	16.1596000	-179.1200000	51.0400000	1076.1220020	4.0346875
-157.0256040	16.6596000	-179.1200000	51.0400000	1063.1647245	4.0356875
-157.0256040	17.1596000	-179.1200000	51.0400000	1050.3161509	4.0363750
-157.0256040	17.6596000	-179.1200000	51.0400000	1037.5900986	4.0366875
-157.0256040	18.1596000	-179.1200000	51.0400000	1024.7141109	4.0376875
-157.0256040	18.6596000	-179.1200000	51.0400000	1011.8679668	4.0386875
-157.0256040	19.1596000	-179.1200000	51.0400000	999.0525625	4.0396875
-157.0256040	19.6596000	-179.1200000	51.0400000	986.2688389	4.0406875
-157.0256040	20.1596000	-179.1200000	51.0400000	973.5177845	4.0416875
-157.0256040	20.6596000	-179.1200000	51.0400000	960.6370732	4.0433750
-157.0256040	21.1596000	-179.1200000	51.0400000	947.8834814	4.0446875
-157.0256040	21.6596000	-179.1200000	51.0400000	935.2400684	4.0456875
-157.0256040	22.1596000	-179.1200000	51.0400000	922.4770821	4.0473750
-157.0256040	22.6596000	-179.1200000	51.0400000	909.8411757	4.0486875
-157.0256040	23.1596000	-179.1200000	51.0400000	897.3162376	4.0496875
-157.0256040	23.6596000	-179.1200000	51.0400000	884.8324588	4.0506875
-157.0256040	24.1596000	-179.1200000	51.0400000	872.2433234	4.0523750
-157.0256040	24.6596000	-179.1200000	51.0400000	859.8485458	4.0533750
-157.0256040	25.1596000	-179.1200000	51.0400000	847.6433635	4.0536875
-157.0256040	25.6596000	-179.1200000	51.0400000	835.3399337	4.0546875
-157.0256040	26.1596000	-179.1200000	51.0400000	823.1493912	4.0553750
-157.0256040	26.6596000	-179.1200000	51.0400000	811.0833417	4.0556875
-156.5256040	14.6596000	-179.1200000	51.0400000	1119.5257071	4.0336875
-156.5256040	15.1596000	-179.1200000	51.0400000	1106.8058514	4.0336875
-156.5256040	15.6596000	-179.1200000	51.0400000	1093.9189239	4.0343750
-156.5256040	16.1596000	-179.1200000	51.0400000	1081.1569383	4.0346875
-156.5256040	16.6596000	-179.1200000	51.0400000	1068.3184625	4.0353750
-156.5256040	17.1596000	-179.1200000	51.0400000	1055.6040238	4.0356875
-156.5256040	17.6596000	-179.1200000	51.0400000	1042.7363339	4.0366875
-156.5256040	18.1596000	-179.1200000	51.0400000	1029.8982607	4.0376875
-156.5256040	18.6596000	-179.1200000	51.0400000	1017.1693811	4.0383750
-156.5256040	19.1596000	-179.1200000	51.0400000	1004.3144899	4.0396875
-156.5256040	19.6596000	-179.1200000	51.0400000	991.5706650	4.0406875
-156.5256040	20.1596000	-179.1200000	51.0400000	978.8602067	4.0416875
-156.5256040	20.6596000	-179.1200000	51.0400000	966.0198923	4.0433750
-156.5256040	21.1596000	-179.1200000	51.0400000	953.3815831	4.0443750
-156.5256040	21.6596000	-179.1200000	51.0400000	940.7073006	4.0456875
-156.5256040	22.1596000	-179.1200000	51.0400000	927.9869437	4.0473750
-156.5256040	22.6596000	-179.1200000	51.0400000	915.4656222	4.0483750
-156.5256040	23.1596000	-179.1200000	51.0400000	902.9151846	4.0496875
-156.5256040	23.6596000	-179.1200000	51.0400000	890.4774018	4.0506875
-156.5256040	24.1596000	-179.1200000	51.0400000	878.0831199	4.0516875
-156.5256040	24.6596000	-179.1200000	51.0400000	865.7339278	4.0526875
-156.5256040	25.1596000	-179.1200000	51.0400000	853.4315009	4.0536875
-156.5256040	25.6596000	-179.1200000	51.0400000	841.2424422	4.0543750
-156.5256040	26.1596000	-179.1200000	51.0400000	829.1785544	4.0546875
-156.5256040	26.6596000	-179.1200000	51.0400000	817.0873309	4.0553750
-156.0256040	14.6596000	-179.1200000	51.0400000	1124.6264801	4.0333750
-156.0256040	15.1596000	-179.1200000	51.0400000	1111.8552806	4.0336875
-156.0256040	15.6596000	-179.1200000	51.0400000	1099.1911390	4.0336875
-156.0256040	16.1596000	-179.1200000	51.0400000	1086.3624916	4.0343750
-156.0256040	16.6596000	-179.1200000	51.0400000	1073.6593957	4.0346875
-156.0256040	17.1596000	-179.1200000	51.0400000	1060.7997189	4.0356875
-156.0256040	17.6596000	-179.1200000	51.0400000	1048.0505627	4.0363750
-156.0256040	18.1596000	-179.1200000	51.0400000	1035.2494907	4.0373750
-156.0256040	18.6596000	-179.1200000	51.0400000	1022.4795398	4.0383750
-156.0256040	19.1596000	-179.1200000	51.0400000	1009.7416402	4.0393750
-156.0256040	19.6596000	-179.1200000	51.0400000	996.9596577	4.0406875
-156.0256040	20.1596000	-179.1200000	51.0400000	984.2898358	4.0416875
-156.0256040	20.6596000	-179.1200000	51.0400000	971.4899267	4.0433750
-156.0256040	21.1596000	-179.1200000	51.0400000	958.8936632	4.0443750
-156.0256040	21.6596000	-179.1200000	51.0400000	946.2617325	4.0456875
-156.0256040	22.1596000	-179.1200000	51.0400000	933.7425631	4.0466875
-156.0256040	22.6596000	-179.1200000	51.0400000	921.1069297	4.0483750
-156.0256040	23.1596000	-179.1200000	51.0400000	908.6712590	4.0493750
-156.0256040	23.6596000	-179.1200000	51.0400000	896.2783939	4.0503750
-156.0256040	24.1596000	-179.1200000	51.0400000	883.9298610	4.0513750
-156.0256040	24.6596000	-179.1200000	51.0400000	871.6272681	4.0523750
-156.0256040	25.1596000	-179.1200000	51.0400000	859.3723089	4.0533750
-156.0256040	25.6596000	-179.1200000	51.0400000	847.3104456	4.0536875
-156.0256040	26.1596000	-179.1200000	51.0400000	835.2184816	4.0543750
-156.0256040	26.6596000	-179.1200000	51.0400000	823.1144921	4.0553750
-155.5256040	14.6596000	-179.1200000	51.0400000	1129.9178168	4.0326875
-155.5256040	15.1596000	-179.1200000	51.0400000	1117.0761101	4.0333750
-155.5256040	15.6596000	-179.1200000	51.0400000	1104.3619105	4.0336875
-155.5256040	16.1596000	-179.1200000	51.0400000	1091.5694218	4.0343750
-155.5256040	16.6596000	-179.1200000	51.0400000	1078.9035341	4.0346875
-155.5256040	17.1596000	-179.1200000	51.0400000	1066.0807497	4.0356875
-155.5256040	17.6596000	-179.1200000	51.0400000	1053.3694841	4.0363750
-155.5256040	18.1596000	-179.1200000	51.0400000	1040.6064953	4.0373750
-155.5256040	18.6596000	-179.1200000	51.0400000	1027.8752448	4.0383750
-155.5256040	19.1596000	-179.1200000	51.0400000	1015.1766787	4.0393750
-155.5256040	19.6596000	-179.1200000	51.0400000	1002.5117888	4.0403750
-155.5256040	20.1596000	-179.1200000	51.0400000	989.8050777	4.0416875
-155.5256040	20.6596000	-179.1200000	51.0400000	977.2117056	4.0426875
-155.5256040	21.1596000	-179.1200000	51.0400000	964.4913045	4.0443750
-155.5256040	21.6596000	-179.1200000	51.0400000	951.9016711	4.0456875
-155.5256040	22.1596000	-179.1200000	51.0400000	939.4259636	4.0466875
-155.5256040	22.6596000	-179.1200000	51.0400000	926.9909903	4.0476875
-155.5256040	23.1596000	-179.1200000	51.0400000	914.4428679	4.0493750
-155.5256040	23.6596000	-179.1200000	51.0400000	902.0957560	4.0503750
-155.5256040	24.1596000	-179.1200000	51.0400000	889.7937767	4.0513750
-155.5256040	24.6596000	-179.1200000	51.0400000	877.5385543	4.0523750
-155.5256040	25.1596000	-179.1200000	51.0400000	865.4785936	4.0526875
-155.5256040	25.6596000	-179.1200000	51.0400000	853.3857977	4.0533750
-155.5256040	26.1596000	-179.1200000	51.0400000	841.2784395	4.0543750
-155.5256040	26.6596000	-179.1200000	51.0400000	829.3658620	4.0546875
-155.0256040	14.6596000	-179.1200000	51.0400000	1135.1008719	4.0326875
-155.0256040	15.1596000	-179.1200000	51.0400000	1122.4856841	4.0326875
-155.0256040	15.6596000	-179.1200000	51.0400000	1109.6163566	4.0336875
-155.0256040	16.1596000	-179.1200000	51.0400000	1096.8601217	4.0343750
-155.0256040	16.6596000	-179.1200000	51.0400000	1084.2315343	4.0346875
-155.0256040	17.1596000	-179.1200000	51.0400000	1071.5286821	4.0353750
-155.0256040	17.6596000	-179.1200000	51.0400000	1058.7723926	4.0363750
-155.0256040	18.1596000	-179.1200000	51.0400000	1046.0475270	4.0373750
-155.0256040	18.6596000	-179.1200000	51.0400000	1033.3550026	4.0383750
-155.0256040	19.1596000	-179.1200000	51.0400000	1020.6957803	4.0393750
-155.0256040	19.6596000	-179.1200000	51.0400000	1008.0708672	4.0403750
-155.0256040	20.1596000	-179.1200000	51.0400000	995.4043482	4.0416875
-155.0256040	20.6596000	-179.1200000	51.0400000	982.8522616	4.0426875
-155.0256040	21.1596000	-179.1200000	51.0400000	970.1728592	4.0443750
-155.0256040	21.6596000	-179.1200000	51.0400000	957.6994125	4.0453750
-155.0256040	22.1596000	-179.1200000	51.0400000	945.1930882	4.0466875
-155.0256040	22.6596000	-179.1200000	51.0400000	932.8022005	4.0476875
-155.0256040	23.1596000	-179.1200000	51.0400000	920.4541842	4.0486875
-155.0256040	23.6596000	-179.1200000	51.0400000	908.1505225	4.0496875
-155.0256040	24.1596000	-179.1200000	51.0400000	895.8927746	4.0506875
-155.0256040	24.6596000	-179.1200000	51.0400000	883.6825804	4.0516875
-155.0256040	25.1596000	-179.1200000	51.0400000	871.5888737	4.0523750
-155.0256040	25.6596000	-179.1200000	51.0400000	859.4781028	4.0533750
-155.0256040	26.1596000	-179.1200000	51.0400000	847.5640629	4.0536875
-155.0256040	26.6596000	-179.1200000	51.0400000	835.6236596	4.0543750
-154.5256040	14.6596000	-179.1200000	51.0400000	1140.4544746	4.0323750
-154.5256040	15.1596000	-179.1200000	51.0400000	1127.7870935	4.0326875
-154.5256040	15.6596000	-179.1200000	51.0400000	1115.0395386	4.0333750
-154.5256040	16.1596000	-179.1200000	51.0400000	1102.2332409	4.0343750
-154.5256040	16.6596000	-179.1200000	51.0400000	1089.6420193	4.0346875
-154.5256040	17.1596000	-179.1200000	51.0400000	1076.9765863	4.0353750
-154.5256040	17.6596000	-179.1200000	51.0400000	1064.2578577	4.0363750
-154.5256040	18.1596000	-179.1200000	51.0400000	1051.5711274	4.0373750
-154.5256040	18.6596000	-179.1200000	51.0400000	1038.9173264	4.0383750
-154.5256040	19.1596000	-179.1200000	51.0400000	1026.2974298	4.0393750
-154.5256040	19.6596000	-179.1200000	51.0400000	1013.7124587	4.0403750
-154.5256040	20.1596000	-179.1200000	51.0400000	1001.0860728	4.0416875
-154.5256040	20.6596000	-179.1200000	51.0400000	988.5752006	4.0426875
-154.5256040	21.1596000	-179.1200000	51.0400000	976.1026178	4.0436875
-154.5256040	21.6596000	-179.1200000	51.0400000	963.5057859	4.0453750
-154.5256040	22.1596000	-179.1200000	51.0400000	951.1156882	4.0463750
-154.5256040	22.6596000	-179.1200000	51.0400000	938.6952786	4.0476875
-154.5256040	23.1596000	-179.1200000	51.0400000	926.3919067	4.0486875
-154.5256040	23.6596000	-179.1200000	51.0400000	914.1336202	4.0496875
-154.5256040	24.1596000	-179.1200000	51.0400000	901.9219918	4.0506875
-154.5256040	24.6596000	-179.1200000	51.0400000	889.8273070	4.0513750
-154.5256040	25.1596000	-179.1200000	51.0400000	877.7130888	4.0523750
-154.5256040	25.6596000	-179.1200000	51.0400000	865.7976012	4.0526875
-154.5256040	26.1596000	-179.1200000	51.0400000	853.8528225	4.0533750
-154.5256040	26.6596000	-179.1200000	51.0400000	841.8971214	4.0543750
-154.0256040	14.6596000	-179.1200000	51.0400000	1145.8010122	4.0323750
-154.0256040	15.1596000	-179.1200000	51.0400000	1133.1694815	4.0326875
-154.0256040	15.6596000	-179.1200000	51.0400000	1120.4577824	4.0333750
-154.0256040	16.1596000	-179.1200000	51.0400000	1107.6874332	4.0343750
-154.0256040	16.6596000	-179.1200000	51.0400000	1095.1336173	4.0346875
-154.0256040	17.1596000	-179.1200000	51.0400000	1082.4217991	4.0356875
-154.0256040	17.6596000	-179.1200000	51.0400000	1069.8244553	4.0363750
-154.0256040	18.1596000	-179.1200000	51.0400000	1057.1758455	4.0373750
-154.0256040	18.6596000	-179.1200000	51.0400000	1044.5607381	4.0383750
-154.0256040	19.1596000	-179.1200000	51.0400000	1031.9801211	4.0393750
-154.0256040	19.6596000	-179.1200000	51.0400000	1019.4350289	4.0403750
-154.0256040	20.1596000	-179.1200000	51.0400000	1006.8486887	4.0416875
-154.0256040	20.6596000	-179.1200000	51.0400000	994.3789306	4.0426875
-154.0256040	21.1596000	-179.1200000	51.0400000	981.9481009	4.0436875
-154.0256040	21.6596000	-179.1200000	51.0400000	969.3926737	4.0453750
-154.0256040	22.1596000	-179.1200000	51.0400000	957.0456399	4.0463750
-154.0256040	22.6596000	-179.1200000	51.0400000	944.7414508	4.0473750
-154.0256040	23.1596000	-179.1200000	51.0400000	932.4815449	4.0483750
-154.0256040	23.6596000	-179.1200000	51.0400000	920.2674320	4.0493750
-154.0256040	24.1596000	-179.1200000	51.0400000	908.1006975	4.0503750
-154.0256040	24.6596000	-179.1200000	51.0400000	895.9830064	4.0513750
-154.0256040	25.1596000	-179.1200000	51.0400000	883.9161083	4.0523750
-154.0256040	25.6596000	-179.1200000	51.0400000	872.0497506	4.0526875
-154.0256040	26.1596000	-179.1200000	51.0400000	860.1542944	4.0533750
-154.0256040	26.6596000	-179.1200000	51.0400000	848.2482016	4.0543750
-153.5256040	14.6596000	-179.1200000	51.0400000	1151.2271843	4.0323750
-153.5256040	15.1596000	-179.1200000	51.0400000	1138.6315549	4.0326875
-153.5256040	15.6596000	-179.1200000	51.0400000	1125.8685121	4.0336875
-153.5256040	16.1596000	-179.1200000	51.0400000	1113.2213573	4.0343750
-153.5256040	16.6596000	-179.1200000	51.0400000	1100.7049626	4.0346875
-153.5256040	17.1596000	-179.1200000	51.0400000	1088.0301433	4.0356875
-153.5256040	17.6596000	-179.1200000	51.0400000	1075.3875099	4.0366875
-153.5256040	18.1596000	-179.1200000	51.0400000	1062.8602389	4.0373750
-153.5256040	18.6596000	-179.1200000	51.0400000	1050.2837688	4.0383750
-153.5256040	19.1596000	-179.1200000	51.0400000	1037.7423584	4.0393750
-153.5256040	19.6596000	-179.1200000	51.0400000	1025.1577633	4.0406875
-153.5256040	20.1596000	-179.1200000	51.0400000	1012.6906451	4.0416875
-153.5256040	20.6596000	-179.1200000	51.0400000	1000.2618725	4.0426875
-153.5256040	21.1596000	-179.1200000	51.0400000	987.8726468	4.0436875
-153.5256040	21.6596000	-179.1200000	51.0400000	975.3584400	4.0453750
-153.5256040	22.1596000	-179.1200000	51.0400000	963.0542760	4.0463750
-153.5256040	22.6596000	-179.1200000	51.0400000	950.7936108	4.0473750
-153.5256040	23.1596000	-179.1200000	51.0400000	938.5778943	4.0483750
-153.5256040	23.6596000	-179.1200000	51.0400000	926.4086475	4.0493750
-153.5256040	24.1596000	-179.1200000	51.0400000	914.2874663	4.0503750
-153.5256040	24.6596000	-179.1200000	51.0400000	902.2160260	4.0513750
-153.5256040	25.1596000	-179.1200000	51.0400000	890.1960855	4.0523750
-153.5256040	25.6596000	-179.1200000	51.0400000	878.3784746	4.0526875
-153.5256040	26.1596000	-179.1200000	51.0400000	866.5319148	4.0533750
-153.5256040	26.6596000	-179.1200000	51.0400000	854.6749609	4.0543750
-153.0256040	14.6596000	-179.1200000	51.0400000	1156.7317252	4.0323750
-153.0256040	15.1596000	-179.1200000	51.0400000	1143.9769994	4.0333750
-153.0256040	15.6596000	-179.1200000	51.0400000	1131.4444478	4.0336875
-153.0256040	16.1596000	-179.1200000	51.0400000	1118.8336784	4.0343750
-153.0256040	16.6596000	-179.1200000	51.0400000	1106.1662092	4.0353750
-153.0256040	17.1596000	-179.1200000	51.0400000	1093.7168394	4.0356875
-153.0256040	17.6596000	-179.1200000	51.0400000	1081.1116876	4.0366875
-153.0256040	18.1596000	-179.1200000	51.0400000	1068.5401659	4.0376875
-153.0256040	18.6596000	-179.1200000	51.0400000	1056.0032418	4.0386875
-153.0256040	19.1596000	-179.1200000	51.0400000	1043.5019267	4.0396875
-153.0256040	19.6596000	-179.1200000	51.0400000	1031.0372787	4.0406875
-153.0256040	20.1596000	-179.1200000	51.0400000	1018.6104043	4.0416875
-153.0256040	20.6596000	-179.1200000	51.0400000	1006.2224617	4.0426875
-153.0256040	21.1596000	-179.1200000	51.0400000	993.8746635	4.0436875
-153.0256040	21.6596000	-179.1200000	51.0400000	981.4014653	4.0453750
-153.0256040	22.1596000	-179.1200000	51.0400000	969.1399492	4.0463750
-153.0256040	22.6596000	-179.1200000	51.0400000	956.9225613	4.0473750
-153.0256040	23.1596000	-179.1200000	51.0400000	944.7507617	4.0483750
-153.0256040	23.6596000	-179.1200000	51.0400000	932.6260809	4.0493750
-153.0256040	24.1596000	-179.1200000	51.0400000	920.5501242	4.0503750
-153.0256040	24.6596000	-179.1200000	51.0400000	908.5245754	4.0513750
-153.0256040	25.1596000	-179.1200000	51.0400000	896.5512013	4.0523750
-153.0256040	25.6596000	-179.1200000	51.0400000	884.7819247	4.0526875
-153.0256040	26.1596000	-179.1200000	51.0400000	872.9165067	4.0536875
-153.0256040	26.6596000	-179.1200000	51.0400000	861.1754929	4.0543750
-152.5256040	14.6596000	-179.1200000	51.0400000	1162.2233033	4.0326875
-152.5256040	15.1596000	-179.1200000	51.0400000	1149.5936263	4.0333750
-152.5256040	15.6596000	-179.1200000	51.0400000	1137.0974783	4.0336875
-152.5256040	16.1596000	-179.1200000	51.0400000	1124.4359687	4.0346875
-152.5256040	16.6596000	-179.1200000	51.0400000	1111.8920029	4.0353750
-152.5256040	17.1596000	-179.1200000	51.0400000	1099.2932433	4.0363750
-152.5256040	17.6596000	-179.1200000	51.0400000	1086.7276851	4.0373750
-152.5256040	18.1596000	-179.1200000	51.0400000	1074.3791673	4.0376875
-152.5256040	18.6596000	-179.1200000	51.0400000	1061.8806893	4.0386875
-152.5256040	19.1596000	-179.1200000	51.0400000	1049.4183554	4.0396875
-152.5256040	19.6596000	-179.1200000	51.0400000	1036.9932341	4.0406875
-152.5256040	20.1596000	-179.1200000	51.0400000	1024.6064424	4.0416875
-152.5256040	20.6596000	-179.1200000	51.0400000	1012.0870340	4.0433750
-152.5256040	21.1596000	-179.1200000	51.0400000	999.7825951	4.0443750
-152.5256040	21.6596000	-179.1200000	51.0400000	987.5201477	4.0453750
-152.5256040	22.1596000	-179.1200000	51.0400000	975.3010308	4.0463750
-152.5256040	22.6596000	-179.1200000	51.0400000	963.1266468	4.0473750
-152.5256040	23.1596000	-179.1200000	51.0400000	950.9984644	4.0483750
-152.5256040	23.6596000	-179.1200000	51.0400000	938.9180226	4.0493750
-152.5256040	24.1596000	-179.1200000	51.0400000	926.8869344	4.0503750
-152.5256040	24.6596000	-179.1200000	51.0400000	914.9068905	4.0513750
-152.5256040	25.1596000	-179.1200000	51.0400000	902.9796641	4.0523750
-152.5256040	25.6596000	-179.1200000	51.0400000	891.1071151	4.0533750
-152.5256040	26.1596000	-179.1200000	51.0400000	879.4403201	4.0536875
-152.5256040	26.6596000	-179.1200000	51.0400000	867.6810454	4.0546875
-152.0256040	14.6596000	-179.1200000	51.0400000	1167.8803670	4.0326875
-152.0256040	15.1596000	-179.1200000	51.0400000	1155.1965733	4.0336875
-152.0256040	15.6596000	-179.1200000	51.0400000	1142.6315564	4.0343750
-152.0256040	16.1596000	-179.1200000	51.0400000	1130.0081104	4.0353750
-152.0256040	16.6596000	-179.1200000	51.0400000	1117.6069276	4.0356875
-152.0256040	17.1596000	-179.1200000	51.0400000	1105.0459769	4.0366875
-152.0256040	17.6596000	-179.1200000	51.0400000	1092.5187132	4.0376875
-152.0256040	18.1596000	-179.1200000	51.0400000	1080.1096584	4.0383750
-152.0256040	18.6596000	-179.1200000	51.0400000	1067.6516625	4.0393750
-152.0256040	19.1596000	-179.1200000	51.0400000	1055.2303211	4.0403750
-152.0256040	19.6596000	-179.1200000	51.0400000	1042.8467117	4.0413750
-152.0256040	20.1596000	-179.1200000	51.0400000	1030.5019607	4.0423750
-152.0256040	20.6596000	-179.1200000	51.0400000	1018.1972453	4.0433750
-152.0256040	21.1596000	-179.1200000	51.0400000	1005.9337967	4.0443750
-152.0256040	21.6596000	-179.1200000	51.0400000	993.7129029	4.0453750
-152.0256040	22.1596000	-179.1200000	51.0400000	981.4601125	4.0466875
-152.0256040	22.6596000	-179.1200000	51.0400000	969.3293887	4.0476875
-152.0256040	23.1596000	-179.1200000	51.0400000	957.2454496	4.0486875
-152.0256040	23.6596000	-179.1200000	51.0400000	945.2098411	4.0496875
-152.0256040	24.1596000	-179.1200000	51.0400000	933.2241823	4.0506875
-152.0256040	24.6596000	-179.1200000	51.0400000	921.2901695	4.0516875
-152.0256040	25.1596000	-179.1200000	51.0400000	909.4797109	4.0523750
-152.0256040	25.6596000	-179.1200000	51.0400000	897.6534800	4.0533750
-152.0256040	26.1596000	-179.1200000	51.0400000	885.8844950	4.0543750
-152.0256040	26.6596000	-179.1200000	51.0400000	874.1748048	4.0553750
-151.5256040	14.6596000	-179.1200000	51.0400000	1173.4119847	4.0333750
-151.5256040	15.1596000	-179.1200000	51.0400000	1160.7652931	4.0343750
-151.5256040	15.6596000	-179.1200000	51.0400000	1148.3449475	4.0346875
-151.5256040	16.1596000	-179.1200000	51.0400000	1135.7582812	4.0356875
-151.5256040	16.6596000	-179.1200000	51.0400000	1123.2909346	4.0363750
-151.5256040	17.1596000	-179.1200000	51.0400000	1110.7688721	4.0373750
-151.5256040	17.6596000	-179.1200000	51.0400000	1098.4679664	4.0376875
-151.5256040	18.1596000	-179.1200000	51.0400000	1086.0129983	4.0386875
-151.5256040	18.6596000	-179.1200000	51.0400000	1073.5941407	4.0396875
-151.5256040	19.1596000	-179.1200000	51.0400000	1061.2124339	4.0406875
-151.5256040	19.6596000	-179.1200000	51.0400000	1048.8689638	4.0416875
-151.5256040	20.1596000	-179.1200000	51.0400000	1036.5648652	4.0426875
-151.5256040	20.6596000	-179.1200000	51.0400000	1024.3013236	4.0436875
-151.5256040	21.1596000	-179.1200000	51.0400000	1012.0795779	4.0446875
-151.5256040	21.6596000	-179.1200000	51.0400000	999.9009236	4.0456875
-151.5256040	22.1596000	-179.1200000	51.0400000	987.7667154	4.0466875
-151.5256040	22.6596000	-179.1200000	51.0400000	975.6783702	4.0476875
-151.5256040	23.1596000	-179.1200000	51.0400000	963.4737660	4.0493750
-151.5256040	23.6596000	-179.1200000	51.0400000	951.4837393	4.0503750
-151.5256040	24.1596000	-179.1200000	51.0400000	939.5442241	4.0513750
-151.5256040	24.6596000	-179.1200000	51.0400000	927.6569209	4.0523750
-151.5256040	25.1596000	-179.1200000	51.0400000	915.8236102	4.0533750
-151.5256040	25.6596000	-179.1200000	51.0400000	904.1994816	4.0536875
-151.5256040	26.1596000	-179.1200000	51.0400000	892.4778164	4.0546875
-151.5256040	26.6596000	-179.1200000	51.0400000	880.8160232	4.0556875
-151.0256040	14.6596000	-179.1200000	51.0400000	1179.1246548	4.0336875
-151.0256040	15.1596000	-179.1200000	51.0400000	1166.5137844	4.0346875
-151.0256040	15.6596000	-179.1200000	51.0400000	1154.0234030	4.0353750
-151.0256040	16.1596000	-179.1200000	51.0400000	1141.4746072	4.0363750
-151.0256040	16.6596000	-179.1200000	51.0400000	1129.1508794	4.0366875
-151.0256040	17.1596000	-179.1200000	51.0400000	1116.6663814	4.0376875
-151.0256040	17.6596000	-179.1200000	51.0400000	1104.2164906	4.0386875
-151.0256040	18.1596000	-179.1200000	51.0400000	1091.8866363	4.0393750
-151.0256040	18.6596000	-179.1200000	51.0400000	1079.5079106	4.0403750
-151.0256040	19.1596000	-179.1200000	51.0400000	1067.1668095	4.0413750
-151.0256040	19.6596000	-179.1200000	51.0400000	1054.8644269	4.0423750
-151.0256040	20.1596000	-179.1200000	51.0400000	1042.6019047	4.0433750
-151.0256040	20.6596000	-179.1200000	51.0400000	1030.3804354	4.0443750
-151.0256040	21.1596000	-179.1200000	51.0400000	1018.2012649	4.0453750
-151.0256040	21.6596000	-179.1200000	51.0400000	1006.0656949	4.0463750
-151.0256040	22.1596000	-179.1200000	51.0400000	993.9750861	4.0473750
-151.0256040	22.6596000	-179.1200000	51.0400000	981.9308608	4.0483750
-151.0256040	23.1596000	-179.1200000	51.0400000	969.9345064	4.0493750
-151.0256040	23.6596000	-179.1200000	51.0400000	957.9875786	4.0503750
-151.0256040	24.1596000	-179.1200000	51.0400000	946.0187335	4.0516875
-151.0256040	24.6596000	-179.1200000	51.0400000	934.1765485	4.0526875
-151.0256040	25.1596000	-179.1200000	51.0400000	922.4600126	4.0533750
-151.0256040	25.6596000	-179.1200000	51.0400000	910.7278425	4.0543750
-151.0256040	26.1596000	-179.1200000	51.0400000	899.0540326	4.0553750
-151.0256040	26.6596000	-179.1200000	51.0400000	887.4406294	4.0563750
-150.5256040	14.6596000	-179.1200000	51.0400000	1184.7066336	4.0346875
-150.5256040	15.1596000	-179.1200000	51.0400000	1172.2244538	4.0353750
-150.5256040	15.6596000	-179.1200000	51.0400000	1159.6820373	4.0363750
-150.5256040	16.1596000	-179.1200000	51.0400000	1147.3673509	4.0366875
-150.5256040	16.6596000	-179.1200000	51.0400000	1134.8883242	4.0376875
-150.5256040	17.1596000	-179.1200000	51.0400000	1122.5302649	4.0383750
-150.5256040	17.6596000	-179.1200000	51.0400000	1110.1194035	4.0393750
-150.5256040	18.1596000	-179.1200000	51.0400000	1097.7445533	4.0403750
-150.5256040	18.6596000	-179.1200000	51.0400000	1085.5914001	4.0406875
-150.5256040	19.1596000	-179.1200000	51.0400000	1073.2895113	4.0416875
-150.5256040	19.6596000	-179.1200000	51.0400000	1061.0268076	4.0426875
-150.5256040	20.1596000	-179.1200000	51.0400000	1048.8044375	4.0436875
-150.5256040	20.6596000	-179.1200000	51.0400000	1036.6235996	4.0446875
-150.5256040	21.1596000	-179.1200000	51.0400000	1024.4855458	4.0456875
-150.5256040	21.6596000	-179.1200000	51.0400000	1012.3915833	4.0466875
-150.5256040	22.1596000	-179.1200000	51.0400000	1000.3430777	4.0476875
-150.5256040	22.6596000	-179.1200000	51.0400000	988.1736571	4.0493750
-150.5256040	23.1596000	-179.1200000	51.0400000	976.2224805	4.0503750
-150.5256040	23.6596000	-179.1200000	51.0400000	964.3212283	4.0513750
-150.5256040	24.1596000	-179.1200000	51.0400000	952.4715300	4.0523750
-150.5256040	24.6596000	-179.1200000	51.0400000	940.6750899	4.0533750
-150.5256040	25.1596000	-179.1200000	51.0400000	928.9336908	4.0543750
-150.5256040	25.6596000	-179.1200000	51.0400000	917.2491978	4.0553750
-150.5256040	26.1596000	-179.1200000	51.0400000	905.6235626	4.0563750
-150.5256040	26.6596000	-179.1200000	51.0400000	894.0588281	4.0573750
-150.0256040	14.6596000	-179.1200000	51.0400000	1190.4488705	4.0353750
-150.0256040	15.1596000	-179.1200000	51.0400000	1178.1133809	4.0356875
-150.0256040	15.6596000	-179.1200000	51.0400000	1165.6069690	4.0366875
-150.0256040	16.1596000	-179.1200000	51.0400000	1153.1333117	4.0376875
-150.0256040	16.6596000	-179.1200000	51.0400000	1140.7815432	4.0383750
-150.0256040	17.1596000	-179.1200000	51.0400000	1128.3750388	4.0393750
-150.0256040	17.6596000	-179.1200000	51.0400000	1116.1939184	4.0396875
-150.0256040	18.1596000	-179.1200000	51.0400000	1103.8571576	4.0406875
-150.0256040	18.6596000	-179.1200000	51.0400000	1091.5578542	4.0416875
-150.0256040	19.1596000	-179.1200000	51.0400000	1079.2970691	4.0426875
-150.0256040	19.6596000	-179.1200000	51.0400000	1067.0759085	4.0436875
-150.0256040	20.1596000	-179.1200000	51.0400000	1054.9770372	4.0443750
-150.0256040	20.6596000	-179.1200000	51.0400000	1042.8376799	4.0453750
-150.0256040	21.1596000	-179.1200000	51.0400000	1030.7415654	4.0463750
-150.0256040	21.6596000	-179.1200000	51.0400000	1018.6113567	4.0476875
-150.0256040	22.1596000	-179.1200000	51.0400000	1006.6066665	4.0486875
-150.0256040	22.6596000	-179.1200000	51.0400000	994.6493262	4.0496875
-150.0256040	23.1596000	-179.1200000	51.0400000	982.7408294	4.0506875
-150.0256040	23.6596000	-179.1200000	51.0400000	970.8827367	4.0516875
-150.0256040	24.1596000	-179.1200000	51.0400000	959.0766789	4.0526875
-150.0256040	24.6596000	-179.1200000	51.0400000	947.3243604	4.0536875
-150.0256040	25.1596000	-179.1200000	51.0400000	935.4689490	4.0553750
-150.0256040	25.6596000	-179.1200000	51.0400000	923.8315478	4.0563750
-150.0256040	26.1596000	-179.1200000	51.0400000	912.4080697	4.0566875
-150.0256040	26.6596000	-179.1200000	51.0400000	900.8893599	4.0576875
-149.5256040	14.6596000	-179.1200000	51.0400000	1196.3699236	4.0356875
-149.5256040	15.1596000	-179.1200000	51.0400000	1183.8692447	4.0366875
-149.5256040	15.6596000	-179.1200000	51.0400000	1171.4008656	4.0376875
-149.5256040	16.1596000	-179.1200000	51.0400000	1159.0553065	4.0383750
-149.5256040	16.6596000	-179.1200000	51.0400000	1146.6530850	4.0393750
-149.5256040	17.1596000	-179.1200000	51.0400000	1134.4788148	4.0396875
-149.5256040	17.6596000	-179.1200000	51.0400000	1122.1452152	4.0406875
-149.5256040	18.1596000	-179.1200000	51.0400000	1109.8484598	4.0416875
-149.5256040	18.6596000	-179.1200000	51.0400000	1097.6744233	4.0423750
-149.5256040	19.1596000	-179.1200000	51.0400000	1085.4535032	4.0433750
-149.5256040	19.6596000	-179.1200000	51.0400000	1073.2726315	4.0443750
-149.5256040	20.1596000	-179.1200000	51.0400000	1061.1329667	4.0453750
-149.5256040	20.6596000	-179.1200000	51.0400000	1049.0357171	4.0463750
-149.5256040	21.1596000	-179.1200000	51.0400000	1036.9821433	4.0473750
-149.5256040	21.6596000	-179.1200000	51.0400000	1024.9735600	4.0483750
-149.5256040	22.1596000	-179.1200000	51.0400000	1013.0113395	4.0493750
-149.5256040	22.6596000	-179.1200000	51.0400000	1001.0969140	4.0503750
-149.5256040	23.1596000	-179.1200000	51.0400000	989.2317787	4.0513750
-149.5256040	23.6596000	-179.1200000	51.0400000	977.3421258	4.0526875
-149.5256040	24.1596000	-179.1200000	51.0400000	965.5812495	4.0536875
-149.5256040	24.6596000	-179.1200000	51.0400000	953.8745540	4.0546875
-149.5256040	25.1596000	-179.1200000	51.0400000	942.2238188	4.0556875
-149.5256040	25.6596000	-179.1200000	51.0400000	930.6309033	4.0566875
-149.5256040	26.1596000	-179.1200000	51.0400000	919.0977509	4.0576875
-149.5256040	26.6596000	-179.1200000	51.0400000	907.6962825	4.0583750
-149.0256040	14.6596000	-179.1200000	51.0400000	1202.1536942	4.0366875
-149.0256040	15.1596000	-179.1200000	51.0400000	1189.6905125	4.0376875
-149.0256040	15.6596000	-179.1200000	51.0400000	1177.3510913	4.0383750
-149.0256040	16.1596000	-179.1200000	51.0400000	1164.9530885	4.0393750
-149.0256040	16.6596000	-179.1200000	51.0400000	1152.7856184	4.0396875
-149.0256040	17.1596000	-179.1200000	51.0400000	1140.4551377	4.0406875
-149.0256040	17.6596000	-179.1200000	51.0400000	1128.1609015	4.0416875
-149.0256040	18.1596000	-179.1200000	51.0400000	1115.9901642	4.0423750
-149.0256040	18.6596000	-179.1200000	51.0400000	1103.7704531	4.0433750
-149.0256040	19.1596000	-179.1200000	51.0400000	1091.5900755	4.0443750
-149.0256040	19.6596000	-179.1200000	51.0400000	1079.4501468	4.0453750
-149.0256040	20.1596000	-179.1200000	51.0400000	1067.3518296	4.0463750
-149.0256040	20.6596000	-179.1200000	51.0400000	1055.2963356	4.0473750
-149.0256040	21.1596000	-179.1200000	51.0400000	1043.2849281	4.0483750
-149.0256040	21.6596000	-179.1200000	51.0400000	1031.3189244	4.0493750
-149.0256040	22.1596000	-179.1200000	51.0400000	1019.3996985	4.0503750
-149.0256040	22.6596000	-179.1200000	51.0400000	1007.5286838	4.0513750
-149.0256040	23.1596000	-179.1200000	51.0400000	995.7073758	4.0523750
-149.0256040	23.6596000	-179.1200000	51.0400000	983.9373354	4.0533750
-149.0256040	24.1596000	-179.1200000	51.0400000	972.2201918	4.0543750
-149.0256040	24.6596000	-179.1200000	51.0400000	960.5576459	4.0553750
-149.0256040	25.1596000	-179.1200000	51.0400000	948.9514738	4.0563750
-149.0256040	25.6596000	-179.1200000	51.0400000	937.4035303	4.0573750
-149.0256040	26.1596000	-179.1200000	51.0400000	925.9157527	4.0583750
-149.0256040	26.6596000	-179.1200000	51.0400000	914.4901648	4.0593750
-162.0256040	19.9863000	-179.1200000	51.0400000	929.4888088	4.0426875
-161.3675990	17.7469010	-179.1200000	51.0400000	993.5216079	4.0406875
-161.3148960	21.9563010	-179.1200000	51.0400000	884.5970353	4.0456875
-161.0950010	23.9972000	-179.1200000	51.0400000	833.8348614	4.0506875
-160.0475010	19.8234000	-179.1200000	51.0400000	951.7527566	4.0416875
-159.6649930	22.1229990	-179.1200000	51.0400000	895.9807120	4.0466875
-159.4010010	21.9710010	-179.1200000	51.0400000	902.5121407	4.0463750
-158.9824980	15.5740000	-179.1200000	51.0400000	1071.8005835	4.0366875
-158.9331050	24.5737990	-179.1200000	51.0400000	840.8408893	4.0536875
-158.9030000	21.2984010	-179.1200000	51.0400000	924.8288661	4.0446875
-158.7601930	18.5646990	-179.1200000	51.0400000	996.8599147	4.0386875
-158.1853940	22.6201990	-179.1200000	51.0400000	898.2832794	4.0486875
-158.1795040	20.3778000	-179.1200000	51.0400000	955.8015904	4.0426875
-157.9310000	21.6460000	-179.1200000	51.0400000	925.9067929	4.0456875
-157.8591000	14.6596000	-179.1200000	51.0400000	1106.1155099	4.0353750
-157.7008060	16.3484000	-179.1200000	51.0400000	1064.3842219	4.0356875
-157.6275940	20.3461000	-179.1200000	51.0400000	962.2883319	4.0426875
-157.2700040	21.1089990	-179.1200000	51.0400000	946.5973618	4.0443750
-157.2272950	18.9848000	-179.1200000	51.0400000	1001.4280691	4.0393750
-156.9646000	24.3120990	-179.1200000	51.0400000	869.2149796	4.0523750
-156.9320070	19.8327010	-179.1200000	51.0400000	982.7560298	4.0413750
-156.8081970	18.4042000	-179.1200000	51.0400000	1020.8011795	4.0376875
-156.7559970	21.1360000	-179.1200000	51.0400000	951.4564779	4.0443750
-156.6580050	20.8910010	-179.1200000	51.0400000	958.7629394	4.0436875
-156.5101010	19.4776990	-179.1200000	51.0400000	996.3557734	4.0403750
-156.4651030	18.7750000	-179.1200000	51.0400000	1014.8360822	4.0386875
-156.3876950	17.6149010	-179.1200000	51.0400000	1045.2961764	4.0366875
-156.2066040	16.1620010	-179.1200000	51.0400000	1084.3537847	4.0346875
-156.1670070	18.3010010	-179.1200000	51.0400000	1030.1247257	4.0376875
-155.9969940	20.7710000	-179.1200000	51.0400000	969.0498262	4.0433750
-155.7729950	19.0790000	-179.1200000	51.0400000	1014.4843489	4.0393750
-155.7653050	26.7766990	-179.1200000	51.0400000	823.6520985	4.0546875
-155.7149960	18.0002990	-179.1200000	51.0400000	1042.7301993	4.0366875
-155.7109990	20.0460000	-179.1200000	51.0400000	990.6407960	4.0413750
-155.6793980	21.2055000	-179.1200000	51.0400000	961.6305683	4.0443750
-155.6362000	22.2999000	-179.1200000	51.0400000	934.5714564	4.0473750
-154.9944000	21.5070000	-179.1200000	51.0400000	961.9521895	4.0446875
-154.9830020	19.6010000	-179.1200000	51.0400000	1009.9964906	4.0403750
-154.7973940	18.8031010	-179.1200000	51.0400000	1032.2455382	4.0386875
-154.6912990	17.1800990	-179.1200000	51.0400000	1074.5672838	4.0356875
-154.6177980	20.0889000	-179.1200000	51.0400000	1001.8478397	4.0413750
-154.4958950	18.4016990	-179.1200000	51.0400000	1045.8163581	4.0376875
-154.4828030	21.0019000	-179.1200000	51.0400000	980.4518995	4.0436875
-154.3939970	19.2625010	-179.1200000	51.0400000	1025.1675653	4.0396875
-154.2518010	21.1686990	-179.1200000	51.0400000	979.0719622	4.0436875
-154.0305020	17.9884000	-179.1200000	51.0400000	1061.5385850	4.0366875
-153.9922940	18.7976000	-179.1200000	51.0400000	1041.4551120	4.0386875
-153.9826970	21.5196990	-179.1200000	51.0400000	973.4608477	4.0446875
-153.9674990	14.7313000	-179.1200000	51.0400000	1144.6280295	4.0323750
-153.9024050	19.9790990	-179.1200000	51.0400000	1012.7760010	4.0413750
-153.8681950	17.3153990	-179.1200000	51.0400000	1080.3113918	4.0356875
-153.7008060	17.2975010	-179.1200000	51.0400000	1082.6362289	4.0356875
-153.5032040	19.4951990	-179.1200000	51.0400000	1029.5221626	4.0403750
-153.2958980	18.8009000	-179.1200000	51.0400000	1049.3887712	4.0386875
-153.2920990	20.8925990	-179.1200000	51.0400000	997.2119690	4.0433750
-153.2906040	17.9062000	-179.1200000	51.0400000	1071.8021918	4.0373750
-152.9812010	18.3018000	-179.1200000	51.0400000	1065.5625688	4.0376875
-152.7657930	25.5928000	-179.1200000	51.0400000	889.6950926	4.0526875
-152.1324010	18.4814000	-179.1200000	51.0400000	1070.9007562	4.0386875
-151.6866000	14.6891000	-179.1200000	51.0400000	1170.8281593	4.0333750
-151.6376040	16.7378010	-179.1200000	51.0400000	1120.0501152	4.0363750
-150.9149930	18.9142000	-179.1200000	51.0400000	1074.6339751	4.0406875
-149.0009000	16.9890000	-179.1200000	51.0400000	1144.8718642	4.0406875
