-162.0256040	14.6596000	-179.1200000	51.0400000	1068.3927356	4.0410000
-162.0256040	15.1596000	-179.1200000	51.0400000	1055.3209376	4.0410000
-162.0256040	15.6596000	-179.1200000	51.0400000	1042.2619744	4.0410000
-162.0256040	16.1596000	-179.1200000	51.0400000	1029.4711092	4.0400000
-162.0256040	16.6596000	-179.1200000	51.0400000	1016.4361367	4.0400000
-162.0256040	17.1596000	-179.1200000	51.0400000	1003.4156040	4.0400000
-162.0256040	17.6596000	-179.1200000	51.0400000	990.6553141	4.0390000
-162.0256040	18.1596000	-179.1200000	51.0400000	977.6622506	4.0390000
-162.0256040	18.6596000	-179.1200000	51.0400000	964.6855021	4.0390000
-162.0256040	19.1596000	-179.1200000	51.0400000	951.7257617	4.0390000
-162.0256040	19.6596000	-179.1200000	51.0400000	938.5513883	4.0400000
-162.0256040	20.1596000	-179.1200000	51.0400000	925.6310976	4.0400000
-162.0256040	20.6596000	-179.1200000	51.0400000	912.7301294	4.0400000
-162.0256040	21.1596000	-179.1200000	51.0400000	899.6266660	4.0410000
-162.0256040	21.6596000	-179.1200000	51.0400000	886.7701611	4.0410000
-162.0256040	22.1596000	-179.1200000	51.0400000	873.7194985	4.0420000
-162.0256040	22.6596000	-179.1200000	51.0400000	860.6983580	4.0430000
-162.0256040	23.1596000	-179.1200000	51.0400000	847.7077993	4.0440000
-162.0256040	23.6596000	-179.1200000	51.0400000	834.7489463	4.0450000
-162.0256040	24.1596000	-179.1200000	51.0400000	821.6199219	4.0470000
-162.0256040	24.6596000	-179.1200000	51.0400000	808.7313666	4.0480000
-162.0256040	25.1596000	-179.1200000	51.0400000	795.8783111	4.0490000
-162.0256040	25.6596000	-179.1200000	51.0400000	783.0621856	4.0500000
-162.0256040	26.1596000	-179.1200000	51.0400000	770.2845117	4.0510000
-162.0256040	26.6596000	-179.1200000	51.0400000	757.5469095	4.0520000
-161.5256040	14.6596000	-179.1200000	51.0400000	1072.6491754	4.0400000
-161.5256040	15.1596000	-179.1200000	51.0400000	1059.6063558	4.0400000
-161.5256040	15.6596000	-179.1200000	51.0400000	1046.8360998	4.0390000
-161.5256040	16.1596000	-179.1200000	51.0400000	1033.8174766	4.0390000
-161.5256040	16.6596000	-179.1200000	51.0400000	1020.8133846	4.0390000
-161.5256040	17.1596000	-179.1200000	51.0400000	1007.8244077	4.0390000
-161.5256040	17.6596000	-179.1200000	51.0400000	995.0975324	4.0380000
-161.5256040	18.1596000	-179.1200000	51.0400000	982.1374526	4.0380000
-161.5256040	18.6596000	-179.1200000	51.0400000	969.1944353	4.0380000
-161.5256040	19.1596000	-179.1200000	51.0400000	956.0324406	4.0390000
-161.5256040	19.6596000	-179.1200000	51.0400000	943.1289401	4.0390000
-161.5256040	20.1596000	-179.1200000	51.0400000	930.2447749	4.0390000
-161.5256040	20.6596000	-179.1200000	51.0400000	917.1537153	4.0400000
-161.5256040	21.1596000	-179.1200000	51.0400000	904.0901969	4.0410000
-161.5256040	21.6596000	-179.1200000	51.0400000	891.2756456	4.0410000
-161.5256040	22.1596000	-179.1200000	51.0400000	878.2667577	4.0420000
-161.5256040	22.6596000	-179.1200000	51.0400000	865.2883509	4.0430000
-161.5256040	23.1596000	-179.1200000	51.0400000	852.3415196	4.0440000
-161.5256040	23.6596000	-179.1200000	51.0400000	839.2199523	4.0460000
-161.5256040	24.1596000	-179.1200000	51.0400000	826.3430544	4.0470000
-161.5256040	24.6596000	-179.1200000	51.0400000	813.5014157	4.0480000
-161.5256040	25.1596000	-179.1200000	51.0400000	800.6964212	4.0490000
-161.5256040	25.6596000	-179.1200000	51.0400000	787.9295423	4.0500000
-161.5256040	26.1596000	-179.1200000	51.0400000	775.2023435	4.0510000
-161.5256040	26.6596000	-179.1200000	51.0400000	762.5164889	4.0520000
-161.0256040	14.6596000	-179.1200000	51.0400000	1077.0061490	4.0390000
-161.0256040	15.1596000	-179.1200000	51.0400000	1064.2562815	4.0380000
-161.0256040	15.6596000	-179.1200000	51.0400000	1051.2537562	4.0380000
-161.0256040	16.1596000	-179.1200000	51.0400000	1038.2658383	4.0380000
-161.0256040	16.6596000	-179.1200000	51.0400000	1025.2931038	4.0380000
-161.0256040	17.1596000	-179.1200000	51.0400000	1012.5869226	4.0370000
-161.0256040	17.6596000	-179.1200000	51.0400000	999.6431972	4.0370000
-161.0256040	18.1596000	-179.1200000	51.0400000	986.7165724	4.0370000
-161.0256040	18.6596000	-179.1200000	51.0400000	973.5665938	4.0380000
-161.0256040	19.1596000	-179.1200000	51.0400000	960.6795197	4.0380000
-161.0256040	19.6596000	-179.1200000	51.0400000	947.8117769	4.0380000
-161.0256040	20.1596000	-179.1200000	51.0400000	934.7327086	4.0390000
-161.0256040	20.6596000	-179.1200000	51.0400000	921.6811366	4.0400000
-161.0256040	21.1596000	-179.1200000	51.0400000	908.8828770	4.0400000
-161.0256040	21.6596000	-179.1200000	51.0400000	895.8857801	4.0410000
-161.0256040	22.1596000	-179.1200000	51.0400000	882.9190478	4.0420000
-161.0256040	22.6596000	-179.1200000	51.0400000	869.9837454	4.0430000
-161.0256040	23.1596000	-179.1200000	51.0400000	856.8691135	4.0450000
-161.0256040	23.6596000	-179.1200000	51.0400000	844.0033522	4.0460000
-161.0256040	24.1596000	-179.1200000	51.0400000	831.1725970	4.0470000
-161.0256040	24.6596000	-179.1200000	51.0400000	818.3781890	4.0480000
-161.0256040	25.1596000	-179.1200000	51.0400000	805.6215514	4.0490000
-161.0256040	25.6596000	-179.1200000	51.0400000	792.9041948	4.0500000
-161.0256040	26.1596000	-179.1200000	51.0400000	780.2277241	4.0510000
-161.0256040	26.6596000	-179.1200000	51.0400000	767.5938451	4.0520000
-160.5256040	14.6596000	-179.1200000	51.0400000	1081.7303954	4.0370000
-160.5256040	15.1596000	-179.1200000	51.0400000	1068.7437229	4.0370000
-160.5256040	15.6596000	-179.1200000	51.0400000	1055.7717200	4.0370000
-160.5256040	16.1596000	-179.1200000	51.0400000	1043.0733323	4.0360000
-160.5256040	16.6596000	-179.1200000	51.0400000	1030.1291931	4.0360000
-160.5256040	17.1596000	-179.1200000	51.0400000	1017.2015181	4.0360000
-160.5256040	17.6596000	-179.1200000	51.0400000	1004.2909666	4.0360000
-160.5256040	18.1596000	-179.1200000	51.0400000	991.1526544	4.0370000
-160.5256040	18.6596000	-179.1200000	51.0400000	978.2816566	4.0370000
-160.5256040	19.1596000	-179.1200000	51.0400000	965.4299705	4.0370000
-160.5256040	19.6596000	-179.1200000	51.0400000	952.3624977	4.0380000
-160.5256040	20.1596000	-179.1200000	51.0400000	939.3224610	4.0390000
-160.5256040	20.6596000	-179.1200000	51.0400000	926.5400816	4.0390000
-160.5256040	21.1596000	-179.1200000	51.0400000	913.5543346	4.0400000
-160.5256040	21.6596000	-179.1200000	51.0400000	900.5988217	4.0410000
-160.5256040	22.1596000	-179.1200000	51.0400000	887.6745793	4.0420000
-160.5256040	22.6596000	-179.1200000	51.0400000	874.7827032	4.0430000
-160.5256040	23.1596000	-179.1200000	51.0400000	861.7112687	4.0450000
-160.5256040	23.6596000	-179.1200000	51.0400000	848.8908924	4.0460000
-160.5256040	24.1596000	-179.1200000	51.0400000	836.1065570	4.0470000
-160.5256040	24.6596000	-179.1200000	51.0400000	823.3596388	4.0480000
-160.5256040	25.1596000	-179.1200000	51.0400000	810.6515970	4.0490000
-160.5256040	25.6596000	-179.1200000	51.0400000	797.9839793	4.0500000
-160.5256040	26.1596000	-179.1200000	51.0400000	785.3584290	4.0510000
-160.5256040	26.6596000	-179.1200000	51.0400000	772.7766911	4.0520000
-160.0256040	14.6596000	-179.1200000	51.0400000	1086.2861734	4.0360000
-160.0256040	15.1596000	-179.1200000	51.0400000	1073.3298337	4.0360000
-160.0256040	15.6596000	-179.1200000	51.0400000	1060.6515686	4.0350000
-160.0256040	16.1596000	-179.1200000	51.0400000	1047.7231662	4.0350000
-160.0256040	16.6596000	-179.1200000	51.0400000	1034.8112481	4.0350000
-160.0256040	17.1596000	-179.1200000	51.0400000	1021.9164621	4.0350000
-160.0256040	17.6596000	-179.1200000	51.0400000	1008.7894793	4.0360000
-160.0256040	18.1596000	-179.1200000	51.0400000	995.9342214	4.0360000
-160.0256040	18.6596000	-179.1200000	51.0400000	983.0982412	4.0360000
-160.0256040	19.1596000	-179.1200000	51.0400000	970.0419843	4.0370000
-160.0256040	19.6596000	-179.1200000	51.0400000	957.2501497	4.0370000
-160.0256040	20.1596000	-179.1200000	51.0400000	944.2461971	4.0380000
-160.0256040	20.6596000	-179.1200000	51.0400000	931.2713795	4.0390000
-160.0256040	21.1596000	-179.1200000	51.0400000	918.3266525	4.0400000
-160.0256040	21.6596000	-179.1200000	51.0400000	905.4130244	4.0410000
-160.0256040	22.1596000	-179.1200000	51.0400000	892.5315603	4.0420000
-160.0256040	22.6596000	-179.1200000	51.0400000	879.4658575	4.0440000
-160.0256040	23.1596000	-179.1200000	51.0400000	866.6553831	4.0450000
-160.0256040	23.6596000	-179.1200000	51.0400000	853.8806352	4.0460000
-160.0256040	24.1596000	-179.1200000	51.0400000	841.1429450	4.0470000
-160.0256040	24.6596000	-179.1200000	51.0400000	828.4437221	4.0480000
-160.0256040	25.1596000	-179.1200000	51.0400000	815.7844596	4.0490000
-160.0256040	25.6596000	-179.1200000	51.0400000	803.1667407	4.0500000
-160.0256040	26.1596000	-179.1200000	51.0400000	790.5922442	4.0510000
-160.0256040	26.6596000	-179.1200000	51.0400000	778.0627520	4.0520000
-159.5256040	14.6596000	-179.1200000	51.0400000	1090.9390295	4.0350000
-159.5256040	15.1596000	-179.1200000	51.0400000	1078.0134134	4.0350000
-159.5256040	15.6596000	-179.1200000	51.0400000	1065.3677101	4.0340000
-159.5256040	16.1596000	-179.1200000	51.0400000	1052.4712661	4.0340000
-159.5256040	16.6596000	-179.1200000	51.0400000	1039.5919493	4.0340000
-159.5256040	17.1596000	-179.1200000	51.0400000	1026.7304281	4.0340000
-159.5256040	17.6596000	-179.1200000	51.0400000	1013.6361311	4.0350000
-159.5256040	18.1596000	-179.1200000	51.0400000	1000.8155207	4.0350000
-159.5256040	18.6596000	-179.1200000	51.0400000	987.7701162	4.0360000
-159.5256040	19.1596000	-179.1200000	51.0400000	974.9935010	4.0360000
-159.5256040	19.6596000	-179.1200000	51.0400000	962.0002070	4.0370000
-159.5256040	20.1596000	-179.1200000	51.0400000	949.0359178	4.0380000
-159.5256040	20.6596000	-179.1200000	51.0400000	936.1015639	4.0390000
-159.5256040	21.1596000	-179.1200000	51.0400000	923.1981266	4.0400000
-159.5256040	21.6596000	-179.1200000	51.0400000	910.3266409	4.0410000
-159.5256040	22.1596000	-179.1200000	51.0400000	897.4881990	4.0420000
-159.5256040	22.6596000	-179.1200000	51.0400000	884.4651898	4.0440000
-159.5256040	23.1596000	-179.1200000	51.0400000	871.6995718	4.0450000
-159.5256040	23.6596000	-179.1200000	51.0400000	858.9706468	4.0460000
-159.5256040	24.1596000	-179.1200000	51.0400000	846.2797768	4.0470000
-159.5256040	24.6596000	-179.1200000	51.0400000	833.6284027	4.0480000
-159.5256040	25.1596000	-179.1200000	51.0400000	821.0180498	4.0490000
-159.5256040	25.6596000	-179.1200000	51.0400000	808.4503342	4.0500000
-159.5256040	26.1596000	-179.1200000	51.0400000	795.9269684	4.0510000
-159.5256040	26.6596000	-179.1200000	51.0400000	783.6431652	4.0510000
-159.0256040	14.6596000	-179.1200000	51.0400000	1095.6877834	4.0340000
-159.0256040	15.1596000	-179.1200000	51.0400000	1083.0617362	4.0330000
-159.0256040	15.6596000	-179.1200000	51.0400000	1070.1804941	4.0330000
-159.0256040	16.1596000	-179.1200000	51.0400000	1057.3163621	4.0330000
-159.0256040	16.6596000	-179.1200000	51.0400000	1044.4699956	4.0330000
-159.0256040	17.1596000	-179.1200000	51.0400000	1031.3863458	4.0340000
-159.0256040	17.6596000	-179.1200000	51.0400000	1018.5807836	4.0340000
-159.0256040	18.1596000	-179.1200000	51.0400000	1005.7951514	4.0340000
-159.0256040	18.6596000	-179.1200000	51.0400000	992.7841423	4.0350000
-159.0256040	19.1596000	-179.1200000	51.0400000	979.8011360	4.0360000
-159.0256040	19.6596000	-179.1200000	51.0400000	966.8469932	4.0370000
-159.0256040	20.1596000	-179.1200000	51.0400000	953.9226203	4.0380000
-159.0256040	20.6596000	-179.1200000	51.0400000	941.0289716	4.0390000
-159.0256040	21.1596000	-179.1200000	51.0400000	928.1670529	4.0400000
-159.0256040	21.6596000	-179.1200000	51.0400000	915.3379247	4.0410000
-159.0256040	22.1596000	-179.1200000	51.0400000	902.5427053	4.0420000
-159.0256040	22.6596000	-179.1200000	51.0400000	889.5625496	4.0440000
-159.0256040	23.1596000	-179.1200000	51.0400000	876.8419544	4.0450000
-159.0256040	23.6596000	-179.1200000	51.0400000	864.1589995	4.0460000
-159.0256040	24.1596000	-179.1200000	51.0400000	851.5150758	4.0470000
-159.0256040	24.6596000	-179.1200000	51.0400000	838.9116538	4.0480000
-159.0256040	25.1596000	-179.1200000	51.0400000	826.3502892	4.0490000
-159.0256040	25.6596000	-179.1200000	51.0400000	813.8326286	4.0500000
-159.0256040	26.1596000	-179.1200000	51.0400000	801.3604160	4.0510000
-159.0256040	26.6596000	-179.1200000	51.0400000	789.1302499	4.0510000
-158.5256040	14.6596000	-179.1200000	51.0400000	1100.8041957	4.0320000
-158.5256040	15.1596000	-179.1200000	51.0400000	1087.9378942	4.0320000
-158.5256040	15.6596000	-179.1200000	51.0400000	1075.0886740	4.0320000
-158.5256040	16.1596000	-179.1200000	51.0400000	1062.2571777	4.0320000
-158.5256040	16.6596000	-179.1200000	51.0400000	1049.1838650	4.0330000
-158.5256040	17.1596000	-179.1200000	51.0400000	1036.3930438	4.0330000
-158.5256040	17.6596000	-179.1200000	51.0400000	1023.6220648	4.0330000
-158.5256040	18.1596000	-179.1200000	51.0400000	1010.6211192	4.0340000
-158.5256040	18.6596000	-179.1200000	51.0400000	997.6480471	4.0350000
-158.5256040	19.1596000	-179.1200000	51.0400000	984.9477279	4.0350000
-158.5256040	19.6596000	-179.1200000	51.0400000	972.0297026	4.0360000
-158.5256040	20.1596000	-179.1200000	51.0400000	959.1422098	4.0370000
-158.5256040	20.6596000	-179.1200000	51.0400000	946.0519397	4.0390000
-158.5256040	21.1596000	-179.1200000	51.0400000	933.2317287	4.0400000
-158.5256040	21.6596000	-179.1200000	51.0400000	920.4451321	4.0410000
-158.5256040	22.1596000	-179.1200000	51.0400000	907.6932932	4.0420000
-158.5256040	22.6596000	-179.1200000	51.0400000	894.7561078	4.0440000
-158.5256040	23.1596000	-179.1200000	51.0400000	882.0806570	4.0450000
-158.5256040	23.6596000	-179.1200000	51.0400000	869.4437734	4.0460000
-158.5256040	24.1596000	-179.1200000	51.0400000	856.8468750	4.0470000
-158.5256040	24.6596000	-179.1200000	51.0400000	844.2914600	4.0480000
-158.5256040	25.1596000	-179.1200000	51.0400000	831.7791125	4.0490000
-158.5256040	25.6596000	-179.1200000	51.0400000	819.3115076	4.0500000
-158.5256040	26.1596000	-179.1200000	51.0400000	807.0896505	4.0500000
-158.5256040	26.6596000	-179.1200000	51.0400000	794.7138505	4.0510000
-158.0256040	14.6596000	-179.1200000	51.0400000	1105.7424652	4.0310000
-158.0256040	15.1596000	-179.1200000	51.0400000	1092.9078955	4.0310000
-158.0256040	15.6596000	-179.1200000	51.0400000	1080.0909972	4.0310000
-158.0256040	16.1596000	-179.1200000	51.0400000	1067.2924306	4.0310000
-158.0256040	16.6596000	-179.1200000	51.0400000	1054.2513515	4.0320000
-158.0256040	17.1596000	-179.1200000	51.0400000	1041.4947221	4.0320000
-158.0256040	17.6596000	-179.1200000	51.0400000	1028.5035130	4.0330000
-158.0256040	18.1596000	-179.1200000	51.0400000	1015.7918461	4.0330000
-158.0256040	18.6596000	-179.1200000	51.0400000	1002.8536549	4.0340000
-158.0256040	19.1596000	-179.1200000	51.0400000	989.9448840	4.0350000
-158.0256040	19.6596000	-179.1200000	51.0400000	977.0664367	4.0360000
-158.0256040	20.1596000	-179.1200000	51.0400000	964.2192630	4.0370000
-158.0256040	20.6596000	-179.1200000	51.0400000	951.4043624	4.0380000
-158.0256040	21.1596000	-179.1200000	51.0400000	938.3904544	4.0400000
-158.0256040	21.6596000	-179.1200000	51.0400000	925.6465235	4.0410000
-158.0256040	22.1596000	-179.1200000	51.0400000	912.9381821	4.0420000
-158.0256040	22.6596000	-179.1200000	51.0400000	900.0440420	4.0440000
-158.0256040	23.1596000	-179.1200000	51.0400000	887.4138140	4.0450000
-158.0256040	23.6596000	-179.1200000	51.0400000	874.8230584	4.0460000
-158.0256040	24.1596000	-179.1200000	51.0400000	862.2732187	4.0470000
-158.0256040	24.6596000	-179.1200000	51.0400000	849.7658191	4.0480000
-158.0256040	25.1596000	-179.1200000	51.0400000	837.3024698	4.0490000
-158.0256040	25.6596000	-179.1200000	51.0400000	825.0885980	4.0490000
-158.0256040	26.1596000	-179.1200000	51.0400000	812.7154477	4.0500000
-158.0256040	26.6596000	-179.1200000	51.0400000	800.5893941	4.0500000
-157.5256040	14.6596000	-179.1200000	51.0400000	1110.7730713	4.0300000
-157.5256040	15.1596000	-179.1200000	51.0400000	1097.9705111	4.0300000
-157.5256040	15.6596000	-179.1200000	51.0400000	1084.9169962	4.0310000
-157.5256040	16.1596000	-179.1200000	51.0400000	1072.1547907	4.0310000
-157.5256040	16.6596000	-179.1200000	51.0400000	1059.4122220	4.0310000
-157.5256040	17.1596000	-179.1200000	51.0400000	1046.4304378	4.0320000
-157.5256040	17.6596000	-179.1200000	51.0400000	1033.7325593	4.0320000
-157.5256040	18.1596000	-179.1200000	51.0400000	1020.8034777	4.0330000
-157.5256040	18.6596000	-179.1200000	51.0400000	1007.9036252	4.0340000
-157.5256040	19.1596000	-179.1200000	51.0400000	995.0338806	4.0350000
-157.5256040	19.6596000	-179.1200000	51.0400000	982.1951670	4.0360000
-157.5256040	20.1596000	-179.1200000	51.0400000	969.3884546	4.0370000
-157.5256040	20.6596000	-179.1200000	51.0400000	956.6147638	4.0380000
-157.5256040	21.1596000	-179.1200000	51.0400000	943.6415353	4.0400000
-157.5256040	21.6596000	-179.1200000	51.0400000	930.9403654	4.0410000
-157.5256040	22.1596000	-179.1200000	51.0400000	918.2755986	4.0420000
-157.5256040	22.6596000	-179.1200000	51.0400000	905.6484873	4.0430000
-157.5256040	23.1596000	-179.1200000	51.0400000	892.8395699	4.0450000
-157.5256040	23.6596000	-179.1200000	51.0400000	880.2949563	4.0460000
-157.5256040	24.1596000	-179.1200000	51.0400000	867.7921650	4.0470000
-157.5256040	24.6596000	-179.1200000	51.0400000	855.3327441	4.0480000
-157.5256040	25.1596000	-179.1200000	51.0400000	843.1265590	4.0480000
-157.5256040	25.6596000	-179.1200000	51.0400000	830.7557683	4.0490000
-157.5256040	26.1596000	-179.1200000	51.0400000	818.6356784	4.0490000
-157.5256040	26.6596000	-179.1200000	51.0400000	806.5600240	4.0490000
-157.0256040	14.6596000	-179.1200000	51.0400000	1115.6179111	4.0300000
-157.0256040	15.1596000	-179.1200000	51.0400000	1102.8507799	4.0300000
-157.0256040	15.6596000	-179.1200000	51.0400000	1090.1024763	4.0300000
-157.0256040	16.1596000	-179.1200000	51.0400000	1077.3736935	4.0300000
-157.0256040	16.6596000	-179.1200000	51.0400000	1064.6651574	4.0300000
-157.0256040	17.1596000	-179.1200000	51.0400000	1051.7166568	4.0310000
-157.0256040	17.6596000	-179.1200000	51.0400000	1038.7963731	4.0320000
-157.0256040	18.1596000	-179.1200000	51.0400000	1026.1595615	4.0320000
-157.0256040	18.6596000	-179.1200000	51.0400000	1013.2949428	4.0330000
-157.0256040	19.1596000	-179.1200000	51.0400000	1000.4611165	4.0340000
-157.0256040	19.6596000	-179.1200000	51.0400000	987.4143123	4.0360000
-157.0256040	20.1596000	-179.1200000	51.0400000	974.6481685	4.0370000
-157.0256040	20.6596000	-179.1200000	51.0400000	961.9157793	4.0380000
-157.0256040	21.1596000	-179.1200000	51.0400000	949.2182383	4.0390000
-157.0256040	21.6596000	-179.1200000	51.0400000	936.3249319	4.0410000
-157.0256040	22.1596000	-179.1200000	51.0400000	923.7037782	4.0420000
-157.0256040	22.6596000	-179.1200000	51.0400000	911.1210959	4.0430000
-157.0256040	23.1596000	-179.1200000	51.0400000	898.5782262	4.0440000
-157.0256040	23.6596000	-179.1200000	51.0400000	886.0765825	4.0450000
-157.0256040	24.1596000	-179.1200000	51.0400000	873.6176543	4.0460000
-157.0256040	24.6596000	-179.1200000	51.0400000	861.2030125	4.0470000
-157.0256040	25.1596000	-179.1200000	51.0400000	848.8343140	4.0480000
-157.0256040	25.6596000	-179.1200000	51.0400000	836.7199565	4.0480000
-157.0256040	26.1596000	-179.1200000	51.0400000	824.4454074	4.0490000
-157.0256040	26.6596000	-179.1200000	51.0400000	812.4229604	4.0490000
-156.5256040	14.6596000	-179.1200000	51.0400000	1120.8282068	4.0290000
-156.5256040	15.1596000	-179.1200000	51.0400000	1108.0935524	4.0290000
-156.5256040	15.6596000	-179.1200000	51.0400000	1095.3782945	4.0290000
-156.5256040	16.1596000	-179.1200000	51.0400000	1082.6831421	4.0290000
-156.5256040	16.6596000	-179.1200000	51.0400000	1069.7433264	4.0300000
-156.5256040	17.1596000	-179.1200000	51.0400000	1057.0937863	4.0300000
-156.5256040	17.6596000	-179.1200000	51.0400000	1044.2075713	4.0310000
-156.5256040	18.1596000	-179.1200000	51.0400000	1031.3510240	4.0320000
-156.5256040	18.6596000	-179.1200000	51.0400000	1018.5250161	4.0330000
-156.5256040	19.1596000	-179.1200000	51.0400000	1005.7304627	4.0340000
-156.5256040	19.6596000	-179.1200000	51.0400000	992.9683239	4.0350000
-156.5256040	20.1596000	-179.1200000	51.0400000	979.9967940	4.0370000
-156.5256040	20.6596000	-179.1200000	51.0400000	967.3057635	4.0380000
-156.5256040	21.1596000	-179.1200000	51.0400000	954.6503172	4.0390000
-156.5256040	21.6596000	-179.1200000	51.0400000	941.7985060	4.0410000
-156.5256040	22.1596000	-179.1200000	51.0400000	929.2209667	4.0420000
-156.5256040	22.6596000	-179.1200000	51.0400000	916.6826935	4.0430000
-156.5256040	23.1596000	-179.1200000	51.0400000	904.1850476	4.0440000
-156.5256040	23.6596000	-179.1200000	51.0400000	891.7294626	4.0450000
-156.5256040	24.1596000	-179.1200000	51.0400000	879.3174485	4.0460000
-156.5256040	24.6596000	-179.1200000	51.0400000	866.9505964	4.0470000
-156.5256040	25.1596000	-179.1200000	51.0400000	854.8417601	4.0470000
-156.5256040	25.6596000	-179.1200000	51.0400000	842.5672724	4.0480000
-156.5256040	26.1596000	-179.1200000	51.0400000	830.5483982	4.0480000
-156.5256040	26.6596000	-179.1200000	51.0400000	818.5759701	4.0480000
-156.0256040	14.6596000	-179.1200000	51.0400000	1126.1271893	4.0280000
-156.0256040	15.1596000	-179.1200000	51.0400000	1113.4252090	4.0280000
-156.0256040	15.6596000	-179.1200000	51.0400000	1100.7431858	4.0280000
-156.0256040	16.1596000	-179.1200000	51.0400000	1087.8117814	4.0290000
-156.0256040	16.6596000	-179.1200000	51.0400000	1075.1750157	4.0290000
-156.0256040	17.1596000	-179.1200000	51.0400000	1062.2968140	4.0300000
-156.0256040	17.6596000	-179.1200000	51.0400000	1049.4480477	4.0310000
-156.0256040	18.1596000	-179.1200000	51.0400000	1036.6295642	4.0320000
-156.0256040	18.6596000	-179.1200000	51.0400000	1023.8422519	4.0330000
-156.0256040	19.1596000	-179.1200000	51.0400000	1011.0870423	4.0340000
-156.0256040	19.6596000	-179.1200000	51.0400000	998.3649126	4.0350000
-156.0256040	20.1596000	-179.1200000	51.0400000	985.6768883	4.0360000
-156.0256040	20.6596000	-179.1200000	51.0400000	972.7830791	4.0380000
-156.0256040	21.1596000	-179.1200000	51.0400000	960.1697327	4.0390000
-156.0256040	21.6596000	-179.1200000	51.0400000	947.5938759	4.0400000
-156.0256040	22.1596000	-179.1200000	51.0400000	934.8254216	4.0420000
-156.0256040	22.6596000	-179.1200000	51.0400000	922.3315008	4.0430000
-156.0256040	23.1596000	-179.1200000	51.0400000	909.8789987	4.0440000
-156.0256040	23.6596000	-179.1200000	51.0400000	897.4693674	4.0450000
-156.0256040	24.1596000	-179.1200000	51.0400000	885.1041356	4.0460000
-156.0256040	24.6596000	-179.1200000	51.0400000	873.0006284	4.0460000
-156.0256040	25.1596000	-179.1200000	51.0400000	860.7260253	4.0470000
-156.0256040	25.6596000	-179.1200000	51.0400000	848.7105901	4.0470000
-156.0256040	26.1596000	-179.1200000	51.0400000	836.5338250	4.0480000
-156.0256040	26.6596000	-179.1200000	51.0400000	824.6141121	4.0480000
-155.5256040	14.6596000	-179.1200000	51.0400000	1131.5136455	4.0270000
-155.5256040	15.1596000	-179.1200000	51.0400000	1118.5667441	4.0280000
-155.5256040	15.6596000	-179.1200000	51.0400000	1105.9212584	4.0280000
-155.5256040	16.1596000	-179.1200000	51.0400000	1093.0256580	4.0290000
-155.5256040	16.6596000	-179.1200000	51.0400000	1080.4265569	4.0290000
-155.5256040	17.1596000	-179.1200000	51.0400000	1067.5852979	4.0300000
-155.5256040	17.6596000	-179.1200000	51.0400000	1054.7740614	4.0310000
-155.5256040	18.1596000	-179.1200000	51.0400000	1041.9937102	4.0320000
-155.5256040	18.6596000	-179.1200000	51.0400000	1029.2451481	4.0330000
-155.5256040	19.1596000	-179.1200000	51.0400000	1016.5293225	4.0340000
-155.5256040	19.6596000	-179.1200000	51.0400000	1003.8472266	4.0350000
-155.5256040	20.1596000	-179.1200000	51.0400000	991.1999023	4.0360000
-155.5256040	20.6596000	-179.1200000	51.0400000	978.5884425	4.0370000
-155.5256040	21.1596000	-179.1200000	51.0400000	965.7748232	4.0390000
-155.5256040	21.6596000	-179.1200000	51.0400000	953.2417544	4.0400000
-155.5256040	22.1596000	-179.1200000	51.0400000	940.7481564	4.0410000
-155.5256040	22.6596000	-179.1200000	51.0400000	928.2953587	4.0420000
-155.5256040	23.1596000	-179.1200000	51.0400000	915.6582788	4.0440000
-155.5256040	23.6596000	-179.1200000	51.0400000	903.5178263	4.0440000
-155.5256040	24.1596000	-179.1200000	51.0400000	891.1961072	4.0450000
-155.5256040	24.6596000	-179.1200000	51.0400000	878.9212286	4.0460000
-155.5256040	25.1596000	-179.1200000	51.0400000	866.9091136	4.0460000
-155.5256040	25.6596000	-179.1200000	51.0400000	854.7300840	4.0470000
-155.5256040	26.1596000	-179.1200000	51.0400000	842.8115309	4.0470000
-155.5256040	26.6596000	-179.1200000	51.0400000	830.9412873	4.0470000
-155.0256040	14.6596000	-179.1200000	51.0400000	1136.7040209	4.0270000
-155.0256040	15.1596000	-179.1200000	51.0400000	1124.0710161	4.0270000
-155.0256040	15.6596000	-179.1200000	51.0400000	1111.1831237	4.0280000
-155.0256040	16.1596000	-179.1200000	51.0400000	1098.5960882	4.0280000
-155.0256040	16.6596000	-179.1200000	51.0400000	1085.7620783	4.0290000
-155.0256040	17.1596000	-179.1200000	51.0400000	1072.9578277	4.0300000
-155.0256040	17.6596000	-179.1200000	51.0400000	1060.1841743	4.0310000
-155.0256040	18.1596000	-179.1200000	51.0400000	1047.7018419	4.0310000
-155.0256040	18.6596000	-179.1200000	51.0400000	1034.9888390	4.0320000
-155.0256040	19.1596000	-179.1200000	51.0400000	1022.0557779	4.0340000
-155.0256040	19.6596000	-179.1200000	51.0400000	1009.4137103	4.0350000
-155.0256040	20.1596000	-179.1200000	51.0400000	996.8070632	4.0360000
-155.0256040	20.6596000	-179.1200000	51.0400000	984.2369452	4.0370000
-155.0256040	21.1596000	-179.1200000	51.0400000	971.4639387	4.0390000
-155.0256040	21.6596000	-179.1200000	51.0400000	958.9735772	4.0400000
-155.0256040	22.1596000	-179.1200000	51.0400000	946.5233979	4.0410000
-155.0256040	22.6596000	-179.1200000	51.0400000	934.1147458	4.0420000
-155.0256040	23.1596000	-179.1200000	51.0400000	921.7490343	4.0430000
-155.0256040	23.6596000	-179.1200000	51.0400000	909.4277485	4.0440000
-155.0256040	24.1596000	-179.1200000	51.0400000	897.1524497	4.0450000
-155.0256040	24.6596000	-179.1200000	51.0400000	885.1435503	4.0450000
-155.0256040	25.1596000	-179.1200000	51.0400000	872.9621735	4.0460000
-155.0256040	25.6596000	-179.1200000	51.0400000	861.0447472	4.0460000
-155.0256040	26.1596000	-179.1200000	51.0400000	848.9646265	4.0470000
-155.0256040	26.6596000	-179.1200000	51.0400000	837.1464460	4.0470000
-154.5256040	14.6596000	-179.1200000	51.0400000	1141.9766828	4.0270000
-154.5256040	15.1596000	-179.1200000	51.0400000	1129.3799130	4.0270000
-154.5256040	15.6596000	-179.1200000	51.0400000	1116.5274549	4.0280000
-154.5256040	16.1596000	-179.1200000	51.0400000	1103.9777113	4.0280000
-154.5256040	16.6596000	-179.1200000	51.0400000	1091.1802009	4.0290000
-154.5256040	17.1596000	-179.1200000	51.0400000	1078.4129980	4.0300000
-154.5256040	17.6596000	-179.1200000	51.0400000	1065.9413897	4.0300000
-154.5256040	18.1596000	-179.1200000	51.0400000	1053.2341778	4.0310000
-154.5256040	18.6596000	-179.1200000	51.0400000	1040.5599574	4.0320000
-154.5256040	19.1596000	-179.1200000	51.0400000	1027.6648911	4.0340000
-154.5256040	19.6596000	-179.1200000	51.0400000	1015.0628168	4.0350000
-154.5256040	20.1596000	-179.1200000	51.0400000	1002.4967945	4.0360000
-154.5256040	20.6596000	-179.1200000	51.0400000	989.9679470	4.0370000
-154.5256040	21.1596000	-179.1200000	51.0400000	977.4774517	4.0380000
-154.5256040	21.6596000	-179.1200000	51.0400000	964.7876756	4.0400000
-154.5256040	22.1596000	-179.1200000	51.0400000	952.3807805	4.0410000
-154.5256040	22.6596000	-179.1200000	51.0400000	940.0161160	4.0420000
-154.5256040	23.1596000	-179.1200000	51.0400000	927.6951097	4.0430000
-154.5256040	23.6596000	-179.1200000	51.0400000	915.4192608	4.0440000
-154.5256040	24.1596000	-179.1200000	51.0400000	903.4134852	4.0440000
-154.5256040	24.6596000	-179.1200000	51.0400000	891.2296904	4.0450000
-154.5256040	25.1596000	-179.1200000	51.0400000	879.0960381	4.0460000
-154.5256040	25.6596000	-179.1200000	51.0400000	867.2286485	4.0460000
-154.5256040	26.1596000	-179.1200000	51.0400000	855.4092132	4.0460000
-154.5256040	26.6596000	-179.1200000	51.0400000	843.6398007	4.0460000
-154.0256040	14.6596000	-179.1200000	51.0400000	1147.6153369	4.0260000
-154.0256040	15.1596000	-179.1200000	51.0400000	1134.7699027	4.0270000
-154.0256040	15.6596000	-179.1200000	51.0400000	1121.9529289	4.0280000
-154.0256040	16.1596000	-179.1200000	51.0400000	1109.4405357	4.0280000
-154.0256040	16.6596000	-179.1200000	51.0400000	1096.6795512	4.0290000
-154.0256040	17.1596000	-179.1200000	51.0400000	1083.9494092	4.0300000
-154.0256040	17.6596000	-179.1200000	51.0400000	1071.2509739	4.0310000
-154.0256040	18.1596000	-179.1200000	51.0400000	1058.5851487	4.0320000
-154.0256040	18.6596000	-179.1200000	51.0400000	1045.9528790	4.0330000
-154.0256040	19.1596000	-179.1200000	51.0400000	1033.3551542	4.0340000
-154.0256040	19.6596000	-179.1200000	51.0400000	1020.7930100	4.0350000
-154.0256040	20.1596000	-179.1200000	51.0400000	1008.2675310	4.0360000
-154.0256040	20.6596000	-179.1200000	51.0400000	995.7798534	4.0370000
-154.0256040	21.1596000	-179.1200000	51.0400000	983.3311681	4.0380000
-154.0256040	21.6596000	-179.1200000	51.0400000	970.6823957	4.0400000
-154.0256040	22.1596000	-179.1200000	51.0400000	958.3186197	4.0410000
-154.0256040	22.6596000	-179.1200000	51.0400000	945.9977537	4.0420000
-154.0256040	23.1596000	-179.1200000	51.0400000	933.7212381	4.0430000
-154.0256040	23.6596000	-179.1200000	51.0400000	921.7185070	4.0430000
-154.0256040	24.1596000	-179.1200000	51.0400000	909.5322339	4.0440000
-154.0256040	24.6596000	-179.1200000	51.0400000	897.3950913	4.0450000
-154.0256040	25.1596000	-179.1200000	51.0400000	885.5276962	4.0450000
-154.0256040	25.6596000	-179.1200000	51.0400000	873.4911319	4.0460000
-154.0256040	26.1596000	-179.1200000	51.0400000	861.7221713	4.0460000
-154.0256040	26.6596000	-179.1200000	51.0400000	850.0040273	4.0460000
-153.5256040	14.6596000	-179.1200000	51.0400000	1153.0501010	4.0260000
-153.5256040	15.1596000	-179.1200000	51.0400000	1140.2396904	4.0270000
-153.5256040	15.6596000	-179.1200000	51.0400000	1127.4582271	4.0280000
-153.5256040	16.1596000	-179.1200000	51.0400000	1114.9832183	4.0280000
-153.5256040	16.6596000	-179.1200000	51.0400000	1102.2587611	4.0290000
-153.5256040	17.1596000	-179.1200000	51.0400000	1089.5656684	4.0300000
-153.5256040	17.6596000	-179.1200000	51.0400000	1076.9048162	4.0310000
-153.5256040	18.1596000	-179.1200000	51.0400000	1064.2771199	4.0320000
-153.5256040	18.6596000	-179.1200000	51.0400000	1051.6835370	4.0330000
-153.5256040	19.1596000	-179.1200000	51.0400000	1039.1250693	4.0340000
-153.5256040	19.6596000	-179.1200000	51.0400000	1026.6027645	4.0350000
-153.5256040	20.1596000	-179.1200000	51.0400000	1014.1177198	4.0360000
-153.5256040	20.6596000	-179.1200000	51.0400000	1001.6710835	4.0370000
-153.5256040	21.1596000	-179.1200000	51.0400000	989.2640586	4.0380000
-153.5256040	21.6596000	-179.1200000	51.0400000	976.8979055	4.0390000
-153.5256040	22.1596000	-179.1200000	51.0400000	964.3352480	4.0410000
-153.5256040	22.6596000	-179.1200000	51.0400000	952.0579618	4.0420000
-153.5256040	23.1596000	-179.1200000	51.0400000	940.0582074	4.0420000
-153.5256040	23.6596000	-179.1200000	51.0400000	927.8694060	4.0430000
-153.5256040	24.1596000	-179.1200000	51.0400000	915.7287556	4.0440000
-153.5256040	24.6596000	-179.1200000	51.0400000	903.6379342	4.0450000
-153.5256040	25.1596000	-179.1200000	51.0400000	891.8191233	4.0450000
-153.5256040	25.6596000	-179.1200000	51.0400000	880.0478270	4.0450000
-153.5256040	26.1596000	-179.1200000	51.0400000	868.1114168	4.0460000
-153.5256040	26.6596000	-179.1200000	51.0400000	856.4440896	4.0460000
-153.0256040	14.6596000	-179.1200000	51.0400000	1158.2756593	4.0270000
-153.0256040	15.1596000	-179.1200000	51.0400000	1145.7879859	4.0270000
-153.0256040	15.6596000	-179.1200000	51.0400000	1133.0420360	4.0280000
-153.0256040	16.1596000	-179.1200000	51.0400000	1120.3262871	4.0290000
-153.0256040	16.6596000	-179.1200000	51.0400000	1107.9164697	4.0290000
-153.0256040	17.1596000	-179.1200000	51.0400000	1095.2603902	4.0300000
-153.0256040	17.6596000	-179.1200000	51.0400000	1082.6370703	4.0310000
-153.0256040	18.1596000	-179.1200000	51.0400000	1070.0474371	4.0320000
-153.0256040	18.6596000	-179.1200000	51.0400000	1057.4924591	4.0330000
-153.0256040	19.1596000	-179.1200000	51.0400000	1044.9731494	4.0340000
-153.0256040	19.6596000	-179.1200000	51.0400000	1032.4905673	4.0350000
-153.0256040	20.1596000	-179.1200000	51.0400000	1020.0458210	4.0360000
-153.0256040	20.6596000	-179.1200000	51.0400000	1007.6400703	4.0370000
-153.0256040	21.1596000	-179.1200000	51.0400000	995.2745291	4.0380000
-153.0256040	21.6596000	-179.1200000	51.0400000	982.9504689	4.0390000
-153.0256040	22.1596000	-179.1200000	51.0400000	970.6692210	4.0400000
-153.0256040	22.6596000	-179.1200000	51.0400000	958.4321809	4.0410000
-153.0256040	23.1596000	-179.1200000	51.0400000	946.2408105	4.0420000
-153.0256040	23.6596000	-179.1200000	51.0400000	934.0966430	4.0430000
-153.0256040	24.1596000	-179.1200000	51.0400000	922.0012861	4.0440000
-153.0256040	24.6596000	-179.1200000	51.0400000	910.1814400	4.0440000
-153.0256040	25.1596000	-179.1200000	51.0400000	898.1858260	4.0450000
-153.0256040	25.6596000	-179.1200000	51.0400000	886.4634468	4.0450000
-153.0256040	26.1596000	-179.1200000	51.0400000	874.5750686	4.0460000
-153.0256040	26.6596000	-179.1200000	51.0400000	862.9580774	4.0460000
-152.5256040	14.6596000	-179.1200000	51.0400000	1163.8647584	4.0270000
-152.5256040	15.1596000	-179.1200000	51.0400000	1151.1276519	4.0280000
-152.5256040	15.6596000	-179.1200000	51.0400000	1138.7030484	4.0280000
-152.5256040	16.1596000	-179.1200000	51.0400000	1126.0232668	4.0290000
-152.5256040	16.6596000	-179.1200000	51.0400000	1113.3749829	4.0300000
-152.5256040	17.1596000	-179.1200000	51.0400000	1100.7590560	4.0310000
-152.5256040	17.6596000	-179.1200000	51.0400000	1088.1763833	4.0320000
-152.5256040	18.1596000	-179.1200000	51.0400000	1075.6279021	4.0330000
-152.5256040	18.6596000	-179.1200000	51.0400000	1063.3781952	4.0330000
-152.5256040	19.1596000	-179.1200000	51.0400000	1050.8979197	4.0340000
-152.5256040	19.6596000	-179.1200000	51.0400000	1038.4549179	4.0350000
-152.5256040	20.1596000	-179.1200000	51.0400000	1026.0503087	4.0360000
-152.5256040	20.6596000	-179.1200000	51.0400000	1013.4342253	4.0380000
-152.5256040	21.1596000	-179.1200000	51.0400000	1001.1130784	4.0390000
-152.5256040	21.6596000	-179.1200000	51.0400000	988.8339872	4.0400000
-152.5256040	22.1596000	-179.1200000	51.0400000	976.5982924	4.0410000
-152.5256040	22.6596000	-179.1200000	51.0400000	964.6460537	4.0410000
-152.5256040	23.1596000	-179.1200000	51.0400000	952.4983670	4.0420000
-152.5256040	23.6596000	-179.1200000	51.0400000	940.3985058	4.0430000
-152.5256040	24.1596000	-179.1200000	51.0400000	928.3480856	4.0440000
-152.5256040	24.6596000	-179.1200000	51.0400000	916.5753944	4.0440000
-152.5256040	25.1596000	-179.1200000	51.0400000	904.6260094	4.0450000
-152.5256040	25.6596000	-179.1200000	51.0400000	892.9521123	4.0450000
-152.5256040	26.1596000	-179.1200000	51.0400000	881.1112775	4.0460000
-152.5256040	26.6596000	-179.1200000	51.0400000	869.5441139	4.0460000
-152.0256040	14.6596000	-179.1200000	51.0400000	1169.5298118	4.0270000
-152.0256040	15.1596000	-179.1200000	51.0400000	1156.8276992	4.0280000
-152.0256040	15.6596000	-179.1200000	51.0400000	1144.1559133	4.0290000
-152.0256040	16.1596000	-179.1200000	51.0400000	1131.5152526	4.0300000
-152.0256040	16.6596000	-179.1200000	51.0400000	1118.9065499	4.0310000
-152.0256040	17.1596000	-179.1200000	51.0400000	1106.6051295	4.0310000
-152.0256040	17.6596000	-179.1200000	51.0400000	1094.0598082	4.0320000
-152.0256040	18.1596000	-179.1200000	51.0400000	1081.5491772	4.0330000
-152.0256040	18.6596000	-179.1200000	51.0400000	1069.0742252	4.0340000
-152.0256040	19.1596000	-179.1200000	51.0400000	1056.6359849	4.0350000
-152.0256040	19.6596000	-179.1200000	51.0400000	1044.2355352	4.0360000
-152.0256040	20.1596000	-179.1200000	51.0400000	1031.8740039	4.0370000
-152.0256040	20.6596000	-179.1200000	51.0400000	1019.5525699	4.0380000
-152.0256040	21.1596000	-179.1200000	51.0400000	1007.2724659	4.0390000
-152.0256040	21.6596000	-179.1200000	51.0400000	995.0349816	4.0400000
-152.0256040	22.1596000	-179.1200000	51.0400000	982.8414660	4.0410000
-152.0256040	22.6596000	-179.1200000	51.0400000	970.6933314	4.0420000
-152.0256040	23.1596000	-179.1200000	51.0400000	958.8292137	4.0420000
-152.0256040	23.6596000	-179.1200000	51.0400000	946.7733055	4.0430000
-152.0256040	24.1596000	-179.1200000	51.0400000	934.7674395	4.0440000
-152.0256040	24.6596000	-179.1200000	51.0400000	923.0415082	4.0440000
-152.0256040	25.1596000	-179.1200000	51.0400000	911.1379073	4.0450000
-152.0256040	25.6596000	-179.1200000	51.0400000	899.5120312	4.0450000
-152.0256040	26.1596000	-179.1200000	51.0400000	887.7182257	4.0460000
-152.0256040	26.6596000	-179.1200000	51.0400000	876.2003561	4.0460000
-151.5256040	14.6596000	-179.1200000	51.0400000	1174.9777937	4.0280000
-151.5256040	15.1596000	-179.1200000	51.0400000	1162.3138418	4.0290000
-151.5256040	15.6596000	-179.1200000	51.0400000	1149.6806452	4.0300000
-151.5256040	16.1596000	-179.1200000	51.0400000	1137.0790110	4.0310000
-151.5256040	16.6596000	-179.1200000	51.0400000	1124.7887462	4.0310000
-151.5256040	17.1596000	-179.1200000	51.0400000	1112.2496192	4.0320000
-151.5256040	17.6596000	-179.1200000	51.0400000	1099.7446993	4.0330000
-151.5256040	18.1596000	-179.1200000	51.0400000	1087.2749420	4.0340000
-151.5256040	18.6596000	-179.1200000	51.0400000	1074.8413446	4.0350000
-151.5256040	19.1596000	-179.1200000	51.0400000	1062.7082556	4.0350000
-151.5256040	19.6596000	-179.1200000	51.0400000	1050.3470207	4.0360000
-151.5256040	20.1596000	-179.1200000	51.0400000	1038.0252214	4.0370000
-151.5256040	20.6596000	-179.1200000	51.0400000	1025.7440450	4.0380000
-151.5256040	21.1596000	-179.1200000	51.0400000	1013.5047321	4.0390000
-151.5256040	21.6596000	-179.1200000	51.0400000	1001.3085801	4.0400000
-151.5256040	22.1596000	-179.1200000	51.0400000	989.1569452	4.0410000
-151.5256040	22.6596000	-179.1200000	51.0400000	977.0512466	4.0420000
-151.5256040	23.1596000	-179.1200000	51.0400000	965.2317101	4.0420000
-151.5256040	23.6596000	-179.1200000	51.0400000	953.2193771	4.0430000
-151.5256040	24.1596000	-179.1200000	51.0400000	941.2576588	4.0440000
-151.5256040	24.6596000	-179.1200000	51.0400000	929.3482586	4.0450000
-151.5256040	25.1596000	-179.1200000	51.0400000	917.7197819	4.0450000
-151.5256040	25.6596000	-179.1200000	51.0400000	905.9174819	4.0460000
-151.5256040	26.1596000	-179.1200000	51.0400000	894.3941281	4.0460000
-151.5256040	26.6596000	-179.1200000	51.0400000	882.7068276	4.0470000
-151.0256040	14.6596000	-179.1200000	51.0400000	1180.4964943	4.0290000
-151.0256040	15.1596000	-179.1200000	51.0400000	1167.8706152	4.0300000
-151.0256040	15.6596000	-179.1200000	51.0400000	1155.2759066	4.0310000
-151.0256040	16.1596000	-179.1200000	51.0400000	1142.9966652	4.0310000
-151.0256040	16.6596000	-179.1200000	51.0400000	1130.4636000	4.0320000
-151.0256040	17.1596000	-179.1200000	51.0400000	1117.9642659	4.0330000
-151.0256040	17.6596000	-179.1200000	51.0400000	1105.4995867	4.0340000
-151.0256040	18.1596000	-179.1200000	51.0400000	1093.3414902	4.0340000
-151.0256040	18.6596000	-179.1200000	51.0400000	1080.9459143	4.0350000
-151.0256040	19.1596000	-179.1200000	51.0400000	1068.5880215	4.0360000
-151.0256040	19.6596000	-179.1200000	51.0400000	1056.2689071	4.0370000
-151.0256040	20.1596000	-179.1200000	51.0400000	1043.9897144	4.0380000
-151.0256040	20.6596000	-179.1200000	51.0400000	1031.7516375	4.0390000
-151.0256040	21.1596000	-179.1200000	51.0400000	1019.8083517	4.0390000
-151.0256040	21.6596000	-179.1200000	51.0400000	1007.6532344	4.0400000
-151.0256040	22.1596000	-179.1200000	51.0400000	995.5431588	4.0410000
-151.0256040	22.6596000	-179.1200000	51.0400000	983.4795496	4.0420000
-151.0256040	23.1596000	-179.1200000	51.0400000	971.4638963	4.0430000
-151.0256040	23.6596000	-179.1200000	51.0400000	959.7350804	4.0430000
-151.0256040	24.1596000	-179.1200000	51.0400000	947.8170803	4.0440000
-151.0256040	24.6596000	-179.1200000	51.0400000	935.9519448	4.0450000
-151.0256040	25.1596000	-179.1200000	51.0400000	924.3699246	4.0450000
-151.0256040	25.6596000	-179.1200000	51.0400000	912.6129975	4.0460000
-151.0256040	26.1596000	-179.1200000	51.0400000	900.9145636	4.0470000
-151.0256040	26.6596000	-179.1200000	51.0400000	889.4964108	4.0470000
-150.5256040	14.6596000	-179.1200000	51.0400000	1186.0846254	4.0300000
-150.5256040	15.1596000	-179.1200000	51.0400000	1173.4967115	4.0310000
-150.5256040	15.6596000	-179.1200000	51.0400000	1160.9403701	4.0320000
-150.5256040	16.1596000	-179.1200000	51.0400000	1148.7012495	4.0320000
-150.5256040	16.6596000	-179.1200000	51.0400000	1136.2073879	4.0330000
-150.5256040	17.1596000	-179.1200000	51.0400000	1123.7476817	4.0340000
-150.5256040	17.6596000	-179.1200000	51.0400000	1111.5985511	4.0340000
-150.5256040	18.1596000	-179.1200000	51.0400000	1099.2068499	4.0350000
-150.5256040	18.6596000	-179.1200000	51.0400000	1086.8522288	4.0360000
-150.5256040	19.1596000	-179.1200000	51.0400000	1074.5357436	4.0370000
-150.5256040	19.6596000	-179.1200000	51.0400000	1062.5216268	4.0370000
-150.5256040	20.1596000	-179.1200000	51.0400000	1050.2816713	4.0380000
-150.5256040	20.6596000	-179.1200000	51.0400000	1038.0833154	4.0390000
-150.5256040	21.1596000	-179.1200000	51.0400000	1025.9278124	4.0400000
-150.5256040	21.6596000	-179.1200000	51.0400000	1013.8164713	4.0410000
-150.5256040	22.1596000	-179.1200000	51.0400000	1001.7506598	4.0420000
-150.5256040	22.6596000	-179.1200000	51.0400000	989.9766684	4.0420000
-150.5256040	23.1596000	-179.1200000	51.0400000	978.0032453	4.0430000
-150.5256040	23.6596000	-179.1200000	51.0400000	966.0798485	4.0440000
-150.5256040	24.1596000	-179.1200000	51.0400000	954.2081106	4.0450000
-150.5256040	24.6596000	-179.1200000	51.0400000	942.6227154	4.0450000
-150.5256040	25.1596000	-179.1200000	51.0400000	930.8565309	4.0460000
-150.5256040	25.6596000	-179.1200000	51.0400000	919.3745569	4.0460000
-150.5256040	26.1596000	-179.1200000	51.0400000	907.7214654	4.0470000
-150.5256040	26.6596000	-179.1200000	51.0400000	896.1294291	4.0480000
-150.0256040	14.6596000	-179.1200000	51.0400000	1191.7409079	4.0310000
-150.0256040	15.1596000	-179.1200000	51.0400000	1179.1908332	4.0320000
-150.0256040	15.6596000	-179.1200000	51.0400000	1166.6727191	4.0330000
-150.0256040	16.1596000	-179.1200000	51.0400000	1154.4735812	4.0330000
-150.0256040	16.6596000	-179.1200000	51.0400000	1142.0187541	4.0340000
-150.0256040	17.1596000	-179.1200000	51.0400000	1129.5984912	4.0350000
-150.0256040	17.6596000	-179.1200000	51.0400000	1117.4906108	4.0350000
-150.0256040	18.1596000	-179.1200000	51.0400000	1105.1392005	4.0360000
-150.0256040	18.6596000	-179.1200000	51.0400000	1092.8252984	4.0370000
-150.0256040	19.1596000	-179.1200000	51.0400000	1080.8176282	4.0370000
-150.0256040	19.6596000	-179.1200000	51.0400000	1068.5788776	4.0380000
-150.0256040	20.1596000	-179.1200000	51.0400000	1056.3809718	4.0390000
-150.0256040	20.6596000	-179.1200000	51.0400000	1044.2251163	4.0400000
-150.0256040	21.1596000	-179.1200000	51.0400000	1032.3680427	4.0400000
-150.0256040	21.6596000	-179.1200000	51.0400000	1020.2970678	4.0410000
-150.0256040	22.1596000	-179.1200000	51.0400000	1008.2720988	4.0420000
-150.0256040	22.6596000	-179.1200000	51.0400000	996.2945680	4.0430000
-150.0256040	23.1596000	-179.1200000	51.0400000	984.6094457	4.0430000
-150.0256040	23.6596000	-179.1200000	51.0400000	972.7283491	4.0440000
-150.0256040	24.1596000	-179.1200000	51.0400000	960.8993977	4.0450000
-150.0256040	24.6596000	-179.1200000	51.0400000	949.1242990	4.0460000
-150.0256040	25.1596000	-179.1200000	51.0400000	937.6365251	4.0460000
-150.0256040	25.6596000	-179.1200000	51.0400000	925.9716299	4.0470000
-150.0256040	26.1596000	-179.1200000	51.0400000	914.3662073	4.0480000
-150.0256040	26.6596000	-179.1200000	51.0400000	903.0453287	4.0480000
-149.5256040	14.6596000	-179.1200000	51.0400000	1197.4640725	4.0320000
-149.5256040	15.1596000	-179.1200000	51.0400000	1184.9516926	4.0330000
-149.5256040	15.6596000	-179.1200000	51.0400000	1172.4716477	4.0340000
-149.5256040	16.1596000	-179.1200000	51.0400000	1160.3123358	4.0340000
-149.5256040	16.6596000	-179.1200000	51.0400000	1147.8963556	4.0350000
-149.5256040	17.1596000	-179.1200000	51.0400000	1135.5153325	4.0360000
-149.5256040	17.6596000	-179.1200000	51.0400000	1123.4484983	4.0360000
-149.5256040	18.1596000	-179.1200000	51.0400000	1111.1371419	4.0370000
-149.5256040	18.6596000	-179.1200000	51.0400000	1099.1359021	4.0370000
-149.5256040	19.1596000	-179.1200000	51.0400000	1086.8983528	4.0380000
-149.5256040	19.6596000	-179.1200000	51.0400000	1074.7009133	4.0390000
-149.5256040	20.1596000	-179.1200000	51.0400000	1062.8078151	4.0390000
-149.5256040	20.6596000	-179.1200000	51.0400000	1050.6910619	4.0400000
-149.5256040	21.1596000	-179.1200000	51.0400000	1038.6180630	4.0410000
-149.5256040	21.6596000	-179.1200000	51.0400000	1026.5901352	4.0420000
-149.5256040	22.1596000	-179.1200000	51.0400000	1014.8596694	4.0420000
-149.5256040	22.6596000	-179.1200000	51.0400000	1002.9230531	4.0430000
-149.5256040	23.1596000	-179.1200000	51.0400000	991.0358280	4.0440000
-149.5256040	23.6596000	-179.1200000	51.0400000	979.1995580	4.0450000
-149.5256040	24.1596000	-179.1200000	51.0400000	967.6550400	4.0450000
-149.5256040	24.6596000	-179.1200000	51.0400000	955.9226956	4.0460000
-149.5256040	25.1596000	-179.1200000	51.0400000	944.2464442	4.0470000
-149.5256040	25.6596000	-179.1200000	51.0400000	932.8585985	4.0470000
-149.5256040	26.1596000	-179.1200000	51.0400000	921.2972952	4.0480000
-149.5256040	26.6596000	-179.1200000	51.0400000	909.7979481	4.0490000
-149.0256040	14.6596000	-179.1200000	51.0400000	1203.2528602	4.0330000
-149.0256040	15.1596000	-179.1200000	51.0400000	1190.7780133	4.0340000
-149.0256040	15.6596000	-179.1200000	51.0400000	1178.3358618	4.0350000
-149.0256040	16.1596000	-179.1200000	51.0400000	1166.2162010	4.0350000
-149.0256040	16.6596000	-179.1200000	51.0400000	1153.8388621	4.0360000
-149.0256040	17.1596000	-179.1200000	51.0400000	1141.7796863	4.0360000
-149.0256040	17.6596000	-179.1200000	51.0400000	1129.4708468	4.0370000
-149.0256040	18.1596000	-179.1200000	51.0400000	1117.1992892	4.0380000
-149.0256040	18.6596000	-179.1200000	51.0400000	1105.2396844	4.0380000
-149.0256040	19.1596000	-179.1200000	51.0400000	1093.0427337	4.0390000
-149.0256040	19.6596000	-179.1200000	51.0400000	1081.1539063	4.0390000
-149.0256040	20.1596000	-179.1200000	51.0400000	1069.0360766	4.0400000
-149.0256040	20.6596000	-179.1200000	51.0400000	1056.9611474	4.0410000
-149.0256040	21.1596000	-179.1200000	51.0400000	1044.9303838	4.0420000
-149.0256040	21.6596000	-179.1200000	51.0400000	1033.2006581	4.0420000
-149.0256040	22.1596000	-179.1200000	51.0400000	1021.2592245	4.0430000
-149.0256040	22.6596000	-179.1200000	51.0400000	1009.3661009	4.0440000
-149.0256040	23.1596000	-179.1200000	51.0400000	997.7694529	4.0440000
-149.0256040	23.6596000	-179.1200000	51.0400000	985.9745334	4.0450000
-149.0256040	24.1596000	-179.1200000	51.0400000	974.2326325	4.0460000
-149.0256040	24.6596000	-179.1200000	51.0400000	962.5454545	4.0470000
-149.0256040	25.1596000	-179.1200000	51.0400000	951.1497469	4.0470000
-149.0256040	25.6596000	-179.1200000	51.0400000	939.5745158	4.0480000
-149.0256040	26.1596000	-179.1200000	51.0400000	928.0596034	4.0490000
-149.0256040	26.6596000	-179.1200000	51.0400000	916.8334167	4.0490000
-162.0256040	19.9863000	-179.1200000	51.0400000	930.1071248	4.0400000
-161.3675990	17.7469010	-179.1200000	51.0400000	994.1828473	4.0380000
-161.3148960	21.9563010	-179.1200000	51.0400000	885.4040486	4.0420000
-161.0950010	23.9972000	-179.1200000	51.0400000	834.5946247	4.0470000
-160.0475010	19.8234000	-179.1200000	51.0400000	952.6218957	4.0380000
-159.6649930	22.1229990	-179.1200000	51.0400000	897.0197782	4.0420000
-159.4010010	21.9710010	-179.1200000	51.0400000	903.4890042	4.0420000
-158.9824980	15.5740000	-179.1200000	51.0400000	1072.7805636	4.0330000
-158.9331050	24.5737990	-179.1200000	51.0400000	842.0222822	4.0480000
-158.9030000	21.2984010	-179.1200000	51.0400000	925.9019183	4.0400000
-158.7601930	18.5646990	-179.1200000	51.0400000	997.7709225	4.0350000
-158.1853940	22.6201990	-179.1200000	51.0400000	899.5469405	4.0430000
-158.1795040	20.3778000	-179.1200000	51.0400000	956.9111287	4.0380000
-157.9310000	21.6460000	-179.1200000	51.0400000	926.9808300	4.0410000
-157.8591000	14.6596000	-179.1200000	51.0400000	1107.3160172	4.0310000
-157.7008060	16.3484000	-179.1200000	51.0400000	1065.6219535	4.0310000
-157.6275940	20.3461000	-179.1200000	51.0400000	963.4054003	4.0380000
-157.2700040	21.1089990	-179.1200000	51.0400000	947.8570677	4.0390000
-157.2272950	18.9848000	-179.1200000	51.0400000	1002.7623940	4.0340000
-156.9646000	24.3120990	-179.1200000	51.0400000	870.3694205	4.0470000
-156.9320070	19.8327010	-179.1200000	51.0400000	984.0648267	4.0360000
-156.8081970	18.4042000	-179.1200000	51.0400000	1021.9876414	4.0330000
-156.7559970	21.1360000	-179.1200000	51.0400000	952.7226501	4.0390000
-156.6580050	20.8910010	-179.1200000	51.0400000	959.8756398	4.0390000
-156.5101010	19.4776990	-179.1200000	51.0400000	997.6830109	4.0350000
-156.4651030	18.7750000	-179.1200000	51.0400000	1016.2672440	4.0330000
-156.3876950	17.6149010	-179.1200000	51.0400000	1046.7710256	4.0310000
-156.2066040	16.1620010	-179.1200000	51.0400000	1085.8845013	4.0290000
-156.1670070	18.3010010	-179.1200000	51.0400000	1031.5778084	4.0320000
-155.9969940	20.7710000	-179.1200000	51.0400000	970.3397306	4.0380000
-155.7729950	19.0790000	-179.1200000	51.0400000	1015.8360703	4.0340000
-155.7653050	26.7766990	-179.1200000	51.0400000	825.2166702	4.0470000
-155.7149960	18.0002990	-179.1200000	51.0400000	1044.2014281	4.0310000
-155.7109990	20.0460000	-179.1200000	51.0400000	991.9600936	4.0360000
-155.6793980	21.2055000	-179.1200000	51.0400000	962.9102800	4.0390000
-155.6362000	22.2999000	-179.1200000	51.0400000	935.8142355	4.0420000
-154.9944000	21.5070000	-179.1200000	51.0400000	963.3067571	4.0390000
-154.9830020	19.6010000	-179.1200000	51.0400000	1011.3418987	4.0350000
-154.7973940	18.8031010	-179.1200000	51.0400000	1033.7012515	4.0330000
-154.6912990	17.1800990	-179.1200000	51.0400000	1076.0838090	4.0300000
-154.6177980	20.0889000	-179.1200000	51.0400000	1003.1820624	4.0360000
-154.4958950	18.4016990	-179.1200000	51.0400000	1047.2915753	4.0320000
-154.4828030	21.0019000	-179.1200000	51.0400000	981.8328593	4.0380000
-154.3939970	19.2625010	-179.1200000	51.0400000	1026.6129385	4.0340000
-154.2518010	21.1686990	-179.1200000	51.0400000	980.4509784	4.0380000
-154.0305020	17.9884000	-179.1200000	51.0400000	1063.0363512	4.0310000
-153.9922940	18.7976000	-179.1200000	51.0400000	1042.9238130	4.0330000
-153.9826970	21.5196990	-179.1200000	51.0400000	974.8316211	4.0390000
-153.9674990	14.7313000	-179.1200000	51.0400000	1146.4404968	4.0260000
-153.9024050	19.9790990	-179.1200000	51.0400000	1014.1247774	4.0360000
-153.8681950	17.3153990	-179.1200000	51.0400000	1081.8360235	4.0300000
-153.7008060	17.2975010	-179.1200000	51.0400000	1084.1641417	4.0300000
-153.5032040	19.4951990	-179.1200000	51.0400000	1030.8935807	4.0350000
-153.2958980	18.8009000	-179.1200000	51.0400000	1050.8686606	4.0330000
-153.2920990	20.8925990	-179.1200000	51.0400000	998.5393600	4.0380000
-153.2906040	17.9062000	-179.1200000	51.0400000	1073.4972375	4.0310000
-152.9812010	18.3018000	-179.1200000	51.0400000	1067.0656398	4.0320000
-152.7657930	25.5928000	-179.1200000	51.0400000	891.3859521	4.0450000
-152.1324010	18.4814000	-179.1200000	51.0400000	1072.1451395	4.0340000
-151.6866000	14.6891000	-179.1200000	51.0400000	1172.3905204	4.0280000
-151.6376040	16.7378010	-179.1200000	51.0400000	1121.5436054	4.0310000
-150.9149930	18.9142000	-179.1200000	51.0400000	1075.8820777	4.0360000
-149.0009000	16.9890000	-179.1200000	51.0400000	1146.2015425	4.0360000
