-162.0256040	14.6596000	153.7300000	46.1400000	1328.8224012	4.0576875
-162.0256040	15.1596000	153.7300000	46.1400000	1318.7766815	4.0566875
-162.0256040	15.6596000	153.7300000	46.1400000	1308.7705582	4.0556875
-162.0256040	16.1596000	153.7300000	46.1400000	1298.8051987	4.0546875
-162.0256040	16.6596000	153.7300000	46.1400000	1288.9811722	4.0533750
-162.0256040	17.1596000	153.7300000	46.1400000	1279.3172745	4.0516875
-162.0256040	17.6596000	153.7300000	46.1400000	1269.4791879	4.0506875
-162.0256040	18.1596000	153.7300000	46.1400000	1259.7840913	4.0493750
-162.0256040	18.6596000	153.7300000	46.1400000	1250.2504831	4.0476875
-162.0256040	19.1596000	153.7300000	46.1400000	1240.5514544	4.0466875
-162.0256040	19.6596000	153.7300000	46.1400000	1230.9974255	4.0453750
-162.0256040	20.1596000	153.7300000	46.1400000	1221.3989561	4.0443750
-162.0256040	20.6596000	153.7300000	46.1400000	1211.7596921	4.0436875
-162.0256040	21.1596000	153.7300000	46.1400000	1202.2691856	4.0426875
-162.0256040	21.6596000	153.7300000	46.1400000	1192.6317733	4.0423750
-162.0256040	22.1596000	153.7300000	46.1400000	1182.9636394	4.0423750
-162.0256040	22.6596000	153.7300000	46.1400000	1173.3593437	4.0423750
-162.0256040	23.1596000	153.7300000	46.1400000	1163.7305800	4.0426875
-162.0256040	23.6596000	153.7300000	46.1400000	1154.0634531	4.0433750
-162.0256040	24.1596000	153.7300000	46.1400000	1144.5746615	4.0436875
-162.0256040	24.6596000	153.7300000	46.1400000	1134.9650964	4.0446875
-162.0256040	25.1596000	153.7300000	46.1400000	1125.4327965	4.0456875
-162.0256040	25.6596000	153.7300000	46.1400000	1115.9795866	4.0466875
-162.0256040	26.1596000	153.7300000	46.1400000	1106.4194130	4.0483750
-162.0256040	26.6596000	153.7300000	46.1400000	1097.1316638	4.0493750
-161.5256040	14.6596000	153.7300000	46.1400000	1337.7611698	4.0566875
-161.5256040	15.1596000	153.7300000	46.1400000	1327.7456377	4.0556875
-161.5256040	15.6596000	153.7300000	46.1400000	1317.8711577	4.0543750
-161.5256040	16.1596000	153.7300000	46.1400000	1308.1568785	4.0526875
-161.5256040	16.6596000	153.7300000	46.1400000	1298.2609236	4.0516875
-161.5256040	17.1596000	153.7300000	46.1400000	1288.5074269	4.0503750
-161.5256040	17.6596000	153.7300000	46.1400000	1278.9152279	4.0486875
-161.5256040	18.1596000	153.7300000	46.1400000	1269.1498875	4.0476875
-161.5256040	18.6596000	153.7300000	46.1400000	1259.5287386	4.0463750
-161.5256040	19.1596000	153.7300000	46.1400000	1249.8578834	4.0453750
-161.5256040	19.6596000	153.7300000	46.1400000	1240.4475717	4.0436875
-161.5256040	20.1596000	153.7300000	46.1400000	1230.6666534	4.0433750
-161.5256040	20.6596000	153.7300000	46.1400000	1221.1491842	4.0423750
-161.5256040	21.1596000	153.7300000	46.1400000	1211.5921266	4.0416875
-161.5256040	21.6596000	153.7300000	46.1400000	1201.8876669	4.0416875
-161.5256040	22.1596000	153.7300000	46.1400000	1192.2450752	4.0416875
-161.5256040	22.6596000	153.7300000	46.1400000	1182.6659436	4.0416875
-161.5256040	23.1596000	153.7300000	46.1400000	1172.9523850	4.0423750
-161.5256040	23.6596000	153.7300000	46.1400000	1163.2189668	4.0433750
-161.5256040	24.1596000	153.7300000	46.1400000	1153.7549293	4.0436875
-161.5256040	24.6596000	153.7300000	46.1400000	1144.1680526	4.0446875
-161.5256040	25.1596000	153.7300000	46.1400000	1134.4651196	4.0463750
-161.5256040	25.6596000	153.7300000	46.1400000	1125.0351396	4.0473750
-161.5256040	26.1596000	153.7300000	46.1400000	1115.6855030	4.0483750
-161.5256040	26.6596000	153.7300000	46.1400000	1106.4180918	4.0493750
-161.0256040	14.6596000	153.7300000	46.1400000	1346.8425525	4.0553750
-161.0256040	15.1596000	153.7300000	46.1400000	1337.0826318	4.0536875
-161.0256040	15.6596000	153.7300000	46.1400000	1327.1337064	4.0526875
-161.0256040	16.1596000	153.7300000	46.1400000	1317.3268894	4.0513750
-161.0256040	16.6596000	153.7300000	46.1400000	1307.6813705	4.0496875
-161.0256040	17.1596000	153.7300000	46.1400000	1297.8551645	4.0486875
-161.0256040	17.6596000	153.7300000	46.1400000	1288.1725456	4.0473750
-161.0256040	18.1596000	153.7300000	46.1400000	1278.6523984	4.0456875
-161.0256040	18.6596000	153.7300000	46.1400000	1268.9601249	4.0446875
-161.0256040	19.1596000	153.7300000	46.1400000	1259.3159160	4.0436875
-161.0256040	19.6596000	153.7300000	46.1400000	1249.7211500	4.0426875
-161.0256040	20.1596000	153.7300000	46.1400000	1240.1772420	4.0416875
-161.0256040	20.6596000	153.7300000	46.1400000	1230.4762878	4.0413750
-161.0256040	21.1596000	153.7300000	46.1400000	1220.7379122	4.0413750
-161.0256040	21.6596000	153.7300000	46.1400000	1211.2655571	4.0406875
-161.0256040	22.1596000	153.7300000	46.1400000	1201.4425908	4.0413750
-161.0256040	22.6596000	153.7300000	46.1400000	1191.7965848	4.0416875
-161.0256040	23.1596000	153.7300000	46.1400000	1182.1070648	4.0423750
-161.0256040	23.6596000	153.7300000	46.1400000	1172.3965158	4.0433750
-161.0256040	24.1596000	153.7300000	46.1400000	1162.7587325	4.0443750
-161.0256040	24.6596000	153.7300000	46.1400000	1153.1953938	4.0453750
-161.0256040	25.1596000	153.7300000	46.1400000	1143.7082198	4.0463750
-161.0256040	25.6596000	153.7300000	46.1400000	1134.2113987	4.0476875
-161.0256040	26.1596000	153.7300000	46.1400000	1124.8826263	4.0486875
-161.0256040	26.6596000	153.7300000	46.1400000	1115.4460646	4.0503750
-160.5256040	14.6596000	153.7300000	46.1400000	1356.0888042	4.0536875
-160.5256040	15.1596000	153.7300000	46.1400000	1346.1295942	4.0526875
-160.5256040	15.6596000	153.7300000	46.1400000	1336.3126719	4.0513750
-160.5256040	16.1596000	153.7300000	46.1400000	1326.6574752	4.0496875
-160.5256040	16.6596000	153.7300000	46.1400000	1316.9186444	4.0483750
-160.5256040	17.1596000	153.7300000	46.1400000	1307.3422148	4.0466875
-160.5256040	17.6596000	153.7300000	46.1400000	1297.5860559	4.0456875
-160.5256040	18.1596000	153.7300000	46.1400000	1287.9746153	4.0443750
-160.5256040	18.6596000	153.7300000	46.1400000	1278.3094365	4.0433750
-160.5256040	19.1596000	153.7300000	46.1400000	1268.6920833	4.0423750
-160.5256040	19.6596000	153.7300000	46.1400000	1259.1239166	4.0413750
-160.5256040	20.1596000	153.7300000	46.1400000	1249.5096892	4.0406875
-160.5256040	20.6596000	153.7300000	46.1400000	1239.8338292	4.0403750
-160.5256040	21.1596000	153.7300000	46.1400000	1230.1194723	4.0403750
-160.5256040	21.6596000	153.7300000	46.1400000	1220.4647312	4.0403750
-160.5256040	22.1596000	153.7300000	46.1400000	1210.7774643	4.0406875
-160.5256040	22.6596000	153.7300000	46.1400000	1201.0429008	4.0413750
-160.5256040	23.1596000	153.7300000	46.1400000	1191.2837718	4.0423750
-160.5256040	23.6596000	153.7300000	46.1400000	1181.5952974	4.0433750
-160.5256040	24.1596000	153.7300000	46.1400000	1171.9790886	4.0443750
-160.5256040	24.6596000	153.7300000	46.1400000	1162.4367963	4.0453750
-160.5256040	25.1596000	153.7300000	46.1400000	1152.8810738	4.0466875
-160.5256040	25.6596000	153.7300000	46.1400000	1143.2982881	4.0483750
-160.5256040	26.1596000	153.7300000	46.1400000	1133.9904260	4.0493750
-160.5256040	26.6596000	153.7300000	46.1400000	1124.7634724	4.0503750
-160.0256040	14.6596000	153.7300000	46.1400000	1365.2491105	4.0523750
-160.0256040	15.1596000	153.7300000	46.1400000	1355.5477057	4.0506875
-160.0256040	15.6596000	153.7300000	46.1400000	1345.7575655	4.0493750
-160.0256040	16.1596000	153.7300000	46.1400000	1336.1299354	4.0476875
-160.0256040	16.6596000	153.7300000	46.1400000	1326.3151365	4.0466875
-160.0256040	17.1596000	153.7300000	46.1400000	1316.6445704	4.0453750
-160.0256040	17.6596000	153.7300000	46.1400000	1307.1375135	4.0436875
-160.0256040	18.1596000	153.7300000	46.1400000	1297.4516534	4.0426875
-160.0256040	18.6596000	153.7300000	46.1400000	1287.8120624	4.0416875
-160.0256040	19.1596000	153.7300000	46.1400000	1278.2200498	4.0406875
-160.0256040	19.6596000	153.7300000	46.1400000	1268.4610856	4.0403750
-160.0256040	20.1596000	153.7300000	46.1400000	1258.8724653	4.0396875
-160.0256040	20.6596000	153.7300000	46.1400000	1249.1243606	4.0396875
-160.0256040	21.1596000	153.7300000	46.1400000	1239.4340569	4.0396875
-160.0256040	21.6596000	153.7300000	46.1400000	1229.5937429	4.0403750
-160.0256040	22.1596000	153.7300000	46.1400000	1219.9306933	4.0406875
-160.0256040	22.6596000	153.7300000	46.1400000	1210.2190689	4.0413750
-160.0256040	23.1596000	153.7300000	46.1400000	1200.4817130	4.0423750
-160.0256040	23.6596000	153.7300000	46.1400000	1190.8145285	4.0433750
-160.0256040	24.1596000	153.7300000	46.1400000	1181.1278355	4.0446875
-160.0256040	24.6596000	153.7300000	46.1400000	1171.6065448	4.0456875
-160.0256040	25.1596000	153.7300000	46.1400000	1161.9628832	4.0473750
-160.0256040	25.6596000	153.7300000	46.1400000	1152.5950070	4.0483750
-160.0256040	26.1596000	153.7300000	46.1400000	1143.2173715	4.0496875
-160.0256040	26.6596000	153.7300000	46.1400000	1133.8165097	4.0513750
-159.5256040	14.6596000	153.7300000	46.1400000	1374.5744438	4.0506875
-159.5256040	15.1596000	153.7300000	46.1400000	1365.0064111	4.0486875
-159.5256040	15.6596000	153.7300000	46.1400000	1355.1378663	4.0476875
-159.5256040	16.1596000	153.7300000	46.1400000	1345.4132435	4.0463750
-159.5256040	16.6596000	153.7300000	46.1400000	1335.8521729	4.0446875
-159.5256040	17.1596000	153.7300000	46.1400000	1326.1048067	4.0436875
-159.5256040	17.6596000	153.7300000	46.1400000	1316.5027391	4.0423750
-159.5256040	18.1596000	153.7300000	46.1400000	1306.8429417	4.0413750
-159.5256040	18.6596000	153.7300000	46.1400000	1297.2291666	4.0403750
-159.5256040	19.1596000	153.7300000	46.1400000	1287.5630948	4.0396875
-159.5256040	19.6596000	153.7300000	46.1400000	1277.8284664	4.0393750
-159.5256040	20.1596000	153.7300000	46.1400000	1268.0489157	4.0393750
-159.5256040	20.6596000	153.7300000	46.1400000	1258.3254118	4.0393750
-159.5256040	21.1596000	153.7300000	46.1400000	1248.6593463	4.0393750
-159.5256040	21.6596000	153.7300000	46.1400000	1238.9562947	4.0396875
-159.5256040	22.1596000	153.7300000	46.1400000	1229.2009689	4.0403750
-159.5256040	22.6596000	153.7300000	46.1400000	1219.4164631	4.0413750
-159.5256040	23.1596000	153.7300000	46.1400000	1209.7001143	4.0423750
-159.5256040	23.6596000	153.7300000	46.1400000	1199.9607018	4.0436875
-159.5256040	24.1596000	153.7300000	46.1400000	1190.1837314	4.0453750
-159.5256040	24.6596000	153.7300000	46.1400000	1180.6835551	4.0463750
-159.5256040	25.1596000	153.7300000	46.1400000	1171.1674005	4.0476875
-159.5256040	25.6596000	153.7300000	46.1400000	1161.6212885	4.0493750
-159.5256040	26.1596000	153.7300000	46.1400000	1152.3518781	4.0503750
-159.5256040	26.6596000	153.7300000	46.1400000	1143.1620326	4.0513750
-159.0256040	14.6596000	153.7300000	46.1400000	1384.0454005	4.0486875
-159.0256040	15.1596000	153.7300000	46.1400000	1374.2714556	4.0473750
-159.0256040	15.6596000	153.7300000	46.1400000	1364.6612742	4.0456875
-159.0256040	16.1596000	153.7300000	46.1400000	1354.8574580	4.0446875
-159.0256040	16.6596000	153.7300000	46.1400000	1345.1985668	4.0433750
-159.0256040	17.1596000	153.7300000	46.1400000	1335.7042740	4.0416875
-159.0256040	17.6596000	153.7300000	46.1400000	1326.0245282	4.0406875
-159.0256040	18.1596000	153.7300000	46.1400000	1316.3893058	4.0396875
-159.0256040	18.6596000	153.7300000	46.1400000	1306.5774359	4.0393750
-159.0256040	19.1596000	153.7300000	46.1400000	1296.9362333	4.0386875
-159.0256040	19.6596000	153.7300000	46.1400000	1287.2252730	4.0383750
-159.0256040	20.1596000	153.7300000	46.1400000	1277.4683157	4.0383750
-159.0256040	20.6596000	153.7300000	46.1400000	1267.6689649	4.0386875
-159.0256040	21.1596000	153.7300000	46.1400000	1258.0255326	4.0386875
-159.0256040	21.6596000	153.7300000	46.1400000	1248.1315336	4.0396875
-159.0256040	22.1596000	153.7300000	46.1400000	1238.3023202	4.0406875
-159.0256040	22.6596000	153.7300000	46.1400000	1228.5393196	4.0416875
-159.0256040	23.1596000	153.7300000	46.1400000	1218.8439941	4.0426875
-159.0256040	23.6596000	153.7300000	46.1400000	1209.0122884	4.0443750
-159.0256040	24.1596000	153.7300000	46.1400000	1199.4585157	4.0453750
-159.0256040	24.6596000	153.7300000	46.1400000	1189.8851098	4.0466875
-159.0256040	25.1596000	153.7300000	46.1400000	1180.2777487	4.0483750
-159.0256040	25.6596000	153.7300000	46.1400000	1170.8576381	4.0496875
-159.0256040	26.1596000	153.7300000	46.1400000	1161.6057978	4.0506875
-159.0256040	26.6596000	153.7300000	46.1400000	1152.2373331	4.0523750
-158.5256040	14.6596000	153.7300000	46.1400000	1393.5559409	4.0466875
-158.5256040	15.1596000	153.7300000	46.1400000	1383.7004005	4.0456875
-158.5256040	15.6596000	153.7300000	46.1400000	1373.9895756	4.0443750
-158.5256040	16.1596000	153.7300000	46.1400000	1364.4434993	4.0426875
-158.5256040	16.6596000	153.7300000	46.1400000	1354.7045815	4.0416875
-158.5256040	17.1596000	153.7300000	46.1400000	1345.1115933	4.0403750
-158.5256040	17.6596000	153.7300000	46.1400000	1335.4569220	4.0393750
-158.5256040	18.1596000	153.7300000	46.1400000	1325.7439291	4.0386875
-158.5256040	18.6596000	153.7300000	46.1400000	1315.9556734	4.0383750
-158.5256040	19.1596000	153.7300000	46.1400000	1306.3386910	4.0376875
-158.5256040	19.6596000	153.7300000	46.1400000	1296.5503792	4.0376875
-158.5256040	20.1596000	153.7300000	46.1400000	1286.8160929	4.0376875
-158.5256040	20.6596000	153.7300000	46.1400000	1276.9197315	4.0383750
-158.5256040	21.1596000	153.7300000	46.1400000	1267.2010660	4.0386875
-158.5256040	21.6596000	153.7300000	46.1400000	1257.3279541	4.0396875
-158.5256040	22.1596000	153.7300000	46.1400000	1247.5191882	4.0406875
-158.5256040	22.6596000	153.7300000	46.1400000	1237.7761736	4.0416875
-158.5256040	23.1596000	153.7300000	46.1400000	1227.8915353	4.0433750
-158.5256040	23.6596000	153.7300000	46.1400000	1218.1919308	4.0446875
-158.5256040	24.1596000	153.7300000	46.1400000	1208.4520177	4.0463750
-158.5256040	24.6596000	153.7300000	46.1400000	1198.9908152	4.0473750
-158.5256040	25.1596000	153.7300000	46.1400000	1189.5110538	4.0486875
-158.5256040	25.6596000	153.7300000	46.1400000	1179.9984108	4.0503750
-158.5256040	26.1596000	153.7300000	46.1400000	1170.7642312	4.0513750
-158.5256040	26.6596000	153.7300000	46.1400000	1161.6082512	4.0523750
-158.0256040	14.6596000	153.7300000	46.1400000	1402.8668620	4.0453750
-158.0256040	15.1596000	153.7300000	46.1400000	1393.2737360	4.0436875
-158.0256040	15.6596000	153.7300000	46.1400000	1383.5874762	4.0423750
-158.0256040	16.1596000	153.7300000	46.1400000	1373.8329723	4.0413750
-158.0256040	16.6596000	153.7300000	46.1400000	1364.3511591	4.0396875
-158.0256040	17.1596000	153.7300000	46.1400000	1354.6772678	4.0386875
-158.0256040	17.6596000	153.7300000	46.1400000	1344.8172197	4.0383750
-158.0256040	18.1596000	153.7300000	46.1400000	1335.2317376	4.0373750
-158.0256040	18.6596000	153.7300000	46.1400000	1325.3631160	4.0373750
-158.0256040	19.1596000	153.7300000	46.1400000	1315.7697093	4.0366875
-158.0256040	19.6596000	153.7300000	46.1400000	1305.7805984	4.0373750
-158.0256040	20.1596000	153.7300000	46.1400000	1296.0692119	4.0373750
-158.0256040	20.6596000	153.7300000	46.1400000	1286.3132337	4.0376875
-158.0256040	21.1596000	153.7300000	46.1400000	1276.3977477	4.0386875
-158.0256040	21.6596000	153.7300000	46.1400000	1266.5448089	4.0396875
-158.0256040	22.1596000	153.7300000	46.1400000	1256.7557682	4.0406875
-158.0256040	22.6596000	153.7300000	46.1400000	1246.8199235	4.0423750
-158.0256040	23.1596000	153.7300000	46.1400000	1237.0689455	4.0436875
-158.0256040	23.6596000	153.7300000	46.1400000	1227.2738715	4.0453750
-158.0256040	24.1596000	153.7300000	46.1400000	1217.6646429	4.0466875
-158.0256040	24.6596000	153.7300000	46.1400000	1208.0161445	4.0483750
-158.0256040	25.1596000	153.7300000	46.1400000	1198.6471314	4.0493750
-158.0256040	25.6596000	153.7300000	46.1400000	1189.2605991	4.0506875
-158.0256040	26.1596000	153.7300000	46.1400000	1180.0424182	4.0516875
-158.0256040	26.6596000	153.7300000	46.1400000	1170.9017510	4.0526875
-157.5256040	14.6596000	153.7300000	46.1400000	1412.3434251	4.0436875
-157.5256040	15.1596000	153.7300000	46.1400000	1402.6460323	4.0423750
-157.5256040	15.6596000	153.7300000	46.1400000	1393.1146284	4.0406875
-157.5256040	16.1596000	153.7300000	46.1400000	1383.3838554	4.0396875
-157.5256040	16.6596000	153.7300000	46.1400000	1373.6933908	4.0386875
-157.5256040	17.1596000	153.7300000	46.1400000	1364.0443472	4.0376875
-157.5256040	17.6596000	153.7300000	46.1400000	1354.4378652	4.0366875
-157.5256040	18.1596000	153.7300000	46.1400000	1344.6460482	4.0363750
-157.5256040	18.6596000	153.7300000	46.1400000	1334.7990160	4.0363750
-157.5256040	19.1596000	153.7300000	46.1400000	1325.0028256	4.0363750
-157.5256040	19.6596000	153.7300000	46.1400000	1315.1568778	4.0366875
-157.5256040	20.1596000	153.7300000	46.1400000	1305.2445210	4.0373750
-157.5256040	20.6596000	153.7300000	46.1400000	1295.5104231	4.0376875
-157.5256040	21.1596000	153.7300000	46.1400000	1285.6148392	4.0386875
-157.5256040	21.6596000	153.7300000	46.1400000	1275.5642850	4.0403750
-157.5256040	22.1596000	153.7300000	46.1400000	1265.7959709	4.0413750
-157.5256040	22.6596000	153.7300000	46.1400000	1255.9953512	4.0426875
-157.5256040	23.1596000	153.7300000	46.1400000	1246.1469170	4.0443750
-157.5256040	23.6596000	153.7300000	46.1400000	1236.4841150	4.0456875
-157.5256040	24.1596000	153.7300000	46.1400000	1226.7782219	4.0473750
-157.5256040	24.6596000	153.7300000	46.1400000	1217.2589746	4.0486875
-157.5256040	25.1596000	153.7300000	46.1400000	1207.7014616	4.0503750
-157.5256040	25.6596000	153.7300000	46.1400000	1198.4242047	4.0513750
-157.5256040	26.1596000	153.7300000	46.1400000	1189.2221345	4.0523750
-157.5256040	26.6596000	153.7300000	46.1400000	1180.0968808	4.0533750
-157.0256040	14.6596000	153.7300000	46.1400000	1421.9657100	4.0416875
-157.0256040	15.1596000	153.7300000	46.1400000	1412.2919896	4.0403750
-157.0256040	15.6596000	153.7300000	46.1400000	1402.5462590	4.0393750
-157.0256040	16.1596000	153.7300000	46.1400000	1392.8395208	4.0383750
-157.0256040	16.6596000	153.7300000	46.1400000	1383.1728479	4.0373750
-157.0256040	17.1596000	153.7300000	46.1400000	1373.5473398	4.0363750
-157.0256040	17.6596000	153.7300000	46.1400000	1363.8585042	4.0356875
-157.0256040	18.1596000	153.7300000	46.1400000	1353.9838604	4.0356875
-157.0256040	18.6596000	153.7300000	46.1400000	1344.1585473	4.0356875
-157.0256040	19.1596000	153.7300000	46.1400000	1334.3837426	4.0356875
-157.0256040	19.6596000	153.7300000	46.1400000	1324.4350296	4.0363750
-157.0256040	20.1596000	153.7300000	46.1400000	1314.4408873	4.0373750
-157.0256040	20.6596000	153.7300000	46.1400000	1304.7279906	4.0376875
-157.0256040	21.1596000	153.7300000	46.1400000	1294.6312364	4.0393750
-157.0256040	21.6596000	153.7300000	46.1400000	1284.8182573	4.0403750
-157.0256040	22.1596000	153.7300000	46.1400000	1274.9696563	4.0416875
-157.0256040	22.6596000	153.7300000	46.1400000	1265.0695877	4.0433750
-157.0256040	23.1596000	153.7300000	46.1400000	1255.3550169	4.0446875
-157.0256040	23.6596000	153.7300000	46.1400000	1245.5936040	4.0463750
-157.0256040	24.1596000	153.7300000	46.1400000	1236.0185788	4.0476875
-157.0256040	24.6596000	153.7300000	46.1400000	1226.4014341	4.0493750
-157.0256040	25.1596000	153.7300000	46.1400000	1217.0656185	4.0503750
-157.0256040	25.6596000	153.7300000	46.1400000	1207.7096072	4.0516875
-157.0256040	26.1596000	153.7300000	46.1400000	1198.5220128	4.0526875
-157.0256040	26.6596000	153.7300000	46.1400000	1189.4105414	4.0536875
-156.5256040	14.6596000	153.7300000	46.1400000	1431.3810424	4.0403750
-156.5256040	15.1596000	153.7300000	46.1400000	1421.8640287	4.0386875
-156.5256040	15.6596000	153.7300000	46.1400000	1412.1411353	4.0376875
-156.5256040	16.1596000	153.7300000	46.1400000	1402.4569975	4.0366875
-156.5256040	16.6596000	153.7300000	46.1400000	1392.8126755	4.0356875
-156.5256040	17.1596000	153.7300000	46.1400000	1382.9736023	4.0353750
-156.5256040	17.6596000	153.7300000	46.1400000	1373.0734250	4.0353750
-156.5256040	18.1596000	153.7300000	46.1400000	1363.4534005	4.0346875
-156.5256040	18.6596000	153.7300000	46.1400000	1353.4178002	4.0353750
-156.5256040	19.1596000	153.7300000	46.1400000	1343.6646490	4.0353750
-156.5256040	19.6596000	153.7300000	46.1400000	1333.6323633	4.0363750
-156.5256040	20.1596000	153.7300000	46.1400000	1323.6575898	4.0373750
-156.5256040	20.6596000	153.7300000	46.1400000	1313.7415318	4.0383750
-156.5256040	21.1596000	153.7300000	46.1400000	1303.8854204	4.0393750
-156.5256040	21.6596000	153.7300000	46.1400000	1293.9904316	4.0406875
-156.5256040	22.1596000	153.7300000	46.1400000	1284.0403838	4.0423750
-156.5256040	22.6596000	153.7300000	46.1400000	1274.2757742	4.0436875
-156.5256040	23.1596000	153.7300000	46.1400000	1264.4606381	4.0453750
-156.5256040	23.6596000	153.7300000	46.1400000	1254.8317119	4.0466875
-156.5256040	24.1596000	153.7300000	46.1400000	1245.1568841	4.0483750
-156.5256040	24.6596000	153.7300000	46.1400000	1235.6691887	4.0496875
-156.5256040	25.1596000	153.7300000	46.1400000	1226.1403119	4.0513750
-156.5256040	25.6596000	153.7300000	46.1400000	1216.8934801	4.0523750
-156.5256040	26.1596000	153.7300000	46.1400000	1207.7204948	4.0533750
-156.5256040	26.6596000	153.7300000	46.1400000	1198.6229287	4.0543750
-156.0256040	14.6596000	153.7300000	46.1400000	1440.9626451	4.0386875
-156.0256040	15.1596000	153.7300000	46.1400000	1431.3369301	4.0373750
-156.0256040	15.6596000	153.7300000	46.1400000	1421.6371909	4.0363750
-156.0256040	16.1596000	153.7300000	46.1400000	1411.8666209	4.0356875
-156.0256040	16.6596000	153.7300000	46.1400000	1402.2456596	4.0346875
-156.0256040	17.1596000	153.7300000	46.1400000	1392.3201493	4.0346875
-156.0256040	17.6596000	153.7300000	46.1400000	1382.5481748	4.0343750
-156.0256040	18.1596000	153.7300000	46.1400000	1372.7158990	4.0343750
-156.0256040	18.6596000	153.7300000	46.1400000	1362.8267263	4.0346875
-156.0256040	19.1596000	153.7300000	46.1400000	1352.8631642	4.0353750
-156.0256040	19.6596000	153.7300000	46.1400000	1342.8499885	4.0363750
-156.0256040	20.1596000	153.7300000	46.1400000	1332.8939226	4.0373750
-156.0256040	20.6596000	153.7300000	46.1400000	1322.9961520	4.0383750
-156.0256040	21.1596000	153.7300000	46.1400000	1313.0563056	4.0396875
-156.0256040	21.6596000	153.7300000	46.1400000	1303.0578673	4.0413750
-156.0256040	22.1596000	153.7300000	46.1400000	1293.2448789	4.0426875
-156.0256040	22.6596000	153.7300000	46.1400000	1283.3777425	4.0443750
-156.0256040	23.1596000	153.7300000	46.1400000	1273.4803083	4.0463750
-156.0256040	23.6596000	153.7300000	46.1400000	1263.9660706	4.0473750
-156.0256040	24.1596000	153.7300000	46.1400000	1254.2093655	4.0493750
-156.0256040	24.6596000	153.7300000	46.1400000	1244.8336143	4.0503750
-156.0256040	25.1596000	153.7300000	46.1400000	1235.5280505	4.0513750
-156.0256040	25.6596000	153.7300000	46.1400000	1226.1995948	4.0526875
-156.0256040	26.1596000	153.7300000	46.1400000	1217.0396097	4.0536875
-156.0256040	26.6596000	153.7300000	46.1400000	1208.0474514	4.0543750
-155.5256040	14.6596000	153.7300000	46.1400000	1450.4431729	4.0373750
-155.5256040	15.1596000	153.7300000	46.1400000	1440.7295228	4.0363750
-155.5256040	15.6596000	153.7300000	46.1400000	1431.0531064	4.0353750
-155.5256040	16.1596000	153.7300000	46.1400000	1421.3048397	4.0346875
-155.5256040	16.6596000	153.7300000	46.1400000	1411.4660961	4.0343750
-155.5256040	17.1596000	153.7300000	46.1400000	1401.8012158	4.0336875
-155.5256040	17.6596000	153.7300000	46.1400000	1391.9419079	4.0336875
-155.5256040	18.1596000	153.7300000	46.1400000	1381.8942920	4.0343750
-155.5256040	18.6596000	153.7300000	46.1400000	1372.0259147	4.0346875
-155.5256040	19.1596000	153.7300000	46.1400000	1362.0819208	4.0353750
-155.5256040	19.6596000	153.7300000	46.1400000	1352.0872074	4.0363750
-155.5256040	20.1596000	153.7300000	46.1400000	1342.1491942	4.0373750
-155.5256040	20.6596000	153.7300000	46.1400000	1332.1659610	4.0386875
-155.5256040	21.1596000	153.7300000	46.1400000	1322.1206585	4.0403750
-155.5256040	21.6596000	153.7300000	46.1400000	1312.2608850	4.0416875
-155.5256040	22.1596000	153.7300000	46.1400000	1302.3434017	4.0433750
-155.5256040	22.6596000	153.7300000	46.1400000	1292.3923240	4.0453750
-155.5256040	23.1596000	153.7300000	46.1400000	1282.7282624	4.0466875
-155.5256040	23.6596000	153.7300000	46.1400000	1273.0132088	4.0483750
-155.5256040	24.1596000	153.7300000	46.1400000	1263.5827930	4.0493750
-155.5256040	24.6596000	153.7300000	46.1400000	1254.1237612	4.0506875
-155.5256040	25.1596000	153.7300000	46.1400000	1244.6206126	4.0523750
-155.5256040	25.6596000	153.7300000	46.1400000	1235.4012886	4.0533750
-155.5256040	26.1596000	153.7300000	46.1400000	1226.2544576	4.0543750
-155.5256040	26.6596000	153.7300000	46.1400000	1217.3880174	4.0546875
-155.0256040	14.6596000	153.7300000	46.1400000	1460.0904470	4.0356875
-155.0256040	15.1596000	153.7300000	46.1400000	1450.3982339	4.0346875
-155.0256040	15.6596000	153.7300000	46.1400000	1440.4974859	4.0343750
-155.0256040	16.1596000	153.7300000	46.1400000	1430.7709570	4.0336875
-155.0256040	16.6596000	153.7300000	46.1400000	1420.9527504	4.0333750
-155.0256040	17.1596000	153.7300000	46.1400000	1411.0684610	4.0333750
-155.0256040	17.6596000	153.7300000	46.1400000	1401.1214267	4.0336875
-155.0256040	18.1596000	153.7300000	46.1400000	1391.0934924	4.0343750
-155.0256040	18.6596000	153.7300000	46.1400000	1381.2452872	4.0346875
-155.0256040	19.1596000	153.7300000	46.1400000	1371.2140400	4.0356875
-155.0256040	19.6596000	153.7300000	46.1400000	1361.2379463	4.0366875
-155.0256040	20.1596000	153.7300000	46.1400000	1351.3181312	4.0376875
-155.0256040	20.6596000	153.7300000	46.1400000	1341.2274317	4.0393750
-155.0256040	21.1596000	153.7300000	46.1400000	1331.3224048	4.0406875
-155.0256040	21.6596000	153.7300000	46.1400000	1321.3561628	4.0423750
-155.0256040	22.1596000	153.7300000	46.1400000	1311.3530886	4.0443750
-155.0256040	22.6596000	153.7300000	46.1400000	1301.6385117	4.0456875
-155.0256040	23.1596000	153.7300000	46.1400000	1291.8693104	4.0473750
-155.0256040	23.6596000	153.7300000	46.1400000	1282.2871144	4.0486875
-155.0256040	24.1596000	153.7300000	46.1400000	1272.6547773	4.0503750
-155.0256040	24.6596000	153.7300000	46.1400000	1263.3076749	4.0513750
-155.0256040	25.1596000	153.7300000	46.1400000	1254.0295033	4.0523750
-155.0256040	25.6596000	153.7300000	46.1400000	1244.8216929	4.0533750
-155.0256040	26.1596000	153.7300000	46.1400000	1235.6857042	4.0543750
-155.0256040	26.6596000	153.7300000	46.1400000	1226.6230285	4.0553750
-154.5256040	14.6596000	153.7300000	46.1400000	1469.5195708	4.0346875
-154.5256040	15.1596000	153.7300000	46.1400000	1459.8498451	4.0336875
-154.5256040	15.6596000	153.7300000	46.1400000	1449.9696422	4.0333750
-154.5256040	16.1596000	153.7300000	46.1400000	1440.0187930	4.0333750
-154.5256040	16.6596000	153.7300000	46.1400000	1430.1113879	4.0333750
-154.5256040	17.1596000	153.7300000	46.1400000	1420.2484309	4.0333750
-154.5256040	17.6596000	153.7300000	46.1400000	1410.4309494	4.0333750
-154.5256040	18.1596000	153.7300000	46.1400000	1400.3128129	4.0343750
-154.5256040	18.6596000	153.7300000	46.1400000	1390.4841617	4.0346875
-154.5256040	19.1596000	153.7300000	46.1400000	1380.4705060	4.0356875
-154.5256040	19.6596000	153.7300000	46.1400000	1370.2782223	4.0373750
-154.5256040	20.1596000	153.7300000	46.1400000	1360.3769120	4.0383750
-154.5256040	20.6596000	153.7300000	46.1400000	1350.4281046	4.0396875
-154.5256040	21.1596000	153.7300000	46.1400000	1340.4146303	4.0413750
-154.5256040	21.6596000	153.7300000	46.1400000	1330.3611423	4.0433750
-154.5256040	22.1596000	153.7300000	46.1400000	1320.5977050	4.0446875
-154.5256040	22.6596000	153.7300000	46.1400000	1310.7760704	4.0463750
-154.5256040	23.1596000	153.7300000	46.1400000	1301.1413893	4.0476875
-154.5256040	23.6596000	153.7300000	46.1400000	1291.4529082	4.0493750
-154.5256040	24.1596000	153.7300000	46.1400000	1281.9520602	4.0506875
-154.5256040	24.6596000	153.7300000	46.1400000	1272.6177944	4.0516875
-154.5256040	25.1596000	153.7300000	46.1400000	1263.1375518	4.0533750
-154.5256040	25.6596000	153.7300000	46.1400000	1254.1555717	4.0536875
-154.5256040	26.1596000	153.7300000	46.1400000	1245.0304559	4.0546875
-154.5256040	26.6596000	153.7300000	46.1400000	1236.0731912	4.0553750
-154.0256040	14.6596000	153.7300000	46.1400000	1478.9768915	4.0336875
-154.0256040	15.1596000	153.7300000	46.1400000	1469.0786630	4.0333750
-154.0256040	15.6596000	153.7300000	46.1400000	1459.3558018	4.0326875
-154.0256040	16.1596000	153.7300000	46.1400000	1449.4246540	4.0326875
-154.0256040	16.6596000	153.7300000	46.1400000	1439.5366385	4.0326875
-154.0256040	17.1596000	153.7300000	46.1400000	1429.4490531	4.0333750
-154.0256040	17.6596000	153.7300000	46.1400000	1419.5419832	4.0336875
-154.0256040	18.1596000	153.7300000	46.1400000	1409.5515793	4.0343750
-154.0256040	18.6596000	153.7300000	46.1400000	1399.5033994	4.0353750
-154.0256040	19.1596000	153.7300000	46.1400000	1389.5084742	4.0363750
-154.0256040	19.6596000	153.7300000	46.1400000	1379.4610975	4.0376875
-154.0256040	20.1596000	153.7300000	46.1400000	1369.3436020	4.0393750
-154.0256040	20.6596000	153.7300000	46.1400000	1359.4123192	4.0406875
-154.0256040	21.1596000	153.7300000	46.1400000	1349.4150832	4.0423750
-154.0256040	21.6596000	153.7300000	46.1400000	1339.6043760	4.0436875
-154.0256040	22.1596000	153.7300000	46.1400000	1329.7319550	4.0453750
-154.0256040	22.6596000	153.7300000	46.1400000	1319.8222793	4.0473750
-154.0256040	23.1596000	153.7300000	46.1400000	1310.3036570	4.0483750
-154.0256040	23.6596000	153.7300000	46.1400000	1300.7483526	4.0496875
-154.0256040	24.1596000	153.7300000	46.1400000	1291.1400439	4.0513750
-154.0256040	24.6596000	153.7300000	46.1400000	1281.8188271	4.0523750
-154.0256040	25.1596000	153.7300000	46.1400000	1272.5652718	4.0533750
-154.0256040	25.6596000	153.7300000	46.1400000	1263.3807597	4.0543750
-154.0256040	26.1596000	153.7300000	46.1400000	1254.2667014	4.0553750
-154.0256040	26.6596000	153.7300000	46.1400000	1245.4356192	4.0556875
-153.5256040	14.6596000	153.7300000	46.1400000	1488.4617404	4.0326875
-153.5256040	15.1596000	153.7300000	46.1400000	1478.4686578	4.0326875
-153.5256040	15.6596000	153.7300000	46.1400000	1468.6302967	4.0323750
-153.5256040	16.1596000	153.7300000	46.1400000	1458.7192079	4.0323750
-153.5256040	16.6596000	153.7300000	46.1400000	1448.7386525	4.0326875
-153.5256040	17.1596000	153.7300000	46.1400000	1438.6696562	4.0333750
-153.5256040	17.6596000	153.7300000	46.1400000	1428.7816753	4.0336875
-153.5256040	18.1596000	153.7300000	46.1400000	1418.6992372	4.0346875
-153.5256040	18.6596000	153.7300000	46.1400000	1408.6686150	4.0356875
-153.5256040	19.1596000	153.7300000	46.1400000	1398.4526657	4.0373750
-153.5256040	19.6596000	153.7300000	46.1400000	1388.5305366	4.0383750
-153.5256040	20.1596000	153.7300000	46.1400000	1378.5567209	4.0396875
-153.5256040	20.6596000	153.7300000	46.1400000	1368.5135637	4.0413750
-153.5256040	21.1596000	153.7300000	46.1400000	1358.6571163	4.0426875
-153.5256040	21.6596000	153.7300000	46.1400000	1348.7354922	4.0443750
-153.5256040	22.1596000	153.7300000	46.1400000	1338.7734212	4.0463750
-153.5256040	22.6596000	153.7300000	46.1400000	1329.1027921	4.0476875
-153.5256040	23.1596000	153.7300000	46.1400000	1319.3733922	4.0493750
-153.5256040	23.6596000	153.7300000	46.1400000	1309.9328208	4.0503750
-153.5256040	24.1596000	153.7300000	46.1400000	1300.4563352	4.0516875
-153.5256040	24.6596000	153.7300000	46.1400000	1291.1466042	4.0526875
-153.5256040	25.1596000	153.7300000	46.1400000	1281.9038992	4.0536875
-153.5256040	25.6596000	153.7300000	46.1400000	1272.7295788	4.0546875
-153.5256040	26.1596000	153.7300000	46.1400000	1263.7224033	4.0553750
-153.5256040	26.6596000	153.7300000	46.1400000	1254.6883188	4.0563750
-153.0256040	14.6596000	153.7300000	46.1400000	1497.7180649	4.0323750
-153.0256040	15.1596000	153.7300000	46.1400000	1487.7451004	4.0323750
-153.0256040	15.6596000	153.7300000	46.1400000	1477.8127425	4.0323750
-153.0256040	16.1596000	153.7300000	46.1400000	1467.9219153	4.0323750
-153.0256040	16.6596000	153.7300000	46.1400000	1457.9605731	4.0326875
-153.0256040	17.1596000	153.7300000	46.1400000	1447.9095816	4.0333750
-153.0256040	17.6596000	153.7300000	46.1400000	1437.7950451	4.0343750
-153.0256040	18.1596000	153.7300000	46.1400000	1427.7309257	4.0353750
-153.0256040	18.6596000	153.7300000	46.1400000	1417.7182169	4.0363750
-153.0256040	19.1596000	153.7300000	46.1400000	1407.6489778	4.0376875
-153.0256040	19.6596000	153.7300000	46.1400000	1397.5050583	4.0393750
-153.0256040	20.1596000	153.7300000	46.1400000	1387.5479666	4.0406875
-153.0256040	20.6596000	153.7300000	46.1400000	1377.5202542	4.0423750
-153.0256040	21.1596000	153.7300000	46.1400000	1367.6795625	4.0436875
-153.0256040	21.6596000	153.7300000	46.1400000	1357.7723779	4.0453750
-153.0256040	22.1596000	153.7300000	46.1400000	1348.0525257	4.0466875
-153.0256040	22.6596000	153.7300000	46.1400000	1338.2703784	4.0483750
-153.0256040	23.1596000	153.7300000	46.1400000	1328.6759980	4.0496875
-153.0256040	23.6596000	153.7300000	46.1400000	1319.0235928	4.0513750
-153.0256040	24.1596000	153.7300000	46.1400000	1309.6605036	4.0523750
-153.0256040	24.6596000	153.7300000	46.1400000	1300.3624880	4.0533750
-153.0256040	25.1596000	153.7300000	46.1400000	1291.1308542	4.0543750
-153.0256040	25.6596000	153.7300000	46.1400000	1281.9669376	4.0553750
-153.0256040	26.1596000	153.7300000	46.1400000	1273.0878701	4.0556875
-153.0256040	26.6596000	153.7300000	46.1400000	1264.1593036	4.0563750
-152.5256040	14.6596000	153.7300000	46.1400000	1506.8805314	4.0323750
-152.5256040	15.1596000	153.7300000	46.1400000	1496.9279099	4.0323750
-152.5256040	15.6596000	153.7300000	46.1400000	1487.0155785	4.0323750
-152.5256040	16.1596000	153.7300000	46.1400000	1477.0299814	4.0326875
-152.5256040	16.6596000	153.7300000	46.1400000	1466.9516621	4.0333750
-152.5256040	17.1596000	153.7300000	46.1400000	1456.8069945	4.0343750
-152.5256040	17.6596000	153.7300000	46.1400000	1446.9578986	4.0346875
-152.5256040	18.1596000	153.7300000	46.1400000	1436.6657905	4.0363750
-152.5256040	18.6596000	153.7300000	46.1400000	1426.6711917	4.0373750
-152.5256040	19.1596000	153.7300000	46.1400000	1416.7285888	4.0383750
-152.5256040	19.6596000	153.7300000	46.1400000	1406.4908092	4.0403750
-152.5256040	20.1596000	153.7300000	46.1400000	1396.6578079	4.0413750
-152.5256040	20.6596000	153.7300000	46.1400000	1386.5369215	4.0433750
-152.5256040	21.1596000	153.7300000	46.1400000	1376.7113529	4.0446875
-152.5256040	21.6596000	153.7300000	46.1400000	1366.8179704	4.0463750
-152.5256040	22.1596000	153.7300000	46.1400000	1357.1121947	4.0476875
-152.5256040	22.6596000	153.7300000	46.1400000	1347.3427641	4.0493750
-152.5256040	23.1596000	153.7300000	46.1400000	1337.8645536	4.0503750
-152.5256040	23.6596000	153.7300000	46.1400000	1328.3458457	4.0516875
-152.5256040	24.1596000	153.7300000	46.1400000	1318.9935473	4.0526875
-152.5256040	24.6596000	153.7300000	46.1400000	1309.7057048	4.0536875
-152.5256040	25.1596000	153.7300000	46.1400000	1300.4836047	4.0546875
-152.5256040	25.6596000	153.7300000	46.1400000	1291.4280687	4.0553750
-152.5256040	26.1596000	153.7300000	46.1400000	1282.3406933	4.0563750
-152.5256040	26.6596000	153.7300000	46.1400000	1273.3230836	4.0573750
-152.0256040	14.6596000	153.7300000	46.1400000	1516.3223631	4.0316875
-152.0256040	15.1596000	153.7300000	46.1400000	1506.1310148	4.0323750
-152.0256040	15.6596000	153.7300000	46.1400000	1496.1222092	4.0326875
-152.0256040	16.1596000	153.7300000	46.1400000	1486.0176452	4.0333750
-152.0256040	16.6596000	153.7300000	46.1400000	1476.0955081	4.0336875
-152.0256040	17.1596000	153.7300000	46.1400000	1465.9677820	4.0346875
-152.0256040	17.6596000	153.7300000	46.1400000	1455.8887294	4.0356875
-152.0256040	18.1596000	153.7300000	46.1400000	1445.8592953	4.0366875
-152.0256040	18.6596000	153.7300000	46.1400000	1435.6360001	4.0383750
-152.0256040	19.1596000	153.7300000	46.1400000	1425.7104706	4.0393750
-152.0256040	19.6596000	153.7300000	46.1400000	1415.7280093	4.0406875
-152.0256040	20.1596000	153.7300000	46.1400000	1405.6703261	4.0423750
-152.0256040	20.6596000	153.7300000	46.1400000	1395.8002336	4.0436875
-152.0256040	21.1596000	153.7300000	46.1400000	1385.8589427	4.0453750
-152.0256040	21.6596000	153.7300000	46.1400000	1376.1054319	4.0466875
-152.0256040	22.1596000	153.7300000	46.1400000	1366.2848110	4.0483750
-152.0256040	22.6596000	153.7300000	46.1400000	1356.6522751	4.0496875
-152.0256040	23.1596000	153.7300000	46.1400000	1346.9567843	4.0513750
-152.0256040	23.6596000	153.7300000	46.1400000	1337.5529416	4.0523750
-152.0256040	24.1596000	153.7300000	46.1400000	1328.2116890	4.0533750
-152.0256040	24.6596000	153.7300000	46.1400000	1318.9342662	4.0543750
-152.0256040	25.1596000	153.7300000	46.1400000	1309.7219382	4.0553750
-152.0256040	25.6596000	153.7300000	46.1400000	1300.7964611	4.0556875
-152.0256040	26.1596000	153.7300000	46.1400000	1291.7166267	4.0566875
-152.0256040	26.6596000	153.7300000	46.1400000	1282.8046441	4.0573750
-151.5256040	14.6596000	153.7300000	46.1400000	1525.2673454	4.0323750
-151.5256040	15.1596000	153.7300000	46.1400000	1515.3537749	4.0323750
-151.5256040	15.6596000	153.7300000	46.1400000	1505.3631776	4.0326875
-151.5256040	16.1596000	153.7300000	46.1400000	1495.1597727	4.0336875
-151.5256040	16.6596000	153.7300000	46.1400000	1485.1178660	4.0343750
-151.5256040	17.1596000	153.7300000	46.1400000	1475.0074812	4.0353750
-151.5256040	17.6596000	153.7300000	46.1400000	1464.9453752	4.0363750
-151.5256040	18.1596000	153.7300000	46.1400000	1454.8198724	4.0376875
-151.5256040	18.6596000	153.7300000	46.1400000	1444.6120256	4.0393750
-151.5256040	19.1596000	153.7300000	46.1400000	1434.7029690	4.0403750
-151.5256040	19.6596000	153.7300000	46.1400000	1424.7358565	4.0416875
-151.5256040	20.1596000	153.7300000	46.1400000	1414.6922449	4.0433750
-151.5256040	20.6596000	153.7300000	46.1400000	1404.8365393	4.0446875
-151.5256040	21.1596000	153.7300000	46.1400000	1394.9083240	4.0463750
-151.5256040	21.6596000	153.7300000	46.1400000	1385.1681733	4.0476875
-151.5256040	22.1596000	153.7300000	46.1400000	1375.3595647	4.0493750
-151.5256040	22.6596000	153.7300000	46.1400000	1365.8446656	4.0503750
-151.5256040	23.1596000	153.7300000	46.1400000	1356.2847765	4.0516875
-151.5256040	23.6596000	153.7300000	46.1400000	1346.8910541	4.0526875
-151.5256040	24.1596000	153.7300000	46.1400000	1337.5593208	4.0536875
-151.5256040	24.6596000	153.7300000	46.1400000	1328.2907957	4.0546875
-151.5256040	25.1596000	153.7300000	46.1400000	1319.1883708	4.0553750
-151.5256040	25.6596000	153.7300000	46.1400000	1310.0492899	4.0563750
-151.5256040	26.1596000	153.7300000	46.1400000	1300.9772292	4.0573750
-151.5256040	26.6596000	153.7300000	46.1400000	1292.1924075	4.0576875
-151.0256040	14.6596000	153.7300000	46.1400000	1534.4904169	4.0323750
-151.0256040	15.1596000	153.7300000	46.1400000	1524.4774159	4.0326875
-151.0256040	15.6596000	153.7300000	46.1400000	1514.3644553	4.0333750
-151.0256040	16.1596000	153.7300000	46.1400000	1504.1785808	4.0343750
-151.0256040	16.6596000	153.7300000	46.1400000	1494.0388002	4.0353750
-151.0256040	17.1596000	153.7300000	46.1400000	1483.9459946	4.0363750
-151.0256040	17.6596000	153.7300000	46.1400000	1473.9010637	4.0373750
-151.0256040	18.1596000	153.7300000	46.1400000	1463.7916525	4.0386875
-151.0256040	18.6596000	153.7300000	46.1400000	1453.5986633	4.0403750
-151.0256040	19.1596000	153.7300000	46.1400000	1443.7054854	4.0413750
-151.0256040	19.6596000	153.7300000	46.1400000	1433.7531225	4.0426875
-151.0256040	20.1596000	153.7300000	46.1400000	1423.7229792	4.0443750
-151.0256040	20.6596000	153.7300000	46.1400000	1413.8810536	4.0456875
-151.0256040	21.1596000	153.7300000	46.1400000	1403.9653030	4.0473750
-151.0256040	21.6596000	153.7300000	46.1400000	1394.3455235	4.0483750
-151.0256040	22.1596000	153.7300000	46.1400000	1384.6757153	4.0496875
-151.0256040	22.6596000	153.7300000	46.1400000	1374.9381064	4.0513750
-151.0256040	23.1596000	153.7300000	46.1400000	1365.4945792	4.0523750
-151.0256040	23.6596000	153.7300000	46.1400000	1356.1112562	4.0533750
-151.0256040	24.1596000	153.7300000	46.1400000	1346.7893130	4.0543750
-151.0256040	24.6596000	153.7300000	46.1400000	1337.5299489	4.0553750
-151.0256040	25.1596000	153.7300000	46.1400000	1328.3343869	4.0563750
-151.0256040	25.6596000	153.7300000	46.1400000	1319.4274428	4.0566875
-151.0256040	26.1596000	153.7300000	46.1400000	1310.3616608	4.0576875
-151.0256040	26.6596000	153.7300000	46.1400000	1301.4637169	4.0583750
-150.5256040	14.6596000	153.7300000	46.1400000	1543.6128036	4.0326875
-150.5256040	15.1596000	153.7300000	46.1400000	1533.4754641	4.0333750
-150.5256040	15.6596000	153.7300000	46.1400000	1523.2625213	4.0343750
-150.5256040	16.1596000	153.7300000	46.1400000	1513.0944371	4.0353750
-150.5256040	16.6596000	153.7300000	46.1400000	1502.9720623	4.0363750
-150.5256040	17.1596000	153.7300000	46.1400000	1492.8962661	4.0373750
-150.5256040	17.6596000	153.7300000	46.1400000	1482.7531946	4.0386875
-150.5256040	18.1596000	153.7300000	46.1400000	1472.7740363	4.0396875
-150.5256040	18.6596000	153.7300000	46.1400000	1462.5953198	4.0413750
-150.5256040	19.1596000	153.7300000	46.1400000	1452.6051356	4.0426875
-150.5256040	19.6596000	153.7300000	46.1400000	1442.7792266	4.0436875
-150.5256040	20.1596000	153.7300000	46.1400000	1432.7619548	4.0453750
-150.5256040	20.6596000	153.7300000	46.1400000	1422.9332093	4.0466875
-150.5256040	21.1596000	153.7300000	46.1400000	1413.0293201	4.0483750
-150.5256040	21.6596000	153.7300000	46.1400000	1403.4223548	4.0493750
-150.5256040	22.1596000	153.7300000	46.1400000	1393.7641435	4.0506875
-150.5256040	22.6596000	153.7300000	46.1400000	1384.2716043	4.0516875
-150.5256040	23.1596000	153.7300000	46.1400000	1374.8375500	4.0526875
-150.5256040	23.6596000	153.7300000	46.1400000	1365.4631143	4.0536875
-150.5256040	24.1596000	153.7300000	46.1400000	1356.1494538	4.0546875
-150.5256040	24.6596000	153.7300000	46.1400000	1346.8977479	4.0556875
-150.5256040	25.1596000	153.7300000	46.1400000	1337.7091998	4.0566875
-150.5256040	25.6596000	153.7300000	46.1400000	1328.6873652	4.0573750
-150.5256040	26.1596000	153.7300000	46.1400000	1319.6281129	4.0583750
-150.5256040	26.6596000	153.7300000	46.1400000	1310.6357748	4.0593750
-150.0256040	14.6596000	153.7300000	46.1400000	1552.6077430	4.0333750
-150.0256040	15.1596000	153.7300000	46.1400000	1542.3687553	4.0343750
-150.0256040	15.6596000	153.7300000	46.1400000	1532.1734257	4.0353750
-150.0256040	16.1596000	153.7300000	46.1400000	1522.0225766	4.0363750
-150.0256040	16.6596000	153.7300000	46.1400000	1511.9170478	4.0373750
-150.0256040	17.1596000	153.7300000	46.1400000	1501.8576962	4.0383750
-150.0256040	17.6596000	153.7300000	46.1400000	1491.7299897	4.0396875
-150.0256040	18.1596000	153.7300000	46.1400000	1481.7664350	4.0406875
-150.0256040	18.6596000	153.7300000	46.1400000	1471.6014123	4.0423750
-150.0256040	19.1596000	153.7300000	46.1400000	1461.6252674	4.0436875
-150.0256040	19.6596000	153.7300000	46.1400000	1451.5668688	4.0453750
-150.0256040	20.1596000	153.7300000	46.1400000	1441.8086085	4.0463750
-150.0256040	20.6596000	153.7300000	46.1400000	1431.9924503	4.0476875
-150.0256040	21.1596000	153.7300000	46.1400000	1422.3413088	4.0486875
-150.0256040	21.6596000	153.7300000	46.1400000	1412.5050768	4.0503750
-150.0256040	22.1596000	153.7300000	46.1400000	1402.9660713	4.0513750
-150.0256040	22.6596000	153.7300000	46.1400000	1393.4838819	4.0523750
-150.0256040	23.1596000	153.7300000	46.1400000	1384.0596023	4.0533750
-150.0256040	23.6596000	153.7300000	46.1400000	1374.6943479	4.0543750
-150.0256040	24.1596000	153.7300000	46.1400000	1365.3892567	4.0553750
-150.0256040	24.6596000	153.7300000	46.1400000	1356.1454886	4.0563750
-150.0256040	25.1596000	153.7300000	46.1400000	1346.9642268	4.0573750
-150.0256040	25.6596000	153.7300000	46.1400000	1337.8466772	4.0583750
-150.0256040	26.1596000	153.7300000	46.1400000	1329.0191514	4.0586875
-150.0256040	26.6596000	153.7300000	46.1400000	1320.0311597	4.0596875
-149.5256040	14.6596000	153.7300000	46.1400000	1561.4963753	4.0343750
-149.5256040	15.1596000	153.7300000	46.1400000	1551.2748270	4.0353750
-149.5256040	15.6596000	153.7300000	46.1400000	1541.0965649	4.0363750
-149.5256040	16.1596000	153.7300000	46.1400000	1530.9624006	4.0373750
-149.5256040	16.6596000	153.7300000	46.1400000	1520.8731625	4.0383750
-149.5256040	17.1596000	153.7300000	46.1400000	1510.7128201	4.0396875
-149.5256040	17.6596000	153.7300000	46.1400000	1500.7167899	4.0406875
-149.5256040	18.1596000	153.7300000	46.1400000	1490.5147325	4.0423750
-149.5256040	18.6596000	153.7300000	46.1400000	1480.6163689	4.0433750
-149.5256040	19.1596000	153.7300000	46.1400000	1470.6536870	4.0446875
-149.5256040	19.6596000	153.7300000	46.1400000	1460.6074741	4.0463750
-149.5256040	20.1596000	153.7300000	46.1400000	1450.8623875	4.0473750
-149.5256040	20.6596000	153.7300000	46.1400000	1441.0582305	4.0486875
-149.5256040	21.1596000	153.7300000	46.1400000	1431.4192467	4.0496875
-149.5256040	21.6596000	153.7300000	46.1400000	1421.8344353	4.0506875
-149.5256040	22.1596000	153.7300000	46.1400000	1412.0652299	4.0523750
-149.5256040	22.6596000	153.7300000	46.1400000	1402.5935536	4.0533750
-149.5256040	23.1596000	153.7300000	46.1400000	1393.1792054	4.0543750
-149.5256040	23.6596000	153.7300000	46.1400000	1383.8232829	4.0553750
-149.5256040	24.1596000	153.7300000	46.1400000	1374.5269053	4.0563750
-149.5256040	24.6596000	153.7300000	46.1400000	1365.5225925	4.0566875
-149.5256040	25.1596000	153.7300000	46.1400000	1356.3471389	4.0576875
-149.5256040	25.6596000	153.7300000	46.1400000	1347.2347318	4.0586875
-149.5256040	26.1596000	153.7300000	46.1400000	1338.1865797	4.0596875
-149.5256040	26.6596000	153.7300000	46.1400000	1329.3062156	4.0603750
-149.0256040	14.6596000	153.7300000	46.1400000	1570.6653171	4.0346875
-149.0256040	15.1596000	153.7300000	46.1400000	1560.1930818	4.0363750
-149.0256040	15.6596000	153.7300000	46.1400000	1550.0313459	4.0373750
-149.0256040	16.1596000	153.7300000	46.1400000	1539.9133205	4.0383750
-149.0256040	16.6596000	153.7300000	46.1400000	1529.8398228	4.0393750
-149.0256040	17.1596000	153.7300000	46.1400000	1519.6941451	4.0406875
-149.0256040	17.6596000	153.7300000	46.1400000	1509.7130221	4.0416875
-149.0256040	18.1596000	153.7300000	46.1400000	1499.5239682	4.0433750
-149.0256040	18.6596000	153.7300000	46.1400000	1489.5245339	4.0446875
-149.0256040	19.1596000	153.7300000	46.1400000	1479.6898390	4.0456875
-149.0256040	19.6596000	153.7300000	46.1400000	1469.6552382	4.0473750
-149.0256040	20.1596000	153.7300000	46.1400000	1459.9227491	4.0483750
-149.0256040	20.6596000	153.7300000	46.1400000	1450.2419260	4.0493750
-149.0256040	21.1596000	153.7300000	46.1400000	1440.5026066	4.0506875
-149.0256040	21.6596000	153.7300000	46.1400000	1430.9288380	4.0516875
-149.0256040	22.1596000	153.7300000	46.1400000	1421.4097268	4.0526875
-149.0256040	22.6596000	153.7300000	46.1400000	1411.9463118	4.0536875
-149.0256040	23.1596000	153.7300000	46.1400000	1402.5396523	4.0546875
-149.0256040	23.6596000	153.7300000	46.1400000	1393.1908283	4.0556875
-149.0256040	24.1596000	153.7300000	46.1400000	1383.9009410	4.0566875
-149.0256040	24.6596000	153.7300000	46.1400000	1374.7769922	4.0573750
-149.0256040	25.1596000	153.7300000	46.1400000	1365.6076358	4.0583750
-149.0256040	25.6596000	153.7300000	46.1400000	1356.5006542	4.0593750
-149.0256040	26.1596000	153.7300000	46.1400000	1347.4572357	4.0603750
-149.0256040	26.6596000	153.7300000	46.1400000	1338.4785908	4.0613750
-162.0256040	19.9863000	153.7300000	46.1400000	1224.7302007	4.0446875
-161.3675990	17.7469010	153.7300000	46.1400000	1280.0423402	4.0483750
-161.3148960	21.9563010	153.7300000	46.1400000	1200.0803194	4.0413750
-161.0950010	23.9972000	153.7300000	46.1400000	1164.7083138	4.0436875
-160.0475010	19.8234000	153.7300000	46.1400000	1264.8473743	4.0403750
-159.6649930	22.1229990	153.7300000	46.1400000	1227.3378423	4.0403750
-159.4010010	21.9710010	153.7300000	46.1400000	1235.0817677	4.0403750
-158.9824980	15.5740000	153.7300000	46.1400000	1367.1657824	4.0456875
-158.9331050	24.5737990	153.7300000	46.1400000	1193.1766365	4.0466875
-158.9030000	21.2984010	153.7300000	46.1400000	1257.3942843	4.0393750
-158.7601930	18.5646990	153.7300000	46.1400000	1313.4782727	4.0386875
-158.1853940	22.6201990	153.7300000	46.1400000	1244.6003529	4.0423750
-158.1795040	20.3778000	153.7300000	46.1400000	1288.9256304	4.0376875
-157.9310000	21.6460000	153.7300000	46.1400000	1268.5494690	4.0396875
-157.8591000	14.6596000	153.7300000	46.1400000	1406.0622566	4.0446875
-157.7008060	16.3484000	153.7300000	46.1400000	1376.4390681	4.0396875
-157.6275940	20.3461000	153.7300000	46.1400000	1299.7696321	4.0373750
-157.2700040	21.1089990	153.7300000	46.1400000	1291.2995649	4.0386875
-157.2272950	18.9848000	153.7300000	46.1400000	1334.1027154	4.0356875
-156.9646000	24.3120990	153.7300000	46.1400000	1234.1653352	4.0483750
-156.9320070	19.8327010	153.7300000	46.1400000	1322.8032611	4.0363750
-156.8081970	18.4042000	153.7300000	46.1400000	1353.2485793	4.0353750
-156.7559970	21.1360000	153.7300000	46.1400000	1300.0679539	4.0393750
-156.6580050	20.8910010	153.7300000	46.1400000	1306.7714558	4.0386875
-156.5101010	19.4776990	153.7300000	46.1400000	1337.6681012	4.0356875
-156.4651030	18.7750000	153.7300000	46.1400000	1352.2721680	4.0353750
-156.3876950	17.6149010	153.7300000	46.1400000	1376.7070899	4.0346875
-156.2066040	16.1620010	153.7300000	46.1400000	1408.5353206	4.0356875
-156.1670070	18.3010010	153.7300000	46.1400000	1367.2445867	4.0346875
-155.9969940	20.7710000	153.7300000	46.1400000	1321.2999770	4.0386875
-155.7729950	19.0790000	153.7300000	46.1400000	1359.0817219	4.0353750
-155.7653050	26.7766990	153.7300000	46.1400000	1210.8187387	4.0546875
-155.7149960	18.0002990	153.7300000	46.1400000	1381.5382054	4.0343750
-155.7109990	20.0460000	153.7300000	46.1400000	1340.8941726	4.0373750
-155.6793980	21.2055000	153.7300000	46.1400000	1318.3931545	4.0403750
-155.6362000	22.2999000	153.7300000	46.1400000	1297.5606709	4.0436875
-154.9944000	21.5070000	153.7300000	46.1400000	1324.8040722	4.0423750
-154.9830020	19.6010000	153.7300000	46.1400000	1363.1539545	4.0366875
-154.7973940	18.8031010	153.7300000	46.1400000	1382.4402796	4.0353750
-154.6912990	17.1800990	153.7300000	46.1400000	1416.8002764	4.0333750
-154.6177980	20.0889000	153.7300000	46.1400000	1360.0122870	4.0383750
-154.4958950	18.4016990	153.7300000	46.1400000	1396.1489302	4.0343750
-154.4828030	21.0019000	153.7300000	46.1400000	1344.1871692	4.0413750
-154.3939970	19.2625010	153.7300000	46.1400000	1380.6920475	4.0363750
-154.2518010	21.1686990	153.7300000	46.1400000	1345.2489672	4.0416875
-154.0305020	17.9884000	153.7300000	46.1400000	1412.7936749	4.0343750
-153.9922940	18.7976000	153.7300000	46.1400000	1397.3443995	4.0356875
-153.9826970	21.5196990	153.7300000	46.1400000	1343.1274740	4.0433750
-153.9674990	14.7313000	153.7300000	46.1400000	1478.7117863	4.0333750
-153.9024050	19.9790990	153.7300000	46.1400000	1375.3094709	4.0386875
-153.8681950	17.3153990	153.7300000	46.1400000	1429.2940756	4.0333750
-153.7008060	17.2975010	153.7300000	46.1400000	1432.7334713	4.0333750
-153.5032040	19.4951990	153.7300000	46.1400000	1392.3276088	4.0376875
-153.2958980	18.8009000	153.7300000	46.1400000	1409.9704382	4.0363750
-153.2920990	20.8925990	153.7300000	46.1400000	1368.1481425	4.0423750
-153.2906040	17.9062000	153.7300000	46.1400000	1428.0868852	4.0343750
-152.9812010	18.3018000	153.7300000	46.1400000	1425.6928981	4.0356875
-152.7657930	25.5928000	153.7300000	46.1400000	1288.0595226	4.0553750
-152.1324010	18.4814000	153.7300000	46.1400000	1437.4245639	4.0373750
-151.6866000	14.6891000	153.7300000	46.1400000	1521.9748611	4.0316875
-151.6376040	16.7378010	153.7300000	46.1400000	1481.5114391	4.0343750
-150.9149930	18.9142000	153.7300000	46.1400000	1450.4490823	4.0413750
-149.0009000	16.9890000	153.7300000	46.1400000	1523.5618776	4.0403750
