-162.025604	14.659600	165.810000	60.860000	1420.143659	4.044093	159.681550	159.581550	159.681550	4.055765	-1.029268
-162.025604	15.159600	165.810000	60.860000	1407.243166	4.044093	159.469690	159.469690	159.469690	4.054855	-1.109132
-162.025604	15.659600	165.810000	60.860000	1394.352752	4.044093	159.255009	159.255009	159.255009	4.053449	-1.188694
-162.025604	16.159600	165.810000	60.860000	1381.814413	4.043093	159.537424	159.537424	159.537424	4.053596	-0.767901
-162.025604	16.659600	165.810000	60.860000	1368.941912	4.043093	159.316849	159.316849	159.316849	4.051684	-0.846836
-162.025604	17.159600	165.810000	60.860000	1356.080456	4.043093	159.193193	159.193193	159.193193	4.050826	-0.825485
-162.025604	17.659600	165.810000	60.860000	1343.230391	4.043093	159.166364	159.066364	159.166364	4.049832	-0.703789
-162.025604	18.159600	165.810000	60.860000	1330.517609	4.042711	159.136265	159.136265	159.136265	4.046643	-0.581837
-162.025604	18.659600	165.810000	60.860000	1317.891850	4.042093	159.302798	159.302798	159.302798	4.047762	-0.259615
-162.025604	19.159600	165.810000	60.860000	1305.075006	4.042093	159.265859	159.265859	159.265859	4.043853	-0.137056
-162.025604	19.659600	165.810000	60.860000	1292.271084	4.042093	159.225342	159.225342	159.225342	4.041869	-0.014259
-162.025604	20.159600	165.810000	60.860000	1279.284742	4.042711	158.981136	158.981136	158.981136	4.034322	-0.091206
-162.025604	20.659600	165.810000	60.860000	1266.509898	4.042711	158.933126	158.933126	158.933126	4.031800	0.032177
-162.025604	21.159600	165.810000	60.860000	1253.630999	4.043093	158.781195	158.781195	158.781195	4.026479	0.055782
-162.025604	21.659600	165.810000	60.860000	1240.886301	4.043093	158.725218	158.725218	158.825218	4.024359	0.179626
-162.025604	22.159600	165.810000	60.860000	1227.968941	4.043711	158.565069	158.565069	158.565069	4.021745	0.203794
-162.025604	22.659600	165.810000	60.860000	1215.142476	4.044093	158.400614	158.400614	158.400614	4.020246	0.228168
-162.025604	23.159600	165.810000	60.860000	1202.264202	4.044711	158.231716	158.231716	158.231716	4.021091	0.252766
-162.025604	23.659600	165.810000	60.860000	1189.476380	4.045093	158.058233	158.058233	158.058233	4.021646	0.277684
-162.025604	24.159600	165.810000	60.860000	1176.528466	4.046093	157.680016	157.680016	157.680016	4.018949	0.102791
-162.025604	24.659600	165.810000	60.860000	1163.714621	4.046711	157.396912	157.396912	157.396912	4.017655	0.028106
-162.025604	25.159600	165.810000	60.860000	1150.990732	4.047093	157.208759	157.208759	157.208759	4.019829	0.053738
-162.025604	25.659600	165.810000	60.860000	1138.221848	4.047711	156.915392	156.915392	156.915392	4.019443	-0.020457
-162.025604	26.159600	165.810000	60.860000	1125.542745	4.048093	156.716638	156.716638	156.716638	4.023609	0.005539
-162.025604	26.659600	165.810000	60.860000	1112.821549	4.048711	156.412317	156.412317	156.412317	4.023135	-0.068148
-161.525604	14.659600	165.810000	60.860000	1424.586783	4.044093	159.200792	159.200792	159.200792	4.057989	-1.277233
-161.525604	15.159600	165.810000	60.860000	1412.054142	4.043093	159.386957	159.386957	159.386957	4.052162	-0.958299
-161.525604	15.659600	165.810000	60.860000	1399.179416	4.043093	159.270295	159.270295	159.270295	4.051425	-0.939077
-161.525604	16.159600	165.810000	60.860000	1386.315269	4.043093	159.150725	159.150725	159.150725	4.050401	-0.919495
-161.525604	16.659600	165.810000	60.860000	1373.462028	4.043093	159.028158	159.028158	159.028158	4.048735	-0.899615
-161.525604	17.159600	165.810000	60.860000	1360.956643	4.042093	159.202506	159.202506	159.202506	4.050171	-0.579465
-161.525604	17.659600	165.810000	60.860000	1348.123066	4.042093	159.173675	159.173675	159.173675	4.051083	-0.458964
-161.525604	18.159600	165.810000	60.860000	1335.301451	4.042093	159.041571	159.041571	159.041571	4.046573	-0.438181
-161.525604	18.659600	165.810000	60.860000	1322.492179	4.042093	159.006094	159.006094	159.006094	4.044163	-0.317145
-161.525604	19.159600	165.810000	60.860000	1309.695642	4.042093	158.967141	158.967141	158.967141	4.040478	-0.195767
-161.525604	19.659600	165.810000	60.860000	1296.912251	4.042093	158.924607	158.924607	158.924607	4.037387	-0.074122
-161.525604	20.159600	165.810000	60.860000	1284.142432	4.042093	158.878380	158.878380	158.878380	4.034446	0.047758
-161.525604	20.659600	165.810000	60.860000	1271.192104	4.042711	158.628348	158.628348	158.628348	4.028669	-0.030025
-161.525604	21.159600	165.810000	60.860000	1258.333993	4.043093	158.574391	158.574391	158.574391	4.025780	0.092441
-161.525604	21.659600	165.810000	60.860000	1245.610770	4.043093	158.516389	158.516389	158.516389	4.023907	0.215127
-161.525604	22.159600	165.810000	60.860000	1232.714411	4.043711	158.354212	158.354212	158.354212	4.021733	0.238143
-161.525604	22.659600	165.810000	60.860000	1219.909476	4.044093	158.187731	158.187731	158.187731	4.020731	0.261393
-161.525604	23.159600	165.810000	60.860000	1206.938883	4.045093	157.816807	157.816807	157.816807	4.017640	0.084845
-161.525604	23.659600	165.810000	60.860000	1194.104348	4.045711	157.541299	157.541299	157.541299	4.016785	0.008623
-161.525604	24.159600	165.810000	60.860000	1181.360609	4.046093	157.361061	157.361061	157.361061	4.018100	0.032620
-161.525604	24.659600	165.810000	60.860000	1168.569076	4.046711	157.175938	157.175938	157.175938	4.019311	0.056802
-161.525604	25.159600	165.810000	60.860000	1155.868063	4.047093	156.885772	156.885772	156.885772	4.020029	-0.018693
-161.525604	25.659600	165.810000	60.860000	1143.122057	4.047711	156.590398	156.590398	156.590398	4.019483	-0.093986
-161.525604	26.159600	165.810000	60.860000	1130.466412	4.048093	156.389644	156.389644	156.389644	4.023119	-0.069110
-161.525604	26.659600	165.810000	60.860000	1117.768684	4.048711	156.083332	156.083332	156.083332	4.023846	-0.143913
-161.025604	14.659600	165.810000	60.860000	1429.434204	4.043093	159.222148	159.222148	159.222148	4.054111	-1.025637
-161.025604	15.159600	165.810000	60.860000	1416.567904	4.043093	159.006382	159.006382	159.006382	4.053756	-1.107923
-161.025604	15.659600	165.810000	60.860000	1404.059324	4.042093	159.287784	159.187784	159.287784	4.048696	-0.689916
-161.025604	16.159600	165.810000	60.860000	1391.211059	4.042093	159.066273	159.066273	159.066273	4.048427	-0.771522
-161.025604	16.659600	165.810000	60.860000	1378.373891	4.042093	159.041762	159.041762	159.041762	4.047479	-0.652846
-161.025604	17.159600	165.810000	60.860000	1365.548164	4.042093	158.914161	158.914161	158.914161	4.047004	-0.633895
-161.025604	17.659600	165.810000	60.860000	1352.734235	4.042093	158.783378	158.783378	158.783378	4.045849	-0.614565
-161.025604	18.159600	165.810000	60.860000	1339.932472	4.042093	158.749318	158.749318	158.749318	4.043160	-0.494971
-161.025604	18.659600	165.810000	60.860000	1327.143259	4.042093	158.711882	158.711882	158.711882	4.040162	-0.375120
-161.025604	19.159600	165.810000	60.860000	1314.366997	4.042093	158.670967	158.670967	158.670967	4.036466	-0.254897
-161.025604	19.659600	165.810000	60.860000	1301.604099	4.042093	158.626469	158.626469	158.626469	4.034167	-0.134426
-161.025604	20.159600	165.810000	60.860000	1288.854996	4.042093	158.578277	158.578277	158.578277	4.031112	-0.013715
-161.025604	20.659600	165.810000	60.860000	1275.924890	4.042711	158.426278	158.426278	158.426278	4.027011	0.007360
-161.025604	21.159600	165.810000	60.860000	1263.087508	4.043093	158.270355	158.270355	158.270355	4.023055	0.028667
-161.025604	21.659600	165.810000	60.860000	1250.385699	4.043093	158.210385	158.210385	158.210385	4.021646	0.150197
-161.025604	22.159600	165.810000	60.860000	1237.393537	4.044093	157.946242	157.946242	157.946242	4.018775	0.072086
-161.025604	22.659600	165.810000	60.860000	1224.726782	4.044093	157.877796	157.877796	157.877796	4.019212	0.194190
-161.025604	23.159600	165.810000	60.860000	1211.777153	4.045093	157.604910	157.604910	157.604910	4.018142	0.116500
-161.025604	23.659600	165.810000	60.860000	1198.964291	4.045711	157.327443	157.327443	157.327443	4.018070	0.039166
-161.025604	24.159600	165.810000	60.860000	1186.242772	4.046093	157.145249	157.145249	157.145249	4.019278	0.062029
-161.025604	24.659600	165.810000	60.860000	1173.362833	4.047093	156.758177	156.758177	156.758177	4.017265	-0.114919
-161.025604	25.159600	165.810000	60.860000	1160.795188	4.047093	156.666068	156.666068	156.666068	4.021441	0.008486
-161.025604	25.659600	165.810000	60.860000	1147.963747	4.048093	156.268759	156.268759	156.268759	4.020151	-0.167928
-161.025604	26.159600	165.810000	60.860000	1135.439613	4.048093	156.066079	156.066079	156.066079	4.022915	-0.144170
-161.025604	26.659600	165.810000	60.860000	1122.765210	4.048711	155.757852	155.757852	155.757852	4.024763	-0.220060
-160.525604	14.659600	165.810000	60.860000	1434.334237	4.042093	159.145620	159.145620	159.145620	4.048788	-0.874584
-160.525604	15.159600	165.810000	60.860000	1421.483443	4.042093	159.027965	159.027965	159.027965	4.047880	-0.858088
-160.525604	15.659600	165.810000	60.860000	1408.643276	4.042093	158.907476	158.907476	158.907476	4.046984	-0.841277
-160.525604	16.159600	165.810000	60.860000	1395.814058	4.042093	158.784069	158.784069	158.784069	4.045513	-0.824090
-160.525604	16.659600	165.810000	60.860000	1383.126653	4.041711	158.757659	158.757659	158.757659	4.044163	-0.706617
-160.525604	17.159600	165.810000	60.860000	1370.319142	4.041711	158.728156	158.728156	158.728156	4.044789	-0.588845
-160.525604	17.659600	165.810000	60.860000	1357.523624	4.041711	158.595469	158.595469	158.595469	4.043046	-0.570707
-160.525604	18.159600	165.810000	60.860000	1344.740473	4.041711	158.559503	158.559503	158.559503	4.039896	-0.452301
-160.525604	18.659600	165.810000	60.860000	1331.970078	4.041711	158.520159	158.520159	158.520159	4.036997	-0.333612
-160.525604	19.159600	165.810000	60.860000	1319.088347	4.042093	158.377335	158.377335	158.477335	4.032652	-0.314566
-160.525604	19.659600	165.810000	60.860000	1306.345894	4.042093	158.330926	158.330926	158.330926	4.030178	-0.195268
-160.525604	20.159600	165.810000	60.860000	1293.617456	4.042093	158.280823	158.280823	158.380823	4.028089	-0.075705
-160.525604	20.659600	165.810000	60.860000	1280.707505	4.042711	158.126913	158.126913	158.126913	4.024026	-0.055792
-160.525604	21.159600	165.810000	60.860000	1267.890782	4.043093	158.069080	158.069080	158.069080	4.021559	0.064356
-160.525604	21.659600	165.810000	60.860000	1255.018315	4.043711	157.807201	157.807201	157.807201	4.018260	-0.015247
-160.525604	22.159600	165.810000	60.860000	1242.238539	4.044093	157.741152	157.741152	157.741152	4.018633	0.105493
-160.525604	22.659600	165.810000	60.860000	1229.405569	4.044711	157.470802	157.470802	157.470802	4.016892	0.026452
-160.525604	23.159600	165.810000	60.860000	1216.664837	4.045093	157.296016	157.296016	157.296016	4.017256	0.047643
-160.525604	23.659600	165.810000	60.860000	1203.873543	4.045711	157.016654	157.016654	157.016654	4.017814	-0.030828
-160.525604	24.159600	165.810000	60.860000	1191.174134	4.046093	156.832572	156.832572	156.832572	4.019136	-0.009097
-160.525604	24.659600	165.810000	60.860000	1178.315809	4.047093	156.543617	156.543617	156.543617	4.019441	-0.087150
-160.525604	25.159600	165.810000	60.860000	1165.593122	4.047711	156.249635	156.249635	156.249635	4.020444	-0.164869
-160.525604	25.659600	165.810000	60.860000	1153.070625	4.047711	156.050461	156.050461	156.050461	4.022199	-0.142402
-160.525604	26.159600	165.810000	60.860000	1140.461489	4.048093	155.745928	155.745928	155.745928	4.023684	-0.219738
-160.525604	26.659600	165.810000	60.860000	1127.810255	4.048711	155.535861	155.535861	155.535861	4.025826	-0.196739
-160.025604	14.659600	165.810000	60.860000	1438.930202	4.042093	158.771206	158.771206	158.771206	4.052106	-1.024004
-160.025604	15.159600	165.810000	60.860000	1426.232677	4.041711	158.751706	158.751706	158.751706	4.047785	-0.908707
-160.025604	15.659600	165.810000	60.860000	1413.626487	4.041093	158.829368	158.829368	158.829368	4.043069	-0.693108
-160.025604	16.159600	165.810000	60.860000	1400.813124	4.041093	158.704111	158.704111	158.704111	4.042451	-0.677127
-160.025604	16.659600	165.810000	60.860000	1388.011229	4.041093	158.575848	158.575848	158.575848	4.041509	-0.660836
-160.025604	17.159600	165.810000	60.860000	1375.221155	4.041093	158.544491	158.444491	158.544491	4.042025	-0.544260
-160.025604	17.659600	165.810000	60.860000	1362.443266	4.041093	158.409947	158.409947	158.409947	4.040487	-0.527312
-160.025604	18.159600	165.810000	60.860000	1349.677941	4.041093	158.372123	158.372123	158.372123	4.037309	-0.410071
-160.025604	18.659600	165.810000	60.860000	1336.925573	4.041093	158.330921	158.330921	158.330921	4.034186	-0.292563
-160.025604	19.159600	165.810000	60.860000	1323.983918	4.041711	158.186239	158.186239	158.186239	4.030361	-0.274692
-160.025604	19.659600	165.810000	60.860000	1311.136908	4.042093	158.137972	158.137972	158.137972	4.028178	-0.156544
-160.025604	20.159600	165.810000	60.860000	1298.429071	4.042093	158.086012	158.086012	158.086012	4.026070	-0.038147
-160.025604	20.659600	165.810000	60.860000	1285.539200	4.042711	157.930246	157.930246	157.930246	4.022535	-0.019394
-160.025604	21.159600	165.810000	60.860000	1272.743058	4.043093	157.770558	157.770558	157.770558	4.019719	-0.000382
-160.025604	21.659600	165.810000	60.860000	1259.891110	4.043711	157.606829	157.606829	157.606829	4.017515	0.018863
-160.025604	22.159600	165.810000	60.860000	1247.132364	4.044093	157.438932	157.438932	157.438932	4.017304	0.038457
-160.025604	22.659600	165.810000	60.860000	1234.320370	4.044711	157.266739	157.266739	157.266739	4.017017	0.058294
-160.025604	23.159600	165.810000	60.860000	1221.601140	4.045093	156.990115	156.990115	156.990115	4.016749	-0.021653
-160.025604	23.659600	165.810000	60.860000	1208.717333	4.046093	156.708922	156.708922	156.708922	4.017693	-0.101257
-160.025604	24.159600	165.810000	60.860000	1195.971049	4.046711	156.523016	156.523016	156.523016	4.019256	-0.080634
-160.025604	24.659600	165.810000	60.860000	1183.317035	4.047093	156.232246	156.232246	156.232246	4.020113	-0.159813
-160.025604	25.159600	165.810000	60.860000	1170.795463	4.047093	156.036457	156.036457	156.036457	4.022089	-0.138652
-160.025604	25.659600	165.810000	60.860000	1158.117290	4.047711	155.735490	155.735490	155.735490	4.024173	-0.217281
-160.025604	26.159600	165.810000	60.860000	1145.531183	4.048093	155.529175	155.529175	155.529175	4.024955	-0.195729
-160.025604	26.659600	165.810000	60.860000	1133.076059	4.048093	155.217340	155.217340	155.217340	4.027388	-0.273839
-159.525604	14.659600	165.810000	60.860000	1443.932313	4.041093	158.798906	158.798906	158.798906	4.042832	-0.773889
-159.525604	15.159600	165.810000	60.860000	1431.115671	4.041093	158.677602	158.677602	158.677602	4.043335	-0.759808
-159.525604	15.659600	165.810000	60.860000	1418.310002	4.041093	158.553460	158.553460	158.553460	4.042169	-0.745418
-159.525604	16.159600	165.810000	60.860000	1405.515636	4.041093	158.426396	158.426396	158.426396	4.040905	-0.730622
-159.525604	16.659600	165.810000	60.860000	1392.732916	4.041093	158.396326	158.396326	158.396326	4.039052	-0.615530
-159.525604	17.159600	165.810000	60.860000	1379.962199	4.041093	158.263160	158.263160	158.263160	4.038443	-0.600147
-159.525604	17.659600	165.810000	60.860000	1367.203852	4.041093	158.226808	158.226808	158.226808	4.036557	-0.484369
-159.525604	18.159600	165.810000	60.860000	1354.458260	4.041093	158.187175	158.187175	158.187175	4.033581	-0.368310
-159.525604	18.659600	165.810000	60.860000	1341.725819	4.041093	158.044164	158.044164	158.144164	4.030685	-0.351980
-159.525604	19.159600	165.810000	60.860000	1328.803552	4.041711	157.997674	157.997674	157.997674	4.027804	-0.235263
-159.525604	19.659600	165.810000	60.860000	1315.976410	4.042093	157.847601	157.847601	157.847601	4.024522	-0.218283
-159.525604	20.159600	165.810000	60.860000	1303.289104	4.042093	157.793837	157.793837	157.793837	4.022569	-0.101049
-159.525604	20.659600	165.810000	60.860000	1290.419229	4.042711	157.636269	157.636269	157.636269	4.019995	-0.083435
-159.525604	21.159600	165.810000	60.860000	1277.643580	4.043093	157.474784	157.474784	157.474784	4.017823	-0.065576
-159.525604	21.659600	165.810000	60.860000	1264.812054	4.043711	157.309260	157.309260	157.309260	4.016403	-0.047480
-159.525604	22.159600	165.810000	60.860000	1252.074240	4.044093	157.139574	157.139574	157.139574	4.016133	-0.029010
-159.525604	22.659600	165.810000	60.860000	1239.166246	4.045093	156.965597	156.965597	156.965597	4.016372	-0.010313
-159.525604	23.159600	165.810000	60.860000	1226.585270	4.045093	156.787197	156.787197	156.787197	4.017379	0.008604
-159.525604	23.659600	165.810000	60.860000	1213.722319	4.046093	156.504235	156.504235	156.504235	4.018838	-0.072110
-159.525604	24.159600	165.810000	60.860000	1200.997600	4.046711	156.216568	156.216568	156.216568	4.019742	-0.152613
-159.525604	24.659600	165.810000	60.860000	1188.365689	4.047093	156.024048	156.024048	156.024048	4.021125	-0.132915
-159.525604	25.159600	165.810000	60.860000	1175.866948	4.047093	155.726521	155.726521	155.726521	4.022746	-0.212850
-159.525604	25.659600	165.810000	60.860000	1163.211086	4.047711	155.523827	155.523827	155.523827	4.024490	-0.192593
-159.525604	26.159600	165.810000	60.860000	1150.756283	4.047711	155.215801	155.215801	155.215801	4.026732	-0.272151
-159.525604	26.659600	165.810000	60.860000	1138.216336	4.048093	155.002270	155.002270	155.002270	4.026509	-0.251346
-159.025604	14.659600	165.810000	60.860000	1448.763395	4.040711	158.528718	158.528718	158.528718	4.043269	-0.824339
-159.025604	15.159600	165.810000	60.860000	1435.964168	4.040711	158.505653	158.505653	158.505653	4.039733	-0.711470
-159.025604	15.659600	165.810000	60.860000	1423.176080	4.040711	158.379748	158.379748	158.379748	4.039412	-0.698273
-159.025604	16.159600	165.810000	60.860000	1410.399466	4.040711	158.250922	158.250922	158.250922	4.038240	-0.684680
-159.025604	16.659600	165.810000	60.860000	1397.634673	4.040711	158.219089	158.219089	158.219089	4.035367	-0.570785
-159.025604	17.159600	165.810000	60.860000	1384.882060	4.040711	158.084161	158.084161	158.084161	4.034316	-0.556578
-159.025604	17.659600	165.810000	60.860000	1372.142000	4.040711	158.046046	158.046046	158.046046	4.032399	-0.441986
-159.025604	18.159600	165.810000	60.860000	1359.286558	4.041093	157.904653	157.904653	157.904653	4.029604	-0.427110
-159.025604	18.659600	165.810000	60.860000	1346.573981	4.041093	157.859882	157.859882	157.859882	4.026999	-0.311939
-159.025604	19.159600	165.810000	60.860000	1333.671026	4.041711	157.811635	157.811635	157.811635	4.024380	-0.196393
-159.025604	19.659600	165.810000	60.860000	1320.863674	4.042093	157.659807	157.659807	157.659807	4.021727	-0.180580
-159.025604	20.159600	165.810000	60.860000	1308.196820	4.042093	157.604291	157.604291	157.604291	4.019900	-0.064490
-159.025604	20.659600	165.810000	60.860000	1295.346848	4.042711	157.444976	157.444976	157.444976	4.017677	-0.048033
-159.025604	21.159600	165.810000	60.860000	1282.591596	4.043093	157.281747	157.281747	157.281747	4.016259	-0.031326
-159.025604	21.659600	165.810000	60.860000	1269.780388	4.043711	157.114485	157.114485	157.114485	4.015436	-0.014360
-159.025604	22.159600	165.810000	60.860000	1257.063395	4.044093	156.943067	156.943067	156.943067	4.015427	0.002967
-159.025604	22.659600	165.810000	60.860000	1244.175677	4.045093	156.667366	156.667366	156.667366	4.015883	-0.079473
-159.025604	23.159600	165.810000	60.860000	1231.428137	4.045711	156.487249	156.487249	156.487249	4.017198	-0.061672
-159.025604	23.659600	165.810000	60.860000	1218.774206	4.046093	156.202579	156.202579	156.202579	4.019074	-0.143515
-159.025604	24.159600	165.810000	60.860000	1206.255287	4.046093	156.013215	156.013215	156.013215	4.020515	-0.125144
-159.025604	24.659600	165.810000	60.860000	1193.573457	4.046711	155.719009	155.719009	155.719009	4.022134	-0.206548
-159.025604	25.159600	165.810000	60.860000	1180.984896	4.047093	155.519809	155.519809	155.519809	4.023273	-0.187600
-159.025604	25.659600	165.810000	60.860000	1168.351178	4.047711	155.215457	155.215457	155.315457	4.025935	-0.268455
-159.025604	26.159600	165.810000	60.860000	1155.919556	4.047711	155.005788	155.005788	155.005788	4.025550	-0.249103
-159.025604	26.659600	165.810000	60.860000	1143.510314	4.047711	154.690632	154.690632	154.690632	4.028902	-0.329401
-158.525604	14.659600	165.810000	60.860000	1453.728345	4.040093	158.460638	158.460638	158.460638	4.037115	-0.675285
-158.525604	15.159600	165.810000	60.860000	1440.945747	4.040093	158.335854	158.335854	158.335854	4.036315	-0.663614
-158.525604	15.659600	165.810000	60.860000	1428.174452	4.040093	158.208230	158.208230	158.208230	4.035382	-0.651623
-158.525604	16.159600	165.810000	60.860000	1415.414797	4.040093	158.177685	158.177685	158.177685	4.033270	-0.539230
-158.525604	16.659600	165.810000	60.860000	1402.667134	4.040093	158.044133	158.044133	158.044133	4.032131	-0.526514
-158.525604	17.159600	165.810000	60.860000	1389.931825	4.040093	157.907488	157.907488	157.907488	4.030993	-0.513497
-158.525604	17.659600	165.810000	60.860000	1376.998429	4.040711	157.867658	157.867658	157.867658	4.028868	-0.400089
-158.525604	18.159600	165.810000	60.860000	1364.290919	4.040711	157.724551	157.724551	157.724551	4.025430	-0.386376
-158.525604	18.659600	165.810000	60.860000	1351.469352	4.041093	157.678069	157.678069	157.678069	4.023180	-0.272380
-158.525604	19.159600	165.810000	60.860000	1338.790513	4.041093	157.528114	157.528114	157.628114	4.021106	-0.258002
-158.525604	19.659600	165.810000	60.860000	1325.923107	4.041711	157.474582	157.474582	157.474582	4.018504	-0.143336
-158.525604	20.159600	165.810000	60.860000	1313.151486	4.042093	157.317365	157.317365	157.317365	4.016789	-0.128406
-158.525604	20.659600	165.810000	60.860000	1300.321316	4.042711	157.156355	157.156355	157.156355	4.015510	-0.113103
-158.525604	21.159600	165.810000	60.860000	1287.586357	4.043093	156.991437	156.991437	156.991437	4.014794	-0.097528
-158.525604	21.659600	165.810000	60.860000	1274.795352	4.043711	156.822493	156.822493	156.822493	4.014016	-0.081707
-158.525604	22.159600	165.810000	60.860000	1262.099064	4.044093	156.649400	156.649400	156.649400	4.014289	-0.065520
-158.525604	22.659600	165.810000	60.860000	1249.349304	4.044711	156.372032	156.372032	156.372032	4.014990	-0.149079
-158.525604	23.159600	165.810000	60.860000	1236.693857	4.045093	156.190257	156.190257	156.190257	4.016885	-0.132409
-158.525604	23.659600	165.810000	60.860000	1223.987596	4.045711	155.903941	155.903941	155.903941	4.018664	-0.215379
-158.525604	24.159600	165.810000	60.860000	1211.375338	4.046093	155.712941	155.712941	155.712941	4.020674	-0.198112
-158.525604	24.659600	165.810000	60.860000	1198.715012	4.046711	155.417113	155.417113	155.417113	4.022378	-0.280634
-158.525604	25.159600	165.810000	60.860000	1186.260298	4.046711	155.216305	155.216305	155.216305	4.023965	-0.262799
-158.525604	25.659600	165.810000	60.860000	1173.716096	4.047093	154.910361	154.910361	154.910361	4.027265	-0.344746
-158.525604	26.159600	165.810000	60.860000	1161.305581	4.047093	154.699116	154.699116	154.699116	4.026973	-0.326500
-158.525604	26.659600	165.810000	60.860000	1148.917698	4.047093	154.382404	154.382404	154.382404	4.030211	-0.407899
-158.025604	14.659600	165.810000	60.860000	1458.518500	4.040093	158.194664	158.194664	158.194664	4.038282	-0.726723
-158.025604	15.159600	165.810000	60.860000	1445.890964	4.039711	158.168201	158.168201	158.168201	4.033490	-0.616261
-158.025604	15.659600	165.810000	60.860000	1433.137165	4.039711	158.038900	158.038900	158.038900	4.032581	-0.605474
-158.025604	16.159600	165.810000	60.860000	1420.395168	4.039711	158.006679	158.006679	158.006679	4.030330	-0.494264
-158.025604	16.659600	165.810000	60.860000	1407.532417	4.040093	157.871453	157.871453	157.871453	4.029087	-0.482741
-158.025604	17.159600	165.810000	60.860000	1394.816301	4.040093	157.733135	157.733135	157.733135	4.027647	-0.470912
-158.025604	17.659600	165.810000	60.860000	1382.113088	4.040093	157.691636	157.591636	157.691636	4.026157	-0.358670
-158.025604	18.159600	165.810000	60.860000	1369.213545	4.040711	157.546862	157.546862	157.546862	4.022769	-0.346133
-158.025604	18.659600	165.810000	60.860000	1356.411226	4.041093	157.398718	157.398718	157.398718	4.019392	-0.333310
-158.025604	19.159600	165.810000	60.860000	1343.752282	4.041093	157.347103	157.347103	157.347103	4.018124	-0.220082
-158.025604	19.659600	165.810000	60.860000	1330.904196	4.041711	157.191917	157.191917	157.191917	4.016058	-0.206578
-158.025604	20.159600	165.810000	60.860000	1318.152372	4.042093	157.033052	157.033052	157.033052	4.014364	-0.192805
-158.025604	20.659600	165.810000	60.860000	1305.341895	4.042711	156.870399	156.870399	156.870399	4.012983	-0.178637
-158.025604	21.159600	165.810000	60.860000	1292.627116	4.043093	156.703845	156.703845	156.703845	4.012937	-0.164209
-158.025604	21.659600	165.810000	60.860000	1279.856192	4.043711	156.533273	156.533273	156.533273	4.012603	-0.149531
-158.025604	22.159600	165.810000	60.860000	1267.180482	4.044093	156.358560	156.358560	156.358560	4.013010	-0.134464
-158.025604	22.659600	165.810000	60.860000	1254.451207	4.044711	156.179582	156.079582	156.179582	4.014711	-0.119156
-158.025604	23.159600	165.810000	60.860000	1241.816752	4.045093	155.896209	155.896209	155.896209	4.016227	-0.203615
-158.025604	23.659600	165.810000	60.860000	1229.131393	4.045711	155.608305	155.608305	155.608305	4.019046	-0.287691
-158.025604	24.159600	165.810000	60.860000	1216.540556	4.046093	155.415731	155.415731	155.415731	4.020432	-0.271543
-158.025604	24.659600	165.810000	60.860000	1204.085611	4.046093	155.118343	155.118343	155.118343	4.022529	-0.355181
-158.025604	25.159600	165.810000	60.860000	1191.469208	4.046711	154.915990	154.915990	154.915990	4.024120	-0.338440
-158.025604	25.659600	165.810000	60.860000	1179.058232	4.046711	154.608518	154.608518	154.608518	4.026693	-0.421493
-158.025604	26.159600	165.810000	60.860000	1166.669369	4.046711	154.295765	154.295765	154.295765	4.030852	-0.504349
-158.025604	26.659600	165.810000	60.860000	1154.303381	4.046711	154.077565	154.077565	154.077565	4.030680	-0.486829
-157.525604	14.659600	165.810000	60.860000	1463.717322	4.039093	158.130791	158.130791	158.130791	4.031978	-0.578747
-157.525604	15.159600	165.810000	60.860000	1450.968601	4.039093	158.002691	158.002691	158.002691	4.030949	-0.569492
-157.525604	15.659600	165.810000	60.860000	1438.231495	4.039093	157.971754	157.971754	157.971754	4.028120	-0.459895
-157.525604	16.159600	165.810000	60.860000	1425.288083	4.039711	157.737899	157.737899	157.737899	4.028665	-0.549882
-157.525604	16.659600	165.810000	60.860000	1412.577202	4.039711	157.701043	157.701043	157.701043	4.026583	-0.439550
-157.525604	17.159600	165.810000	60.860000	1399.879008	4.039711	157.561097	157.561097	157.561097	4.024951	-0.428894
-157.525604	17.659600	165.810000	60.860000	1387.062908	4.040093	157.417974	157.417974	157.417974	4.023028	-0.417833
-157.525604	18.159600	165.810000	60.860000	1374.182061	4.040711	157.371579	157.371579	157.371579	4.020023	-0.306471
-157.525604	18.659600	165.810000	60.860000	1361.527421	4.040711	157.221819	157.221819	157.221819	4.017096	-0.294804
-157.525604	19.159600	165.810000	60.860000	1348.759759	4.041093	157.068594	157.068594	157.068594	4.015463	-0.282742
-157.525604	19.659600	165.810000	60.860000	1335.930887	4.041711	156.911803	156.911803	156.911803	4.013748	-0.270398
-157.525604	20.159600	165.810000	60.860000	1323.198751	4.042093	156.851340	156.851340	156.851340	4.012211	-0.157766
-157.525604	20.659600	165.810000	60.860000	1310.407850	4.042711	156.587096	156.587096	156.587096	4.011424	-0.244747
-157.525604	21.159600	165.810000	60.860000	1297.713131	4.043093	156.418959	156.418959	156.418959	4.010960	-0.231465
-157.525604	21.659600	165.810000	60.860000	1284.962157	4.043711	156.246812	156.246812	156.246812	4.011387	-0.217913
-157.525604	22.159600	165.810000	60.860000	1272.306891	4.044093	156.070535	156.070535	156.070535	4.011732	-0.203982
-157.525604	22.659600	165.810000	60.860000	1259.597957	4.044711	155.790003	155.790003	155.890003	4.013592	-0.289805
-157.525604	23.159600	165.810000	60.860000	1246.984344	4.045093	155.605088	155.605088	155.605088	4.015698	-0.275376
-157.525604	23.659600	165.810000	60.860000	1234.319730	4.045711	155.315655	155.315655	155.315655	4.018438	-0.360574
-157.525604	24.159600	165.810000	60.860000	1221.865344	4.045711	155.121567	155.121567	155.121567	4.020526	-0.345544
-157.525604	24.659600	165.810000	60.860000	1209.431189	4.045711	154.822680	154.822680	154.822680	4.022384	-0.430281
-157.525604	25.159600	165.810000	60.860000	1196.905087	4.046093	154.618845	154.618845	154.618845	4.024334	-0.414648
-157.525604	25.659600	165.810000	60.860000	1184.514619	4.046093	154.309909	154.309909	154.309909	4.027392	-0.498806
-157.525604	26.159600	165.810000	60.860000	1172.146493	4.046093	153.995713	153.995713	153.995713	4.031517	-0.582748
-157.525604	26.659600	165.810000	60.860000	1159.801475	4.046093	153.676092	153.676092	153.676092	4.035636	-0.666325
-157.025604	14.659600	165.810000	60.860000	1468.600781	4.039093	157.869014	157.869014	157.869014	4.033051	-0.631291
-157.025604	15.159600	165.810000	60.860000	1455.870494	4.039093	157.839317	157.839317	157.839317	4.028284	-0.523230
-157.025604	15.659600	165.810000	60.860000	1443.151970	4.039093	157.706786	157.706786	157.706786	4.026793	-0.514834
-157.025604	16.159600	165.810000	60.860000	1430.445558	4.039093	157.571340	157.571340	157.571340	4.025942	-0.506015
-157.025604	16.659600	165.810000	60.860000	1417.534539	4.039711	157.432896	157.432896	157.432896	4.024104	-0.496859
-157.025604	17.159600	165.810000	60.860000	1404.855389	4.039711	157.391366	157.391366	157.391366	4.022450	-0.387387
-157.025604	17.659600	165.810000	60.860000	1392.189470	4.039711	157.246663	157.246663	157.246663	4.020725	-0.377504
-157.025604	18.159600	165.810000	60.860000	1379.406932	4.040093	157.098695	157.098695	157.098695	4.017325	-0.367302
-157.025604	18.659600	165.810000	60.860000	1366.560669	4.040711	157.047365	157.047365	157.047365	4.015287	-0.256803
-157.025604	19.159600	165.810000	60.860000	1353.812235	4.041093	156.892577	156.892577	156.892577	4.013662	-0.245903
-157.025604	19.659600	165.810000	60.860000	1341.002464	4.041711	156.734230	156.734230	156.734230	4.011553	-0.234703
-157.025604	20.159600	165.810000	60.860000	1328.415266	4.041711	156.572218	156.572218	156.572218	4.010592	-0.223224
-157.025604	20.659600	165.810000	60.860000	1315.518450	4.042711	156.406434	156.406434	156.406434	4.009885	-0.211353
-157.025604	21.159600	165.810000	60.860000	1302.966594	4.042711	156.236765	156.236765	156.236765	4.009468	-0.199199
-157.025604	21.659600	165.810000	60.860000	1290.112500	4.043711	155.963097	155.963097	155.963097	4.010809	-0.286786
-157.025604	22.159600	165.810000	60.860000	1277.598045	4.043711	155.785310	155.785310	155.785310	4.011503	-0.273987
-157.025604	22.659600	165.810000	60.860000	1264.982238	4.044093	155.603280	155.603280	155.603280	4.012951	-0.260925
-157.025604	23.159600	165.810000	60.860000	1252.313959	4.044711	155.316879	155.316879	155.316879	4.015378	-0.347620
-157.025604	23.659600	165.810000	60.860000	1239.741368	4.045093	155.025975	155.025975	155.125975	4.018094	-0.433937
-157.025604	24.159600	165.810000	60.860000	1227.119020	4.045711	154.830431	154.830431	154.830431	4.020717	-0.420008
-157.025604	24.659600	165.810000	60.860000	1214.706652	4.045711	154.530105	154.530105	154.530105	4.022720	-0.505855
-157.025604	25.159600	165.810000	60.860000	1202.315402	4.045711	154.324850	154.324850	154.324850	4.024185	-0.491329
-157.025604	25.659600	165.810000	60.860000	1189.945978	4.045711	154.014513	154.014513	154.014513	4.028324	-0.576574
-157.025604	26.159600	165.810000	60.860000	1177.599116	4.045711	153.798938	153.798938	153.798938	4.030079	-0.561614
-157.025604	26.659600	165.810000	60.860000	1165.275584	4.045711	153.477959	153.477959	153.477959	4.034194	-0.646283
-156.525604	14.659600	165.810000	60.860000	1473.668513	4.038711	157.709329	157.709329	157.709329	4.030426	-0.584353
-156.525604	15.159600	165.810000	60.860000	1460.955391	4.038711	157.678074	157.678074	157.678074	4.025992	-0.477496
-156.525604	15.659600	165.810000	60.860000	1448.254177	4.038711	157.543990	157.543990	157.543990	4.025035	-0.470297
-156.525604	16.159600	165.810000	60.860000	1435.429646	4.039093	157.406994	157.406994	157.406994	4.023154	-0.462658
-156.525604	16.659600	165.810000	60.860000	1422.754514	4.039093	157.267005	157.267005	157.267005	4.022147	-0.454690
-156.525604	17.159600	165.810000	60.860000	1409.876475	4.039711	157.123935	157.123935	157.123935	4.020723	-0.446399
-156.525604	17.659600	165.810000	60.860000	1397.229671	4.039711	157.077696	157.077696	157.077696	4.018280	-0.337679
-156.525604	18.159600	165.810000	60.860000	1384.465928	4.040093	156.928198	156.928198	156.928198	4.015132	-0.328648
-156.525604	18.659600	165.810000	60.860000	1371.638322	4.040711	156.775346	156.775346	156.775346	4.012829	-0.319314
-156.525604	19.159600	165.810000	60.860000	1359.037290	4.040711	156.619043	156.619043	156.619043	4.011977	-0.309561
-156.525604	19.659600	165.810000	60.860000	1346.324254	4.041093	156.459187	156.459187	156.459187	4.010183	-0.299516
-156.525604	20.159600	165.810000	60.860000	1333.550949	4.041711	156.295676	156.295676	156.295676	4.009098	-0.289187
-156.525604	20.659600	165.810000	60.860000	1320.875062	4.042093	156.128401	156.128401	156.128401	4.008825	-0.278448
-156.525604	21.159600	165.810000	60.860000	1308.141392	4.042711	155.957253	155.957253	155.957253	4.009022	-0.267435
-156.525604	21.659600	165.810000	60.860000	1295.504643	4.043093	155.782115	155.782115	155.782115	4.009379	-0.256156
-156.525604	22.159600	165.810000	60.860000	1282.812667	4.043711	155.502871	155.502871	155.502871	4.011163	-0.344475
-156.525604	22.659600	165.810000	60.860000	1270.217198	4.044093	155.319397	155.319397	155.319397	4.012827	-0.332538
-156.525604	23.159600	165.810000	60.860000	1257.569135	4.044711	155.031566	155.031566	155.131566	4.015031	-0.420355
-156.525604	23.659600	165.810000	60.860000	1245.134677	4.044711	154.839248	154.839248	154.839248	4.019026	-0.407775
-156.525604	24.159600	165.810000	60.860000	1232.720204	4.044711	154.542306	154.542306	154.542306	4.020511	-0.494958
-156.525604	24.659600	165.810000	60.860000	1220.211296	4.045093	154.340599	154.340599	154.340599	4.022859	-0.481912
-156.525604	25.159600	165.810000	60.860000	1207.839960	4.045093	154.033984	154.033984	154.033984	4.024921	-0.568476
-156.525604	25.659600	165.810000	60.860000	1195.307882	4.045711	153.822307	153.822307	153.922307	4.026677	-0.554820
-156.525604	26.159600	165.810000	60.860000	1182.983240	4.045711	153.605415	153.605415	153.605415	4.028239	-0.540954
-156.525604	26.659600	165.810000	60.860000	1170.861147	4.045093	153.183144	153.183144	153.183144	4.037230	-0.726700
-156.025604	14.659600	165.810000	60.860000	1478.868489	4.038093	157.651727	157.651727	157.651727	4.024539	-0.438022
-156.025604	15.159600	165.810000	60.860000	1465.947167	4.038711	157.418956	157.418956	157.418956	4.026910	-0.532367
-156.025604	15.659600	165.810000	60.860000	1453.264386	4.038711	157.283358	157.283358	157.283358	4.024616	-0.526355
-156.025604	16.159600	165.810000	60.860000	1440.594007	4.038711	157.244854	157.244854	157.244854	4.021646	-0.419907
-156.025604	16.659600	165.810000	60.860000	1427.936399	4.038711	157.103361	157.103361	157.103361	4.020480	-0.413124
-156.025604	17.159600	165.810000	60.860000	1415.158277	4.039093	156.958794	156.958794	156.958794	4.019403	-0.406002
-156.025604	17.659600	165.810000	60.860000	1402.313805	4.039711	156.811064	156.811064	156.811064	4.017337	-0.398457
-156.025604	18.159600	165.810000	60.860000	1389.699963	4.039711	156.660081	156.660081	156.660081	4.014082	-0.390595
-156.025604	18.659600	165.810000	60.860000	1376.970467	4.040093	156.505752	156.505752	156.505752	4.011862	-0.382414
-156.025604	19.159600	165.810000	60.860000	1364.178135	4.040711	156.347979	156.347979	156.347979	4.010334	-0.373819
-156.025604	19.659600	165.810000	60.860000	1351.484257	4.041093	156.186662	156.186662	156.286662	4.009421	-0.364927
-156.025604	20.159600	165.810000	60.860000	1338.729968	4.041711	156.021700	156.021700	156.021700	4.008313	-0.355736
-156.025604	20.659600	165.810000	60.860000	1326.198723	4.041711	155.852984	155.852984	155.852984	4.007853	-0.346139
-156.025604	21.159600	165.810000	60.860000	1313.359244	4.042711	155.680406	155.680406	155.680406	4.008279	-0.336264
-156.025604	21.659600	165.810000	60.860000	1300.865053	4.042711	155.503851	155.503851	155.503851	4.009061	-0.326108
-156.025604	22.159600	165.810000	60.860000	1288.267089	4.043093	155.323202	155.323202	155.323202	4.010722	-0.315556
-156.025604	22.659600	165.810000	60.860000	1275.615058	4.043711	155.038337	155.038337	155.038337	4.012822	-0.404743
-156.025604	23.159600	165.810000	60.860000	1263.179019	4.043711	154.849131	154.849131	154.849131	4.015169	-0.393667
-156.025604	23.659600	165.810000	60.860000	1250.453292	4.044711	154.555453	154.555453	154.555453	4.018621	-0.482202
-156.025604	24.159600	165.810000	60.860000	1238.060044	4.044711	154.357170	154.357170	154.357170	4.020940	-0.470495
-156.025604	24.659600	165.810000	60.860000	1225.687631	4.044711	154.154142	154.154142	154.154142	4.022586	-0.458544
-156.025604	25.159600	165.810000	60.860000	1213.336738	4.044711	153.846224	153.846224	153.846224	4.025381	-0.546208
-156.025604	25.659600	165.810000	60.860000	1201.008078	4.044711	153.633269	153.633269	153.633269	4.026470	-0.533649
-156.025604	26.159600	165.810000	60.860000	1188.702394	4.044711	153.315121	153.315121	153.315121	4.030823	-0.620865
-156.025604	26.659600	165.810000	60.860000	1176.420456	4.044711	152.991620	152.991620	152.991620	4.036588	-0.707699
-155.525604	14.659600	165.810000	60.860000	1483.886564	4.038093	157.396204	157.396204	157.396204	4.025961	-0.492236
-155.525604	15.159600	165.810000	60.860000	1471.208006	4.038093	157.261954	157.261954	157.261954	4.025029	-0.487772
-155.525604	15.659600	165.810000	60.860000	1458.541632	4.038093	157.224883	157.224883	157.224883	4.022269	-0.382954
-155.525604	16.159600	165.810000	60.860000	1445.666358	4.038711	156.984911	156.984911	156.984911	4.021706	-0.477695
-155.525604	16.659600	165.810000	60.860000	1433.027374	4.038711	156.941957	156.941957	156.941957	4.019506	-0.372084
-155.525604	17.159600	165.810000	60.860000	1420.401683	4.038711	156.795934	156.795934	156.795934	4.017867	-0.366140
-155.525604	17.659600	165.810000	60.860000	1407.656728	4.039093	156.646756	156.646756	156.646756	4.016679	-0.359766
-155.525604	18.159600	165.810000	60.860000	1394.846411	4.039711	156.494332	156.494332	156.494332	4.013433	-0.353060
-155.525604	18.659600	165.810000	60.860000	1382.266149	4.039711	156.338570	156.338570	156.338570	4.011582	-0.346041
-155.525604	19.159600	165.810000	60.860000	1369.571525	4.040093	156.179374	156.179374	156.179374	4.009712	-0.338602
-155.525604	19.659600	165.810000	60.860000	1356.815100	4.040711	156.016643	156.016643	156.016643	4.008574	-0.330850
-155.525604	20.159600	165.810000	60.860000	1344.157320	4.041093	155.850277	155.850277	155.850277	4.008094	-0.322804
-155.525604	20.659600	165.810000	60.860000	1331.440200	4.041711	155.680169	155.680169	155.680169	4.007447	-0.314348
-155.525604	21.159600	165.810000	60.860000	1318.821203	4.042093	155.506211	155.506211	155.506211	4.007751	-0.305598
-155.525604	21.659600	165.810000	60.860000	1306.145394	4.042711	155.328289	155.228289	155.328289	4.009201	-0.296573
-155.525604	22.159600	165.810000	60.860000	1293.689323	4.042711	155.046286	155.046286	155.046286	4.010422	-0.387146
-155.525604	22.659600	165.810000	60.860000	1281.130892	4.043093	154.860083	154.860083	154.860083	4.012811	-0.377444
-155.525604	23.159600	165.810000	60.860000	1268.519567	4.043711	154.569555	154.569555	154.569555	4.015407	-0.467485
-155.525604	23.659600	165.810000	60.860000	1256.123931	4.043711	154.374574	154.374574	154.374574	4.018750	-0.457131
-155.525604	24.159600	165.810000	60.860000	1243.631340	4.044093	154.175005	154.175005	154.175005	4.021833	-0.446520
-155.525604	24.659600	165.810000	60.860000	1231.089960	4.044711	153.970711	153.970711	153.970711	4.022654	-0.435672
-155.525604	25.159600	165.810000	60.860000	1218.760470	4.044711	153.661550	153.661550	153.661550	4.025712	-0.524434
-155.525604	25.659600	165.810000	60.860000	1206.453400	4.044711	153.447374	153.447374	153.447374	4.027374	-0.512958
-155.525604	26.159600	165.810000	60.860000	1194.169494	4.044711	153.228031	153.228031	153.228031	4.027699	-0.501264
-155.525604	26.659600	165.810000	60.860000	1181.909527	4.044711	152.903361	152.903361	152.903361	4.032708	-0.589183
-155.025604	14.659600	165.810000	60.860000	1489.088501	4.037711	157.242750	157.242750	157.242750	4.024948	-0.446994
-155.025604	15.159600	165.810000	60.860000	1476.426873	4.037711	157.107061	157.107061	157.107061	4.024524	-0.443728
-155.025604	15.659600	165.810000	60.860000	1463.639286	4.038093	156.968556	156.968556	156.968556	4.023274	-0.440103
-155.025604	16.159600	165.810000	60.860000	1451.003845	4.038093	156.827157	156.827157	156.827157	4.020831	-0.436019
-155.025604	16.659600	165.810000	60.860000	1438.161159	4.038711	156.682782	156.682782	156.682782	4.019162	-0.431589
-155.025604	17.159600	165.810000	60.860000	1425.554130	4.038711	156.535345	156.535345	156.535345	4.017622	-0.426820
-155.025604	17.659600	165.810000	60.860000	1412.960931	4.038711	156.484762	156.384762	156.484762	4.016486	-0.321606
-155.025604	18.159600	165.810000	60.860000	1400.249720	4.039093	156.330941	156.330941	156.330941	4.013655	-0.316064
-155.025604	18.659600	165.810000	60.860000	1387.474146	4.039711	156.173791	156.173791	156.173791	4.011484	-0.310203
-155.025604	19.159600	165.810000	60.860000	1374.798264	4.040093	156.013216	156.013216	156.013216	4.009666	-0.303908
-155.025604	19.659600	165.810000	60.860000	1362.060422	4.040711	155.849117	155.849117	155.849117	4.008461	-0.297304
-155.025604	20.159600	165.810000	60.860000	1349.549072	4.040711	155.681394	155.581394	155.681394	4.008037	-0.290401
-155.025604	20.659600	165.810000	60.860000	1336.928047	4.041093	155.409942	155.409942	155.409942	4.007696	-0.383073
-155.025604	21.159600	165.810000	60.860000	1324.248765	4.041711	155.234652	155.234652	155.234652	4.007599	-0.375456
-155.025604	21.659600	165.810000	60.860000	1311.667863	4.042093	155.055412	155.055412	155.055412	4.008830	-0.367559
-155.025604	22.159600	165.810000	60.860000	1299.031272	4.042711	154.872107	154.872107	154.872107	4.010722	-0.359245
-155.025604	22.659600	165.810000	60.860000	1286.614059	4.042711	154.584618	154.584618	154.584618	4.012859	-0.450660
-155.025604	23.159600	165.810000	60.860000	1274.095911	4.043093	154.392821	154.392821	154.392821	4.015736	-0.441815
-155.025604	23.659600	165.810000	60.860000	1261.526053	4.043711	154.196588	154.196588	154.196588	4.019114	-0.432560
-155.025604	24.159600	165.810000	60.860000	1249.171619	4.043711	153.995788	153.995788	153.995788	4.021494	-0.423054
-155.025604	24.659600	165.810000	60.860000	1236.838383	4.043711	153.790285	153.790285	153.790285	4.023729	-0.413305
-155.025604	25.159600	165.810000	60.860000	1224.527036	4.043711	153.479937	153.479937	153.479937	4.026181	-0.503153
-155.025604	25.659600	165.810000	60.860000	1212.238294	4.043711	153.164599	153.164599	153.264599	4.030589	-0.592767
-155.025604	26.159600	165.810000	60.860000	1199.972902	4.043711	152.944119	152.944119	152.944119	4.033070	-0.582159
-155.025604	26.659600	165.810000	60.860000	1187.731636	4.043711	152.618341	152.618341	152.618341	4.039205	-0.671151
-154.525604	14.659600	165.810000	60.860000	1494.192812	4.037711	156.991359	156.991359	156.991359	4.029556	-0.502382
-154.525604	15.159600	165.810000	60.860000	1481.549219	4.037711	156.954268	156.954268	156.954268	4.024615	-0.400312
-154.525604	15.659600	165.810000	60.860000	1468.918069	4.037711	156.814369	156.814369	156.814369	4.023348	-0.397869
-154.525604	16.159600	165.810000	60.860000	1456.299723	4.037711	156.671582	156.671582	156.771582	4.021721	-0.394970
-154.525604	16.659600	165.810000	60.860000	1443.558178	4.038093	156.525826	156.525826	156.525826	4.019730	-0.391719
-154.525604	17.159600	165.810000	60.860000	1430.748612	4.038711	156.377018	156.377018	156.377018	4.018159	-0.388116
-154.525604	17.659600	165.810000	60.860000	1418.174096	4.038711	156.225070	156.225070	156.225070	4.016429	-0.384069
-154.525604	18.159600	165.810000	60.860000	1405.613962	4.038711	156.069895	156.069895	156.069895	4.014362	-0.379689
-154.525604	18.659600	165.810000	60.860000	1392.723796	4.039711	155.911400	155.911400	155.911400	4.011594	-0.374977
-154.525604	19.159600	165.810000	60.860000	1380.196833	4.039711	155.749491	155.749491	155.749491	4.010345	-0.369833
-154.525604	19.659600	165.810000	60.860000	1367.556451	4.040093	155.584070	155.584070	155.584070	4.008897	-0.364376
-154.525604	20.159600	165.810000	60.860000	1354.855148	4.040711	155.415037	155.415037	155.415037	4.008053	-0.358606
-154.525604	20.659600	165.810000	60.860000	1342.379873	4.040711	155.242287	155.242287	155.242287	4.008334	-0.352414
-154.525604	21.159600	165.810000	60.860000	1329.592748	4.041711	155.065713	155.065713	155.065713	4.008418	-0.345928
-154.525604	21.659600	165.810000	60.860000	1317.155484	4.041711	154.885205	154.885205	154.885205	4.009533	-0.339148
-154.525604	22.159600	165.810000	60.860000	1304.613371	4.042093	154.700647	154.700647	154.700647	4.011271	-0.331955
-154.525604	22.659600	165.810000	60.860000	1292.016702	4.042711	154.511922	154.511922	154.511922	4.013917	-0.324487
-154.525604	23.159600	165.810000	60.860000	1279.639086	4.042711	154.218907	154.218907	154.218907	4.016134	-0.416745
-154.525604	23.659600	165.810000	60.860000	1267.281533	4.042711	154.021477	154.021477	154.021477	4.019760	-0.408597
-154.525604	24.159600	165.810000	60.860000	1254.634339	4.043711	153.819500	153.819500	153.819500	4.022103	-0.400193
-154.525604	24.659600	165.810000	60.860000	1242.321906	4.043711	153.612841	153.612841	153.612841	4.024477	-0.391534
-154.525604	25.159600	165.810000	60.860000	1230.031529	4.043711	153.401362	153.401362	153.401362	4.026179	-0.382474
-154.525604	25.659600	165.810000	60.860000	1217.763927	4.043711	153.084918	153.084918	153.084918	4.029984	-0.473177
-154.525604	26.159600	165.810000	60.860000	1205.519847	4.043711	152.863359	152.863359	152.863359	4.033039	-0.463646
-154.525604	26.659600	165.810000	60.860000	1193.300066	4.043711	152.536531	152.536531	152.536531	4.037580	-0.553717
-154.025604	14.659600	165.810000	60.860000	1499.568774	4.037093	156.942021	156.942021	156.942021	4.026349	-0.358339
-154.025604	15.159600	165.810000	60.860000	1486.713397	4.037711	156.703567	156.703567	156.703567	4.028156	-0.457455
-154.025604	15.659600	165.810000	60.860000	1474.100303	4.037711	156.662311	156.662311	156.662311	4.023942	-0.356201
-154.025604	16.159600	165.810000	60.860000	1461.500136	4.037711	156.518176	156.518176	156.518176	4.022445	-0.354484
-154.025604	16.659600	165.810000	60.860000	1448.913275	4.037711	156.371079	156.371079	156.371079	4.020395	-0.352402
-154.025604	17.159600	165.810000	60.860000	1436.204424	4.038093	156.220939	156.220939	156.220939	4.019067	-0.349970
-154.025604	17.659600	165.810000	60.860000	1423.428509	4.038711	156.067670	156.067670	156.067670	4.017254	-0.347087
-154.025604	18.159600	165.810000	60.860000	1410.887066	4.038711	155.911182	155.911182	155.911182	4.015093	-0.343860
-154.025604	18.659600	165.810000	60.860000	1398.228506	4.039093	155.751386	155.751386	155.751386	4.012948	-0.340303
-154.025604	19.159600	165.810000	60.860000	1385.506411	4.039711	155.588187	155.588187	155.588187	4.011094	-0.336307
-154.025604	19.659600	165.810000	60.860000	1373.014262	4.039711	155.421488	155.421488	155.421488	4.010096	-0.331986
-154.025604	20.159600	165.810000	60.860000	1360.409988	4.040093	155.251189	155.251189	155.251189	4.009186	-0.327355
-154.025604	20.659600	165.810000	60.860000	1347.745843	4.040711	155.077188	155.077188	155.077188	4.009416	-0.322295
-154.025604	21.159600	165.810000	60.860000	1335.307292	4.040711	154.899378	154.899378	154.899378	4.009707	-0.316930
-154.025604	21.659600	165.810000	60.860000	1322.559313	4.041711	154.717649	154.717649	154.717649	4.010777	-0.311274
-154.025604	22.159600	165.810000	60.860000	1310.160147	4.041711	154.531887	154.531887	154.531887	4.013052	-0.305198
-154.025604	22.659600	165.810000	60.860000	1297.657513	4.042093	154.341976	154.341976	154.341976	4.015066	-0.298836
-154.025604	23.159600	165.810000	60.860000	1285.101471	4.042711	154.147795	154.147795	154.147795	4.017553	-0.292203
-154.025604	23.659600	165.810000	60.860000	1272.764191	4.042711	153.949218	153.949218	153.949218	4.021591	-0.285158
-154.025604	24.159600	165.810000	60.860000	1260.447771	4.042711	153.746116	153.746116	153.746116	4.023384	-0.277846
-154.025604	24.659600	165.810000	60.860000	1248.035118	4.043093	153.538356	153.438356	153.538356	4.025177	-0.270282
-154.025604	25.159600	165.810000	60.860000	1235.574580	4.043711	153.325800	153.325800	153.325800	4.026708	-0.262311
-154.025604	25.659600	165.810000	60.860000	1223.327881	4.043711	153.008305	153.008305	153.008305	4.030004	-0.354093
-154.025604	26.159600	165.810000	60.860000	1211.104867	4.043711	152.785723	152.785723	152.785723	4.032567	-0.345643
-154.025604	26.659600	165.810000	60.860000	1198.906313	4.043711	152.457903	152.457903	152.457903	4.038210	-0.436790
-153.525604	14.659600	165.810000	60.860000	1504.757112	4.037093	156.794727	156.794727	156.794727	4.026877	-0.314867
-153.525604	15.159600	165.810000	60.860000	1492.147352	4.037093	156.654947	156.654947	156.654947	4.026510	-0.315175
-153.525604	15.659600	165.810000	60.860000	1479.550274	4.037093	156.612373	156.512373	156.612373	4.023423	-0.215106
-153.525604	16.159600	165.810000	60.860000	1466.741517	4.037711	156.366928	156.366928	156.366928	4.023460	-0.314562
-153.525604	16.659600	165.810000	60.860000	1454.172840	4.037711	156.218530	156.218530	156.218530	4.022226	-0.313653
-153.525604	17.159600	165.810000	60.860000	1441.617980	4.037711	156.067099	156.067099	156.067099	4.020330	-0.312389
-153.525604	17.659600	165.810000	60.860000	1428.942348	4.038093	155.912548	155.912548	155.912548	4.018192	-0.310663
-153.525604	18.159600	165.810000	60.860000	1416.200613	4.038711	155.754790	155.754790	155.754790	4.016118	-0.308592
-153.525604	18.659600	165.810000	60.860000	1403.692800	4.038711	155.593734	155.593734	155.593734	4.014439	-0.306187
-153.525604	19.159600	165.810000	60.860000	1391.069126	4.039093	155.429288	155.429288	155.429288	4.012814	-0.303330
-153.525604	19.659600	165.810000	60.860000	1378.382926	4.039711	155.261355	155.261355	155.361355	4.011301	-0.300150
-153.525604	20.159600	165.810000	60.860000	1365.926191	4.039711	155.089836	155.089836	155.089836	4.010578	-0.296655
-153.525604	20.659600	165.810000	60.860000	1353.151464	4.040711	155.014629	155.014629	155.014629	4.011119	-0.192718
-153.525604	21.159600	165.810000	60.860000	1340.732264	4.040711	154.735629	154.735629	154.735629	4.011513	-0.288478
-153.525604	21.659600	165.810000	60.860000	1328.205697	4.041093	154.552726	154.552726	154.552726	4.012450	-0.283943
-153.525604	22.159600	165.810000	60.860000	1315.622893	4.041711	154.365809	154.365809	154.365809	4.014164	-0.278976
-153.525604	22.659600	165.810000	60.860000	1303.262507	4.041711	154.174761	154.174761	154.174761	4.016314	-0.273724
-153.525604	23.159600	165.810000	60.860000	1290.602550	4.042711	154.079463	153.979463	154.079463	4.019855	-0.168197
-153.525604	23.659600	165.810000	60.860000	1278.285333	4.042711	153.779790	153.779790	153.879790	4.023053	-0.262246
-153.525604	24.159600	165.810000	60.860000	1265.989124	4.042711	153.575615	153.575615	153.575615	4.024997	-0.256029
-153.525604	24.659600	165.810000	60.860000	1253.714595	4.042711	153.366806	153.366806	153.366806	4.027000	-0.249556
-153.525604	25.159600	165.810000	60.860000	1241.272522	4.043330	153.153226	153.153226	153.253226	4.029154	-0.242667
-153.525604	25.659600	165.810000	60.860000	1228.929390	4.043711	152.934735	152.934735	153.034735	4.030692	-0.235531
-153.525604	26.159600	165.810000	60.860000	1216.727188	4.043711	152.711186	152.711186	152.711186	4.033133	-0.228157
-153.525604	26.659600	165.810000	60.860000	1204.549602	4.043711	152.382428	152.382428	152.382428	4.038780	-0.320373
-153.025604	14.659600	165.810000	60.860000	1510.128820	4.036711	156.749468	156.649468	156.749468	4.024229	-0.172046
-153.025604	15.159600	165.810000	60.860000	1497.535590	4.036711	156.608399	156.608399	156.608399	4.025241	-0.173544
-153.025604	15.659600	165.810000	60.860000	1484.814842	4.037093	156.364544	156.364544	156.364544	4.027030	-0.274654
-153.025604	16.159600	165.810000	60.860000	1472.248755	4.037093	156.317826	156.217826	156.317826	4.023812	-0.175287
-153.025604	16.659600	165.810000	60.860000	1459.472600	4.037711	156.068167	156.068167	156.068167	4.023689	-0.275551
-153.025604	17.159600	165.810000	60.860000	1446.935916	4.037711	155.915483	155.915483	156.015483	4.022010	-0.275449
-153.025604	17.659600	165.810000	60.860000	1434.278074	4.038093	155.759691	155.759691	155.759691	4.019657	-0.274883
-153.025604	18.159600	165.810000	60.860000	1421.553933	4.038711	155.700703	155.700703	155.700703	4.017806	-0.173967
-153.025604	18.659600	165.810000	60.860000	1409.064655	4.038711	155.538430	155.538430	155.538430	4.016231	-0.172706
-153.025604	19.159600	165.810000	60.860000	1396.591029	4.038711	155.372780	155.372780	155.372780	4.015004	-0.170994
-153.025604	19.659600	165.810000	60.860000	1383.790891	4.039711	155.203656	155.203656	155.203656	4.013395	-0.168952
-153.025604	20.159600	165.810000	60.860000	1371.353068	4.039711	155.030961	155.030961	155.030961	4.012716	-0.166585
-153.025604	20.659600	165.810000	60.860000	1358.804039	4.040093	154.854593	154.854593	154.854593	4.012863	-0.163778
-153.025604	21.159600	165.810000	60.860000	1346.196008	4.040711	154.674448	154.674448	154.674448	4.013969	-0.160661
-153.025604	21.659600	165.810000	60.860000	1333.814134	4.040711	154.490419	154.490419	154.490419	4.015417	-0.157238
-153.025604	22.159600	165.810000	60.860000	1321.124022	4.041711	154.302393	154.302393	154.302393	4.016875	-0.153384
-153.025604	22.659600	165.810000	60.860000	1308.783210	4.041711	154.110256	154.110256	154.110256	4.019043	-0.149241
-153.025604	23.159600	165.810000	60.860000	1296.462286	4.041711	153.913889	153.913889	153.913889	4.021612	-0.144812
-153.025604	23.659600	165.810000	60.860000	1283.844224	4.042711	153.713170	153.713170	153.713170	4.025169	-0.139960
-153.025604	24.159600	165.810000	60.860000	1271.568004	4.042711	153.507972	153.507972	153.507972	4.027180	-0.134837
-153.025604	24.659600	165.810000	60.860000	1259.313604	4.042711	153.298166	153.298166	153.398166	4.028759	-0.129448
-153.025604	25.159600	165.810000	60.860000	1247.081720	4.042711	153.083614	153.083614	153.083614	4.030612	-0.123643
-153.025604	25.659600	165.810000	60.860000	1234.567693	4.043711	152.864180	152.864180	152.964180	4.031688	-0.117587
-153.025604	26.159600	165.810000	60.860000	1222.386047	4.043711	152.639717	152.639717	152.639717	4.033919	-0.111285
-153.025604	26.659600	165.810000	60.860000	1210.229160	4.043711	152.310078	152.310078	152.310078	4.040936	-0.204572
-152.525604	14.659600	165.810000	60.860000	1515.398389	4.036711	156.606233	156.606233	156.606233	4.027721	-0.129820
-152.525604	15.159600	165.810000	60.860000	1502.822762	4.036711	156.463910	156.463910	156.463910	4.026881	-0.132500
-152.525604	15.659600	165.810000	60.860000	1490.260035	4.036711	156.318812	156.318812	156.318812	4.026740	-0.134791
-152.525604	16.159600	165.810000	60.860000	1477.570954	4.037093	156.170860	156.170860	156.170860	4.026344	-0.136600
-152.525604	16.659600	165.810000	60.860000	1464.811908	4.037711	156.019977	156.019977	156.019977	4.024882	-0.138028
-152.525604	17.159600	165.810000	60.860000	1452.293261	4.037711	155.866081	155.866081	155.866081	4.023329	-0.139090
-152.525604	17.659600	165.810000	60.860000	1439.789072	4.037711	155.709087	155.709087	155.709087	4.021499	-0.139682
-152.525604	18.159600	165.810000	60.860000	1427.164935	4.038093	155.548910	155.548910	155.548910	4.019324	-0.139914
-152.525604	18.659600	165.810000	60.860000	1414.475464	4.038711	155.385460	155.385460	155.385460	4.018047	-0.139800
-152.525604	19.159600	165.810000	60.860000	1402.020338	4.038711	155.218647	155.218647	155.218647	4.016739	-0.139229
-152.525604	19.659600	165.810000	60.860000	1389.450219	4.039093	155.048375	155.048375	155.048375	4.016028	-0.138319
-152.525604	20.159600	165.810000	60.860000	1376.818391	4.039711	154.874547	154.874547	154.974547	4.014920	-0.137083
-152.525604	20.659600	165.810000	60.860000	1364.416534	4.039711	154.697062	154.697062	154.697062	4.014904	-0.135401
-152.525604	21.159600	165.810000	60.860000	1351.697823	4.040711	154.615818	154.615818	154.615818	4.016540	-0.033399
-152.525604	21.659600	165.810000	60.860000	1339.335063	4.040711	154.430706	154.430706	154.430706	4.017340	-0.031092
-152.525604	22.159600	165.810000	60.860000	1326.865884	4.041093	154.241618	154.241618	154.241618	4.019382	-0.028348
-152.525604	22.659600	165.810000	60.860000	1314.341377	4.041711	154.048439	154.048439	154.048439	4.021507	-0.025306
-152.525604	23.159600	165.810000	60.860000	1302.039951	4.041711	153.851052	153.851052	153.851052	4.024299	-0.021977
-152.525604	23.659600	165.810000	60.860000	1289.440135	4.042711	153.649335	153.649335	153.649335	4.026988	-0.018220
-152.525604	24.159600	165.810000	60.860000	1277.183673	4.042711	153.443165	153.443165	153.443165	4.029384	-0.014184
-152.525604	24.659600	165.810000	60.860000	1264.949166	4.042711	153.232410	153.232410	153.332410	4.030400	-0.009882
-152.525604	25.159600	165.810000	60.860000	1252.545668	4.043330	153.016939	153.016939	153.116939	4.032084	-0.005158
-152.525604	25.659600	165.810000	60.860000	1240.242039	4.043711	152.796613	152.796613	152.896613	4.033702	-0.000175
-152.525604	26.159600	165.810000	60.860000	1228.080685	4.043711	152.571290	152.571290	152.571290	4.035164	0.005055
-152.525604	26.659600	165.810000	60.860000	1215.944224	4.043711	152.240822	152.240822	152.240822	4.043053	-0.089298
-152.025604	14.659600	165.810000	60.860000	1520.707393	4.036711	156.465011	156.465011	156.465011	4.030456	-0.088190
-152.025604	15.159600	165.810000	60.860000	1508.149246	4.036711	156.321471	156.321471	156.321471	4.029824	-0.092055
-152.025604	15.659600	165.810000	60.860000	1495.604101	4.036711	156.175165	156.175165	156.275165	4.028380	-0.095526
-152.025604	16.159600	165.810000	60.860000	1482.932197	4.037093	156.026017	156.026017	156.026017	4.028568	-0.098503
-152.025604	16.659600	165.810000	60.860000	1470.190117	4.037711	155.873948	155.873948	155.873948	4.026965	-0.101099
-152.025604	17.159600	165.810000	60.860000	1457.689363	4.037711	155.718877	155.718877	155.718877	4.025430	-0.103321
-152.025604	17.659600	165.810000	60.860000	1445.203177	4.037711	155.560721	155.560721	155.560721	4.024425	-0.105064
-152.025604	18.159600	165.810000	60.860000	1432.596640	4.038093	155.499394	155.499394	155.499394	4.021166	-0.006447
-152.025604	18.659600	165.810000	60.860000	1419.924558	4.038711	155.334808	155.334808	155.334808	4.020491	-0.007477
-152.025604	19.159600	165.810000	60.860000	1407.487767	4.038711	155.166873	155.166873	155.166873	4.018901	-0.008040
-152.025604	19.659600	165.810000	60.860000	1394.935579	4.039093	154.995495	154.995495	154.995495	4.018391	-0.008264
-152.025604	20.159600	165.810000	60.860000	1382.321473	4.039711	154.820576	154.820576	154.820576	4.018352	-0.008156
-152.025604	20.659600	165.810000	60.860000	1369.938296	4.039711	154.642018	154.642018	154.642018	4.018018	-0.007592
-152.025604	21.159600	165.810000	60.860000	1357.237013	4.040711	154.559718	154.559718	154.559718	4.018923	0.093292
-152.025604	21.659600	165.810000	60.860000	1344.893168	4.040711	154.373569	154.373569	154.373569	4.020935	0.094487
-152.025604	22.159600	165.810000	60.860000	1332.442500	4.041093	154.183464	154.183464	154.183464	4.022473	0.096127
-152.025604	22.659600	165.810000	60.860000	1319.936295	4.041711	153.989289	153.989289	153.989289	4.024789	0.098068
-152.025604	23.159600	165.810000	60.860000	1307.654148	4.041711	153.790929	153.790929	153.790929	4.026996	0.100299
-152.025604	23.659600	165.810000	60.860000	1295.072341	4.042711	153.588263	153.588263	153.588263	4.029541	0.102967
-152.025604	24.159600	165.810000	60.860000	1282.835404	4.042711	153.381167	153.381167	153.381167	4.031517	0.105916
-152.025604	24.659600	165.810000	60.860000	1270.620546	4.042711	153.169515	153.169515	153.169515	4.032356	0.109136
-152.025604	25.159600	165.810000	60.860000	1258.117258	4.043711	153.053173	153.053173	153.053173	4.032910	0.212784
-152.025604	25.659600	165.810000	60.860000	1245.951684	4.043711	152.732007	152.732007	152.732007	4.034730	0.116694
-152.025604	26.159600	165.810000	60.860000	1233.810352	4.043711	152.405874	152.405874	152.405874	4.039773	0.020855
-152.025604	26.659600	165.810000	60.860000	1221.507194	4.044330	152.274631	152.274631	152.274631	4.039496	0.125439
-151.525604	14.659600	165.810000	60.860000	1526.055210	4.036711	156.325791	156.325791	156.325791	4.031831	-0.047236
-151.525604	15.159600	165.810000	60.860000	1513.514414	4.036711	156.181069	156.181069	156.181069	4.031297	-0.052284
-151.525604	15.659600	165.810000	60.860000	1500.986717	4.036711	156.033592	156.033592	156.033592	4.029534	-0.056929
-151.525604	16.159600	165.810000	60.860000	1488.331850	4.037093	155.883283	155.883283	155.883283	4.028784	-0.061077
-151.525604	16.659600	165.810000	60.860000	1475.832669	4.037093	155.730065	155.730065	155.730065	4.027950	-0.064837
-151.525604	17.159600	165.810000	60.860000	1463.123576	4.037711	155.573857	155.573857	155.573857	4.026064	-0.068216
-151.525604	17.659600	165.810000	60.860000	1450.655238	4.037711	155.414578	155.414578	155.414578	4.024929	-0.071113
-151.525604	18.159600	165.810000	60.860000	1438.066138	4.038093	155.352141	155.352141	155.352141	4.023012	0.026357
-151.525604	18.659600	165.810000	60.860000	1425.411273	4.038711	155.186459	155.186459	155.186459	4.021993	0.024187
-151.525604	19.159600	165.810000	60.860000	1412.992645	4.038711	155.017442	155.017442	155.017442	4.020799	0.022487
-151.525604	19.659600	165.810000	60.860000	1400.458208	4.039093	154.844998	154.844998	154.844998	4.019473	0.021133
-151.525604	20.159600	165.810000	60.860000	1387.861634	4.039711	154.769031	154.769031	154.769031	4.019768	0.120118
-151.525604	20.659600	165.810000	60.860000	1375.496948	4.039711	154.489442	154.489442	154.489442	4.018983	0.019561
-151.525604	21.159600	165.810000	60.860000	1362.812887	4.040711	154.406129	154.406129	154.406129	4.020136	0.119330
-151.525604	21.659600	165.810000	60.860000	1350.487754	4.040711	154.218988	154.218988	154.218988	4.021551	0.119417
-151.525604	22.159600	165.810000	60.860000	1337.850608	4.041711	154.027910	154.027910	154.127910	4.023601	0.119952
-151.525604	22.659600	165.810000	60.860000	1325.567256	4.041711	153.832785	153.832785	153.932785	4.025690	0.120793
-151.525604	23.159600	165.810000	60.860000	1313.304164	4.041711	153.633497	153.633497	153.733497	4.027401	0.121931
-151.525604	23.659600	165.810000	60.860000	1300.740126	4.042711	153.529928	153.529928	153.529928	4.030492	0.223510
-151.525604	24.159600	165.810000	60.860000	1288.522472	4.042711	153.321955	153.321955	153.321955	4.031841	0.225373
-151.525604	24.659600	165.810000	60.860000	1276.011383	4.043711	153.109453	153.109453	153.109453	4.033065	0.227514
-151.525604	25.159600	165.810000	60.860000	1263.841831	4.043711	152.892290	152.892290	152.892290	4.034479	0.230087
-151.525604	25.659600	165.810000	60.860000	1251.695889	4.043711	152.570332	152.570332	152.570332	4.037242	0.132926
-151.525604	26.159600	165.810000	60.860000	1239.384726	4.044330	152.343441	152.343441	152.443441	4.039609	0.136022
-151.525604	26.659600	165.810000	60.860000	1227.174383	4.044711	152.211472	152.211472	152.211472	4.040113	0.239544
-151.025604	14.659600	165.810000	60.860000	1531.441223	4.036711	156.188561	156.188561	156.188561	4.031392	-0.006900
-151.025604	15.159600	165.810000	60.860000	1518.917643	4.036711	156.042692	156.042692	156.042692	4.031532	-0.013126
-151.025604	15.659600	165.810000	60.860000	1506.407255	4.036711	155.894079	155.894079	155.894079	4.030140	-0.018945
-151.025604	16.159600	165.810000	60.860000	1493.769277	4.037093	155.742646	155.742646	155.742646	4.029171	-0.024261
-151.025604	16.659600	165.810000	60.860000	1481.060673	4.037711	155.688316	155.688316	155.688316	4.028141	0.070818
-151.025604	17.159600	165.810000	60.860000	1468.595254	4.037711	155.531009	155.531009	155.531009	4.027037	0.066282
-151.025604	17.659600	165.810000	60.860000	1456.144605	4.037711	155.270643	155.270643	155.270643	4.025073	-0.037765
-151.025604	18.159600	165.810000	60.860000	1443.572772	4.038093	155.207134	155.207134	155.207134	4.024093	0.058563
-151.025604	18.659600	165.810000	60.860000	1430.934948	4.038711	155.040395	155.040395	155.040395	4.022569	0.055253
-151.025604	19.159600	165.810000	60.860000	1418.534307	4.038711	154.870337	154.870337	154.870337	4.022009	0.052419
-151.025604	19.659600	165.810000	60.860000	1405.802152	4.039711	154.796868	154.796868	154.796868	4.021617	0.149939
-151.025604	20.159600	165.810000	60.860000	1393.438199	4.039711	154.619893	154.619893	154.619893	4.020776	0.147801
-151.025604	20.659600	165.810000	60.860000	1380.961407	4.040093	154.439315	154.439315	154.439315	4.020990	0.146127
-151.025604	21.159600	165.810000	60.860000	1368.424759	4.040711	154.255032	154.255032	154.255032	4.021178	0.144785
-151.025604	21.659600	165.810000	60.860000	1356.118130	4.040711	154.066941	154.066941	154.066941	4.022021	0.143765
-151.025604	22.159600	165.810000	60.860000	1343.498198	4.041711	153.974934	153.974934	153.974934	4.024901	0.243199
-151.025604	22.659600	165.810000	60.860000	1331.233561	4.041711	153.778903	153.778903	153.778903	4.027104	0.242944
-151.025604	23.159600	165.810000	60.860000	1318.663030	4.042711	153.578733	153.578733	153.578733	4.028994	0.242991
-151.025604	23.659600	165.810000	60.860000	1306.442778	4.042711	153.374307	153.374307	153.374307	4.031087	0.243482
-151.025604	24.159600	165.810000	60.860000	1293.924100	4.043711	153.265503	153.265503	153.265503	4.033311	0.344265
-151.025604	24.659600	165.810000	60.860000	1281.750803	4.043711	152.952197	152.952197	152.952197	4.034360	0.245328
-151.025604	25.159600	165.810000	60.860000	1269.600503	4.043711	152.734261	152.734261	152.734261	4.036168	0.246830
-151.025604	25.659600	165.810000	60.860000	1257.163030	4.044711	152.611561	152.611561	152.611561	4.035823	0.348601
-151.025604	26.159600	165.810000	60.860000	1245.063910	4.044711	152.283960	152.283960	152.283960	4.038455	0.250634
-151.025604	26.659600	165.810000	60.860000	1232.990029	4.044711	151.951316	151.951316	151.951316	4.045038	0.153098
-150.525604	14.659600	165.810000	60.860000	1536.864817	4.036711	156.053309	156.053309	156.053309	4.031807	0.032812
-150.525604	15.159600	165.810000	60.860000	1524.358315	4.036711	155.906328	155.906328	155.906328	4.031887	0.025408
-150.525604	15.659600	165.810000	60.860000	1511.865091	4.036711	155.756614	155.756614	155.756614	4.030723	0.018416
-150.525604	16.159600	165.810000	60.860000	1499.243849	4.037093	155.604092	155.604092	155.604092	4.029141	0.011937
-150.525604	16.659600	165.810000	60.860000	1486.551745	4.037711	155.548686	155.548686	155.548686	4.028642	0.105856
-150.525604	17.159600	165.810000	60.860000	1474.103758	4.037711	155.290316	155.290316	155.290316	4.026896	0.000166
-150.525604	17.659600	165.810000	60.860000	1461.532555	4.038093	155.228901	155.228901	155.228901	4.026445	0.094973
-150.525604	18.159600	165.810000	60.860000	1448.893957	4.038711	155.164358	155.164358	155.164358	4.025811	0.190158
-150.525604	18.659600	165.810000	60.860000	1436.494929	4.038711	154.896601	154.896601	154.896601	4.023587	0.085712
-150.525604	19.159600	165.810000	60.860000	1423.977596	4.039093	154.725541	154.725541	154.725541	4.022330	0.081749
-150.525604	19.659600	165.810000	60.860000	1411.396453	4.039711	154.651086	154.651086	154.651086	4.022388	0.178143
-150.525604	20.159600	165.810000	60.860000	1399.050496	4.039711	154.473144	154.373144	154.473144	4.021559	0.174885
-150.525604	20.659600	165.810000	60.860000	1386.379011	4.040711	154.391617	154.391617	154.391617	4.023267	0.272098
-150.525604	21.159600	165.810000	60.860000	1374.071947	4.040711	154.106405	154.106405	154.106405	4.021952	0.169647
-150.525604	21.659600	165.810000	60.860000	1361.446676	4.041711	154.117406	154.117406	154.117406	4.025426	0.367523
-150.525604	22.159600	165.810000	60.860000	1349.180661	4.041711	153.824515	153.824515	153.824515	4.025461	0.265859
-150.525604	22.659600	165.810000	60.860000	1336.603810	4.042711	153.727621	153.727621	153.727621	4.028916	0.364510
-150.525604	23.159600	165.810000	60.860000	1324.381156	4.042711	153.526613	153.526613	153.526613	4.030300	0.363469
-150.525604	23.659600	165.810000	60.860000	1311.978857	4.043330	153.321374	153.321374	153.321374	4.032762	0.362877
-150.525604	24.159600	165.810000	60.860000	1299.678279	4.043711	153.111785	153.111785	153.111785	4.034253	0.362580
-150.525604	24.659600	165.810000	60.860000	1287.523868	4.043711	152.797722	152.797722	152.797722	4.035153	0.262571
-150.525604	25.159600	165.810000	60.860000	1275.077232	4.044711	152.779059	152.779059	152.779059	4.036709	0.463002
-150.525604	25.659600	165.810000	60.860000	1262.972733	4.044711	152.455664	152.455664	152.455664	4.037444	0.363709
-150.525604	26.159600	165.810000	60.860000	1250.701532	4.045330	152.227401	152.227401	152.327401	4.038298	0.364683
-150.525604	26.659600	165.810000	60.860000	1238.531987	4.045711	152.094131	152.094131	152.094131	4.037805	0.466091
-150.025604	14.659600	165.810000	60.860000	1542.325379	4.036711	155.920022	155.920022	155.920022	4.031389	0.071826
-150.025604	15.159600	165.810000	60.860000	1529.835810	4.036711	155.771962	155.771962	155.771962	4.031409	0.063246
-150.025604	15.659600	165.810000	60.860000	1517.216228	4.037093	155.621182	155.621182	155.621182	4.030845	0.055085
-150.025604	16.159600	165.810000	60.860000	1504.524424	4.037711	155.567606	155.567606	155.567606	4.030680	0.147442
-150.025604	16.659600	165.810000	60.860000	1492.079171	4.037711	155.311159	155.311159	155.411159	4.027683	0.040204
-150.025604	17.159600	165.810000	60.860000	1479.648449	4.037711	155.151763	155.151763	155.151763	4.026291	0.033363
-150.025604	17.659600	165.810000	60.860000	1466.869385	4.038711	155.189336	155.189336	155.189336	4.027901	0.227024
-150.025604	18.159600	165.810000	60.860000	1454.472063	4.038711	155.023797	154.923797	155.023797	4.026366	0.221069
-150.025604	18.659600	165.810000	60.860000	1442.090562	4.038711	154.755059	154.755059	154.755059	4.024026	0.115489
-150.025604	19.159600	165.810000	60.860000	1429.371425	4.039711	154.783035	154.783035	154.783035	4.025670	0.310397
-150.025604	19.659600	165.810000	60.860000	1417.026020	4.039711	154.507634	154.507634	154.507634	4.023205	0.205668
-150.025604	20.159600	165.810000	60.860000	1404.350223	4.040711	154.528764	154.528764	154.528764	4.024943	0.401292
-150.025604	20.659600	165.810000	60.860000	1392.042862	4.040711	154.246328	154.246328	154.246328	4.024079	0.297393
-150.025604	21.159600	165.810000	60.860000	1379.412397	4.041711	154.160229	154.160229	154.260229	4.025775	0.393835
-150.025604	21.659600	165.810000	60.860000	1367.145167	4.041711	153.970364	153.970364	153.970364	4.026523	0.390609
-150.025604	22.159600	165.810000	60.860000	1354.562168	4.042711	153.876628	153.876628	153.876628	4.029876	0.487849
-150.025604	22.659600	165.810000	60.860000	1342.337300	4.042711	153.578915	153.578915	153.578915	4.029229	0.385409
-150.025604	23.159600	165.810000	60.860000	1330.132992	4.042711	153.277111	153.277111	153.277111	4.029049	0.283280
-150.025604	23.659600	165.810000	60.860000	1317.623943	4.043711	153.271104	153.271104	153.271104	4.035136	0.481607
-150.025604	24.159600	165.810000	60.860000	1305.465658	4.043711	152.960774	152.960774	152.960774	4.035061	0.380235
-150.025604	24.659600	165.810000	60.860000	1293.010112	4.044711	152.846000	152.846000	152.846000	4.037365	0.479153
-150.025604	25.159600	165.810000	60.860000	1280.900512	4.044711	152.526655	152.526655	152.526655	4.038563	0.378518
-150.025604	25.659600	165.810000	60.860000	1268.501198	4.045711	152.502611	152.502611	152.502611	4.037806	0.578164
-150.025604	26.159600	165.810000	60.860000	1256.443139	4.045711	152.173734	152.173734	152.173734	4.039659	0.478078
-150.025604	26.659600	165.810000	60.860000	1244.410500	4.045711	151.839884	151.839884	151.839884	4.042823	0.378434
-149.525604	14.659600	165.810000	60.860000	1547.822301	4.036711	155.688687	155.688687	155.788687	4.030482	0.010197
-149.525604	15.159600	165.810000	60.860000	1535.204442	4.037093	155.639582	155.639582	155.639582	4.031311	0.100444
-149.525604	15.659600	165.810000	60.860000	1522.513001	4.037711	155.587769	155.587769	155.587769	4.032993	0.191116
-149.525604	16.159600	165.810000	60.860000	1510.070557	4.037711	155.433174	155.433174	155.433174	4.031263	0.182311
-149.525604	16.659600	165.810000	60.860000	1497.642320	4.037711	155.175722	155.175722	155.175722	4.027997	0.073918
-149.525604	17.159600	165.810000	60.860000	1485.088393	4.038093	155.115335	155.115335	155.115335	4.028282	0.165928
-149.525604	17.659600	165.810000	60.860000	1472.465424	4.038711	155.051932	155.051932	155.051932	4.028643	0.258446
-149.525604	18.159600	165.810000	60.860000	1460.085360	4.038711	154.785432	154.785432	154.785432	4.025116	0.151354
-149.525604	18.659600	165.810000	60.860000	1447.362829	4.039711	154.815751	154.815751	154.815751	4.028118	0.344642
-149.525604	19.159600	165.810000	60.860000	1435.018092	4.039711	154.542800	154.542800	154.542800	4.024746	0.238425
-149.525604	19.659600	165.810000	60.860000	1422.338105	4.040711	154.666492	154.666492	154.666492	4.028685	0.532576
-149.525604	20.159600	165.810000	60.860000	1410.030584	4.040711	154.386733	154.386733	154.386733	4.026253	0.427085
-149.525604	20.659600	165.810000	60.860000	1397.608959	4.041093	154.203429	154.203429	154.203429	4.026825	0.422077
-149.525604	21.159600	165.810000	60.860000	1385.126782	4.041711	154.016481	154.016481	154.016481	4.027151	0.417414
-149.525604	21.659600	165.810000	60.860000	1372.747835	4.042093	153.825791	153.825791	153.825791	4.027467	0.413090
-149.525604	22.159600	165.810000	60.860000	1360.310907	4.042711	153.731253	153.731253	153.731253	4.030737	0.509236
-149.525604	22.659600	165.810000	60.860000	1347.976863	4.043093	153.532761	153.532761	153.532761	4.031919	0.505708
-149.525604	23.159600	165.810000	60.860000	1335.587479	4.043711	153.330205	153.330205	153.330205	4.033411	0.502496
-149.525604	23.659600	165.810000	60.860000	1323.425553	4.043711	153.023472	153.023472	153.023472	4.033269	0.399746
-149.525604	24.159600	165.810000	60.860000	1310.961343	4.044711	153.012445	153.012445	153.012445	4.038826	0.597298
-149.525604	24.659600	165.810000	60.860000	1298.846909	4.044711	152.697003	152.697003	152.697003	4.038364	0.495148
-149.525604	25.159600	165.810000	60.860000	1286.437692	4.045711	152.677022	152.677022	152.677022	4.040816	0.693451
-149.525604	25.659600	165.810000	60.860000	1274.373503	4.045711	152.252374	152.252374	152.252374	4.039996	0.492035
-149.525604	26.159600	165.810000	60.860000	1262.141078	4.046330	152.122927	152.122927	152.122927	4.039936	0.590897
-149.525604	26.659600	165.810000	60.860000	1250.011116	4.046711	151.888545	151.888545	151.888545	4.040922	0.590204
-149.025604	14.659600	165.810000	60.860000	1553.208201	4.037093	155.659290	155.659290	155.659290	4.032585	0.147916
-149.025604	15.159600	165.810000	60.860000	1540.753222	4.037093	155.409173	155.409173	155.409173	4.029648	0.036991
-149.025604	15.659600	165.810000	60.860000	1528.077630	4.037711	155.456361	155.456361	155.456361	4.033442	0.226499
-149.025604	16.159600	165.810000	60.860000	1515.651957	4.037711	155.200781	155.200781	155.200781	4.028862	0.116536
-149.025604	16.659600	165.810000	60.860000	1502.868360	4.038711	155.342358	155.342358	155.342358	4.034890	0.406991
-149.025604	17.159600	165.810000	60.860000	1490.474728	4.038711	155.081014	155.081014	155.081014	4.030307	0.297854
-149.025604	17.659600	165.810000	60.860000	1477.956607	4.039093	155.016671	155.016671	155.016671	4.030997	0.389232
-149.025604	18.159600	165.810000	60.860000	1465.370379	4.039711	154.949247	154.949247	154.949247	4.031068	0.481005
-149.025604	18.659600	165.810000	60.860000	1453.026428	4.039711	154.678659	154.678659	154.678659	4.028951	0.373165
-149.025604	19.159600	165.810000	60.860000	1440.342371	4.040711	154.704819	154.704819	154.704819	4.030955	0.565824
-149.025604	19.659600	165.810000	60.860000	1428.034825	4.040711	154.427641	154.427641	154.427641	4.027769	0.458857
-149.025604	20.159600	165.810000	60.860000	1415.394401	4.041711	154.447031	154.447031	154.447031	4.031028	0.652255
-149.025604	20.659600	165.810000	60.860000	1403.125213	4.041711	154.162897	154.162897	154.162897	4.029520	0.546140
-149.025604	21.159600	165.810000	60.860000	1390.530418	4.042711	154.175141	154.175141	154.175141	4.034498	0.740377
-149.025604	21.659600	165.810000	60.860000	1378.301675	4.042711	153.783664	153.783664	153.783664	4.030331	0.534957
-149.025604	22.159600	165.810000	60.860000	1365.754642	4.043711	153.788364	153.788364	153.788364	4.036765	0.730012
-149.025604	22.659600	165.810000	60.860000	1353.568578	4.043711	153.489135	153.489135	153.489135	4.034680	0.625398
-149.025604	23.159600	165.810000	60.860000	1341.071592	4.044711	153.485868	153.485868	153.485868	4.041385	0.821107
-149.025604	23.659600	165.810000	60.860000	1328.930598	4.044711	153.078452	153.078452	153.078452	4.038173	0.617279
-149.025604	24.159600	165.810000	60.860000	1316.811591	4.044711	152.766769	152.766769	152.766769	4.038209	0.513763
-149.025604	24.659600	165.810000	60.860000	1304.392746	4.045711	152.750703	152.750703	152.750703	4.042127	0.710549
-149.025604	25.159600	165.810000	60.860000	1292.322728	4.045711	152.330129	152.330129	152.430129	4.041002	0.507788
-149.025604	25.659600	165.810000	60.860000	1279.960396	4.046711	152.304922	152.304922	152.404922	4.041799	0.705318
-149.025604	26.159600	165.810000	60.860000	1267.942213	4.046711	151.974950	151.974950	151.974950	4.042494	0.603130
-149.025604	26.659600	165.810000	60.860000	1255.949601	4.046711	151.640081	151.640081	151.640081	4.044761	0.501387
-162.025604	19.986300	165.810000	60.860000	1283.912181	4.042093	159.166202	159.166202	159.166202	4.038340	0.035444
-161.367599	17.746901	165.810000	60.860000	1347.336323	4.042093	158.946481	158.946481	159.046481	4.047399	-0.585231
-161.314896	21.956301	165.810000	60.860000	1239.889903	4.043711	158.205105	158.205105	158.205105	4.019522	0.115385
-161.095001	23.997200	165.810000	60.860000	1189.656455	4.046093	157.222630	157.222630	157.222630	4.018454	0.038428
-160.047501	19.823400	165.810000	60.860000	1306.761099	4.042093	158.081782	158.081782	158.081782	4.027139	-0.167463
-159.664993	22.122999	165.810000	60.860000	1251.615339	4.044093	157.226224	157.226224	157.226224	4.016049	-0.020598
-159.401001	21.971001	165.810000	60.860000	1258.068881	4.044093	157.193041	157.193041	157.193041	4.016024	0.010126
-158.982498	15.574000	165.810000	60.860000	1425.992812	4.040093	158.469296	158.469296	158.469296	4.036989	-0.613844
-158.933105	24.573799	165.810000	60.860000	1196.663663	4.046711	155.758312	155.758312	155.758312	4.021744	-0.161657
-158.903000	21.298401	165.810000	60.860000	1280.113514	4.043711	157.162847	157.162847	157.162847	4.015665	-0.044206
-158.760193	18.564699	165.810000	60.860000	1351.576542	4.041093	157.797632	157.797632	157.797632	4.024908	-0.286957
-158.185394	22.620199	165.810000	60.860000	1253.803536	4.044711	156.290706	156.190706	156.290706	4.014566	-0.094185
-158.179504	20.377800	165.810000	60.860000	1310.899627	4.042711	157.098695	157.098695	157.098695	4.014006	-0.117887
-157.931000	21.646000	165.810000	60.860000	1281.160504	4.043711	156.529520	156.529520	156.529520	4.012491	-0.116878
-157.859100	14.659600	165.810000	60.860000	1460.261859	4.039711	158.206657	158.206657	158.206657	4.033941	-0.643886
-157.700806	16.348400	165.810000	60.860000	1418.764775	4.039711	157.748083	157.748083	157.748083	4.028907	-0.558953
-157.627594	20.346100	165.810000	60.860000	1317.466122	4.042093	156.771791	156.771791	156.771791	4.012132	-0.215662
-157.270004	21.108999	165.810000	60.860000	1301.600749	4.043093	156.348402	156.348402	156.348402	4.010309	-0.210531
-157.227295	18.984800	165.810000	60.860000	1356.181651	4.041093	157.013888	157.013888	157.013888	4.014545	-0.268397
-156.964600	24.312099	165.810000	60.860000	1223.975816	4.045711	154.667377	154.667377	154.767377	4.021117	-0.491943
-156.932007	19.832701	165.810000	60.860000	1337.598575	4.041711	156.636006	156.636006	156.636006	4.010926	-0.233714
-156.808197	18.404200	165.810000	60.860000	1375.421534	4.040093	157.027490	156.927490	157.027490	4.015196	-0.268411
-156.755997	21.136000	165.810000	60.860000	1306.343078	4.042711	156.036807	156.036807	156.036807	4.009083	-0.293543
-156.658005	20.891001	165.810000	60.860000	1313.499607	4.042711	156.156390	156.056390	156.156390	4.008873	-0.222294
-156.510101	19.477699	165.810000	60.860000	1351.059954	4.041093	156.536368	156.536368	156.536368	4.010424	-0.278146
-156.465103	18.775000	165.810000	60.860000	1369.346616	4.040711	156.647409	156.647409	156.647409	4.012361	-0.384118
-156.387695	17.614901	165.810000	60.860000	1399.757180	4.039711	156.943358	156.943358	156.943358	4.018067	-0.428980
-156.206604	16.162001	165.810000	60.860000	1438.707677	4.038711	157.246945	157.246945	157.246945	4.022969	-0.490963
-156.167007	18.301001	165.810000	60.860000	1384.686143	4.039711	156.749043	156.749043	156.749043	4.013691	-0.314090
-155.996994	20.771000	165.810000	60.860000	1323.583133	4.042093	155.859728	155.859728	155.859728	4.008284	-0.287350
-155.772995	19.079000	165.810000	60.860000	1368.817278	4.040711	156.302309	156.302309	156.302309	4.010022	-0.343210
-155.765305	26.776699	165.810000	60.860000	1176.402904	4.044711	152.908272	152.908272	152.908272	4.033858	-0.626679
-155.714996	18.000299	165.810000	60.860000	1396.905456	4.039711	156.588960	156.588960	156.588960	4.014587	-0.386155
-155.710999	20.046000	165.810000	60.860000	1345.062951	4.041093	155.922584	155.922584	155.922584	4.008627	-0.365848
-155.679398	21.205500	165.810000	60.860000	1316.051933	4.042093	155.557237	155.557237	155.557237	4.008349	-0.300304
-155.636200	22.299900	165.810000	60.860000	1288.898523	4.043093	155.093862	155.093862	155.093862	4.011089	-0.330193
-154.994400	21.507000	165.810000	60.860000	1315.924853	4.041711	155.105423	155.105423	155.105423	4.008472	-0.362663
-154.983002	19.601000	165.810000	60.860000	1363.976463	4.040711	155.832028	155.832028	155.832028	4.008517	-0.317648
-154.797394	18.803101	165.810000	60.860000	1386.265255	4.039711	156.042201	156.042201	156.042201	4.011115	-0.303723
-154.691299	17.180099	165.810000	60.860000	1428.506537	4.038711	156.451543	156.451543	156.451543	4.018050	-0.372236
-154.617798	20.088900	165.810000	60.860000	1355.639572	4.040711	155.557508	155.557508	155.557508	4.008206	-0.277360
-154.495895	18.401699	165.810000	60.860000	1399.718178	4.039093	156.011852	156.011852	156.011852	4.013111	-0.347520
-154.482803	21.001900	165.810000	60.860000	1334.182149	4.041093	155.104817	155.104817	155.104817	4.008435	-0.348177
-154.393997	19.262501	165.810000	60.860000	1379.015353	4.039711	155.747110	155.747110	155.747110	4.009971	-0.285818
-154.251801	21.168699	165.810000	60.860000	1332.513846	4.041093	154.950182	154.950182	154.950182	4.009129	-0.350721
-154.030502	17.988400	165.810000	60.860000	1415.127805	4.038711	156.004829	156.004829	156.004829	4.016019	-0.307199
-153.992294	18.797600	165.810000	60.860000	1395.128511	4.039093	155.741839	155.741839	155.741839	4.012629	-0.291194
-153.982697	21.519699	165.810000	60.860000	1326.497042	4.041711	154.748326	154.748326	154.748326	4.010304	-0.316814
-153.967499	14.731300	165.810000	60.860000	1498.358344	4.037093	156.944268	156.944268	156.944268	4.024771	-0.313987
-153.902405	19.979099	165.810000	60.860000	1366.362478	4.039711	155.310752	155.310752	155.310752	4.009889	-0.283803
-153.868195	17.315399	165.810000	60.860000	1433.948743	4.038093	156.167634	156.167634	156.167634	4.018903	-0.294428
-153.700806	17.297501	165.810000	60.860000	1436.166376	4.038093	156.091145	156.091145	156.091145	4.019512	-0.312358
-153.503204	19.495199	165.810000	60.860000	1382.723510	4.039711	155.324823	155.324823	155.324823	4.012407	-0.284861
-153.295898	18.800900	165.810000	60.860000	1402.626323	4.038711	155.563787	155.563787	155.563787	4.014738	-0.202153
-153.292099	20.892599	165.810000	60.860000	1349.903974	4.040711	154.822986	154.822986	154.822986	4.012164	-0.210887
-153.290604	17.906200	165.810000	60.860000	1425.270386	4.038093	155.825416	155.825416	155.825416	4.017564	-0.230435
-152.981201	18.301800	165.810000	60.860000	1418.478189	4.038711	155.577326	155.577326	155.577326	4.017221	-0.234580
-152.765793	25.592800	165.810000	60.860000	1239.139650	4.043711	152.911915	152.911915	152.911915	4.031620	-0.003696
-152.132401	18.481400	165.810000	60.860000	1423.195203	4.038711	155.446823	155.446823	155.446823	4.020266	0.006981
-151.686600	14.689100	165.810000	60.860000	1523.588465	4.036711	156.284857	156.284857	156.284857	4.034123	-0.137748
-151.637604	16.737801	165.810000	60.860000	1472.436067	4.037711	155.811876	155.711876	155.811876	4.027321	0.000526
-150.914993	18.914200	165.810000	60.860000	1425.847398	4.038711	154.882693	154.882693	154.882693	4.022723	0.021028
-149.000900	16.989000	165.810000	60.860000	1494.979735	4.038711	155.144188	155.144188	155.144188	4.031287	0.316853
