-162.025604	14.659600	-110.690000	26.250000	1360.603399	4.022000	249.142348	249.142348	249.142348	4.075109	1.363409
-162.025604	15.159600	-110.690000	26.250000	1355.798885	4.021000	249.455962	249.455962	249.455962	4.071309	1.274987
-162.025604	15.659600	-110.690000	26.250000	1351.081194	4.020000	249.773049	249.773049	249.873049	4.067972	1.186137
-162.025604	16.159600	-110.690000	26.250000	1346.451478	4.019000	250.193589	250.193589	250.193589	4.065737	1.197089
-162.025604	16.659600	-110.690000	26.250000	1341.910887	4.018000	250.517562	250.517562	250.517562	4.064229	1.107753
-162.025604	17.159600	-110.690000	26.250000	1337.460569	4.017000	250.944940	250.944940	250.944940	4.062291	1.118007
-162.025604	17.659600	-110.690000	26.250000	1333.101668	4.016000	251.375698	251.375698	251.375698	4.055560	1.128089
-162.025604	18.159600	-110.690000	26.250000	1328.835324	4.015000	251.709805	251.709805	251.709805	4.050582	1.037906
-162.025604	18.659600	-110.690000	26.250000	1324.332744	4.015000	251.847229	251.847229	251.947229	4.052278	0.747328
-162.025604	19.159600	-110.690000	26.250000	1320.255846	4.014000	252.287935	252.187935	252.287935	4.039498	0.756604
-162.025604	19.659600	-110.690000	26.250000	1315.946945	4.014000	252.431884	252.431884	252.531884	4.039138	0.465637
-162.025604	20.159600	-110.690000	26.250000	1311.737011	4.014000	252.679038	252.679038	252.679038	4.035876	0.274291
-162.025604	20.659600	-110.690000	26.250000	1307.627074	4.014000	253.029351	253.029351	253.029351	4.030790	0.182826
-162.025604	21.159600	-110.690000	26.250000	1303.618156	4.014000	253.282780	253.282780	253.282780	4.028077	-0.008863
-162.025604	21.659600	-110.690000	26.250000	1299.711263	4.014000	253.639274	253.639274	253.639274	4.024536	-0.100913
-162.025604	22.159600	-110.690000	26.250000	1295.584626	4.015000	253.798784	253.798784	253.798784	4.030436	-0.393057
-162.025604	22.659600	-110.690000	26.250000	1291.885679	4.015000	254.261254	254.261254	254.261254	4.026122	-0.385406
-162.025604	23.159600	-110.690000	26.250000	1287.970886	4.016000	254.526629	254.526629	254.526629	4.032446	-0.578097
-162.025604	23.659600	-110.690000	26.250000	1284.483645	4.016000	254.994848	254.994848	254.994848	4.029525	-0.570859
-162.025604	24.159600	-110.690000	26.250000	1280.784286	4.017000	255.365850	255.365850	255.365850	4.032188	-0.663805
-162.025604	24.659600	-110.690000	26.250000	1277.194431	4.018000	255.639570	255.639570	255.639570	4.039507	-0.857076
-162.025604	25.159600	-110.690000	26.250000	1274.031898	4.018000	256.315939	256.315939	256.315939	4.035757	-0.650395
-162.025604	25.659600	-110.690000	26.250000	1270.662559	4.019000	256.594888	256.594888	256.594888	4.041303	-0.843877
-162.025604	26.159600	-110.690000	26.250000	1267.405133	4.020000	256.976343	256.976343	256.976343	4.045018	-0.937667
-162.025604	26.659600	-110.690000	26.250000	1264.260371	4.021000	257.360230	257.360230	257.360230	4.047986	-1.031482
-161.525604	14.659600	-110.690000	26.250000	1348.201773	4.022000	249.199532	249.199532	249.199532	4.075795	1.453620
-161.525604	15.159600	-110.690000	26.250000	1343.387703	4.021000	249.517223	249.517223	249.517223	4.070305	1.362885
-161.525604	15.659600	-110.690000	26.250000	1338.661846	4.020000	249.838471	249.838471	249.838471	4.066629	1.271853
-161.525604	16.159600	-110.690000	26.250000	1334.025379	4.019000	250.163254	250.163254	250.163254	4.063324	1.180632
-161.525604	16.659600	-110.690000	26.250000	1329.479479	4.018000	250.491550	250.491550	250.491550	4.061995	1.088999
-161.525604	17.159600	-110.690000	26.250000	1325.025320	4.017000	250.923331	250.923331	250.923331	4.058692	1.097090
-161.525604	17.659600	-110.690000	26.250000	1320.664070	4.016000	251.258570	251.258570	251.358570	4.057414	1.005019
-161.525604	18.159600	-110.690000	26.250000	1316.396895	4.015000	251.697234	251.597234	251.697234	4.049585	1.012552
-161.525604	18.659600	-110.690000	26.250000	1312.224954	4.014000	252.039290	251.939290	252.039290	4.043425	0.919831
-161.525604	19.159600	-110.690000	26.250000	1307.823505	4.014000	252.184700	252.184700	252.184700	4.042319	0.626973
-161.525604	19.659600	-110.690000	26.250000	1303.521570	4.014000	252.433425	252.433425	252.433425	4.036993	0.433736
-161.525604	20.159600	-110.690000	26.250000	1299.320213	4.014000	252.685423	252.685423	252.685423	4.035278	0.240267
-161.525604	20.659600	-110.690000	26.250000	1295.220488	4.014000	252.940649	252.940649	252.940649	4.033827	0.046684
-161.525604	21.159600	-110.690000	26.250000	1291.223435	4.014000	253.299053	253.299053	253.299053	4.028804	-0.047260
-161.525604	21.659600	-110.690000	26.250000	1287.330084	4.014000	253.560586	253.560586	253.660586	4.028992	-0.241416
-161.525604	22.159600	-110.690000	26.250000	1283.221762	4.015000	253.825194	253.825194	253.825194	4.030898	-0.435660
-161.525604	22.659600	-110.690000	26.250000	1279.539762	4.015000	254.292819	254.292819	254.292819	4.028278	-0.430249
-161.525604	23.159600	-110.690000	26.250000	1275.964438	4.015000	254.663403	254.663403	254.763403	4.029239	-0.525030
-161.525604	23.659600	-110.690000	26.250000	1272.179901	4.016000	255.036882	255.036882	255.036882	4.032241	-0.619875
-161.525604	24.159600	-110.690000	26.250000	1268.505789	4.017000	255.413192	255.413192	255.413192	4.034730	-0.715047
-161.525604	24.659600	-110.690000	26.250000	1265.257848	4.017000	255.992265	255.992265	255.992265	4.033518	-0.610392
-161.525604	25.159600	-110.690000	26.250000	1261.806174	4.018000	256.274029	256.274029	256.274029	4.039612	-0.805777
-161.525604	25.659600	-110.690000	26.250000	1258.467435	4.019000	256.658411	256.658411	256.658411	4.042475	-0.901472
-161.525604	26.159600	-110.690000	26.250000	1255.554744	4.019000	257.245335	257.245335	257.245335	4.042957	-0.797320
-161.525604	26.659600	-110.690000	26.250000	1252.443353	4.020000	257.634721	257.634721	257.634721	4.045639	-0.893185
-161.025604	14.659600	-110.690000	26.250000	1336.135316	4.021000	248.854685	248.854685	248.854685	4.068285	1.144375
-161.025604	15.159600	-110.690000	26.250000	1331.309969	4.020000	249.276535	249.276535	249.276535	4.065485	1.151457
-161.025604	15.659600	-110.690000	26.250000	1326.574260	4.019000	249.702027	249.602027	249.702027	4.063473	1.158250
-161.025604	16.159600	-110.690000	26.250000	1321.929394	4.018000	250.031140	250.031140	250.031140	4.060290	1.064729
-161.025604	16.659600	-110.690000	26.250000	1317.376576	4.017000	250.463848	250.463848	250.463848	4.058788	1.070933
-161.025604	17.159600	-110.690000	26.250000	1312.917005	4.016000	250.900124	250.900124	250.900124	4.055931	1.076869
-161.025604	17.659600	-110.690000	26.250000	1308.226044	4.016000	251.239937	251.239937	251.239937	4.054521	0.982512
-161.025604	18.159600	-110.690000	26.250000	1303.957534	4.015000	251.583255	251.583255	251.583255	4.049703	0.887902
-161.025604	18.659600	-110.690000	26.250000	1299.785821	4.014000	251.930041	251.930041	251.930041	4.043512	0.793044
-161.025604	19.159600	-110.690000	26.250000	1295.389285	4.014000	252.180258	252.180258	252.180258	4.038780	0.597915
-161.025604	19.659600	-110.690000	26.250000	1291.415602	4.013000	252.533862	252.433862	252.533862	4.033827	0.502553
-161.025604	20.159600	-110.690000	26.250000	1287.221360	4.013000	252.790810	252.790810	252.790810	4.031478	0.306964
-161.025604	20.659600	-110.690000	26.250000	1283.130430	4.013000	253.051055	253.051055	253.151055	4.030083	0.111126
-161.025604	21.159600	-110.690000	26.250000	1278.825208	4.014000	253.314545	253.314545	253.314545	4.028446	-0.084926
-161.025604	21.659600	-110.690000	26.250000	1274.945050	4.014000	253.681227	253.581227	253.681227	4.026786	-0.181183
-161.025604	22.159600	-110.690000	26.250000	1271.171329	4.014000	254.051046	254.051046	254.051046	4.025625	-0.277670
-161.025604	22.659600	-110.690000	26.250000	1267.189373	4.015000	254.323940	254.323940	254.323940	4.028685	-0.474349
-161.025604	23.159600	-110.690000	26.250000	1263.632457	4.015000	254.699849	254.699849	254.799849	4.031035	-0.571214
-161.025604	23.659600	-110.690000	26.250000	1259.871171	4.016000	255.078706	255.078706	255.078706	4.033169	-0.668288
-161.025604	24.159600	-110.690000	26.250000	1256.534896	4.016000	255.560443	255.560443	255.560443	4.034574	-0.665534
-161.025604	24.659600	-110.690000	26.250000	1252.997928	4.017000	255.944988	255.944988	255.944988	4.037755	-0.762947
-161.025604	25.159600	-110.690000	26.250000	1249.574900	4.018000	256.332268	256.332268	256.332268	4.041235	-0.860546
-161.025604	25.659600	-110.690000	26.250000	1246.576803	4.018000	256.922205	256.922205	256.922205	4.040923	-0.758300
-161.025604	26.159600	-110.690000	26.250000	1243.383218	4.019000	257.314719	257.314719	257.314719	4.044655	-0.856200
-161.025604	26.659600	-110.690000	26.250000	1240.305987	4.020000	257.609727	257.609727	257.609727	4.047904	-1.054266
-160.525604	14.659600	-110.690000	26.250000	1323.736784	4.021000	248.907734	248.907734	248.907734	4.068885	1.236129
-160.525604	15.159600	-110.690000	26.250000	1318.900655	4.020000	249.233827	249.233827	249.233827	4.064481	1.141036
-160.525604	15.659600	-110.690000	26.250000	1314.155584	4.019000	249.663650	249.663650	249.663650	4.062243	1.145528
-160.525604	16.159600	-110.690000	26.250000	1309.502804	4.018000	249.997180	249.997180	249.997180	4.058266	1.049844
-160.525604	16.659600	-110.690000	26.250000	1304.943546	4.017000	250.434392	250.434392	250.434392	4.055965	1.053892
-160.525604	17.159600	-110.690000	26.250000	1300.479039	4.016000	250.875256	250.875256	250.875256	4.053477	1.057541
-160.525604	17.659600	-110.690000	26.250000	1296.110504	4.015000	251.319741	251.319741	251.319741	4.049049	1.061041
-160.525604	18.159600	-110.690000	26.250000	1291.517409	4.015000	251.567811	251.567811	251.567811	4.045063	0.864292
-160.525604	18.659600	-110.690000	26.250000	1287.345429	4.014000	251.919429	251.919429	251.919429	4.039436	0.767162
-160.525604	19.159600	-110.690000	26.250000	1282.953334	4.014000	252.174555	252.174555	252.174555	4.035132	0.569907
-160.525604	19.659600	-110.690000	26.250000	1278.982628	4.013000	252.433145	252.433145	252.533145	4.032543	0.372425
-160.525604	20.159600	-110.690000	26.250000	1274.796118	4.013000	252.795152	252.795152	252.795152	4.028848	0.274576
-160.525604	20.659600	-110.690000	26.250000	1270.714602	4.013000	253.060526	253.060526	253.160526	4.027652	0.076629
-160.525604	21.159600	-110.690000	26.250000	1266.739167	4.013000	253.429214	253.429214	253.429214	4.025136	-0.021525
-160.525604	21.659600	-110.690000	26.250000	1262.556268	4.014000	253.701160	253.701160	253.701160	4.024226	-0.220029
-160.525604	22.159600	-110.690000	26.250000	1258.797132	4.014000	254.076305	254.076305	254.076305	4.025528	-0.318608
-160.525604	22.659600	-110.690000	26.250000	1255.147221	4.014000	254.454587	254.454587	254.454587	4.026677	-0.417373
-160.525604	23.159600	-110.690000	26.250000	1251.295824	4.015000	254.835940	254.835940	254.835940	4.028849	-0.516473
-160.525604	23.659600	-110.690000	26.250000	1247.868267	4.015000	255.320295	255.220295	255.320295	4.030672	-0.515622
-160.525604	24.159600	-110.690000	26.250000	1244.243021	4.016000	255.707581	255.707581	255.707581	4.034614	-0.614939
-160.525604	24.659600	-110.690000	26.250000	1240.732700	4.017000	256.097723	256.097723	256.097723	4.037588	-0.714572
-160.525604	25.159600	-110.690000	26.250000	1237.646184	4.017000	256.590642	256.590642	256.590642	4.040128	-0.714232
-160.525604	25.659600	-110.690000	26.250000	1234.367362	4.018000	256.986259	256.986259	256.986259	4.043179	-0.814041
-160.525604	26.159600	-110.690000	26.250000	1231.512412	4.018000	257.584489	257.584489	257.584489	4.045651	-0.714149
-160.525604	26.659600	-110.690000	26.250000	1228.468436	4.019000	257.985245	257.985245	257.985245	4.048592	-0.814261
-160.025604	14.659600	-110.690000	26.250000	1311.341725	4.021000	248.858606	248.858606	248.858606	4.067416	1.228532
-160.025604	15.159600	-110.690000	26.250000	1306.494183	4.020000	249.289026	249.289026	249.289026	4.065223	1.231138
-160.025604	15.659600	-110.690000	26.250000	1301.739134	4.019000	249.623268	249.623268	249.623268	4.059999	1.133465
-160.025604	16.159600	-110.690000	26.250000	1297.077839	4.018000	250.061307	250.061307	250.061307	4.056767	1.135625
-160.025604	16.659600	-110.690000	26.250000	1292.511559	4.017000	250.403115	250.403115	250.403115	4.053867	1.037385
-160.025604	17.159600	-110.690000	26.250000	1288.041550	4.016000	250.848664	250.848664	250.848664	4.051184	1.038888
-160.025604	17.659600	-110.690000	26.250000	1283.669062	4.015000	251.297918	251.197918	251.297918	4.045513	1.040248
-160.025604	18.159600	-110.690000	26.250000	1279.076689	4.015000	251.550842	251.550842	251.550842	4.040836	0.841226
-160.025604	18.659600	-110.690000	26.250000	1274.903938	4.014000	251.907397	251.907397	251.907397	4.036002	0.741967
-160.025604	19.159600	-110.690000	26.250000	1270.832401	4.013000	252.167539	252.167539	252.167539	4.031858	0.542592
-160.025604	19.659600	-110.690000	26.250000	1266.547611	4.013000	252.431223	252.431223	252.531223	4.029458	0.342849
-160.025604	20.159600	-110.690000	26.250000	1262.368397	4.013000	252.798399	252.798399	252.798399	4.026284	0.242890
-160.025604	20.659600	-110.690000	26.250000	1258.295883	4.013000	253.169016	253.169016	253.169016	4.024154	0.142839
-160.025604	21.159600	-110.690000	26.250000	1254.331177	4.013000	253.443018	253.443018	253.443018	4.023033	-0.057563
-160.025604	21.659600	-110.690000	26.250000	1250.475375	4.013000	253.820345	253.820345	253.820345	4.022411	-0.158161
-160.025604	22.159600	-110.690000	26.250000	1246.418961	4.014000	254.200937	254.200937	254.200937	4.023233	-0.258826
-160.025604	22.659600	-110.690000	26.250000	1242.785093	4.014000	254.584727	254.584727	254.584727	4.024857	-0.359827
-160.025604	23.159600	-110.690000	26.250000	1238.954628	4.015000	254.971647	254.971647	254.971647	4.028178	-0.461004
-160.025604	23.659600	-110.690000	26.250000	1235.546758	4.015000	255.361625	255.361625	255.361625	4.031089	-0.562224
-160.025604	24.159600	-110.690000	26.250000	1231.946112	4.016000	255.754586	255.754586	255.754586	4.034984	-0.663763
-160.025604	24.659600	-110.690000	26.250000	1228.768138	4.016000	256.250451	256.250451	256.250451	4.038309	-0.665459
-160.025604	25.159600	-110.690000	26.250000	1225.401006	4.017000	256.649138	256.649138	256.649138	4.041372	-0.767174
-160.025604	25.659600	-110.690000	26.250000	1222.456645	4.017000	257.250564	257.250564	257.250564	4.044224	-0.669193
-160.025604	26.159600	-110.690000	26.250000	1219.326529	4.018000	257.654640	257.654640	257.654640	4.047005	-0.771348
-160.025604	26.659600	-110.690000	26.250000	1216.316581	4.019000	257.961274	257.961274	257.961274	4.049466	-0.973501
-159.525604	14.659600	-110.690000	26.250000	1299.273525	4.020000	248.607223	248.607223	248.607223	4.061935	1.021440
-159.525604	15.159600	-110.690000	26.250000	1294.090803	4.020000	249.242057	249.242057	249.242057	4.063572	1.221880
-159.525604	15.659600	-110.690000	26.250000	1289.325146	4.019000	249.580807	249.580807	249.580807	4.058224	1.122048
-159.525604	16.159600	-110.690000	26.250000	1284.654724	4.018000	250.023447	250.023447	250.023447	4.054812	1.121918
-159.525604	16.659600	-110.690000	26.250000	1280.080825	4.017000	250.369949	250.369949	250.369949	4.050384	1.021531
-159.525604	17.159600	-110.690000	26.250000	1275.604737	4.016000	250.820280	250.820280	250.820280	4.046866	1.020893
-159.525604	17.659600	-110.690000	26.250000	1271.227738	4.015000	251.174406	251.174406	251.274406	4.042281	0.919979
-159.525604	18.159600	-110.690000	26.250000	1266.951105	4.014000	251.532288	251.532288	251.632288	4.037086	0.818827
-159.525604	18.659600	-110.690000	26.250000	1262.461511	4.014000	251.893885	251.893885	251.893885	4.033309	0.717446
-159.525604	19.159600	-110.690000	26.250000	1258.390339	4.013000	252.159153	252.159153	252.259153	4.029059	0.515808
-159.525604	19.659600	-110.690000	26.250000	1254.110694	4.013000	252.528043	252.528043	252.528043	4.025667	0.413954
-159.525604	20.159600	-110.690000	26.250000	1249.938329	4.013000	252.800503	252.800503	252.900503	4.023443	0.211889
-159.525604	20.659600	-110.690000	26.250000	1245.874394	4.013000	253.176480	253.176480	253.176480	4.021110	0.109590
-159.525604	21.159600	-110.690000	26.250000	1241.920022	4.013000	253.555914	253.555914	253.555914	4.020316	0.007093
-159.525604	21.659600	-110.690000	26.250000	1238.076332	4.013000	253.938744	253.838744	253.938744	4.020403	-0.095593
-159.525604	22.159600	-110.690000	26.250000	1234.344425	4.013000	254.324905	254.224905	254.324905	4.021518	-0.198495
-159.525604	22.659600	-110.690000	26.250000	1230.418778	4.014000	254.714328	254.714328	254.714328	4.023383	-0.301573
-159.525604	23.159600	-110.690000	26.250000	1226.914545	4.014000	255.106942	255.106942	255.106942	4.026750	-0.404823
-159.525604	23.659600	-110.690000	26.250000	1223.220521	4.015000	255.502670	255.502670	255.502670	4.030585	-0.508266
-159.525604	24.159600	-110.690000	26.250000	1219.948023	4.015000	256.001435	256.001435	256.001435	4.035077	-0.511868
-159.525604	24.659600	-110.690000	26.250000	1216.489480	4.016000	256.403154	256.403154	256.403154	4.039452	-0.615620
-159.525604	25.159600	-110.690000	26.250000	1213.452597	4.016000	256.907742	256.907742	256.907742	4.042281	-0.619547
-159.525604	25.659600	-110.690000	26.250000	1210.233198	4.017000	257.315109	257.315109	257.315109	4.044868	-0.723613
-159.525604	26.159600	-110.690000	26.250000	1207.435608	4.017000	257.925164	257.925164	257.925164	4.048652	-0.627810
-159.525604	26.659600	-110.690000	26.250000	1204.458802	4.018000	258.237811	258.237811	258.237811	4.050188	-0.832162
-159.025604	14.659600	-110.690000	26.250000	1286.883133	4.020000	248.553505	248.553505	248.553505	4.060760	1.015329
-159.025604	15.159600	-110.690000	26.250000	1282.009682	4.019000	248.992842	248.992842	248.992842	4.058646	1.013609
-159.025604	15.659600	-110.690000	26.250000	1276.913864	4.019000	249.536192	249.536192	249.536192	4.056192	1.111488
-159.025604	16.159600	-110.690000	26.250000	1272.233687	4.018000	249.983529	249.983529	249.983529	4.051969	1.109211
-159.025604	16.659600	-110.690000	26.250000	1267.651561	4.017000	250.334821	250.334821	250.334821	4.047191	1.006684
-159.025604	17.159600	-110.690000	26.250000	1263.168803	4.016000	250.790036	250.790036	250.790036	4.042803	1.003769
-159.025604	17.659600	-110.690000	26.250000	1258.786722	4.015000	251.149137	251.149137	251.149137	4.037952	0.900726
-159.025604	18.159600	-110.690000	26.250000	1254.506625	4.014000	251.512084	251.512084	251.612084	4.033486	0.797451
-159.025604	18.659600	-110.690000	26.250000	1250.018314	4.014000	251.878834	251.878834	251.878834	4.028821	0.693805
-159.025604	19.159600	-110.690000	26.250000	1245.947001	4.013000	252.249339	252.249339	252.249339	4.025292	0.590056
-159.025604	19.659600	-110.690000	26.250000	1241.672020	4.013000	252.523550	252.523550	252.523550	4.022758	0.386095
-159.025604	20.159600	-110.690000	26.250000	1237.506049	4.013000	252.901412	252.901412	252.901412	4.020507	0.281778
-159.025604	20.659600	-110.690000	26.250000	1233.450263	4.013000	253.282868	253.282868	253.282868	4.019065	0.177384
-159.025604	21.159600	-110.690000	26.250000	1229.505820	4.013000	253.667857	253.567857	253.667857	4.019058	0.072798
-159.025604	21.659600	-110.690000	26.250000	1225.673865	4.013000	253.956314	253.956314	254.056314	4.019652	-0.132130
-159.025604	22.159600	-110.690000	26.250000	1221.955522	4.013000	254.348170	254.348170	254.348170	4.021043	-0.237110
-159.025604	22.659600	-110.690000	26.250000	1218.048371	4.014000	254.743356	254.743356	254.843356	4.024035	-0.342263
-159.025604	23.159600	-110.690000	26.250000	1214.561421	4.014000	255.241793	255.241793	255.241793	4.027366	-0.347741
-159.025604	23.659600	-110.690000	26.250000	1211.191311	4.014000	255.643405	255.643405	255.643405	4.031807	-0.453249
-159.025604	24.159600	-110.690000	26.250000	1207.638228	4.015000	256.048108	256.048108	256.048108	4.036355	-0.558909
-159.025604	24.659600	-110.690000	26.250000	1204.505683	4.015000	256.555815	256.555815	256.555815	4.040106	-0.564880
-159.025604	25.159600	-110.690000	26.250000	1201.193825	4.016000	256.966439	256.966439	256.966439	4.043447	-0.670856
-159.025604	25.659600	-110.690000	26.250000	1198.302692	4.016000	257.579884	257.579884	257.579884	4.047913	-0.576966
-159.025604	26.159600	-110.690000	26.250000	1195.235676	4.017000	257.896056	257.896056	257.996056	4.049996	-0.783370
-159.025604	26.659600	-110.690000	26.250000	1192.589582	4.017000	258.614854	258.614854	258.614854	4.053316	-0.589757
-158.525604	14.659600	-110.690000	26.250000	1274.497032	4.020000	248.497371	248.497371	248.597371	4.059063	1.009833
-158.525604	15.159600	-110.690000	26.250000	1269.610184	4.019000	248.941301	248.941301	248.941301	4.055166	1.005823
-158.525604	15.659600	-110.690000	26.250000	1264.820250	4.018000	249.289345	249.289345	249.289345	4.050669	0.901553
-158.525604	16.159600	-110.690000	26.250000	1259.814965	4.018000	249.841475	249.841475	249.941475	4.047330	0.997135
-158.525604	16.659600	-110.690000	26.250000	1255.223988	4.017000	250.297658	250.297658	250.297658	4.043364	0.992329
-158.525604	17.159600	-110.690000	26.250000	1250.733955	4.016000	250.657860	250.657860	250.757860	4.039385	0.887284
-158.525604	17.659600	-110.690000	26.250000	1246.346209	4.015000	251.122043	251.122043	251.122043	4.034450	0.882117
-158.525604	18.159600	-110.690000	26.250000	1242.062084	4.014000	251.490165	251.490165	251.590165	4.029926	0.776577
-158.525604	18.659600	-110.690000	26.250000	1237.574517	4.014000	251.962179	251.862179	251.962179	4.024781	0.770817
-158.525604	19.159600	-110.690000	26.250000	1233.502547	4.013000	252.238038	252.238038	252.238038	4.022381	0.564961
-158.525604	19.659600	-110.690000	26.250000	1229.231736	4.013000	252.617688	252.617688	252.617688	4.019554	0.458747
-158.525604	20.159600	-110.690000	26.250000	1225.071692	4.013000	253.001072	253.001072	253.001072	4.018503	0.352333
-158.525604	20.659600	-110.690000	26.250000	1221.023615	4.013000	253.388131	253.288131	253.388131	4.018155	0.245849
-158.525604	21.159600	-110.690000	26.250000	1217.088689	4.013000	253.678800	253.678800	253.778800	4.017776	0.039021
-158.525604	21.659600	-110.690000	26.250000	1213.268084	4.013000	254.073012	254.073012	254.073012	4.019169	-0.067987
-158.525604	22.159600	-110.690000	26.250000	1209.562948	4.013000	254.470696	254.470696	254.470696	4.021119	-0.175042
-158.525604	22.659600	-110.690000	26.250000	1205.974411	4.013000	254.971775	254.971775	254.971775	4.024117	-0.182425
-158.525604	23.159600	-110.690000	26.250000	1202.204005	4.014000	255.376171	255.376171	255.376171	4.028266	-0.289969
-158.525604	23.659600	-110.690000	26.250000	1198.852806	4.014000	255.783801	255.783801	255.783801	4.032280	-0.397535
-158.525604	24.159600	-110.690000	26.250000	1195.323645	4.015000	256.194579	256.194579	256.194579	4.037369	-0.505414
-158.525604	24.659600	-110.690000	26.250000	1192.213911	4.015000	256.708415	256.708415	256.708415	4.041786	-0.513435
-158.525604	25.159600	-110.690000	26.250000	1189.226019	4.015000	257.225214	257.225214	257.225214	4.045675	-0.521456
-158.525604	25.659600	-110.690000	26.250000	1186.065543	4.016000	257.644879	257.644879	257.644879	4.049413	-0.629773
-158.525604	26.159600	-110.690000	26.250000	1183.324934	4.016000	258.267310	258.267310	258.267310	4.053310	-0.538214
-158.525604	26.659600	-110.690000	26.250000	1180.415063	4.017000	258.592401	258.592401	258.592401	4.054978	-0.746631
-158.025604	14.659600	-110.690000	26.250000	1262.429550	4.019000	248.238733	248.138733	248.238733	4.053605	0.804803
-158.025604	15.159600	-110.690000	26.250000	1257.214575	4.019000	248.887350	248.887350	248.887350	4.052191	0.998643
-158.025604	15.659600	-110.690000	26.250000	1252.412052	4.018000	249.240184	249.240184	249.240184	4.047125	0.892229
-158.025604	16.159600	-110.690000	26.250000	1247.398801	4.018000	249.797206	249.797206	249.797206	4.043885	0.985532
-158.025604	16.659600	-110.690000	26.250000	1242.798334	4.017000	250.258384	250.258384	250.258384	4.040281	0.978594
-158.025604	17.159600	-110.690000	26.250000	1238.300408	4.016000	250.623679	250.623679	250.623679	4.036584	0.871423
-158.025604	17.659600	-110.690000	26.250000	1233.906398	4.015000	251.093053	251.093053	251.093053	4.032035	0.863989
-158.025604	18.159600	-110.690000	26.250000	1229.311414	4.015000	251.566462	251.566462	251.566462	4.026712	0.856335
-158.025604	18.659600	-110.690000	26.250000	1225.130293	4.014000	251.943857	251.943857	251.943857	4.022226	0.748467
-158.025604	19.159600	-110.690000	26.250000	1221.057136	4.013000	252.325187	252.325187	252.325187	4.019145	0.640357
-158.025604	19.659600	-110.690000	26.250000	1216.789993	4.013000	252.710397	252.610397	252.710397	4.017115	0.532045
-158.025604	20.159600	-110.690000	26.250000	1212.635398	4.013000	252.999428	252.999428	253.099428	4.016588	0.323540
-158.025604	20.659600	-110.690000	26.250000	1208.594579	4.013000	253.392217	253.392217	253.392217	4.016013	0.214812
-158.025604	21.159600	-110.690000	26.250000	1204.668748	4.013000	253.788696	253.788696	253.788696	4.016862	0.105903
-158.025604	21.659600	-110.690000	26.250000	1200.859099	4.013000	254.188795	254.188795	254.188795	4.018327	-0.003181
-158.025604	22.159600	-110.690000	26.250000	1197.166807	4.013000	254.592439	254.592439	254.592439	4.020651	-0.112466
-158.025604	22.659600	-110.690000	26.250000	1193.593026	4.013000	255.099549	255.099549	255.099549	4.024344	-0.121915
-158.025604	23.159600	-110.690000	26.250000	1190.138886	4.013000	255.510042	255.510042	255.510042	4.028455	-0.231519
-158.025604	23.659600	-110.690000	26.250000	1186.509831	4.014000	255.923832	255.923832	255.923832	4.033690	-0.341305
-158.025604	24.159600	-110.690000	26.250000	1183.299076	4.014000	256.440827	256.440827	256.440827	4.038611	-0.351234
-158.025604	24.659600	-110.690000	26.250000	1180.211179	4.014000	256.960933	256.960933	256.960933	4.043106	-0.361302
-158.025604	25.159600	-110.690000	26.250000	1176.953957	4.015000	257.384053	257.384053	257.384053	4.047627	-0.471530
-158.025604	25.659600	-110.690000	26.250000	1174.115539	4.015000	257.910083	257.910083	257.910083	4.052460	-0.481884
-158.025604	26.159600	-110.690000	26.250000	1171.111257	4.016000	258.238919	258.238919	258.238919	4.055073	-0.692356
-158.025604	26.659600	-110.690000	26.250000	1168.526059	4.016000	258.870451	258.870451	258.870451	4.058020	-0.602970
-157.525604	14.659600	-110.690000	26.250000	1250.049829	4.019000	248.177505	248.177505	248.177505	4.054690	0.800736
-157.525604	15.159600	-110.690000	26.250000	1245.132950	4.018000	248.530902	248.530902	248.530902	4.049266	0.692433
-157.525604	15.659600	-110.690000	26.250000	1240.007335	4.018000	249.188625	249.188625	249.188625	4.047074	0.883740
-157.525604	16.159600	-110.690000	26.250000	1235.292883	4.017000	249.550642	249.550642	249.550642	4.042241	0.774912
-157.525604	16.659600	-110.690000	26.250000	1230.374833	4.017000	250.116918	250.116918	250.116918	4.038690	0.865849
-157.525604	17.159600	-110.690000	26.250000	1225.868381	4.016000	250.587416	250.587416	250.587416	4.033986	0.856410
-157.525604	17.659600	-110.690000	26.250000	1221.467494	4.015000	251.062093	251.062093	251.062093	4.029275	0.846862
-157.525604	18.159600	-110.690000	26.250000	1216.870417	4.015000	251.440904	251.440904	251.540904	4.025108	0.737100
-157.525604	18.659600	-110.690000	26.250000	1212.685820	4.014000	251.923798	251.923798	251.923798	4.020743	0.726974
-157.525604	19.159600	-110.690000	26.250000	1208.610934	4.013000	252.310722	252.310722	252.310722	4.018373	0.616767
-157.525604	19.659600	-110.690000	26.250000	1204.346943	4.013000	252.701618	252.701618	252.701618	4.016312	0.506363
-157.525604	20.159600	-110.690000	26.250000	1200.197308	4.013000	253.096423	253.096423	253.096423	4.015629	0.395612
-157.525604	20.659600	-110.690000	26.250000	1196.163286	4.013000	253.495073	253.495073	253.495073	4.015025	0.284803
-157.525604	21.159600	-110.690000	26.250000	1192.246118	4.013000	253.897495	253.897495	253.897495	4.015873	0.173817
-157.525604	21.659600	-110.690000	26.250000	1188.447023	4.013000	254.303618	254.303618	254.303618	4.017186	0.062498
-157.525604	22.159600	-110.690000	26.250000	1184.767204	4.013000	254.713360	254.713360	254.713360	4.020510	-0.048855
-157.525604	22.659600	-110.690000	26.250000	1181.207837	4.013000	255.226641	255.226641	255.226641	4.024665	-0.060364
-157.525604	23.159600	-110.690000	26.250000	1177.770080	4.013000	255.643374	255.643374	255.643374	4.029371	-0.172194
-157.525604	23.659600	-110.690000	26.250000	1174.455062	4.013000	256.163467	256.163467	256.163467	4.033644	-0.184032
-157.525604	24.159600	-110.690000	26.250000	1170.972092	4.014000	256.586825	256.586825	256.586825	4.039591	-0.296009
-157.525604	24.659600	-110.690000	26.250000	1167.906602	4.014000	257.113351	257.113351	257.113351	4.045031	-0.308291
-157.525604	25.159600	-110.690000	26.250000	1164.967046	4.014000	257.642940	257.642940	257.642940	4.050318	-0.320558
-157.525604	25.659600	-110.690000	26.250000	1161.864986	4.015000	257.975485	257.975485	257.975485	4.053075	-0.532945
-157.525604	26.159600	-110.690000	26.250000	1159.180982	4.015000	258.610877	258.610877	258.610877	4.058246	-0.445623
-157.525604	26.659600	-110.690000	26.250000	1156.625826	4.015000	259.149001	259.149001	259.149001	4.061324	-0.458262
-157.025604	14.659600	-110.690000	26.250000	1237.983327	4.018000	247.813594	247.813594	247.813594	4.050416	0.497252
-157.025604	15.159600	-110.690000	26.250000	1232.742890	4.018000	248.371869	248.371869	248.471869	4.047797	0.586669
-157.025604	15.659600	-110.690000	26.250000	1227.606370	4.018000	249.034581	249.034581	249.034581	4.046812	0.775843
-157.025604	16.159600	-110.690000	26.250000	1222.879498	4.017000	249.501697	249.501697	249.501697	4.041179	0.764888
-157.025604	16.659600	-110.690000	26.250000	1217.953725	4.017000	250.073180	250.073180	250.073180	4.036895	0.853557
-157.025604	17.159600	-110.690000	26.250000	1213.438097	4.016000	250.548992	250.448992	250.548992	4.033025	0.842002
-157.025604	17.659600	-110.690000	26.250000	1209.029707	4.015000	251.029087	251.029087	251.029087	4.028371	0.830345
-157.025604	18.159600	-110.690000	26.250000	1204.429931	4.015000	251.413419	251.413419	251.413419	4.024434	0.718325
-157.025604	18.659600	-110.690000	26.250000	1200.241278	4.014000	251.901934	251.901934	251.901934	4.020254	0.706100
-157.025604	19.159600	-110.690000	26.250000	1195.866111	4.014000	252.294577	252.294577	252.294577	4.017650	0.593800
-157.025604	19.659600	-110.690000	26.250000	1191.902741	4.013000	252.791286	252.691286	252.791286	4.015368	0.581150
-157.025604	20.159600	-110.690000	26.250000	1187.757566	4.013000	253.191998	253.191998	253.191998	4.014996	0.468315
-157.025604	20.659600	-110.690000	26.250000	1183.729870	4.013000	253.596642	253.596642	253.596642	4.015093	0.355430
-157.025604	21.159600	-110.690000	26.250000	1179.820921	4.013000	254.005146	254.005146	254.005146	4.015657	0.242208
-157.025604	21.659600	-110.690000	26.250000	1176.031970	4.013000	254.417431	254.417431	254.417431	4.018176	0.128820
-157.025604	22.159600	-110.690000	26.250000	1172.364242	4.013000	254.833415	254.833415	254.833415	4.020974	0.015407
-157.025604	22.659600	-110.690000	26.250000	1168.818943	4.013000	255.353012	255.353012	255.353012	4.024824	0.001671
-157.025604	23.159600	-110.690000	26.250000	1165.397253	4.013000	255.776131	255.776131	255.776131	4.029636	-0.112212
-157.025604	23.659600	-110.690000	26.250000	1162.100326	4.013000	256.302677	256.302677	256.302677	4.035170	-0.126097
-157.025604	24.159600	-110.690000	26.250000	1158.929287	4.013000	256.732550	256.732550	256.732550	4.041086	-0.240289
-157.025604	24.659600	-110.690000	26.250000	1155.597270	4.014000	257.265646	257.265646	257.265646	4.047083	-0.254611
-157.025604	25.159600	-110.690000	26.250000	1152.681994	4.014000	257.701859	257.701859	257.701859	4.051125	-0.368911
-157.025604	25.659600	-110.690000	26.250000	1149.895770	4.014000	258.241075	258.241075	258.241075	4.055496	-0.383504
-157.025604	26.159600	-110.690000	26.250000	1147.239595	4.014000	258.883179	258.883179	258.883179	4.060133	-0.298208
-157.025604	26.659600	-110.690000	26.250000	1144.714434	4.014000	259.428051	259.428051	259.528051	4.063409	-0.312867
-156.525604	14.659600	-110.690000	26.250000	1225.611217	4.018000	247.746905	247.746905	247.746905	4.049628	0.494194
-156.525604	15.159600	-110.690000	26.250000	1220.357590	4.018000	248.310158	248.310158	248.410158	4.047297	0.581477
-156.525604	15.659600	-110.690000	26.250000	1215.209440	4.018000	248.977961	248.977961	248.977961	4.045841	0.768522
-156.525604	16.159600	-110.690000	26.250000	1210.469442	4.017000	249.350283	249.350283	249.350283	4.040107	0.655298
-156.525604	16.659600	-110.690000	26.250000	1205.535258	4.017000	249.927084	249.927084	249.927084	4.036934	0.741850
-156.525604	17.159600	-110.690000	26.250000	1201.009789	4.016000	250.408323	250.408323	250.408323	4.031997	0.728183
-156.525604	17.659600	-110.690000	26.250000	1196.593252	4.015000	250.893955	250.893955	250.893955	4.028292	0.714268
-156.525604	18.159600	-110.690000	26.250000	1191.990159	4.015000	251.383929	251.383929	251.383929	4.023634	0.700148
-156.525604	18.659600	-110.690000	26.250000	1187.796855	4.014000	251.878191	251.878191	251.878191	4.020595	0.685829
-156.525604	19.159600	-110.690000	26.250000	1183.421936	4.014000	252.376681	252.276681	252.376681	4.018028	0.671282
-156.525604	19.659600	-110.690000	26.250000	1179.457547	4.013000	252.779337	252.779337	252.779337	4.016776	0.556548
-156.525604	20.159600	-110.690000	26.250000	1175.316318	4.013000	253.186090	253.186090	253.186090	4.015461	0.441634
-156.525604	20.659600	-110.690000	26.250000	1171.294464	4.013000	253.696868	253.696868	253.696868	4.015448	0.426512
-156.525604	21.159600	-110.690000	26.250000	1167.393283	4.013000	254.111594	254.111594	254.111594	4.017144	0.311222
-156.525604	21.659600	-110.690000	26.250000	1163.614052	4.013000	254.530186	254.530186	254.530186	4.018607	0.195771
-156.525604	22.159600	-110.690000	26.250000	1159.958028	4.013000	254.952559	254.952559	254.952559	4.022089	0.080131
-156.525604	22.659600	-110.690000	26.250000	1156.426442	4.013000	255.478622	255.478622	255.478622	4.025964	0.064343
-156.525604	23.159600	-110.690000	26.250000	1153.020498	4.013000	255.908279	255.908279	255.908279	4.030430	-0.051589
-156.525604	23.659600	-110.690000	26.250000	1149.741376	4.013000	256.441431	256.441431	256.441431	4.036477	-0.067689
-156.525604	24.159600	-110.690000	26.250000	1146.590223	4.013000	256.977974	256.877974	256.977974	4.043773	-0.083921
-156.525604	24.659600	-110.690000	26.250000	1143.568157	4.013000	257.417800	257.417800	257.417800	4.048224	-0.200277
-156.525604	25.159600	-110.690000	26.250000	1140.676264	4.013000	257.960794	257.960794	257.960794	4.053208	-0.216782
-156.525604	25.659600	-110.690000	26.250000	1137.915595	4.013000	258.606840	258.606840	258.606840	4.057944	-0.133400
-156.525604	26.159600	-110.690000	26.250000	1135.287164	4.013000	259.155818	259.155818	259.155818	4.062482	-0.150125
-156.525604	26.659600	-110.690000	26.250000	1132.509739	4.014000	259.407600	259.407600	259.407600	4.062993	-0.466980
-156.025604	14.659600	-110.690000	26.250000	1213.244936	4.018000	247.677341	247.677341	247.677341	4.049098	0.492085
-156.025604	15.159600	-110.690000	26.250000	1207.977359	4.018000	248.345672	248.345672	248.345672	4.048440	0.677241
-156.025604	15.659600	-110.690000	26.250000	1203.116265	4.017000	248.618673	248.618673	248.718673	4.043255	0.462016
-156.025604	16.159600	-110.690000	26.250000	1198.062986	4.017000	249.296309	249.296309	249.296309	4.040410	0.646676
-156.025604	16.659600	-110.690000	26.250000	1193.119686	4.017000	249.878541	249.878541	249.878541	4.036998	0.731118
-156.025604	17.159600	-110.690000	26.250000	1188.583695	4.016000	250.365325	250.265325	250.365325	4.032017	0.715192
-156.025604	17.659600	-110.690000	26.250000	1183.863492	4.016000	250.856615	250.856615	250.856615	4.027399	0.699177
-156.025604	18.159600	-110.690000	26.250000	1179.551304	4.015000	251.352357	251.352357	251.352357	4.024161	0.682963
-156.025604	18.659600	-110.690000	26.250000	1175.352740	4.014000	251.852493	251.852493	251.852493	4.021111	0.666395
-156.025604	19.159600	-110.690000	26.250000	1170.977487	4.014000	252.356964	252.356964	252.356964	4.019138	0.649764
-156.025604	19.659600	-110.690000	26.250000	1167.011523	4.013000	252.765701	252.765701	252.765701	4.017828	0.532952
-156.025604	20.159600	-110.690000	26.250000	1162.873715	4.013000	253.278635	253.278635	253.278635	4.016667	0.515798
-156.025604	20.659600	-110.690000	26.250000	1158.857207	4.013000	253.695690	253.695690	253.695690	4.016989	0.398607
-156.025604	21.159600	-110.690000	26.250000	1154.963328	4.013000	254.216784	254.216784	254.216784	4.017878	0.381254
-156.025604	21.659600	-110.690000	26.250000	1151.480326	4.012000	254.641833	254.641833	254.641833	4.020321	0.263572
-156.025604	22.159600	-110.690000	26.250000	1147.834699	4.012000	255.170746	255.170746	255.170746	4.023521	0.245878
-156.025604	22.659600	-110.690000	26.250000	1144.315584	4.012000	255.603428	255.603428	255.603428	4.027461	0.128041
-156.025604	23.159600	-110.690000	26.250000	1140.924214	4.012000	256.139780	256.139780	256.139780	4.033551	0.109887
-156.025604	23.659600	-110.690000	26.250000	1137.661791	4.012000	256.579698	256.579698	256.579698	4.039298	-0.008254
-156.025604	24.159600	-110.690000	26.250000	1134.529489	4.012000	257.123072	257.123072	257.123072	4.045240	-0.026521
-156.025604	24.659600	-110.690000	26.250000	1131.528446	4.012000	257.669788	257.669788	257.669788	4.051206	-0.045090
-156.025604	25.159600	-110.690000	26.250000	1128.378518	4.013000	258.119729	258.119729	258.119729	4.054957	-0.163622
-156.025604	25.659600	-110.690000	26.250000	1125.643959	4.013000	258.572771	258.572771	258.572771	4.058922	-0.282264
-156.025604	26.159600	-110.690000	26.250000	1123.043833	4.013000	259.128788	259.128788	259.128788	4.062332	-0.301192
-156.025604	26.659600	-110.690000	26.250000	1120.579133	4.013000	259.687647	259.687647	259.787647	4.065075	-0.320062
-155.525604	14.659600	-110.690000	26.250000	1201.183774	4.017000	247.304800	247.304800	247.404800	4.044464	0.190526
-155.525604	15.159600	-110.690000	26.250000	1195.900150	4.017000	247.978312	247.978312	247.978312	4.045140	0.373411
-155.525604	15.659600	-110.690000	26.250000	1190.725199	4.017000	248.556617	248.556617	248.556617	4.043010	0.456069
-155.525604	16.159600	-110.690000	26.250000	1185.660412	4.017000	249.139680	249.139680	249.139680	4.039697	0.538618
-155.525604	16.659600	-110.690000	26.250000	1180.707274	4.017000	249.727459	249.727459	249.727459	4.036686	0.620799
-155.525604	17.159600	-110.690000	26.250000	1176.160059	4.016000	250.219910	250.219910	250.219910	4.032944	0.602772
-155.525604	17.659600	-110.690000	26.250000	1171.433470	4.016000	250.816981	250.716981	250.816981	4.028770	0.684663
-155.525604	18.159600	-110.690000	26.250000	1167.113581	4.015000	251.318619	251.318619	251.318619	4.025288	0.666199
-155.525604	18.659600	-110.690000	26.250000	1162.619489	4.015000	251.824763	251.824763	251.824763	4.022461	0.647544
-155.525604	19.159600	-110.690000	26.250000	1158.532944	4.014000	252.335350	252.335350	252.335350	4.020725	0.628835
-155.525604	19.659600	-110.690000	26.250000	1154.277201	4.014000	252.750310	252.750310	252.850310	4.019469	0.509782
-155.525604	20.159600	-110.690000	26.250000	1150.429908	4.013000	253.269568	253.269568	253.269568	4.018765	0.490558
-155.525604	20.659600	-110.690000	26.250000	1146.418238	4.013000	253.793046	253.793046	253.793046	4.019058	0.471305
-155.525604	21.159600	-110.690000	26.250000	1142.531187	4.013000	254.220658	254.220658	254.220658	4.020109	0.351720
-155.525604	21.659600	-110.690000	26.250000	1139.053935	4.012000	254.752317	254.752317	254.752317	4.022215	0.331983
-155.525604	22.159600	-110.690000	26.250000	1135.419209	4.012000	255.187926	255.187926	255.287926	4.026069	0.212241
-155.525604	22.659600	-110.690000	26.250000	1131.913074	4.012000	255.727388	255.727388	255.727388	4.030300	0.192180
-155.525604	23.159600	-110.690000	26.250000	1128.536791	4.012000	256.270596	256.270596	256.270596	4.035667	0.171985
-155.525604	23.659600	-110.690000	26.250000	1125.291588	4.012000	256.717443	256.717443	256.717443	4.041678	0.051810
-155.525604	24.159600	-110.690000	26.250000	1122.178661	4.012000	257.267814	257.267814	257.267814	4.048275	0.031329
-155.525604	24.659600	-110.690000	26.250000	1119.199174	4.012000	257.821589	257.821589	257.821589	4.052284	0.010732
-155.525604	25.159600	-110.690000	26.250000	1116.354252	4.012000	258.378646	258.278646	258.378646	4.057532	-0.009822
-155.525604	25.659600	-110.690000	26.250000	1113.644986	4.012000	258.838854	258.838854	258.938854	4.061622	-0.130667
-155.525604	26.159600	-110.690000	26.250000	1111.072423	4.012000	259.402082	259.402082	259.402082	4.065003	-0.151611
-155.525604	26.659600	-110.690000	26.250000	1108.637572	4.012000	259.968192	259.968192	259.968192	4.067467	-0.172491
-155.025604	14.659600	-110.690000	26.250000	1188.827102	4.017000	247.329175	247.329175	247.329175	4.047355	0.289355
-155.025604	15.159600	-110.690000	26.250000	1183.527941	4.017000	247.907973	247.907973	247.907973	4.046278	0.370120
-155.025604	15.659600	-110.690000	26.250000	1178.339066	4.017000	248.491694	248.491694	248.491694	4.044409	0.450665
-155.025604	16.159600	-110.690000	26.250000	1173.262008	4.017000	249.080298	249.080298	249.080298	4.041581	0.530952
-155.025604	16.659600	-110.690000	26.250000	1168.589201	4.016000	249.573744	249.573744	249.573744	4.037641	0.511031
-155.025604	17.159600	-110.690000	26.250000	1163.739135	4.016000	250.071983	250.071983	250.171983	4.034147	0.490908
-155.025604	17.659600	-110.690000	26.250000	1159.005464	4.016000	250.674965	250.674965	250.674965	4.031087	0.570548
-155.025604	18.159600	-110.690000	26.250000	1154.677205	4.015000	251.182631	251.182631	251.182631	4.027611	0.549997
-155.025604	18.659600	-110.690000	26.250000	1150.179684	4.015000	251.794919	251.794919	251.794919	4.025130	0.629263
-155.025604	19.159600	-110.690000	26.250000	1146.088493	4.014000	252.311762	252.311762	252.311762	4.023754	0.608312
-155.025604	19.659600	-110.690000	26.250000	1141.833122	4.014000	252.833088	252.833088	252.833088	4.021988	0.587189
-155.025604	20.159600	-110.690000	26.250000	1137.985055	4.013000	253.358819	253.358819	253.358819	4.021366	0.565900
-155.025604	20.659600	-110.690000	26.250000	1133.977701	4.013000	253.788871	253.788871	253.788871	4.021618	0.444414
-155.025604	21.159600	-110.690000	26.250000	1130.096989	4.013000	254.323157	254.323157	254.323157	4.022419	0.422775
-155.025604	21.659600	-110.690000	26.250000	1126.625034	4.012000	254.861583	254.861583	254.861583	4.025506	0.400987
-155.025604	22.159600	-110.690000	26.250000	1123.000791	4.012000	255.304051	255.304051	255.304051	4.028326	0.279022
-155.025604	22.659600	-110.690000	26.250000	1119.507255	4.012000	255.850455	255.850455	255.850455	4.033368	0.256921
-155.025604	23.159600	-110.690000	26.250000	1116.145715	4.012000	256.400688	256.400688	256.400688	4.037688	0.234691
-155.025604	23.659600	-110.690000	26.250000	1112.917426	4.012000	256.854633	256.854633	256.854633	4.043749	0.112302
-155.025604	24.159600	-110.690000	26.250000	1109.823610	4.012000	257.412172	257.412172	257.412172	4.050584	0.089794
-155.025604	24.659600	-110.690000	26.250000	1107.141411	4.011000	257.973180	257.973180	257.973180	4.054793	0.067175
-155.025604	25.159600	-110.690000	26.250000	1104.319358	4.011000	258.537527	258.537527	258.537527	4.058916	0.044416
-155.025604	25.659600	-110.690000	26.250000	1101.635254	4.011000	259.105079	259.105079	259.105079	4.063611	0.021557
-155.025604	26.159600	-110.690000	26.250000	1099.090168	4.011000	259.675695	259.675695	259.675695	4.067906	-0.001398
-155.025604	26.659600	-110.690000	26.250000	1096.685122	4.011000	260.249233	260.249233	260.249233	4.070553	-0.024471
-154.525604	14.659600	-110.690000	26.250000	1176.770255	4.016000	246.950356	246.950356	247.050356	4.045342	-0.010881
-154.525604	15.159600	-110.690000	26.250000	1171.453412	4.016000	247.634550	247.634550	247.634550	4.045992	0.167773
-154.525604	15.659600	-110.690000	26.250000	1166.248515	4.016000	248.223799	248.223799	248.223799	4.044837	0.246056
-154.525604	16.159600	-110.690000	26.250000	1161.157135	4.016000	248.818062	248.818062	248.818062	4.042920	0.324243
-154.525604	16.659600	-110.690000	26.250000	1156.180839	4.016000	249.417296	249.417296	249.417296	4.040215	0.402227
-154.525604	17.159600	-110.690000	26.250000	1151.321183	4.016000	250.021451	250.021451	250.021451	4.037480	0.479852
-154.525604	17.659600	-110.690000	26.250000	1146.579718	4.016000	250.630474	250.530474	250.630474	4.034116	0.557406
-154.525604	18.159600	-110.690000	26.250000	1142.242401	4.015000	251.144303	251.144303	251.144303	4.030875	0.534777
-154.525604	18.659600	-110.690000	26.250000	1137.740791	4.015000	251.762875	251.762875	251.762875	4.028640	0.611799
-154.525604	19.159600	-110.690000	26.250000	1133.644323	4.014000	252.286119	252.286119	252.286119	4.026332	0.588778
-154.525604	19.659600	-110.690000	26.250000	1129.388724	4.014000	252.813960	252.813960	252.813960	4.025062	0.565591
-154.525604	20.159600	-110.690000	26.250000	1125.539314	4.013000	253.346315	253.346315	253.346315	4.024723	0.542067
-154.525604	20.659600	-110.690000	26.250000	1121.535742	4.013000	253.883099	253.883099	253.883099	4.024897	0.518525
-154.525604	21.159600	-110.690000	26.250000	1117.660868	4.013000	254.324218	254.324218	254.324218	4.026510	0.394836
-154.525604	21.659600	-110.690000	26.250000	1114.193744	4.012000	254.869575	254.869575	254.869575	4.028408	0.370821
-154.525604	22.159600	-110.690000	26.250000	1110.579555	4.012000	255.419067	255.419067	255.419067	4.032465	0.346815
-154.525604	22.659600	-110.690000	26.250000	1107.098228	4.012000	255.972585	255.972585	255.972585	4.036636	0.322677
-154.525604	23.159600	-110.690000	26.250000	1103.751079	4.012000	256.530013	256.530013	256.530013	4.041412	0.298227
-154.525604	23.659600	-110.690000	26.250000	1100.813774	4.011000	257.091232	257.091232	257.091232	4.047077	0.273810
-154.525604	24.159600	-110.690000	26.250000	1097.738031	4.011000	257.556117	257.556117	257.556117	4.052637	0.149278
-154.525604	24.659600	-110.690000	26.250000	1094.800243	4.011000	258.124537	258.124537	258.124537	4.056856	0.124447
-154.525604	25.159600	-110.690000	26.250000	1092.001580	4.011000	258.696356	258.696356	258.696356	4.061673	0.099673
-154.525604	25.659600	-110.690000	26.250000	1089.614828	4.010000	259.371433	259.371433	259.371433	4.066363	0.174801
-154.525604	26.159600	-110.690000	26.250000	1087.097131	4.010000	259.949621	259.949621	259.949621	4.070203	0.149643
-154.525604	26.659600	-110.690000	26.250000	1084.721848	4.010000	260.530771	260.530771	260.530771	4.073883	0.124565
-154.025604	14.659600	-110.690000	26.250000	1164.424639	4.016000	246.968231	246.968231	246.968231	4.050660	0.089400
-154.025604	15.159600	-110.690000	26.250000	1159.090590	4.016000	247.557930	247.557930	247.557930	4.050355	0.165793
-154.025604	15.659600	-110.690000	26.250000	1153.870137	4.016000	248.152822	248.152822	248.152822	4.048990	0.241973
-154.025604	16.159600	-110.690000	26.250000	1148.764896	4.016000	248.752864	248.752864	248.752864	4.046976	0.318064
-154.025604	16.659600	-110.690000	26.250000	1143.776475	4.016000	249.358012	249.358012	249.358012	4.044109	0.393795
-154.025604	17.159600	-110.690000	26.250000	1138.906473	4.016000	249.868213	249.868213	249.868213	4.041222	0.369333
-154.025604	17.659600	-110.690000	26.250000	1134.438959	4.015000	250.483411	250.483411	250.483411	4.038055	0.444808
-154.025604	18.159600	-110.690000	26.250000	1129.809401	4.015000	251.003544	251.003544	251.103544	4.035550	0.419934
-154.025604	18.659600	-110.690000	26.250000	1125.303024	4.015000	251.628544	251.628544	251.628544	4.033114	0.494885
-154.025604	19.159600	-110.690000	26.250000	1121.200631	4.014000	252.258338	252.158338	252.258338	4.031248	0.569800
-154.025604	19.659600	-110.690000	26.250000	1116.944187	4.014000	252.792845	252.792845	252.792845	4.029369	0.544376
-154.025604	20.159600	-110.690000	26.250000	1113.092851	4.013000	253.331983	253.331983	253.331983	4.029347	0.518796
-154.025604	20.659600	-110.690000	26.250000	1109.092509	4.013000	253.875658	253.875658	253.875658	4.029019	0.493205
-154.025604	21.159600	-110.690000	26.250000	1105.222959	4.013000	254.423776	254.423776	254.423776	4.030133	0.467287
-154.025604	21.659600	-110.690000	26.250000	1101.760188	4.012000	254.976233	254.976233	254.976233	4.032490	0.441230
-154.025604	22.159600	-110.690000	26.250000	1098.155614	4.012000	255.532922	255.532922	255.532922	4.035600	0.415188
-154.025604	22.659600	-110.690000	26.250000	1094.686094	4.012000	256.093727	256.093727	256.093727	4.039468	0.388831
-154.025604	23.159600	-110.690000	26.250000	1091.625067	4.011000	256.658529	256.658529	256.658529	4.044763	0.362351
-154.025604	23.659600	-110.690000	26.250000	1088.428868	4.011000	257.227203	257.227203	257.227203	4.049733	0.335912
-154.025604	24.159600	-110.690000	26.250000	1085.371694	4.011000	257.699617	257.699617	257.699617	4.054970	0.209169
-154.025604	24.659600	-110.690000	26.250000	1082.724717	4.010000	258.275634	258.275634	258.375634	4.059445	0.182321
-154.025604	25.159600	-110.690000	26.250000	1079.948563	4.010000	258.855112	258.855112	258.855112	4.063673	0.155536
-154.025604	25.659600	-110.690000	26.250000	1077.315047	4.010000	259.437903	259.437903	259.437903	4.067447	0.128461
-154.025604	26.159600	-110.690000	26.250000	1075.093376	4.009000	260.223854	260.223854	260.223854	4.073337	0.301298
-154.025604	26.659600	-110.690000	26.250000	1072.747815	4.009000	260.712807	260.712807	260.712807	4.074654	0.174221
-153.525604	14.659600	-110.690000	26.250000	1152.373608	4.015000	246.682680	246.682680	246.682680	4.051343	-0.109969
-153.525604	15.159600	-110.690000	26.250000	1147.020153	4.015000	247.277998	247.277998	247.277998	4.051174	-0.035681
-153.525604	15.659600	-110.690000	26.250000	1141.497686	4.016000	248.078650	248.078650	248.078650	4.052951	0.238401
-153.525604	16.159600	-110.690000	26.250000	1136.377759	4.016000	248.684595	248.684595	248.684595	4.051212	0.312238
-153.525604	16.659600	-110.690000	26.250000	1131.376409	4.016000	249.195785	249.195785	249.195785	4.047953	0.285881
-153.525604	17.159600	-110.690000	26.250000	1126.775853	4.015000	249.712166	249.712166	249.712166	4.045380	0.259337
-153.525604	17.659600	-110.690000	26.250000	1122.015394	4.015000	250.333678	250.333678	250.333678	4.042466	0.332567
-153.525604	18.159600	-110.690000	26.250000	1117.378441	4.015000	250.960258	250.960258	250.960258	4.040007	0.405621
-153.525604	18.659600	-110.690000	26.250000	1113.143848	4.014000	251.591834	251.591834	251.591834	4.038122	0.478505
-153.525604	19.159600	-110.690000	26.250000	1108.757618	4.014000	252.128330	252.128330	252.128330	4.036409	0.451184
-153.525604	19.659600	-110.690000	26.250000	1104.499695	4.014000	252.769662	252.769662	252.769662	4.034954	0.523704
-153.525604	20.159600	-110.690000	26.250000	1100.645832	4.013000	253.315743	253.315743	253.315743	4.034195	0.496072
-153.525604	20.659600	-110.690000	26.250000	1096.648156	4.013000	253.866477	253.866477	253.866477	4.034256	0.468253
-153.525604	21.159600	-110.690000	26.250000	1093.055780	4.012000	254.421763	254.421763	254.421763	4.035522	0.440293
-153.525604	21.659600	-110.690000	26.250000	1089.324493	4.012000	254.981494	254.981494	254.981494	4.037407	0.412199
-153.525604	22.159600	-110.690000	26.250000	1085.729081	4.012000	255.545557	255.545557	255.545557	4.039639	0.383937
-153.525604	22.659600	-110.690000	26.250000	1082.540784	4.011000	256.213831	256.213831	256.213831	4.043066	0.455552
-153.525604	23.159600	-110.690000	26.250000	1079.220501	4.011000	256.786192	256.786192	256.786192	4.047557	0.427049
-153.525604	23.659600	-110.690000	26.250000	1076.308603	4.010000	257.362507	257.362507	257.362507	4.051605	0.398397
-153.525604	24.159600	-110.690000	26.250000	1073.268955	4.010000	257.942640	257.842640	257.942640	4.056360	0.369639
-153.525604	24.659600	-110.690000	26.250000	1070.371952	4.010000	258.426446	258.426446	258.426446	4.061546	0.240780
-153.525604	25.159600	-110.690000	26.250000	1067.885116	4.009000	259.113777	259.113777	259.113777	4.067139	0.311792
-153.525604	25.659600	-110.690000	26.250000	1065.276357	4.009000	259.704477	259.704477	259.704477	4.070455	0.282715
-153.525604	26.159600	-110.690000	26.250000	1062.813791	4.009000	260.198387	260.198387	260.198387	4.072802	0.153553
-153.525604	26.659600	-110.690000	26.250000	1060.763087	4.008000	260.995340	260.995340	260.995340	4.077105	0.324281
-153.025604	14.659600	-110.690000	26.250000	1140.040599	4.015000	246.693580	246.693580	246.693580	4.056735	-0.008414
-153.025604	15.159600	-110.690000	26.250000	1134.668178	4.015000	247.294632	247.294632	247.294632	4.056581	0.063778
-153.025604	15.659600	-110.690000	26.250000	1129.412744	4.015000	247.901167	247.901167	247.901167	4.055900	0.135607
-153.025604	16.159600	-110.690000	26.250000	1124.276002	4.015000	248.413140	248.413140	248.413140	4.053258	0.107358
-153.025604	16.659600	-110.690000	26.250000	1119.259650	4.015000	249.030504	249.030504	249.030504	4.051900	0.178921
-153.025604	17.159600	-110.690000	26.250000	1114.365378	4.015000	249.653201	249.653201	249.653201	4.050426	0.250131
-153.025604	17.659600	-110.690000	26.250000	1109.594862	4.015000	250.281170	250.181170	250.281170	4.048034	0.321291
-153.025604	18.159600	-110.690000	26.250000	1104.949769	4.015000	250.914344	250.914344	250.914344	4.045974	0.392280
-153.025604	18.659600	-110.690000	26.250000	1100.705898	4.014000	251.452648	251.452648	251.452648	4.044481	0.362926
-153.025604	19.159600	-110.690000	26.250000	1096.315492	4.014000	252.096004	252.096004	252.096004	4.042211	0.433548
-153.025604	19.659600	-110.690000	26.250000	1092.055438	4.014000	252.644324	252.644324	252.744324	4.041453	0.404018
-153.025604	20.159600	-110.690000	26.250000	1088.198430	4.013000	253.297515	253.297515	253.297515	4.040584	0.474154
-153.025604	20.659600	-110.690000	26.250000	1084.202839	4.013000	253.855479	253.855479	253.855479	4.040118	0.444294
-153.025604	21.159600	-110.690000	26.250000	1080.611614	4.012000	254.518110	254.518110	254.518110	4.040563	0.514298
-153.025604	21.659600	-110.690000	26.250000	1076.886785	4.012000	255.085294	255.085294	255.085294	4.041388	0.483978
-153.025604	22.159600	-110.690000	26.250000	1073.567661	4.011000	255.656915	255.656915	255.656915	4.043651	0.453688
-153.025604	22.659600	-110.690000	26.250000	1070.119654	4.011000	256.232845	256.232845	256.232845	4.047207	0.423279
-153.025604	23.159600	-110.690000	26.250000	1067.078696	4.010000	256.812955	256.812955	256.912955	4.050370	0.392557
-153.025604	23.659600	-110.690000	26.250000	1063.913296	4.010000	257.397105	257.397105	257.397105	4.054830	0.361890
-153.025604	24.159600	-110.690000	26.250000	1061.156275	4.009000	258.085152	258.085152	258.085152	4.059514	0.431120
-153.025604	24.659600	-110.690000	26.250000	1058.278950	4.009000	258.676946	258.676946	258.676946	4.064802	0.400050
-153.025604	25.159600	-110.690000	26.250000	1055.811303	4.008000	259.372330	259.272330	259.372330	4.069975	0.469057
-153.025604	25.659600	-110.690000	26.250000	1053.227165	4.008000	259.871142	259.871142	259.871142	4.072886	0.337978
-153.025604	26.159600	-110.690000	26.250000	1050.791720	4.008000	260.373214	260.373214	260.373214	4.075340	0.206612
-153.025604	26.659600	-110.690000	26.250000	1048.506059	4.008000	260.878372	260.878372	260.878372	4.076465	0.075346
-152.525604	14.659600	-110.690000	26.250000	1127.996993	4.014000	246.500803	246.500803	246.500803	4.058500	-0.106373
-152.525604	15.159600	-110.690000	26.250000	1122.603348	4.014000	247.007707	247.007707	247.007707	4.057298	-0.136435
-152.525604	15.659600	-110.690000	26.250000	1117.050143	4.015000	247.820248	247.820248	247.820248	4.060495	0.133306
-152.525604	16.159600	-110.690000	26.250000	1111.896990	4.015000	248.338380	248.338380	248.438380	4.058199	0.102976
-152.525604	16.659600	-110.690000	26.250000	1106.866033	4.015000	248.962052	248.962052	248.962052	4.057634	0.172293
-152.525604	17.159600	-110.690000	26.250000	1101.959007	4.015000	249.491206	249.491206	249.491206	4.055461	0.141430
-152.525604	17.659600	-110.690000	26.250000	1097.450976	4.014000	250.125778	250.125778	250.125778	4.053595	0.210524
-152.525604	18.159600	-110.690000	26.250000	1092.795817	4.014000	250.765698	250.765698	250.765698	4.052373	0.279275
-152.525604	18.659600	-110.690000	26.250000	1088.269753	4.014000	251.410888	251.410888	251.410888	4.050546	0.347863
-152.525604	19.159600	-110.690000	26.250000	1083.874465	4.014000	252.061266	251.961266	252.061266	4.048860	0.416435
-152.525604	19.659600	-110.690000	26.250000	1079.880638	4.013000	252.616740	252.616740	252.616740	4.047521	0.384673
-152.525604	20.159600	-110.690000	26.250000	1075.750823	4.013000	253.277215	253.277215	253.277215	4.046495	0.452766
-152.525604	20.659600	-110.690000	26.250000	1072.023856	4.012000	253.842585	253.842585	253.842585	4.046559	0.420869
-152.525604	21.159600	-110.690000	26.250000	1068.166085	4.012000	254.512741	254.512741	254.512741	4.046094	0.488648
-152.525604	21.659600	-110.690000	26.250000	1064.447195	4.012000	255.087565	255.087565	255.087565	4.047032	0.456299
-152.525604	22.159600	-110.690000	26.250000	1061.133195	4.011000	255.766933	255.766933	255.766933	4.048891	0.523986
-152.525604	22.659600	-110.690000	26.250000	1057.959496	4.010000	256.350714	256.350714	256.350714	4.052310	0.491358
-152.525604	23.159600	-110.690000	26.250000	1054.664577	4.010000	256.938769	256.938769	256.938769	4.055168	0.458620
-152.525604	23.659600	-110.690000	26.250000	1051.776751	4.009000	257.530955	257.530955	257.530955	4.058717	0.425943
-152.525604	24.159600	-110.690000	26.250000	1048.772057	4.009000	258.227120	258.127120	258.227120	4.063883	0.492961
-152.525604	24.659600	-110.690000	26.250000	1046.175840	4.008000	258.827106	258.827106	258.827106	4.068193	0.459886
-152.525604	25.159600	-110.690000	26.250000	1043.466779	4.008000	259.430751	259.430751	259.430751	4.071878	0.426895
-152.525604	25.659600	-110.690000	26.250000	1041.167533	4.007000	260.137884	260.037884	260.137884	4.076164	0.493613
-152.525604	26.159600	-110.690000	26.250000	1038.759121	4.007000	260.648329	260.648329	260.648329	4.078136	0.360252
-152.525604	26.659600	-110.690000	26.250000	1036.503061	4.007000	261.161904	261.061904	261.161904	4.078522	0.226999
-152.025604	14.659600	-110.690000	26.250000	1115.956276	4.013000	246.204218	246.204218	246.204218	4.059826	-0.304022
-152.025604	15.159600	-110.690000	26.250000	1110.263791	4.014000	247.017094	247.017094	247.017094	4.064054	-0.036174
-152.025604	15.659600	-110.690000	26.250000	1104.969782	4.014000	247.635767	247.635767	247.635767	4.064684	0.031483
-152.025604	16.159600	-110.690000	26.250000	1099.798033	4.014000	248.160190	248.160190	248.160190	4.063410	-0.001094
-152.025604	16.659600	-110.690000	26.250000	1094.750340	4.014000	248.790309	248.790309	248.790309	4.063008	0.066149
-152.025604	17.159600	-110.690000	26.250000	1089.828489	4.014000	249.326064	249.326064	249.426064	4.061460	0.033218
-152.025604	17.659600	-110.690000	26.250000	1085.034254	4.014000	249.967389	249.967389	249.967389	4.060370	0.100073
-152.025604	18.159600	-110.690000	26.250000	1080.369394	4.014000	250.614211	250.614211	250.614211	4.058801	0.166765
-152.025604	18.659600	-110.690000	26.250000	1076.103742	4.013000	251.266449	251.266449	251.266449	4.057046	0.233301
-152.025604	19.159600	-110.690000	26.250000	1071.701750	4.013000	251.924016	251.924016	251.924016	4.055083	0.299641
-152.025604	19.659600	-110.690000	26.250000	1067.434339	4.013000	252.586817	252.586817	252.586817	4.054101	0.365835
-152.025604	20.159600	-110.690000	26.250000	1063.568222	4.012000	253.254752	253.254752	253.254752	4.052657	0.431891
-152.025604	20.659600	-110.690000	26.250000	1059.573994	4.012000	253.827712	253.827712	253.827712	4.052564	0.397768
-152.025604	21.159600	-110.690000	26.250000	1055.719342	4.012000	254.505582	254.505582	254.505582	4.052191	0.463518
-152.025604	21.659600	-110.690000	26.250000	1052.268138	4.011000	255.088237	255.088237	255.088237	4.053116	0.429145
-152.025604	22.159600	-110.690000	26.250000	1048.696490	4.011000	255.775549	255.775549	255.775549	4.054652	0.494614
-152.025604	22.659600	-110.690000	26.250000	1045.529790	4.010000	256.367380	256.367380	256.467380	4.057570	0.459971
-152.025604	23.159600	-110.690000	26.250000	1042.507349	4.009000	257.063585	257.063585	257.063585	4.060473	0.525222
-152.025604	23.659600	-110.690000	26.250000	1039.371387	4.009000	257.664013	257.664013	257.664013	4.064226	0.490333
-152.025604	24.159600	-110.690000	26.250000	1036.642674	4.008000	258.368506	258.368506	258.368506	4.067474	0.555349
-152.025604	24.659600	-110.690000	26.250000	1033.804689	4.008000	258.976898	258.876898	258.976898	4.071142	0.520275
-152.025604	25.159600	-110.690000	26.250000	1031.375380	4.007000	259.589019	259.589019	259.589019	4.073656	0.485080
-152.025604	25.659600	-110.690000	26.250000	1029.097522	4.006000	260.304689	260.304689	260.304689	4.076324	0.549806
-152.025604	26.159600	-110.690000	26.250000	1026.716054	4.006000	260.823725	260.823725	260.823725	4.077818	0.414459
-152.025604	26.659600	-110.690000	26.250000	1024.489562	4.006000	261.345936	261.345936	261.345936	4.078873	0.279010
-151.525604	14.659600	-110.690000	26.250000	1103.643813	4.013000	246.303684	246.303684	246.303684	4.066318	-0.100755
-151.525604	15.159600	-110.690000	26.250000	1098.206200	4.013000	246.822656	246.822656	246.822656	4.066146	-0.134989
-151.525604	15.659600	-110.690000	26.250000	1092.890828	4.013000	247.447591	247.447591	247.447591	4.066415	-0.069577
-151.525604	16.159600	-110.690000	26.250000	1087.699551	4.013000	248.078440	248.078440	248.078440	4.066272	-0.004226
-151.525604	16.659600	-110.690000	26.250000	1082.634217	4.013000	248.615148	248.615148	248.615148	4.066074	-0.039048
-151.525604	17.159600	-110.690000	26.250000	1077.696661	4.013000	249.257653	249.257653	249.257653	4.065426	0.025782
-151.525604	17.659600	-110.690000	26.250000	1072.888708	4.013000	249.905886	249.905886	249.905886	4.064370	0.090580
-151.525604	18.159600	-110.690000	26.250000	1068.212170	4.013000	250.559770	250.559770	250.559770	4.063027	0.155221
-151.525604	18.659600	-110.690000	26.250000	1063.668840	4.013000	251.219222	251.219222	251.219222	4.062014	0.219523
-151.525604	19.159600	-110.690000	26.250000	1059.260492	4.013000	251.884150	251.884150	251.884150	4.059111	0.283821
-151.525604	19.659600	-110.690000	26.250000	1055.251836	4.012000	252.554457	252.554457	252.554457	4.057690	0.347979
-151.525604	20.159600	-110.690000	26.250000	1051.117652	4.012000	253.130036	253.130036	253.130036	4.057485	0.311805
-151.525604	20.659600	-110.690000	26.250000	1047.123662	4.012000	253.810775	253.810775	253.810775	4.056483	0.375655
-151.525604	21.159600	-110.690000	26.250000	1043.531639	4.011000	254.496551	254.496551	254.496551	4.056294	0.439381
-151.525604	21.659600	-110.690000	26.250000	1039.822086	4.011000	255.187237	255.187237	255.187237	4.057491	0.502785
-151.525604	22.159600	-110.690000	26.250000	1036.516086	4.010000	255.782695	255.782695	255.782695	4.059427	0.466238
-151.525604	22.659600	-110.690000	26.250000	1033.355203	4.009000	256.482783	256.482783	256.482783	4.061183	0.529584
-151.525604	23.159600	-110.690000	26.250000	1030.084059	4.009000	257.187349	257.187349	257.187349	4.063656	0.592617
-151.525604	23.659600	-110.690000	26.250000	1027.218901	4.008000	257.796234	257.796234	257.796234	4.066953	0.555724
-151.525604	24.159600	-110.690000	26.250000	1024.503574	4.007000	258.409273	258.409273	258.409273	4.070532	0.518740
-151.525604	24.659600	-110.690000	26.250000	1021.684527	4.007000	259.026292	259.026292	259.026292	4.072313	0.481454
-151.525604	25.159600	-110.690000	26.250000	1019.273811	4.006000	259.747111	259.747111	259.747111	4.074279	0.544267
-151.525604	25.659600	-110.690000	26.250000	1017.017192	4.005000	260.471544	260.471544	260.471544	4.077575	0.607003
-151.525604	26.159600	-110.690000	26.250000	1014.662580	4.005000	260.999398	260.999398	260.999398	4.078780	0.469449
-151.525604	26.659600	-110.690000	26.250000	1012.718486	4.004000	261.730472	261.730472	261.730472	4.081635	0.532017
-151.025604	14.659600	-110.690000	26.250000	1091.613172	4.012000	246.099058	246.099058	246.099058	4.069314	-0.197035
-151.025604	15.159600	-110.690000	26.250000	1086.151410	4.012000	246.624252	246.624252	246.624252	4.069249	-0.233514
-151.025604	15.659600	-110.690000	26.250000	1080.813693	4.012000	247.255581	247.255581	247.255581	4.069432	-0.170176
-151.025604	16.159600	-110.690000	26.250000	1075.601929	4.012000	247.892996	247.892996	247.892996	4.069779	-0.106892
-151.025604	16.659600	-110.690000	26.250000	1070.251256	4.013000	248.636439	248.636439	248.636439	4.068833	0.056045
-151.025604	17.159600	-110.690000	26.250000	1065.298323	4.013000	249.185846	249.185846	249.185846	4.068696	0.018817
-151.025604	17.659600	-110.690000	26.250000	1060.741306	4.012000	249.741145	249.741145	249.741145	4.068270	-0.018437
-151.025604	18.159600	-110.690000	26.250000	1056.052245	4.012000	250.402257	250.402257	250.402257	4.067204	0.043971
-151.025604	18.659600	-110.690000	26.250000	1051.498515	4.012000	251.069094	251.069094	251.069094	4.065827	0.106229
-151.025604	19.159600	-110.690000	26.250000	1047.081940	4.012000	251.741562	251.741562	251.741562	4.063431	0.168490
-151.025604	19.659600	-110.690000	26.250000	1042.804323	4.012000	252.419558	252.419558	252.519558	4.063722	0.230419
-151.025604	20.159600	-110.690000	26.250000	1038.926394	4.011000	253.102970	253.102970	253.102970	4.061668	0.292215
-151.025604	20.659600	-110.690000	26.250000	1034.930993	4.011000	253.791682	253.791682	253.791682	4.060678	0.354043
-151.025604	21.159600	-110.690000	26.250000	1031.079823	4.011000	254.485565	254.485565	254.485565	4.060949	0.415545
-151.025604	21.659600	-110.690000	26.250000	1027.630765	4.010000	255.184486	255.184486	255.184486	4.061171	0.476932
-151.025604	22.159600	-110.690000	26.250000	1024.072169	4.010000	255.888302	255.888302	255.888302	4.062433	0.538376
-151.025604	22.659600	-110.690000	26.250000	1020.917354	4.009000	256.596862	256.596862	256.596862	4.063995	0.599504
-151.025604	23.159600	-110.690000	26.250000	1017.911787	4.008000	257.210007	257.210007	257.210007	4.066335	0.560532
-151.025604	23.659600	-110.690000	26.250000	1015.057088	4.007000	257.927572	257.827572	257.927572	4.069584	0.621643
-151.025604	24.159600	-110.690000	26.250000	1012.102184	4.007000	258.549382	258.549382	258.549382	4.072398	0.582447
-151.025604	24.659600	-110.690000	26.250000	1009.554464	4.006000	259.175256	259.175256	259.175256	4.073735	0.543167
-151.025604	25.159600	-110.690000	26.250000	1007.162134	4.005000	259.905005	259.905005	259.905005	4.076366	0.603994
-151.025604	25.659600	-110.690000	26.250000	1004.675686	4.005000	260.438434	260.438434	260.438434	4.076640	0.464525
-151.025604	26.159600	-110.690000	26.250000	1002.598760	4.004000	261.175339	261.175339	261.175339	4.079485	0.524988
-151.025604	26.659600	-110.690000	26.250000	1000.681224	4.003000	261.915512	261.915512	261.915512	4.083084	0.585580
-150.525604	14.659600	-110.690000	26.250000	1079.586824	4.011000	245.890191	245.890191	245.890191	4.071348	-0.293044
-150.525604	15.159600	-110.690000	26.250000	1074.099879	4.011000	246.521734	246.521734	246.521734	4.072344	-0.231599
-150.525604	15.659600	-110.690000	26.250000	1068.738805	4.011000	247.059593	247.059593	247.059593	4.073569	-0.270331
-150.525604	16.159600	-110.690000	26.250000	1063.240485	4.012000	247.903716	247.903716	247.903716	4.072440	-0.009288
-150.525604	16.659600	-110.690000	26.250000	1058.138308	4.012000	248.454044	248.454044	248.554044	4.072272	-0.048410
-150.525604	17.159600	-110.690000	26.250000	1053.167835	4.012000	249.110510	249.110510	249.110510	4.070894	0.012307
-150.525604	17.659600	-110.690000	26.250000	1048.330999	4.012000	249.673039	249.673039	249.673039	4.071009	-0.027181
-150.525604	18.159600	-110.690000	26.250000	1043.889910	4.011000	250.341548	250.341548	250.341548	4.069812	0.033182
-150.525604	18.659600	-110.690000	26.250000	1039.324945	4.011000	251.015947	251.015947	251.015947	4.069601	0.093401
-150.525604	19.159600	-110.690000	26.250000	1034.899345	4.011000	251.696137	251.696137	251.696137	4.068128	0.153433
-150.525604	19.659600	-110.690000	26.250000	1030.614966	4.011000	252.382011	252.382011	252.382011	4.066985	0.213332
-150.525604	20.159600	-110.690000	26.250000	1026.473633	4.011000	253.073453	253.073453	253.173453	4.065213	0.273104
-150.525604	20.659600	-110.690000	26.250000	1022.732126	4.010000	253.770340	253.770340	253.770340	4.065137	0.332708
-150.525604	21.159600	-110.690000	26.250000	1018.881282	4.010000	254.472537	254.472537	254.472537	4.065168	0.392195
-150.525604	21.659600	-110.690000	26.250000	1015.432032	4.009000	255.179906	255.179906	255.179906	4.065590	0.451571
-150.525604	22.159600	-110.690000	26.250000	1011.878725	4.009000	255.892296	255.892296	255.892296	4.066233	0.510797
-150.525604	22.659600	-110.690000	26.250000	1008.728769	4.008000	256.609550	256.609550	256.609550	4.067155	0.569922
-150.525604	23.159600	-110.690000	26.250000	1005.479720	4.008000	257.331501	257.331501	257.331501	4.068920	0.628952
-150.525604	23.659600	-110.690000	26.250000	1002.635746	4.007000	257.957976	257.957976	257.957976	4.071959	0.587851
-150.525604	24.159600	-110.690000	26.250000	999.946843	4.006000	258.688792	258.688792	258.688792	4.073302	0.646665
-150.525604	24.659600	-110.690000	26.250000	997.414566	4.005000	259.323758	259.323758	259.323758	4.075439	0.605399
-150.525604	25.159600	-110.690000	26.250000	995.040412	4.004000	260.062677	260.062677	260.062677	4.077441	0.664021
-150.525604	25.659600	-110.690000	26.250000	992.577860	4.004000	260.605343	260.605343	260.605343	4.078713	0.522572
-150.525604	26.159600	-110.690000	26.250000	990.524651	4.003000	261.351544	261.351544	261.351544	4.081594	0.581060
-150.525604	26.659600	-110.690000	26.250000	988.633641	4.002000	262.101060	262.101060	262.101060	4.084434	0.639454
-150.025604	14.659600	-110.690000	26.250000	1067.565275	4.010000	245.776925	245.776925	245.776925	4.075259	-0.288143
-150.025604	15.159600	-110.690000	26.250000	1062.052083	4.010000	246.314950	246.314950	246.314950	4.076422	-0.328765
-150.025604	15.659600	-110.690000	26.250000	1056.666610	4.010000	246.959477	246.959477	246.959477	4.076924	-0.269735
-150.025604	16.159600	-110.690000	26.250000	1051.148745	4.011000	247.810455	247.810455	247.810455	4.073952	-0.010749
-150.025604	16.659600	-110.690000	26.250000	1046.026044	4.011000	248.367820	248.367820	248.367820	4.074441	-0.051923
-150.025604	17.159600	-110.690000	26.250000	1041.037069	4.011000	249.031505	249.031505	249.031505	4.073220	0.006560
-150.025604	17.659600	-110.690000	26.250000	1036.183810	4.011000	249.601432	249.601432	249.601432	4.074635	-0.034971
-150.025604	18.159600	-110.690000	26.250000	1031.468242	4.011000	250.277514	250.277514	250.277514	4.073587	0.023355
-150.025604	18.659600	-110.690000	26.250000	1027.148403	4.010000	250.859657	250.859657	250.859657	4.074926	-0.018656
-150.025604	19.159600	-110.690000	26.250000	1022.712955	4.010000	251.647759	251.647759	251.647759	4.072067	0.139348
-150.025604	19.659600	-110.690000	26.250000	1018.421031	4.010000	252.341707	252.341707	252.341707	4.071108	0.197224
-150.025604	20.159600	-110.690000	26.250000	1014.274509	4.010000	253.041380	253.041380	253.041380	4.070403	0.254769
-150.025604	20.659600	-110.690000	26.250000	1010.275239	4.010000	253.846649	253.846649	253.846649	4.067431	0.412358
-150.025604	21.159600	-110.690000	26.250000	1006.676074	4.009000	254.457376	254.457376	254.457376	4.069377	0.369835
-150.025604	21.659600	-110.690000	26.250000	1002.975784	4.009000	255.273412	255.273412	255.273412	4.067321	0.526988
-150.025604	22.159600	-110.690000	26.250000	999.677460	4.008000	255.994602	255.994602	255.994602	4.069061	0.584212
-150.025604	22.659600	-110.690000	26.250000	996.531862	4.007000	256.620780	256.620780	256.620780	4.071483	0.541339
-150.025604	23.159600	-110.690000	26.250000	993.292794	4.007000	257.351773	257.351773	257.451773	4.072436	0.598150
-150.025604	23.659600	-110.690000	26.250000	990.458506	4.006000	258.087396	258.087396	258.087396	4.073171	0.655058
-150.025604	24.159600	-110.690000	26.250000	987.782011	4.005000	258.727460	258.727460	258.727460	4.075068	0.611884
-150.025604	24.659600	-110.690000	26.250000	985.264902	4.004000	259.471764	259.471764	259.471764	4.076822	0.668404
-150.025604	25.159600	-110.690000	26.250000	982.908707	4.003000	260.220101	260.120101	260.220101	4.079611	0.725045
-150.025604	25.659600	-110.690000	26.250000	980.469899	4.003000	260.772256	260.772256	260.772256	4.080343	0.581619
-150.025604	26.159600	-110.690000	26.250000	978.440314	4.002000	261.528005	261.528005	261.528005	4.083908	0.637897
-150.025604	26.659600	-110.690000	26.250000	976.575796	4.001000	262.187118	262.187118	262.187118	4.084939	0.594319
-149.525604	14.659600	-110.690000	26.250000	1055.549051	4.009000	245.559098	245.559098	245.559098	4.077316	-0.382820
-149.525604	15.159600	-110.690000	26.250000	1050.008517	4.009000	246.203738	246.203738	246.203738	4.078587	-0.325681
-149.525604	15.659600	-110.690000	26.250000	1044.597571	4.009000	246.855076	246.855076	246.855076	4.079594	-0.268712
-149.525604	16.159600	-110.690000	26.250000	1039.318295	4.009000	247.413058	247.413058	247.413058	4.082703	-0.311779
-149.525604	16.659600	-110.690000	26.250000	1033.914867	4.010000	248.277619	248.277619	248.277619	4.076952	-0.055187
-149.525604	17.159600	-110.690000	26.250000	1028.906397	4.010000	248.948688	248.948688	248.948688	4.075468	0.001251
-149.525604	17.659600	-110.690000	26.250000	1024.291189	4.009000	249.426185	249.426185	249.426185	4.079808	-0.142317
-149.525604	18.159600	-110.690000	26.250000	1019.559227	4.009000	250.110020	250.110020	250.110020	4.079605	-0.086222
-149.525604	18.659600	-110.690000	26.250000	1014.969177	4.009000	250.800095	250.800095	250.800095	4.078615	-0.030263
-149.525604	19.159600	-110.690000	26.250000	1010.523030	4.009000	251.596303	251.596303	251.596303	4.075755	0.125718
-149.525604	19.659600	-110.690000	26.250000	1006.222751	4.009000	252.298526	252.298526	252.298526	4.074535	0.181367
-149.525604	20.159600	-110.690000	26.250000	1002.070275	4.009000	253.006640	253.006640	253.006640	4.073310	0.236896
-149.525604	20.659600	-110.690000	26.250000	998.067505	4.009000	253.820507	253.820507	253.820507	4.069636	0.392476
-149.525604	21.159600	-110.690000	26.250000	994.464364	4.008000	254.439985	254.439985	254.439985	4.072760	0.347730
-149.525604	21.659600	-110.690000	26.250000	990.765638	4.008000	255.264917	255.264917	255.264917	4.070964	0.502880
-149.525604	22.159600	-110.690000	26.250000	987.468501	4.007000	255.995140	255.995140	255.995140	4.071893	0.558107
-149.525604	22.659600	-110.690000	26.250000	984.081093	4.007000	256.730481	256.730481	256.830481	4.074016	0.613016
-149.525604	23.159600	-110.690000	26.250000	981.097200	4.006000	257.470757	257.470757	257.470757	4.074110	0.667835
-149.525604	23.659600	-110.690000	26.250000	978.272194	4.005000	258.115778	258.115778	258.115778	4.076134	0.622758
-149.525604	24.159600	-110.690000	26.250000	975.607764	4.004000	258.865342	258.865342	258.865342	4.075909	0.677371
-149.525604	24.659600	-110.690000	26.250000	973.105538	4.003000	259.519239	259.519239	259.519239	4.078638	0.631910
-149.525604	25.159600	-110.690000	26.250000	970.767082	4.002000	260.277253	260.277253	260.277253	4.080168	0.686577
-149.525604	25.659600	-110.690000	26.250000	968.593891	4.001000	261.039157	261.039157	261.039157	4.084201	0.740942
-149.525604	26.159600	-110.690000	26.250000	966.345805	4.001000	261.604716	261.604716	261.604716	4.084308	0.595249
-149.525604	26.659600	-110.690000	26.250000	964.507749	4.000000	262.373690	262.373690	262.373690	4.088386	0.649707
-149.025604	14.659600	-110.690000	26.250000	1043.538702	4.008000	245.436541	245.436541	245.436541	4.079876	-0.377266
-149.025604	15.159600	-110.690000	26.250000	1037.969696	4.008000	246.087933	246.087933	246.087933	4.080447	-0.322189
-149.025604	15.659600	-110.690000	26.250000	1032.532170	4.008000	246.746227	246.746227	246.746227	4.081032	-0.267276
-149.025604	16.159600	-110.690000	26.250000	1027.228271	4.008000	247.311365	247.311365	247.311365	4.084844	-0.312579
-149.025604	16.659600	-110.690000	26.250000	1022.060135	4.008000	247.983283	247.983283	247.983283	4.084677	-0.258034
-149.025604	17.159600	-110.690000	26.250000	1017.029892	4.008000	248.661906	248.661906	248.661906	4.083469	-0.203636
-149.025604	17.659600	-110.690000	26.250000	1012.139655	4.008000	249.247151	249.247151	249.347151	4.085564	-0.249435
-149.025604	18.159600	-110.690000	26.250000	1007.391520	4.008000	250.038924	250.038924	250.038924	4.082182	-0.095371
-149.025604	18.659600	-110.690000	26.250000	1002.787564	4.008000	250.737125	250.737125	250.737125	4.082257	-0.041438
-149.025604	19.159600	-110.690000	26.250000	998.329839	4.008000	251.441640	251.441640	251.441640	4.081930	0.012316
-149.025604	19.659600	-110.690000	26.250000	994.020369	4.008000	252.252348	252.252348	252.252348	4.076810	0.165949
-149.025604	20.159600	-110.690000	26.250000	989.861149	4.008000	252.969117	252.969117	252.969117	4.075794	0.219467
-149.025604	20.659600	-110.690000	26.250000	985.854136	4.008000	253.791806	253.791806	253.791806	4.071820	0.372824
-149.025604	21.159600	-110.690000	26.250000	982.246322	4.007000	254.420263	254.420263	254.420263	4.077197	0.326075
-149.025604	21.659600	-110.690000	26.250000	978.548519	4.007000	255.254327	255.254327	255.254327	4.073969	0.479227
-149.025604	22.159600	-110.690000	26.250000	975.251979	4.006000	255.993825	255.993825	255.993825	4.076754	0.532236
-149.025604	22.659600	-110.690000	26.250000	971.870865	4.006000	256.838577	256.838577	256.838577	4.074429	0.685155
-149.025604	23.159600	-110.690000	26.250000	968.893037	4.005000	257.488391	257.488391	257.488391	4.077399	0.637990
-149.025604	23.659600	-110.690000	26.250000	966.076897	4.004000	258.243065	258.243065	258.243065	4.077742	0.690700
-149.025604	24.159600	-110.690000	26.250000	963.424177	4.003000	258.902390	258.902390	258.902390	4.078973	0.643335
-149.025604	24.659600	-110.690000	26.250000	960.936544	4.002000	259.666147	259.666147	259.666147	4.079164	0.695900
-149.025604	25.159600	-110.690000	26.250000	958.615598	4.001000	260.434105	260.434105	260.434105	4.082664	0.748359
-149.025604	25.659600	-110.690000	26.250000	956.462866	4.000000	261.206029	261.206029	261.206029	4.084448	0.800758
-149.025604	26.159600	-110.690000	26.250000	954.241184	4.000000	261.681671	261.681671	261.681671	4.083786	0.553101
-149.025604	26.659600	-110.690000	26.250000	952.429560	3.999000	262.460780	262.460780	262.460780	4.087369	0.605358
-162.025604	19.986300	-110.690000	26.250000	1313.184903	4.014000	252.654374	252.554374	252.654374	4.033398	0.402000
-161.367599	17.746901	-110.690000	26.250000	1315.924385	4.016000	251.301164	251.301164	251.401164	4.057132	0.970710
-161.314896	21.956301	-110.690000	26.250000	1279.854080	4.014000	253.880389	253.880389	253.880389	4.025188	-0.221040
-161.095001	23.997200	-110.690000	26.250000	1259.313008	4.016000	255.460158	255.460158	255.460158	4.032622	-0.596595
-160.047501	19.823400	-110.690000	26.250000	1265.711344	4.013000	252.558202	252.558202	252.558202	4.028328	0.318477
-159.664993	22.122999	-110.690000	26.250000	1237.758740	4.014000	254.223823	254.223823	254.223823	4.021228	-0.246222
-159.401001	21.971001	-110.690000	26.250000	1232.650512	4.013000	254.121190	254.121190	254.121190	4.021484	-0.232064
-158.982498	15.574000	-110.690000	26.250000	1276.709523	4.019000	249.504506	249.504506	249.504506	4.057951	1.159619
-158.933105	24.573799	-110.690000	26.250000	1202.760409	4.015000	256.506705	256.506705	256.506705	4.039866	-0.544208
-158.903000	21.298401	-110.690000	26.250000	1225.386959	4.013000	253.712751	253.712751	253.712751	4.018665	-0.030644
-158.760193	18.564699	-110.690000	26.250000	1244.256511	4.014000	251.836661	251.836661	251.836661	4.026889	0.738274
-158.185394	22.620199	-110.690000	26.250000	1197.827971	4.013000	254.998970	254.998970	254.998970	4.024276	-0.160490
-158.179504	20.377800	-110.690000	26.250000	1214.685126	4.013000	253.162739	253.162739	253.162739	4.016246	0.277678
-157.931000	21.646000	-110.690000	26.250000	1198.612884	4.013000	254.234713	254.234713	254.234713	4.018487	0.047313
-157.859100	14.659600	-110.690000	26.250000	1258.306447	4.019000	248.152034	248.152034	248.152034	4.053361	0.736791
-157.700806	16.348400	-110.690000	26.250000	1237.774871	4.017000	249.787718	249.787718	249.787718	4.041442	0.821036
-157.627594	20.346100	-110.690000	26.250000	1201.215834	4.013000	253.297648	253.297648	253.297648	4.014947	0.412860
-157.270004	21.108999	-110.690000	26.250000	1186.285271	4.013000	253.927742	253.927742	253.927742	4.015963	0.236221
-157.227295	18.984800	-110.690000	26.250000	1202.402491	4.014000	252.140175	252.140175	252.140175	4.018336	0.617725
-156.964600	24.312099	-110.690000	26.250000	1156.482916	4.013000	256.937210	256.937210	256.937210	4.042909	-0.213489
-156.932007	19.832701	-110.690000	26.250000	1188.125092	4.013000	252.894260	252.894260	252.894260	4.014486	0.503807
-156.808197	18.404200	-110.690000	26.250000	1196.811025	4.015000	251.651396	251.651396	251.651396	4.022085	0.714781
-156.755997	21.136000	-110.690000	26.250000	1173.301650	4.013000	254.067247	254.067247	254.067247	4.016292	0.308978
-156.658005	20.891001	-110.690000	26.250000	1172.766150	4.013000	253.879427	253.879427	253.879427	4.016515	0.372899
-156.510101	19.477699	-110.690000	26.250000	1180.607575	4.013000	252.616565	252.616565	252.616565	4.016611	0.582280
-156.465103	18.775000	-110.690000	26.250000	1185.271031	4.014000	252.011989	252.011989	252.011989	4.019367	0.702144
-156.387695	17.614901	-110.690000	26.250000	1193.283237	4.016000	250.867105	250.867105	250.867105	4.027939	0.738352
-156.206604	16.162001	-110.690000	26.250000	1202.529706	4.017000	249.291804	249.291804	249.291804	4.041303	0.622971
-156.167007	18.301001	-110.690000	26.250000	1181.787276	4.015000	251.515149	251.515149	251.515149	4.023384	0.696460
-155.996994	20.771000	-110.690000	26.250000	1157.267354	4.013000	253.844529	253.844529	253.844529	4.017271	0.426203
-155.772995	19.079000	-110.690000	26.250000	1165.387592	4.014000	252.230892	252.230892	252.230892	4.019368	0.608580
-155.765305	26.776699	-110.690000	26.250000	1113.665511	4.013000	259.904398	259.804398	259.904398	4.066300	-0.309499
-155.714996	18.000299	-110.690000	26.250000	1173.280728	4.015000	251.184101	251.184101	251.184101	4.025903	0.690214
-155.710999	20.046000	-110.690000	26.250000	1155.973053	4.013000	253.184032	253.184032	253.184032	4.018044	0.532797
-155.679398	21.205500	-110.690000	26.250000	1146.004631	4.013000	254.247940	254.247940	254.247940	4.019335	0.338793
-155.636200	22.299900	-110.690000	26.250000	1137.168068	4.012000	255.335139	255.335139	255.335139	4.026122	0.214365
-154.994400	21.507000	-110.690000	26.250000	1126.981074	4.012000	254.723706	254.723706	254.723706	4.023765	0.432338
-154.983002	19.601000	-110.690000	26.250000	1141.265163	4.014000	252.729659	252.729659	252.729659	4.022084	0.547426
-154.797394	18.803101	-110.690000	26.250000	1143.233309	4.015000	251.895388	251.895388	251.895388	4.026068	0.581109
-154.691299	17.180099	-110.690000	26.250000	1155.239419	4.016000	250.033661	250.033661	250.033661	4.036859	0.457024
-154.617798	20.088900	-110.690000	26.250000	1128.410690	4.013000	253.281983	253.281983	253.281983	4.024253	0.558330
-154.495895	18.401699	-110.690000	26.250000	1139.308554	4.015000	251.377592	251.377592	251.477592	4.029861	0.507669
-154.482803	21.001900	-110.690000	26.250000	1117.804212	4.013000	254.172720	254.172720	254.172720	4.025463	0.419779
-154.393997	19.262501	-110.690000	26.250000	1129.482820	4.014000	252.376149	252.376149	252.376149	4.026882	0.567246
-154.251801	21.168699	-110.690000	26.250000	1110.780758	4.013000	254.428242	254.428242	254.428242	4.028602	0.473289
-154.030502	17.988400	-110.690000	26.250000	1131.502535	4.015000	250.858811	250.858811	250.858811	4.036575	0.462085
-153.992294	18.797600	-110.690000	26.250000	1123.252532	4.015000	251.813918	251.813918	251.813918	4.032338	0.528656
-153.982697	21.519699	-110.690000	26.250000	1101.725484	4.012000	254.848434	254.848434	254.848434	4.032084	0.472933
-153.967499	14.731300	-110.690000	26.250000	1162.218318	4.016000	247.033899	247.033899	247.033899	4.051171	0.091401
-153.902405	19.979099	-110.690000	26.250000	1111.224918	4.014000	253.110908	253.110908	253.110908	4.030266	0.501138
-153.868195	17.315399	-110.690000	26.250000	1133.504832	4.016000	250.010844	250.010844	250.010844	4.041384	0.357655
-153.700806	17.297501	-110.690000	26.250000	1129.801250	4.015000	249.900087	249.900087	249.900087	4.042908	0.280901
-153.503204	19.495199	-110.690000	26.250000	1105.327963	4.014000	252.515231	252.515231	252.515231	4.035601	0.457232
-153.295898	18.800900	-110.690000	26.250000	1106.176420	4.014000	251.690780	251.690780	251.690780	4.039909	0.427990
-153.292099	20.892599	-110.690000	26.250000	1089.019413	4.013000	254.121153	254.121153	254.121153	4.037339	0.443351
-153.290604	17.906200	-110.690000	26.250000	1113.872915	4.015000	250.674583	250.574583	250.674583	4.044095	0.418112
-152.981201	18.301800	-110.690000	26.250000	1102.822712	4.014000	251.002000	251.002000	251.002000	4.045009	0.321822
-152.765793	25.592800	-110.690000	26.250000	1047.161118	4.008000	259.794400	259.794400	259.794400	4.073124	0.288414
-152.132401	18.481400	-110.690000	26.250000	1080.091440	4.014000	251.050721	251.050721	251.150721	4.057211	0.219726
-151.686600	14.689100	-110.690000	26.250000	1107.283537	4.013000	246.343031	246.243031	246.343031	4.064906	-0.127631
-151.637604	16.737801	-110.690000	26.250000	1084.358447	4.014000	248.792600	248.792600	248.792600	4.065132	0.032740
-150.914993	18.914200	-110.690000	26.250000	1046.480803	4.012000	251.406858	251.406858	251.406858	4.064802	0.141587
-149.000900	16.989000	-110.690000	26.250000	1018.118919	4.008000	248.381086	248.381086	248.381086	4.085381	-0.266189
