-162.0256040	14.6596000	-110.6900000	26.2500000	1360.6033986	4.0220000
-162.0256040	15.1596000	-110.6900000	26.2500000	1355.7988849	4.0210000
-162.0256040	15.6596000	-110.6900000	26.2500000	1351.0811938	4.0200000
-162.0256040	16.1596000	-110.6900000	26.2500000	1346.4514775	4.0190000
-162.0256040	16.6596000	-110.6900000	26.2500000	1341.9108866	4.0180000
-162.0256040	17.1596000	-110.6900000	26.2500000	1337.4605687	4.0170000
-162.0256040	17.6596000	-110.6900000	26.2500000	1333.1016680	4.0160000
-162.0256040	18.1596000	-110.6900000	26.2500000	1328.8353244	4.0150000
-162.0256040	18.6596000	-110.6900000	26.2500000	1324.3327440	4.0150000
-162.0256040	19.1596000	-110.6900000	26.2500000	1320.2558460	4.0140000
-162.0256040	19.6596000	-110.6900000	26.2500000	1315.9469451	4.0140000
-162.0256040	20.1596000	-110.6900000	26.2500000	1311.7370110	4.0140000
-162.0256040	20.6596000	-110.6900000	26.2500000	1307.6270745	4.0140000
-162.0256040	21.1596000	-110.6900000	26.2500000	1303.6181558	4.0140000
-162.0256040	21.6596000	-110.6900000	26.2500000	1299.7112632	4.0140000
-162.0256040	22.1596000	-110.6900000	26.2500000	1295.5846256	4.0150000
-162.0256040	22.6596000	-110.6900000	26.2500000	1291.8856789	4.0150000
-162.0256040	23.1596000	-110.6900000	26.2500000	1287.9708859	4.0160000
-162.0256040	23.6596000	-110.6900000	26.2500000	1284.4836454	4.0160000
-162.0256040	24.1596000	-110.6900000	26.2500000	1280.7842859	4.0170000
-162.0256040	24.6596000	-110.6900000	26.2500000	1277.1944311	4.0180000
-162.0256040	25.1596000	-110.6900000	26.2500000	1274.0318979	4.0180000
-162.0256040	25.6596000	-110.6900000	26.2500000	1270.6625587	4.0190000
-162.0256040	26.1596000	-110.6900000	26.2500000	1267.4051329	4.0200000
-162.0256040	26.6596000	-110.6900000	26.2500000	1264.2603706	4.0210000
-161.5256040	14.6596000	-110.6900000	26.2500000	1348.2017727	4.0220000
-161.5256040	15.1596000	-110.6900000	26.2500000	1343.3877034	4.0210000
-161.5256040	15.6596000	-110.6900000	26.2500000	1338.6618461	4.0200000
-161.5256040	16.1596000	-110.6900000	26.2500000	1334.0253792	4.0190000
-161.5256040	16.6596000	-110.6900000	26.2500000	1329.4794793	4.0180000
-161.5256040	17.1596000	-110.6900000	26.2500000	1325.0253195	4.0170000
-161.5256040	17.6596000	-110.6900000	26.2500000	1320.6640697	4.0160000
-161.5256040	18.1596000	-110.6900000	26.2500000	1316.3968949	4.0150000
-161.5256040	18.6596000	-110.6900000	26.2500000	1312.2249544	4.0140000
-161.5256040	19.1596000	-110.6900000	26.2500000	1307.8235046	4.0140000
-161.5256040	19.6596000	-110.6900000	26.2500000	1303.5215697	4.0140000
-161.5256040	20.1596000	-110.6900000	26.2500000	1299.3202131	4.0140000
-161.5256040	20.6596000	-110.6900000	26.2500000	1295.2204877	4.0140000
-161.5256040	21.1596000	-110.6900000	26.2500000	1291.2234349	4.0140000
-161.5256040	21.6596000	-110.6900000	26.2500000	1287.3300835	4.0140000
-161.5256040	22.1596000	-110.6900000	26.2500000	1283.2217622	4.0150000
-161.5256040	22.6596000	-110.6900000	26.2500000	1279.5397621	4.0150000
-161.5256040	23.1596000	-110.6900000	26.2500000	1275.9644380	4.0150000
-161.5256040	23.6596000	-110.6900000	26.2500000	1272.1799013	4.0160000
-161.5256040	24.1596000	-110.6900000	26.2500000	1268.5057893	4.0170000
-161.5256040	24.6596000	-110.6900000	26.2500000	1265.2578482	4.0170000
-161.5256040	25.1596000	-110.6900000	26.2500000	1261.8061737	4.0180000
-161.5256040	25.6596000	-110.6900000	26.2500000	1258.4674352	4.0190000
-161.5256040	26.1596000	-110.6900000	26.2500000	1255.5547436	4.0190000
-161.5256040	26.6596000	-110.6900000	26.2500000	1252.4433532	4.0200000
-161.0256040	14.6596000	-110.6900000	26.2500000	1336.1353161	4.0210000
-161.0256040	15.1596000	-110.6900000	26.2500000	1331.3099689	4.0200000
-161.0256040	15.6596000	-110.6900000	26.2500000	1326.5742598	4.0190000
-161.0256040	16.1596000	-110.6900000	26.2500000	1321.9293944	4.0180000
-161.0256040	16.6596000	-110.6900000	26.2500000	1317.3765761	4.0170000
-161.0256040	17.1596000	-110.6900000	26.2500000	1312.9170053	4.0160000
-161.0256040	17.6596000	-110.6900000	26.2500000	1308.2260436	4.0160000
-161.0256040	18.1596000	-110.6900000	26.2500000	1303.9575338	4.0150000
-161.0256040	18.6596000	-110.6900000	26.2500000	1299.7858209	4.0140000
-161.0256040	19.1596000	-110.6900000	26.2500000	1295.3892849	4.0140000
-161.0256040	19.6596000	-110.6900000	26.2500000	1291.4156025	4.0130000
-161.0256040	20.1596000	-110.6900000	26.2500000	1287.2213597	4.0130000
-161.0256040	20.6596000	-110.6900000	26.2500000	1283.1304304	4.0130000
-161.0256040	21.1596000	-110.6900000	26.2500000	1278.8252075	4.0140000
-161.0256040	21.6596000	-110.6900000	26.2500000	1274.9450495	4.0140000
-161.0256040	22.1596000	-110.6900000	26.2500000	1271.1713286	4.0140000
-161.0256040	22.6596000	-110.6900000	26.2500000	1267.1893728	4.0150000
-161.0256040	23.1596000	-110.6900000	26.2500000	1263.6324571	4.0150000
-161.0256040	23.6596000	-110.6900000	26.2500000	1259.8711713	4.0160000
-161.0256040	24.1596000	-110.6900000	26.2500000	1256.5348961	4.0160000
-161.0256040	24.6596000	-110.6900000	26.2500000	1252.9979281	4.0170000
-161.0256040	25.1596000	-110.6900000	26.2500000	1249.5749004	4.0180000
-161.0256040	25.6596000	-110.6900000	26.2500000	1246.5768030	4.0180000
-161.0256040	26.1596000	-110.6900000	26.2500000	1243.3832178	4.0190000
-161.0256040	26.6596000	-110.6900000	26.2500000	1240.3059872	4.0200000
-160.5256040	14.6596000	-110.6900000	26.2500000	1323.7367840	4.0210000
-160.5256040	15.1596000	-110.6900000	26.2500000	1318.9006552	4.0200000
-160.5256040	15.6596000	-110.6900000	26.2500000	1314.1555841	4.0190000
-160.5256040	16.1596000	-110.6900000	26.2500000	1309.5028041	4.0180000
-160.5256040	16.6596000	-110.6900000	26.2500000	1304.9435464	4.0170000
-160.5256040	17.1596000	-110.6900000	26.2500000	1300.4790386	4.0160000
-160.5256040	17.6596000	-110.6900000	26.2500000	1296.1105043	4.0150000
-160.5256040	18.1596000	-110.6900000	26.2500000	1291.5174085	4.0150000
-160.5256040	18.6596000	-110.6900000	26.2500000	1287.3454289	4.0140000
-160.5256040	19.1596000	-110.6900000	26.2500000	1282.9533339	4.0140000
-160.5256040	19.6596000	-110.6900000	26.2500000	1278.9826282	4.0130000
-160.5256040	20.1596000	-110.6900000	26.2500000	1274.7961183	4.0130000
-160.5256040	20.6596000	-110.6900000	26.2500000	1270.7146025	4.0130000
-160.5256040	21.1596000	-110.6900000	26.2500000	1266.7391672	4.0130000
-160.5256040	21.6596000	-110.6900000	26.2500000	1262.5562680	4.0140000
-160.5256040	22.1596000	-110.6900000	26.2500000	1258.7971322	4.0140000
-160.5256040	22.6596000	-110.6900000	26.2500000	1255.1472206	4.0140000
-160.5256040	23.1596000	-110.6900000	26.2500000	1251.2958237	4.0150000
-160.5256040	23.6596000	-110.6900000	26.2500000	1247.8682666	4.0150000
-160.5256040	24.1596000	-110.6900000	26.2500000	1244.2430215	4.0160000
-160.5256040	24.6596000	-110.6900000	26.2500000	1240.7327001	4.0170000
-160.5256040	25.1596000	-110.6900000	26.2500000	1237.6461841	4.0170000
-160.5256040	25.6596000	-110.6900000	26.2500000	1234.3673624	4.0180000
-160.5256040	26.1596000	-110.6900000	26.2500000	1231.5124122	4.0180000
-160.5256040	26.6596000	-110.6900000	26.2500000	1228.4684364	4.0190000
-160.0256040	14.6596000	-110.6900000	26.2500000	1311.3417246	4.0210000
-160.0256040	15.1596000	-110.6900000	26.2500000	1306.4941829	4.0200000
-160.0256040	15.6596000	-110.6900000	26.2500000	1301.7391336	4.0190000
-160.0256040	16.1596000	-110.6900000	26.2500000	1297.0778392	4.0180000
-160.0256040	16.6596000	-110.6900000	26.2500000	1292.5115592	4.0170000
-160.0256040	17.1596000	-110.6900000	26.2500000	1288.0415497	4.0160000
-160.0256040	17.6596000	-110.6900000	26.2500000	1283.6690624	4.0150000
-160.0256040	18.1596000	-110.6900000	26.2500000	1279.0766893	4.0150000
-160.0256040	18.6596000	-110.6900000	26.2500000	1274.9039379	4.0140000
-160.0256040	19.1596000	-110.6900000	26.2500000	1270.8324010	4.0130000
-160.0256040	19.6596000	-110.6900000	26.2500000	1266.5476112	4.0130000
-160.0256040	20.1596000	-110.6900000	26.2500000	1262.3683973	4.0130000
-160.0256040	20.6596000	-110.6900000	26.2500000	1258.2958826	4.0130000
-160.0256040	21.1596000	-110.6900000	26.2500000	1254.3311767	4.0130000
-160.0256040	21.6596000	-110.6900000	26.2500000	1250.4753747	4.0130000
-160.0256040	22.1596000	-110.6900000	26.2500000	1246.4189606	4.0140000
-160.0256040	22.6596000	-110.6900000	26.2500000	1242.7850929	4.0140000
-160.0256040	23.1596000	-110.6900000	26.2500000	1238.9546285	4.0150000
-160.0256040	23.6596000	-110.6900000	26.2500000	1235.5467575	4.0150000
-160.0256040	24.1596000	-110.6900000	26.2500000	1231.9461122	4.0160000
-160.0256040	24.6596000	-110.6900000	26.2500000	1228.7681376	4.0160000
-160.0256040	25.1596000	-110.6900000	26.2500000	1225.4010063	4.0170000
-160.0256040	25.6596000	-110.6900000	26.2500000	1222.4566452	4.0170000
-160.0256040	26.1596000	-110.6900000	26.2500000	1219.3265293	4.0180000
-160.0256040	26.6596000	-110.6900000	26.2500000	1216.3165805	4.0190000
-159.5256040	14.6596000	-110.6900000	26.2500000	1299.2735251	4.0200000
-159.5256040	15.1596000	-110.6900000	26.2500000	1294.0908030	4.0200000
-159.5256040	15.6596000	-110.6900000	26.2500000	1289.3251458	4.0190000
-159.5256040	16.1596000	-110.6900000	26.2500000	1284.6547235	4.0180000
-159.5256040	16.6596000	-110.6900000	26.2500000	1280.0808254	4.0170000
-159.5256040	17.1596000	-110.6900000	26.2500000	1275.6047368	4.0160000
-159.5256040	17.6596000	-110.6900000	26.2500000	1271.2277383	4.0150000
-159.5256040	18.1596000	-110.6900000	26.2500000	1266.9511048	4.0140000
-159.5256040	18.6596000	-110.6900000	26.2500000	1262.4615110	4.0140000
-159.5256040	19.1596000	-110.6900000	26.2500000	1258.3903387	4.0130000
-159.5256040	19.6596000	-110.6900000	26.2500000	1254.1106935	4.0130000
-159.5256040	20.1596000	-110.6900000	26.2500000	1249.9383293	4.0130000
-159.5256040	20.6596000	-110.6900000	26.2500000	1245.8743942	4.0130000
-159.5256040	21.1596000	-110.6900000	26.2500000	1241.9200222	4.0130000
-159.5256040	21.6596000	-110.6900000	26.2500000	1238.0763319	4.0130000
-159.5256040	22.1596000	-110.6900000	26.2500000	1234.3444251	4.0130000
-159.5256040	22.6596000	-110.6900000	26.2500000	1230.4187778	4.0140000
-159.5256040	23.1596000	-110.6900000	26.2500000	1226.9145446	4.0140000
-159.5256040	23.6596000	-110.6900000	26.2500000	1223.2205214	4.0150000
-159.5256040	24.1596000	-110.6900000	26.2500000	1219.9480232	4.0150000
-159.5256040	24.6596000	-110.6900000	26.2500000	1216.4894805	4.0160000
-159.5256040	25.1596000	-110.6900000	26.2500000	1213.4525972	4.0160000
-159.5256040	25.6596000	-110.6900000	26.2500000	1210.2331979	4.0170000
-159.5256040	26.1596000	-110.6900000	26.2500000	1207.4356078	4.0170000
-159.5256040	26.6596000	-110.6900000	26.2500000	1204.4588017	4.0180000
-159.0256040	14.6596000	-110.6900000	26.2500000	1286.8831328	4.0200000
-159.0256040	15.1596000	-110.6900000	26.2500000	1282.0096816	4.0190000
-159.0256040	15.6596000	-110.6900000	26.2500000	1276.9138644	4.0190000
-159.0256040	16.1596000	-110.6900000	26.2500000	1272.2336869	4.0180000
-159.0256040	16.6596000	-110.6900000	26.2500000	1267.6515610	4.0170000
-159.0256040	17.1596000	-110.6900000	26.2500000	1263.1688026	4.0160000
-159.0256040	17.6596000	-110.6900000	26.2500000	1258.7867223	4.0150000
-159.0256040	18.1596000	-110.6900000	26.2500000	1254.5066246	4.0140000
-159.0256040	18.6596000	-110.6900000	26.2500000	1250.0183142	4.0140000
-159.0256040	19.1596000	-110.6900000	26.2500000	1245.9470012	4.0130000
-159.0256040	19.6596000	-110.6900000	26.2500000	1241.6720195	4.0130000
-159.0256040	20.1596000	-110.6900000	26.2500000	1237.5060486	4.0130000
-159.0256040	20.6596000	-110.6900000	26.2500000	1233.4502626	4.0130000
-159.0256040	21.1596000	-110.6900000	26.2500000	1229.5058204	4.0130000
-159.0256040	21.6596000	-110.6900000	26.2500000	1225.6738649	4.0130000
-159.0256040	22.1596000	-110.6900000	26.2500000	1221.9555215	4.0130000
-159.0256040	22.6596000	-110.6900000	26.2500000	1218.0483711	4.0140000
-159.0256040	23.1596000	-110.6900000	26.2500000	1214.5614206	4.0140000
-159.0256040	23.6596000	-110.6900000	26.2500000	1211.1913111	4.0140000
-159.0256040	24.1596000	-110.6900000	26.2500000	1207.6382281	4.0150000
-159.0256040	24.6596000	-110.6900000	26.2500000	1204.5056830	4.0150000
-159.0256040	25.1596000	-110.6900000	26.2500000	1201.1938248	4.0160000
-159.0256040	25.6596000	-110.6900000	26.2500000	1198.3026920	4.0160000
-159.0256040	26.1596000	-110.6900000	26.2500000	1195.2356765	4.0170000
-159.0256040	26.6596000	-110.6900000	26.2500000	1192.5895818	4.0170000
-158.5256040	14.6596000	-110.6900000	26.2500000	1274.4970325	4.0200000
-158.5256040	15.1596000	-110.6900000	26.2500000	1269.6101836	4.0190000
-158.5256040	15.6596000	-110.6900000	26.2500000	1264.8202499	4.0180000
-158.5256040	16.1596000	-110.6900000	26.2500000	1259.8149651	4.0180000
-158.5256040	16.6596000	-110.6900000	26.2500000	1255.2239880	4.0170000
-158.5256040	17.1596000	-110.6900000	26.2500000	1250.7339554	4.0160000
-158.5256040	17.6596000	-110.6900000	26.2500000	1246.3462091	4.0150000
-158.5256040	18.1596000	-110.6900000	26.2500000	1242.0620844	4.0140000
-158.5256040	18.6596000	-110.6900000	26.2500000	1237.5745172	4.0140000
-158.5256040	19.1596000	-110.6900000	26.2500000	1233.5025466	4.0130000
-158.5256040	19.6596000	-110.6900000	26.2500000	1229.2317361	4.0130000
-158.5256040	20.1596000	-110.6900000	26.2500000	1225.0716919	4.0130000
-158.5256040	20.6596000	-110.6900000	26.2500000	1221.0236146	4.0130000
-158.5256040	21.1596000	-110.6900000	26.2500000	1217.0886892	4.0130000
-158.5256040	21.6596000	-110.6900000	26.2500000	1213.2680837	4.0130000
-158.5256040	22.1596000	-110.6900000	26.2500000	1209.5629477	4.0130000
-158.5256040	22.6596000	-110.6900000	26.2500000	1205.9744111	4.0130000
-158.5256040	23.1596000	-110.6900000	26.2500000	1202.2040053	4.0140000
-158.5256040	23.6596000	-110.6900000	26.2500000	1198.8528062	4.0140000
-158.5256040	24.1596000	-110.6900000	26.2500000	1195.3236452	4.0150000
-158.5256040	24.6596000	-110.6900000	26.2500000	1192.2139107	4.0150000
-158.5256040	25.1596000	-110.6900000	26.2500000	1189.2260189	4.0150000
-158.5256040	25.6596000	-110.6900000	26.2500000	1186.0655427	4.0160000
-158.5256040	26.1596000	-110.6900000	26.2500000	1183.3249338	4.0160000
-158.5256040	26.6596000	-110.6900000	26.2500000	1180.4150628	4.0170000
-158.0256040	14.6596000	-110.6900000	26.2500000	1262.4295501	4.0190000
-158.0256040	15.1596000	-110.6900000	26.2500000	1257.2145754	4.0190000
-158.0256040	15.6596000	-110.6900000	26.2500000	1252.4120521	4.0180000
-158.0256040	16.1596000	-110.6900000	26.2500000	1247.3988007	4.0180000
-158.0256040	16.6596000	-110.6900000	26.2500000	1242.7983338	4.0170000
-158.0256040	17.1596000	-110.6900000	26.2500000	1238.3004084	4.0160000
-158.0256040	17.6596000	-110.6900000	26.2500000	1233.9063982	4.0150000
-158.0256040	18.1596000	-110.6900000	26.2500000	1229.3114144	4.0150000
-158.0256040	18.6596000	-110.6900000	26.2500000	1225.1302933	4.0140000
-158.0256040	19.1596000	-110.6900000	26.2500000	1221.0571360	4.0130000
-158.0256040	19.6596000	-110.6900000	26.2500000	1216.7899930	4.0130000
-158.0256040	20.1596000	-110.6900000	26.2500000	1212.6353979	4.0130000
-158.0256040	20.6596000	-110.6900000	26.2500000	1208.5945789	4.0130000
-158.0256040	21.1596000	-110.6900000	26.2500000	1204.6687480	4.0130000
-158.0256040	21.6596000	-110.6900000	26.2500000	1200.8590991	4.0130000
-158.0256040	22.1596000	-110.6900000	26.2500000	1197.1668070	4.0130000
-158.0256040	22.6596000	-110.6900000	26.2500000	1193.5930256	4.0130000
-158.0256040	23.1596000	-110.6900000	26.2500000	1190.1388865	4.0130000
-158.0256040	23.6596000	-110.6900000	26.2500000	1186.5098313	4.0140000
-158.0256040	24.1596000	-110.6900000	26.2500000	1183.2990759	4.0140000
-158.0256040	24.6596000	-110.6900000	26.2500000	1180.2111792	4.0140000
-158.0256040	25.1596000	-110.6900000	26.2500000	1176.9539569	4.0150000
-158.0256040	25.6596000	-110.6900000	26.2500000	1174.1155387	4.0150000
-158.0256040	26.1596000	-110.6900000	26.2500000	1171.1112571	4.0160000
-158.0256040	26.6596000	-110.6900000	26.2500000	1168.5260586	4.0160000
-157.5256040	14.6596000	-110.6900000	26.2500000	1250.0498293	4.0190000
-157.5256040	15.1596000	-110.6900000	26.2500000	1245.1329497	4.0180000
-157.5256040	15.6596000	-110.6900000	26.2500000	1240.0073345	4.0180000
-157.5256040	16.1596000	-110.6900000	26.2500000	1235.2928826	4.0170000
-157.5256040	16.6596000	-110.6900000	26.2500000	1230.3748326	4.0170000
-157.5256040	17.1596000	-110.6900000	26.2500000	1225.8683806	4.0160000
-157.5256040	17.6596000	-110.6900000	26.2500000	1221.4674941	4.0150000
-157.5256040	18.1596000	-110.6900000	26.2500000	1216.8704167	4.0150000
-157.5256040	18.6596000	-110.6900000	26.2500000	1212.6858198	4.0140000
-157.5256040	19.1596000	-110.6900000	26.2500000	1208.6109341	4.0130000
-157.5256040	19.6596000	-110.6900000	26.2500000	1204.3469428	4.0130000
-157.5256040	20.1596000	-110.6900000	26.2500000	1200.1973079	4.0130000
-157.5256040	20.6596000	-110.6900000	26.2500000	1196.1632863	4.0130000
-157.5256040	21.1596000	-110.6900000	26.2500000	1192.2461178	4.0130000
-157.5256040	21.6596000	-110.6900000	26.2500000	1188.4470233	4.0130000
-157.5256040	22.1596000	-110.6900000	26.2500000	1184.7672035	4.0130000
-157.5256040	22.6596000	-110.6900000	26.2500000	1181.2078371	4.0130000
-157.5256040	23.1596000	-110.6900000	26.2500000	1177.7700796	4.0130000
-157.5256040	23.6596000	-110.6900000	26.2500000	1174.4550616	4.0130000
-157.5256040	24.1596000	-110.6900000	26.2500000	1170.9720925	4.0140000
-157.5256040	24.6596000	-110.6900000	26.2500000	1167.9066017	4.0140000
-157.5256040	25.1596000	-110.6900000	26.2500000	1164.9670456	4.0140000
-157.5256040	25.6596000	-110.6900000	26.2500000	1161.8649864	4.0150000
-157.5256040	26.1596000	-110.6900000	26.2500000	1159.1809818	4.0150000
-157.5256040	26.6596000	-110.6900000	26.2500000	1156.6258262	4.0150000
-157.0256040	14.6596000	-110.6900000	26.2500000	1237.9833273	4.0180000
-157.0256040	15.1596000	-110.6900000	26.2500000	1232.7428900	4.0180000
-157.0256040	15.6596000	-110.6900000	26.2500000	1227.6063699	4.0180000
-157.0256040	16.1596000	-110.6900000	26.2500000	1222.8794984	4.0170000
-157.0256040	16.6596000	-110.6900000	26.2500000	1217.9537246	4.0170000
-157.0256040	17.1596000	-110.6900000	26.2500000	1213.4380970	4.0160000
-157.0256040	17.6596000	-110.6900000	26.2500000	1209.0297069	4.0150000
-157.0256040	18.1596000	-110.6900000	26.2500000	1204.4299312	4.0150000
-157.0256040	18.6596000	-110.6900000	26.2500000	1200.2412783	4.0140000
-157.0256040	19.1596000	-110.6900000	26.2500000	1195.8661111	4.0140000
-157.0256040	19.6596000	-110.6900000	26.2500000	1191.9027411	4.0130000
-157.0256040	20.1596000	-110.6900000	26.2500000	1187.7575657	4.0130000
-157.0256040	20.6596000	-110.6900000	26.2500000	1183.7298696	4.0130000
-157.0256040	21.1596000	-110.6900000	26.2500000	1179.8209213	4.0130000
-157.0256040	21.6596000	-110.6900000	26.2500000	1176.0319696	4.0130000
-157.0256040	22.1596000	-110.6900000	26.2500000	1172.3642420	4.0130000
-157.0256040	22.6596000	-110.6900000	26.2500000	1168.8189432	4.0130000
-157.0256040	23.1596000	-110.6900000	26.2500000	1165.3972531	4.0130000
-157.0256040	23.6596000	-110.6900000	26.2500000	1162.1003257	4.0130000
-157.0256040	24.1596000	-110.6900000	26.2500000	1158.9292869	4.0130000
-157.0256040	24.6596000	-110.6900000	26.2500000	1155.5972701	4.0140000
-157.0256040	25.1596000	-110.6900000	26.2500000	1152.6819940	4.0140000
-157.0256040	25.6596000	-110.6900000	26.2500000	1149.8957696	4.0140000
-157.0256040	26.1596000	-110.6900000	26.2500000	1147.2395953	4.0140000
-157.0256040	26.6596000	-110.6900000	26.2500000	1144.7144339	4.0140000
-156.5256040	14.6596000	-110.6900000	26.2500000	1225.6112166	4.0180000
-156.5256040	15.1596000	-110.6900000	26.2500000	1220.3575904	4.0180000
-156.5256040	15.6596000	-110.6900000	26.2500000	1215.2094396	4.0180000
-156.5256040	16.1596000	-110.6900000	26.2500000	1210.4694422	4.0170000
-156.5256040	16.6596000	-110.6900000	26.2500000	1205.5352576	4.0170000
-156.5256040	17.1596000	-110.6900000	26.2500000	1201.0097890	4.0160000
-156.5256040	17.6596000	-110.6900000	26.2500000	1196.5932522	4.0150000
-156.5256040	18.1596000	-110.6900000	26.2500000	1191.9901585	4.0150000
-156.5256040	18.6596000	-110.6900000	26.2500000	1187.7968549	4.0140000
-156.5256040	19.1596000	-110.6900000	26.2500000	1183.4219363	4.0140000
-156.5256040	19.6596000	-110.6900000	26.2500000	1179.4575471	4.0130000
-156.5256040	20.1596000	-110.6900000	26.2500000	1175.3163181	4.0130000
-156.5256040	20.6596000	-110.6900000	26.2500000	1171.2944638	4.0130000
-156.5256040	21.1596000	-110.6900000	26.2500000	1167.3932827	4.0130000
-156.5256040	21.6596000	-110.6900000	26.2500000	1163.6140524	4.0130000
-156.5256040	22.1596000	-110.6900000	26.2500000	1159.9580284	4.0130000
-156.5256040	22.6596000	-110.6900000	26.2500000	1156.4264419	4.0130000
-156.5256040	23.1596000	-110.6900000	26.2500000	1153.0204983	4.0130000
-156.5256040	23.6596000	-110.6900000	26.2500000	1149.7413756	4.0130000
-156.5256040	24.1596000	-110.6900000	26.2500000	1146.5902226	4.0130000
-156.5256040	24.6596000	-110.6900000	26.2500000	1143.5681570	4.0130000
-156.5256040	25.1596000	-110.6900000	26.2500000	1140.6762641	4.0130000
-156.5256040	25.6596000	-110.6900000	26.2500000	1137.9155948	4.0130000
-156.5256040	26.1596000	-110.6900000	26.2500000	1135.2871641	4.0130000
-156.5256040	26.6596000	-110.6900000	26.2500000	1132.5097392	4.0140000
-156.0256040	14.6596000	-110.6900000	26.2500000	1213.2449362	4.0180000
-156.0256040	15.1596000	-110.6900000	26.2500000	1207.9773592	4.0180000
-156.0256040	15.6596000	-110.6900000	26.2500000	1203.1162653	4.0170000
-156.0256040	16.1596000	-110.6900000	26.2500000	1198.0629863	4.0170000
-156.0256040	16.6596000	-110.6900000	26.2500000	1193.1196864	4.0170000
-156.0256040	17.1596000	-110.6900000	26.2500000	1188.5836947	4.0160000
-156.0256040	17.6596000	-110.6900000	26.2500000	1183.8634917	4.0160000
-156.0256040	18.1596000	-110.6900000	26.2500000	1179.5513044	4.0150000
-156.0256040	18.6596000	-110.6900000	26.2500000	1175.3527403	4.0140000
-156.0256040	19.1596000	-110.6900000	26.2500000	1170.9774870	4.0140000
-156.0256040	19.6596000	-110.6900000	26.2500000	1167.0115232	4.0130000
-156.0256040	20.1596000	-110.6900000	26.2500000	1162.8737145	4.0130000
-156.0256040	20.6596000	-110.6900000	26.2500000	1158.8572065	4.0130000
-156.0256040	21.1596000	-110.6900000	26.2500000	1154.9633285	4.0130000
-156.0256040	21.6596000	-110.6900000	26.2500000	1151.4803257	4.0120000
-156.0256040	22.1596000	-110.6900000	26.2500000	1147.8346988	4.0120000
-156.0256040	22.6596000	-110.6900000	26.2500000	1144.3155841	4.0120000
-156.0256040	23.1596000	-110.6900000	26.2500000	1140.9242139	4.0120000
-156.0256040	23.6596000	-110.6900000	26.2500000	1137.6617912	4.0120000
-156.0256040	24.1596000	-110.6900000	26.2500000	1134.5294886	4.0120000
-156.0256040	24.6596000	-110.6900000	26.2500000	1131.5284460	4.0120000
-156.0256040	25.1596000	-110.6900000	26.2500000	1128.3785183	4.0130000
-156.0256040	25.6596000	-110.6900000	26.2500000	1125.6439585	4.0130000
-156.0256040	26.1596000	-110.6900000	26.2500000	1123.0438326	4.0130000
-156.0256040	26.6596000	-110.6900000	26.2500000	1120.5791328	4.0130000
-155.5256040	14.6596000	-110.6900000	26.2500000	1201.1837739	4.0170000
-155.5256040	15.1596000	-110.6900000	26.2500000	1195.9001500	4.0170000
-155.5256040	15.6596000	-110.6900000	26.2500000	1190.7251989	4.0170000
-155.5256040	16.1596000	-110.6900000	26.2500000	1185.6604116	4.0170000
-155.5256040	16.6596000	-110.6900000	26.2500000	1180.7072738	4.0170000
-155.5256040	17.1596000	-110.6900000	26.2500000	1176.1600592	4.0160000
-155.5256040	17.6596000	-110.6900000	26.2500000	1171.4334695	4.0160000
-155.5256040	18.1596000	-110.6900000	26.2500000	1167.1135807	4.0150000
-155.5256040	18.6596000	-110.6900000	26.2500000	1162.6194891	4.0150000
-155.5256040	19.1596000	-110.6900000	26.2500000	1158.5329440	4.0140000
-155.5256040	19.6596000	-110.6900000	26.2500000	1154.2772014	4.0140000
-155.5256040	20.1596000	-110.6900000	26.2500000	1150.4299080	4.0130000
-155.5256040	20.6596000	-110.6900000	26.2500000	1146.4182378	4.0130000
-155.5256040	21.1596000	-110.6900000	26.2500000	1142.5311870	4.0130000
-155.5256040	21.6596000	-110.6900000	26.2500000	1139.0539354	4.0120000
-155.5256040	22.1596000	-110.6900000	26.2500000	1135.4192091	4.0120000
-155.5256040	22.6596000	-110.6900000	26.2500000	1131.9130745	4.0120000
-155.5256040	23.1596000	-110.6900000	26.2500000	1128.5367910	4.0120000
-155.5256040	23.6596000	-110.6900000	26.2500000	1125.2915876	4.0120000
-155.5256040	24.1596000	-110.6900000	26.2500000	1122.1786609	4.0120000
-155.5256040	24.6596000	-110.6900000	26.2500000	1119.1991737	4.0120000
-155.5256040	25.1596000	-110.6900000	26.2500000	1116.3542524	4.0120000
-155.5256040	25.6596000	-110.6900000	26.2500000	1113.6449858	4.0120000
-155.5256040	26.1596000	-110.6900000	26.2500000	1111.0724230	4.0120000
-155.5256040	26.6596000	-110.6900000	26.2500000	1108.6375716	4.0120000
-155.0256040	14.6596000	-110.6900000	26.2500000	1188.8271018	4.0170000
-155.0256040	15.1596000	-110.6900000	26.2500000	1183.5279410	4.0170000
-155.0256040	15.6596000	-110.6900000	26.2500000	1178.3390662	4.0170000
-155.0256040	16.1596000	-110.6900000	26.2500000	1173.2620078	4.0170000
-155.0256040	16.6596000	-110.6900000	26.2500000	1168.5892015	4.0160000
-155.0256040	17.1596000	-110.6900000	26.2500000	1163.7391352	4.0160000
-155.0256040	17.6596000	-110.6900000	26.2500000	1159.0054642	4.0160000
-155.0256040	18.1596000	-110.6900000	26.2500000	1154.6772050	4.0150000
-155.0256040	18.6596000	-110.6900000	26.2500000	1150.1796840	4.0150000
-155.0256040	19.1596000	-110.6900000	26.2500000	1146.0884926	4.0140000
-155.0256040	19.6596000	-110.6900000	26.2500000	1141.8331219	4.0140000
-155.0256040	20.1596000	-110.6900000	26.2500000	1137.9850546	4.0130000
-155.0256040	20.6596000	-110.6900000	26.2500000	1133.9777008	4.0130000
-155.0256040	21.1596000	-110.6900000	26.2500000	1130.0969892	4.0130000
-155.0256040	21.6596000	-110.6900000	26.2500000	1126.6250344	4.0120000
-155.0256040	22.1596000	-110.6900000	26.2500000	1123.0007909	4.0120000
-155.0256040	22.6596000	-110.6900000	26.2500000	1119.5072553	4.0120000
-155.0256040	23.1596000	-110.6900000	26.2500000	1116.1457152	4.0120000
-155.0256040	23.6596000	-110.6900000	26.2500000	1112.9174263	4.0120000
-155.0256040	24.1596000	-110.6900000	26.2500000	1109.8236104	4.0120000
-155.0256040	24.6596000	-110.6900000	26.2500000	1107.1414110	4.0110000
-155.0256040	25.1596000	-110.6900000	26.2500000	1104.3193578	4.0110000
-155.0256040	25.6596000	-110.6900000	26.2500000	1101.6352545	4.0110000
-155.0256040	26.1596000	-110.6900000	26.2500000	1099.0901679	4.0110000
-155.0256040	26.6596000	-110.6900000	26.2500000	1096.6851216	4.0110000
-154.5256040	14.6596000	-110.6900000	26.2500000	1176.7702553	4.0160000
-154.5256040	15.1596000	-110.6900000	26.2500000	1171.4534122	4.0160000
-154.5256040	15.6596000	-110.6900000	26.2500000	1166.2485149	4.0160000
-154.5256040	16.1596000	-110.6900000	26.2500000	1161.1571351	4.0160000
-154.5256040	16.6596000	-110.6900000	26.2500000	1156.1808386	4.0160000
-154.5256040	17.1596000	-110.6900000	26.2500000	1151.3211834	4.0160000
-154.5256040	17.6596000	-110.6900000	26.2500000	1146.5797177	4.0160000
-154.5256040	18.1596000	-110.6900000	26.2500000	1142.2424013	4.0150000
-154.5256040	18.6596000	-110.6900000	26.2500000	1137.7407914	4.0150000
-154.5256040	19.1596000	-110.6900000	26.2500000	1133.6443232	4.0140000
-154.5256040	19.6596000	-110.6900000	26.2500000	1129.3887241	4.0140000
-154.5256040	20.1596000	-110.6900000	26.2500000	1125.5393142	4.0130000
-154.5256040	20.6596000	-110.6900000	26.2500000	1121.5357415	4.0130000
-154.5256040	21.1596000	-110.6900000	26.2500000	1117.6608680	4.0130000
-154.5256040	21.6596000	-110.6900000	26.2500000	1114.1937443	4.0120000
-154.5256040	22.1596000	-110.6900000	26.2500000	1110.5795550	4.0120000
-154.5256040	22.6596000	-110.6900000	26.2500000	1107.0982277	4.0120000
-154.5256040	23.1596000	-110.6900000	26.2500000	1103.7510793	4.0120000
-154.5256040	23.6596000	-110.6900000	26.2500000	1100.8137736	4.0110000
-154.5256040	24.1596000	-110.6900000	26.2500000	1097.7380311	4.0110000
-154.5256040	24.6596000	-110.6900000	26.2500000	1094.8002431	4.0110000
-154.5256040	25.1596000	-110.6900000	26.2500000	1092.0015804	4.0110000
-154.5256040	25.6596000	-110.6900000	26.2500000	1089.6148283	4.0100000
-154.5256040	26.1596000	-110.6900000	26.2500000	1087.0971311	4.0100000
-154.5256040	26.6596000	-110.6900000	26.2500000	1084.7218478	4.0100000
-154.0256040	14.6596000	-110.6900000	26.2500000	1164.4246390	4.0160000
-154.0256040	15.1596000	-110.6900000	26.2500000	1159.0905895	4.0160000
-154.0256040	15.6596000	-110.6900000	26.2500000	1153.8701372	4.0160000
-154.0256040	16.1596000	-110.6900000	26.2500000	1148.7648963	4.0160000
-154.0256040	16.6596000	-110.6900000	26.2500000	1143.7764749	4.0160000
-154.0256040	17.1596000	-110.6900000	26.2500000	1138.9064727	4.0160000
-154.0256040	17.6596000	-110.6900000	26.2500000	1134.4389594	4.0150000
-154.0256040	18.1596000	-110.6900000	26.2500000	1129.8094008	4.0150000
-154.0256040	18.6596000	-110.6900000	26.2500000	1125.3030241	4.0150000
-154.0256040	19.1596000	-110.6900000	26.2500000	1121.2006313	4.0140000
-154.0256040	19.6596000	-110.6900000	26.2500000	1116.9441873	4.0140000
-154.0256040	20.1596000	-110.6900000	26.2500000	1113.0928507	4.0130000
-154.0256040	20.6596000	-110.6900000	26.2500000	1109.0925090	4.0130000
-154.0256040	21.1596000	-110.6900000	26.2500000	1105.2229593	4.0130000
-154.0256040	21.6596000	-110.6900000	26.2500000	1101.7601885	4.0120000
-154.0256040	22.1596000	-110.6900000	26.2500000	1098.1556136	4.0120000
-154.0256040	22.6596000	-110.6900000	26.2500000	1094.6860941	4.0120000
-154.0256040	23.1596000	-110.6900000	26.2500000	1091.6250673	4.0110000
-154.0256040	23.6596000	-110.6900000	26.2500000	1088.4288685	4.0110000
-154.0256040	24.1596000	-110.6900000	26.2500000	1085.3716938	4.0110000
-154.0256040	24.6596000	-110.6900000	26.2500000	1082.7247173	4.0100000
-154.0256040	25.1596000	-110.6900000	26.2500000	1079.9485629	4.0100000
-154.0256040	25.6596000	-110.6900000	26.2500000	1077.3150466	4.0100000
-154.0256040	26.1596000	-110.6900000	26.2500000	1075.0933757	4.0090000
-154.0256040	26.6596000	-110.6900000	26.2500000	1072.7478149	4.0090000
-153.5256040	14.6596000	-110.6900000	26.2500000	1152.3736076	4.0150000
-153.5256040	15.1596000	-110.6900000	26.2500000	1147.0201527	4.0150000
-153.5256040	15.6596000	-110.6900000	26.2500000	1141.4976862	4.0160000
-153.5256040	16.1596000	-110.6900000	26.2500000	1136.3777586	4.0160000
-153.5256040	16.6596000	-110.6900000	26.2500000	1131.3764091	4.0160000
-153.5256040	17.1596000	-110.6900000	26.2500000	1126.7758528	4.0150000
-153.5256040	17.6596000	-110.6900000	26.2500000	1122.0153941	4.0150000
-153.5256040	18.1596000	-110.6900000	26.2500000	1117.3784414	4.0150000
-153.5256040	18.6596000	-110.6900000	26.2500000	1113.1438478	4.0140000
-153.5256040	19.1596000	-110.6900000	26.2500000	1108.7576184	4.0140000
-153.5256040	19.6596000	-110.6900000	26.2500000	1104.4996955	4.0140000
-153.5256040	20.1596000	-110.6900000	26.2500000	1100.6458319	4.0130000
-153.5256040	20.6596000	-110.6900000	26.2500000	1096.6481561	4.0130000
-153.5256040	21.1596000	-110.6900000	26.2500000	1093.0557803	4.0120000
-153.5256040	21.6596000	-110.6900000	26.2500000	1089.3244926	4.0120000
-153.5256040	22.1596000	-110.6900000	26.2500000	1085.7290807	4.0120000
-153.5256040	22.6596000	-110.6900000	26.2500000	1082.5407837	4.0110000
-153.5256040	23.1596000	-110.6900000	26.2500000	1079.2205015	4.0110000
-153.5256040	23.6596000	-110.6900000	26.2500000	1076.3086032	4.0100000
-153.5256040	24.1596000	-110.6900000	26.2500000	1073.2689554	4.0100000
-153.5256040	24.6596000	-110.6900000	26.2500000	1070.3719519	4.0100000
-153.5256040	25.1596000	-110.6900000	26.2500000	1067.8851158	4.0090000
-153.5256040	25.6596000	-110.6900000	26.2500000	1065.2763571	4.0090000
-153.5256040	26.1596000	-110.6900000	26.2500000	1062.8137913	4.0090000
-153.5256040	26.6596000	-110.6900000	26.2500000	1060.7630869	4.0080000
-153.0256040	14.6596000	-110.6900000	26.2500000	1140.0405992	4.0150000
-153.0256040	15.1596000	-110.6900000	26.2500000	1134.6681779	4.0150000
-153.0256040	15.6596000	-110.6900000	26.2500000	1129.4127441	4.0150000
-153.0256040	16.1596000	-110.6900000	26.2500000	1124.2760023	4.0150000
-153.0256040	16.6596000	-110.6900000	26.2500000	1119.2596505	4.0150000
-153.0256040	17.1596000	-110.6900000	26.2500000	1114.3653776	4.0150000
-153.0256040	17.6596000	-110.6900000	26.2500000	1109.5948620	4.0150000
-153.0256040	18.1596000	-110.6900000	26.2500000	1104.9497692	4.0150000
-153.0256040	18.6596000	-110.6900000	26.2500000	1100.7058982	4.0140000
-153.0256040	19.1596000	-110.6900000	26.2500000	1096.3154918	4.0140000
-153.0256040	19.6596000	-110.6900000	26.2500000	1092.0554381	4.0140000
-153.0256040	20.1596000	-110.6900000	26.2500000	1088.1984301	4.0130000
-153.0256040	20.6596000	-110.6900000	26.2500000	1084.2028392	4.0130000
-153.0256040	21.1596000	-110.6900000	26.2500000	1080.6116143	4.0120000
-153.0256040	21.6596000	-110.6900000	26.2500000	1076.8867846	4.0120000
-153.0256040	22.1596000	-110.6900000	26.2500000	1073.5676611	4.0110000
-153.0256040	22.6596000	-110.6900000	26.2500000	1070.1196539	4.0110000
-153.0256040	23.1596000	-110.6900000	26.2500000	1067.0786963	4.0100000
-153.0256040	23.6596000	-110.6900000	26.2500000	1063.9132960	4.0100000
-153.0256040	24.1596000	-110.6900000	26.2500000	1061.1562752	4.0090000
-153.0256040	24.6596000	-110.6900000	26.2500000	1058.2789497	4.0090000
-153.0256040	25.1596000	-110.6900000	26.2500000	1055.8113035	4.0080000
-153.0256040	25.6596000	-110.6900000	26.2500000	1053.2271653	4.0080000
-153.0256040	26.1596000	-110.6900000	26.2500000	1050.7917203	4.0080000
-153.0256040	26.6596000	-110.6900000	26.2500000	1048.5060587	4.0080000
-152.5256040	14.6596000	-110.6900000	26.2500000	1127.9969931	4.0140000
-152.5256040	15.1596000	-110.6900000	26.2500000	1122.6033483	4.0140000
-152.5256040	15.6596000	-110.6900000	26.2500000	1117.0501428	4.0150000
-152.5256040	16.1596000	-110.6900000	26.2500000	1111.8969900	4.0150000
-152.5256040	16.6596000	-110.6900000	26.2500000	1106.8660328	4.0150000
-152.5256040	17.1596000	-110.6900000	26.2500000	1101.9590073	4.0150000
-152.5256040	17.6596000	-110.6900000	26.2500000	1097.4509763	4.0140000
-152.5256040	18.1596000	-110.6900000	26.2500000	1092.7958165	4.0140000
-152.5256040	18.6596000	-110.6900000	26.2500000	1088.2697532	4.0140000
-152.5256040	19.1596000	-110.6900000	26.2500000	1083.8744650	4.0140000
-152.5256040	19.6596000	-110.6900000	26.2500000	1079.8806384	4.0130000
-152.5256040	20.1596000	-110.6900000	26.2500000	1075.7508226	4.0130000
-152.5256040	20.6596000	-110.6900000	26.2500000	1072.0238564	4.0120000
-152.5256040	21.1596000	-110.6900000	26.2500000	1068.1660854	4.0120000
-152.5256040	21.6596000	-110.6900000	26.2500000	1064.4471951	4.0120000
-152.5256040	22.1596000	-110.6900000	26.2500000	1061.1331948	4.0110000
-152.5256040	22.6596000	-110.6900000	26.2500000	1057.9594962	4.0100000
-152.5256040	23.1596000	-110.6900000	26.2500000	1054.6645765	4.0100000
-152.5256040	23.6596000	-110.6900000	26.2500000	1051.7767514	4.0090000
-152.5256040	24.1596000	-110.6900000	26.2500000	1048.7720567	4.0090000
-152.5256040	24.6596000	-110.6900000	26.2500000	1046.1758396	4.0080000
-152.5256040	25.1596000	-110.6900000	26.2500000	1043.4667787	4.0080000
-152.5256040	25.6596000	-110.6900000	26.2500000	1041.1675331	4.0070000
-152.5256040	26.1596000	-110.6900000	26.2500000	1038.7591209	4.0070000
-152.5256040	26.6596000	-110.6900000	26.2500000	1036.5030614	4.0070000
-152.0256040	14.6596000	-110.6900000	26.2500000	1115.9562763	4.0130000
-152.0256040	15.1596000	-110.6900000	26.2500000	1110.2637913	4.0140000
-152.0256040	15.6596000	-110.6900000	26.2500000	1104.9697816	4.0140000
-152.0256040	16.1596000	-110.6900000	26.2500000	1099.7980329	4.0140000
-152.0256040	16.6596000	-110.6900000	26.2500000	1094.7503403	4.0140000
-152.0256040	17.1596000	-110.6900000	26.2500000	1089.8284893	4.0140000
-152.0256040	17.6596000	-110.6900000	26.2500000	1085.0342539	4.0140000
-152.0256040	18.1596000	-110.6900000	26.2500000	1080.3693942	4.0140000
-152.0256040	18.6596000	-110.6900000	26.2500000	1076.1037418	4.0130000
-152.0256040	19.1596000	-110.6900000	26.2500000	1071.7017496	4.0130000
-152.0256040	19.6596000	-110.6900000	26.2500000	1067.4343394	4.0130000
-152.0256040	20.1596000	-110.6900000	26.2500000	1063.5682220	4.0120000
-152.0256040	20.6596000	-110.6900000	26.2500000	1059.5739944	4.0120000
-152.0256040	21.1596000	-110.6900000	26.2500000	1055.7193419	4.0120000
-152.0256040	21.6596000	-110.6900000	26.2500000	1052.2681377	4.0110000
-152.0256040	22.1596000	-110.6900000	26.2500000	1048.6964896	4.0110000
-152.0256040	22.6596000	-110.6900000	26.2500000	1045.5297903	4.0100000
-152.0256040	23.1596000	-110.6900000	26.2500000	1042.5073485	4.0090000
-152.0256040	23.6596000	-110.6900000	26.2500000	1039.3713872	4.0090000
-152.0256040	24.1596000	-110.6900000	26.2500000	1036.6426744	4.0080000
-152.0256040	24.6596000	-110.6900000	26.2500000	1033.8046895	4.0080000
-152.0256040	25.1596000	-110.6900000	26.2500000	1031.3753803	4.0070000
-152.0256040	25.6596000	-110.6900000	26.2500000	1029.0975217	4.0060000
-152.0256040	26.1596000	-110.6900000	26.2500000	1026.7160542	4.0060000
-152.0256040	26.6596000	-110.6900000	26.2500000	1024.4895620	4.0060000
-151.5256040	14.6596000	-110.6900000	26.2500000	1103.6438128	4.0130000
-151.5256040	15.1596000	-110.6900000	26.2500000	1098.2061996	4.0130000
-151.5256040	15.6596000	-110.6900000	26.2500000	1092.8908279	4.0130000
-151.5256040	16.1596000	-110.6900000	26.2500000	1087.6995514	4.0130000
-151.5256040	16.6596000	-110.6900000	26.2500000	1082.6342166	4.0130000
-151.5256040	17.1596000	-110.6900000	26.2500000	1077.6966605	4.0130000
-151.5256040	17.6596000	-110.6900000	26.2500000	1072.8887081	4.0130000
-151.5256040	18.1596000	-110.6900000	26.2500000	1068.2121701	4.0130000
-151.5256040	18.6596000	-110.6900000	26.2500000	1063.6688400	4.0130000
-151.5256040	19.1596000	-110.6900000	26.2500000	1059.2604919	4.0130000
-151.5256040	19.6596000	-110.6900000	26.2500000	1055.2518359	4.0120000
-151.5256040	20.1596000	-110.6900000	26.2500000	1051.1176519	4.0120000
-151.5256040	20.6596000	-110.6900000	26.2500000	1047.1236623	4.0120000
-151.5256040	21.1596000	-110.6900000	26.2500000	1043.5316386	4.0110000
-151.5256040	21.6596000	-110.6900000	26.2500000	1039.8220862	4.0110000
-151.5256040	22.1596000	-110.6900000	26.2500000	1036.5160857	4.0100000
-151.5256040	22.6596000	-110.6900000	26.2500000	1033.3552030	4.0090000
-151.5256040	23.1596000	-110.6900000	26.2500000	1030.0840585	4.0090000
-151.5256040	23.6596000	-110.6900000	26.2500000	1027.2189013	4.0080000
-151.5256040	24.1596000	-110.6900000	26.2500000	1024.5035744	4.0070000
-151.5256040	24.6596000	-110.6900000	26.2500000	1021.6845273	4.0070000
-151.5256040	25.1596000	-110.6900000	26.2500000	1019.2738112	4.0060000
-151.5256040	25.6596000	-110.6900000	26.2500000	1017.0171920	4.0050000
-151.5256040	26.1596000	-110.6900000	26.2500000	1014.6625805	4.0050000
-151.5256040	26.6596000	-110.6900000	26.2500000	1012.7184859	4.0040000
-151.0256040	14.6596000	-110.6900000	26.2500000	1091.6131721	4.0120000
-151.0256040	15.1596000	-110.6900000	26.2500000	1086.1514101	4.0120000
-151.0256040	15.6596000	-110.6900000	26.2500000	1080.8136932	4.0120000
-151.0256040	16.1596000	-110.6900000	26.2500000	1075.6019293	4.0120000
-151.0256040	16.6596000	-110.6900000	26.2500000	1070.2512559	4.0130000
-151.0256040	17.1596000	-110.6900000	26.2500000	1065.2983233	4.0130000
-151.0256040	17.6596000	-110.6900000	26.2500000	1060.7413058	4.0120000
-151.0256040	18.1596000	-110.6900000	26.2500000	1056.0522453	4.0120000
-151.0256040	18.6596000	-110.6900000	26.2500000	1051.4985151	4.0120000
-151.0256040	19.1596000	-110.6900000	26.2500000	1047.0819405	4.0120000
-151.0256040	19.6596000	-110.6900000	26.2500000	1042.8043232	4.0120000
-151.0256040	20.1596000	-110.6900000	26.2500000	1038.9263936	4.0110000
-151.0256040	20.6596000	-110.6900000	26.2500000	1034.9309931	4.0110000
-151.0256040	21.1596000	-110.6900000	26.2500000	1031.0798226	4.0110000
-151.0256040	21.6596000	-110.6900000	26.2500000	1027.6307650	4.0100000
-151.0256040	22.1596000	-110.6900000	26.2500000	1024.0721687	4.0100000
-151.0256040	22.6596000	-110.6900000	26.2500000	1020.9173544	4.0090000
-151.0256040	23.1596000	-110.6900000	26.2500000	1017.9117867	4.0080000
-151.0256040	23.6596000	-110.6900000	26.2500000	1015.0570877	4.0070000
-151.0256040	24.1596000	-110.6900000	26.2500000	1012.1021842	4.0070000
-151.0256040	24.6596000	-110.6900000	26.2500000	1009.5544636	4.0060000
-151.0256040	25.1596000	-110.6900000	26.2500000	1007.1621342	4.0050000
-151.0256040	25.6596000	-110.6900000	26.2500000	1004.6756864	4.0050000
-151.0256040	26.1596000	-110.6900000	26.2500000	1002.5987597	4.0040000
-151.0256040	26.6596000	-110.6900000	26.2500000	1000.6812243	4.0030000
-150.5256040	14.6596000	-110.6900000	26.2500000	1079.5868242	4.0110000
-150.5256040	15.1596000	-110.6900000	26.2500000	1074.0998794	4.0110000
-150.5256040	15.6596000	-110.6900000	26.2500000	1068.7388055	4.0110000
-150.5256040	16.1596000	-110.6900000	26.2500000	1063.2404848	4.0120000
-150.5256040	16.6596000	-110.6900000	26.2500000	1058.1383080	4.0120000
-150.5256040	17.1596000	-110.6900000	26.2500000	1053.1678353	4.0120000
-150.5256040	17.6596000	-110.6900000	26.2500000	1048.3309995	4.0120000
-150.5256040	18.1596000	-110.6900000	26.2500000	1043.8899101	4.0110000
-150.5256040	18.6596000	-110.6900000	26.2500000	1039.3249446	4.0110000
-150.5256040	19.1596000	-110.6900000	26.2500000	1034.8993452	4.0110000
-150.5256040	19.6596000	-110.6900000	26.2500000	1030.6149659	4.0110000
-150.5256040	20.1596000	-110.6900000	26.2500000	1026.4736334	4.0110000
-150.5256040	20.6596000	-110.6900000	26.2500000	1022.7321258	4.0100000
-150.5256040	21.1596000	-110.6900000	26.2500000	1018.8812820	4.0100000
-150.5256040	21.6596000	-110.6900000	26.2500000	1015.4320316	4.0090000
-150.5256040	22.1596000	-110.6900000	26.2500000	1011.8787248	4.0090000
-150.5256040	22.6596000	-110.6900000	26.2500000	1008.7287693	4.0080000
-150.5256040	23.1596000	-110.6900000	26.2500000	1005.4797196	4.0080000
-150.5256040	23.6596000	-110.6900000	26.2500000	1002.6357461	4.0070000
-150.5256040	24.1596000	-110.6900000	26.2500000	999.9468431	4.0060000
-150.5256040	24.6596000	-110.6900000	26.2500000	997.4145658	4.0050000
-150.5256040	25.1596000	-110.6900000	26.2500000	995.0404121	4.0040000
-150.5256040	25.6596000	-110.6900000	26.2500000	992.5778602	4.0040000
-150.5256040	26.1596000	-110.6900000	26.2500000	990.5246511	4.0030000
-150.5256040	26.6596000	-110.6900000	26.2500000	988.6336408	4.0020000
-150.0256040	14.6596000	-110.6900000	26.2500000	1067.5652748	4.0100000
-150.0256040	15.1596000	-110.6900000	26.2500000	1062.0520833	4.0100000
-150.0256040	15.6596000	-110.6900000	26.2500000	1056.6666099	4.0100000
-150.0256040	16.1596000	-110.6900000	26.2500000	1051.1487450	4.0110000
-150.0256040	16.6596000	-110.6900000	26.2500000	1046.0260443	4.0110000
-150.0256040	17.1596000	-110.6900000	26.2500000	1041.0370692	4.0110000
-150.0256040	17.6596000	-110.6900000	26.2500000	1036.1838103	4.0110000
-150.0256040	18.1596000	-110.6900000	26.2500000	1031.4682423	4.0110000
-150.0256040	18.6596000	-110.6900000	26.2500000	1027.1484034	4.0100000
-150.0256040	19.1596000	-110.6900000	26.2500000	1022.7129553	4.0100000
-150.0256040	19.6596000	-110.6900000	26.2500000	1018.4210306	4.0100000
-150.0256040	20.1596000	-110.6900000	26.2500000	1014.2745091	4.0100000
-150.0256040	20.6596000	-110.6900000	26.2500000	1010.2752389	4.0100000
-150.0256040	21.1596000	-110.6900000	26.2500000	1006.6760742	4.0090000
-150.0256040	21.6596000	-110.6900000	26.2500000	1002.9757836	4.0090000
-150.0256040	22.1596000	-110.6900000	26.2500000	999.6774597	4.0080000
-150.0256040	22.6596000	-110.6900000	26.2500000	996.5318622	4.0070000
-150.0256040	23.1596000	-110.6900000	26.2500000	993.2927937	4.0070000
-150.0256040	23.6596000	-110.6900000	26.2500000	990.4585057	4.0060000
-150.0256040	24.1596000	-110.6900000	26.2500000	987.7820112	4.0050000
-150.0256040	24.6596000	-110.6900000	26.2500000	985.2649016	4.0040000
-150.0256040	25.1596000	-110.6900000	26.2500000	982.9087072	4.0030000
-150.0256040	25.6596000	-110.6900000	26.2500000	980.4698995	4.0030000
-150.0256040	26.1596000	-110.6900000	26.2500000	978.4403135	4.0020000
-150.0256040	26.6596000	-110.6900000	26.2500000	976.5757957	4.0010000
-149.5256040	14.6596000	-110.6900000	26.2500000	1055.5490510	4.0090000
-149.5256040	15.1596000	-110.6900000	26.2500000	1050.0085168	4.0090000
-149.5256040	15.6596000	-110.6900000	26.2500000	1044.5975705	4.0090000
-149.5256040	16.1596000	-110.6900000	26.2500000	1039.3182948	4.0090000
-149.5256040	16.6596000	-110.6900000	26.2500000	1033.9148666	4.0100000
-149.5256040	17.1596000	-110.6900000	26.2500000	1028.9063968	4.0100000
-149.5256040	17.6596000	-110.6900000	26.2500000	1024.2911885	4.0090000
-149.5256040	18.1596000	-110.6900000	26.2500000	1019.5592273	4.0090000
-149.5256040	18.6596000	-110.6900000	26.2500000	1014.9691773	4.0090000
-149.5256040	19.1596000	-110.6900000	26.2500000	1010.5230301	4.0090000
-149.5256040	19.6596000	-110.6900000	26.2500000	1006.2227509	4.0090000
-149.5256040	20.1596000	-110.6900000	26.2500000	1002.0702753	4.0090000
-149.5256040	20.6596000	-110.6900000	26.2500000	998.0675054	4.0090000
-149.5256040	21.1596000	-110.6900000	26.2500000	994.4643642	4.0080000
-149.5256040	21.6596000	-110.6900000	26.2500000	990.7656380	4.0080000
-149.5256040	22.1596000	-110.6900000	26.2500000	987.4685010	4.0070000
-149.5256040	22.6596000	-110.6900000	26.2500000	984.0810926	4.0070000
-149.5256040	23.1596000	-110.6900000	26.2500000	981.0971997	4.0060000
-149.5256040	23.6596000	-110.6900000	26.2500000	978.2721938	4.0050000
-149.5256040	24.1596000	-110.6900000	26.2500000	975.6077639	4.0040000
-149.5256040	24.6596000	-110.6900000	26.2500000	973.1055384	4.0030000
-149.5256040	25.1596000	-110.6900000	26.2500000	970.7670817	4.0020000
-149.5256040	25.6596000	-110.6900000	26.2500000	968.5938908	4.0010000
-149.5256040	26.1596000	-110.6900000	26.2500000	966.3458053	4.0010000
-149.5256040	26.6596000	-110.6900000	26.2500000	964.5077491	4.0000000
-149.0256040	14.6596000	-110.6900000	26.2500000	1043.5387018	4.0080000
-149.0256040	15.1596000	-110.6900000	26.2500000	1037.9696963	4.0080000
-149.0256040	15.6596000	-110.6900000	26.2500000	1032.5321705	4.0080000
-149.0256040	16.1596000	-110.6900000	26.2500000	1027.2282707	4.0080000
-149.0256040	16.6596000	-110.6900000	26.2500000	1022.0601353	4.0080000
-149.0256040	17.1596000	-110.6900000	26.2500000	1017.0298919	4.0080000
-149.0256040	17.6596000	-110.6900000	26.2500000	1012.1396545	4.0080000
-149.0256040	18.1596000	-110.6900000	26.2500000	1007.3915197	4.0080000
-149.0256040	18.6596000	-110.6900000	26.2500000	1002.7875637	4.0080000
-149.0256040	19.1596000	-110.6900000	26.2500000	998.3298387	4.0080000
-149.0256040	19.6596000	-110.6900000	26.2500000	994.0203693	4.0080000
-149.0256040	20.1596000	-110.6900000	26.2500000	989.8611489	4.0080000
-149.0256040	20.6596000	-110.6900000	26.2500000	985.8541361	4.0080000
-149.0256040	21.1596000	-110.6900000	26.2500000	982.2463223	4.0070000
-149.0256040	21.6596000	-110.6900000	26.2500000	978.5485195	4.0070000
-149.0256040	22.1596000	-110.6900000	26.2500000	975.2519793	4.0060000
-149.0256040	22.6596000	-110.6900000	26.2500000	971.8708653	4.0060000
-149.0256040	23.1596000	-110.6900000	26.2500000	968.8930366	4.0050000
-149.0256040	23.6596000	-110.6900000	26.2500000	966.0768969	4.0040000
-149.0256040	24.1596000	-110.6900000	26.2500000	963.4241770	4.0030000
-149.0256040	24.6596000	-110.6900000	26.2500000	960.9365440	4.0020000
-149.0256040	25.1596000	-110.6900000	26.2500000	958.6155976	4.0010000
-149.0256040	25.6596000	-110.6900000	26.2500000	956.4628664	4.0000000
-149.0256040	26.1596000	-110.6900000	26.2500000	954.2411843	4.0000000
-149.0256040	26.6596000	-110.6900000	26.2500000	952.4295605	3.9990000
-162.0256040	19.9863000	-110.6900000	26.2500000	1313.1849032	4.0140000
-161.3675990	17.7469010	-110.6900000	26.2500000	1315.9243845	4.0160000
-161.3148960	21.9563010	-110.6900000	26.2500000	1279.8540804	4.0140000
-161.0950010	23.9972000	-110.6900000	26.2500000	1259.3130083	4.0160000
-160.0475010	19.8234000	-110.6900000	26.2500000	1265.7113442	4.0130000
-159.6649930	22.1229990	-110.6900000	26.2500000	1237.7587395	4.0140000
-159.4010010	21.9710010	-110.6900000	26.2500000	1232.6505124	4.0130000
-158.9824980	15.5740000	-110.6900000	26.2500000	1276.7095233	4.0190000
-158.9331050	24.5737990	-110.6900000	26.2500000	1202.7604095	4.0150000
-158.9030000	21.2984010	-110.6900000	26.2500000	1225.3869586	4.0130000
-158.7601930	18.5646990	-110.6900000	26.2500000	1244.2565113	4.0140000
-158.1853940	22.6201990	-110.6900000	26.2500000	1197.8279712	4.0130000
-158.1795040	20.3778000	-110.6900000	26.2500000	1214.6851256	4.0130000
-157.9310000	21.6460000	-110.6900000	26.2500000	1198.6128840	4.0130000
-157.8591000	14.6596000	-110.6900000	26.2500000	1258.3064472	4.0190000
-157.7008060	16.3484000	-110.6900000	26.2500000	1237.7748711	4.0170000
-157.6275940	20.3461000	-110.6900000	26.2500000	1201.2158336	4.0130000
-157.2700040	21.1089990	-110.6900000	26.2500000	1186.2852705	4.0130000
-157.2272950	18.9848000	-110.6900000	26.2500000	1202.4024906	4.0140000
-156.9646000	24.3120990	-110.6900000	26.2500000	1156.4829157	4.0130000
-156.9320070	19.8327010	-110.6900000	26.2500000	1188.1250924	4.0130000
-156.8081970	18.4042000	-110.6900000	26.2500000	1196.8110247	4.0150000
-156.7559970	21.1360000	-110.6900000	26.2500000	1173.3016499	4.0130000
-156.6580050	20.8910010	-110.6900000	26.2500000	1172.7661500	4.0130000
-156.5101010	19.4776990	-110.6900000	26.2500000	1180.6075749	4.0130000
-156.4651030	18.7750000	-110.6900000	26.2500000	1185.2710310	4.0140000
-156.3876950	17.6149010	-110.6900000	26.2500000	1193.2832368	4.0160000
-156.2066040	16.1620010	-110.6900000	26.2500000	1202.5297061	4.0170000
-156.1670070	18.3010010	-110.6900000	26.2500000	1181.7872758	4.0150000
-155.9969940	20.7710000	-110.6900000	26.2500000	1157.2673537	4.0130000
-155.7729950	19.0790000	-110.6900000	26.2500000	1165.3875918	4.0140000
-155.7653050	26.7766990	-110.6900000	26.2500000	1113.6655107	4.0130000
-155.7149960	18.0002990	-110.6900000	26.2500000	1173.2807283	4.0150000
-155.7109990	20.0460000	-110.6900000	26.2500000	1155.9730534	4.0130000
-155.6793980	21.2055000	-110.6900000	26.2500000	1146.0046313	4.0130000
-155.6362000	22.2999000	-110.6900000	26.2500000	1137.1680675	4.0120000
-154.9944000	21.5070000	-110.6900000	26.2500000	1126.9810738	4.0120000
-154.9830020	19.6010000	-110.6900000	26.2500000	1141.2651628	4.0140000
-154.7973940	18.8031010	-110.6900000	26.2500000	1143.2333094	4.0150000
-154.6912990	17.1800990	-110.6900000	26.2500000	1155.2394192	4.0160000
-154.6177980	20.0889000	-110.6900000	26.2500000	1128.4106898	4.0130000
-154.4958950	18.4016990	-110.6900000	26.2500000	1139.3085535	4.0150000
-154.4828030	21.0019000	-110.6900000	26.2500000	1117.8042115	4.0130000
-154.3939970	19.2625010	-110.6900000	26.2500000	1129.4828201	4.0140000
-154.2518010	21.1686990	-110.6900000	26.2500000	1110.7807583	4.0130000
-154.0305020	17.9884000	-110.6900000	26.2500000	1131.5025349	4.0150000
-153.9922940	18.7976000	-110.6900000	26.2500000	1123.2525321	4.0150000
-153.9826970	21.5196990	-110.6900000	26.2500000	1101.7254838	4.0120000
-153.9674990	14.7313000	-110.6900000	26.2500000	1162.2183183	4.0160000
-153.9024050	19.9790990	-110.6900000	26.2500000	1111.2249183	4.0140000
-153.8681950	17.3153990	-110.6900000	26.2500000	1133.5048320	4.0160000
-153.7008060	17.2975010	-110.6900000	26.2500000	1129.8012499	4.0150000
-153.5032040	19.4951990	-110.6900000	26.2500000	1105.3279627	4.0140000
-153.2958980	18.8009000	-110.6900000	26.2500000	1106.1764200	4.0140000
-153.2920990	20.8925990	-110.6900000	26.2500000	1089.0194132	4.0130000
-153.2906040	17.9062000	-110.6900000	26.2500000	1113.8729150	4.0150000
-152.9812010	18.3018000	-110.6900000	26.2500000	1102.8227121	4.0140000
-152.7657930	25.5928000	-110.6900000	26.2500000	1047.1611178	4.0080000
-152.1324010	18.4814000	-110.6900000	26.2500000	1080.0914400	4.0140000
-151.6866000	14.6891000	-110.6900000	26.2500000	1107.2835368	4.0130000
-151.6376040	16.7378010	-110.6900000	26.2500000	1084.3584469	4.0140000
-150.9149930	18.9142000	-110.6900000	26.2500000	1046.4808026	4.0120000
-149.0009000	16.9890000	-110.6900000	26.2500000	1018.1189186	4.0080000
