-162.0256040	14.6596000	-110.6900000	26.2500000	1361.0475510	4.0206875
-162.0256040	15.1596000	-110.6900000	26.2500000	1355.9042633	4.0206875
-162.0256040	15.6596000	-110.6900000	26.2500000	1351.1862316	4.0196875
-162.0256040	16.1596000	-110.6900000	26.2500000	1346.2211912	4.0196875
-162.0256040	16.6596000	-110.6900000	26.2500000	1341.6813197	4.0186875
-162.0256040	17.1596000	-110.6900000	26.2500000	1336.8989528	4.0186875
-162.0256040	17.6596000	-110.6900000	26.2500000	1332.5417432	4.0176875
-162.0256040	18.1596000	-110.6900000	26.2500000	1327.9464452	4.0176875
-162.0256040	18.6596000	-110.6900000	26.2500000	1323.4468767	4.0176875
-162.0256040	19.1596000	-110.6900000	26.2500000	1319.1467010	4.0173750
-162.0256040	19.6596000	-110.6900000	26.2500000	1314.8414201	4.0173750
-162.0256040	20.1596000	-110.6900000	26.2500000	1310.6350226	4.0173750
-162.0256040	20.6596000	-110.6900000	26.2500000	1306.4269143	4.0176875
-162.0256040	21.1596000	-110.6900000	26.2500000	1302.4216750	4.0176875
-162.0256040	21.6596000	-110.6900000	26.2500000	1298.2962075	4.0183750
-162.0256040	22.1596000	-110.6900000	26.2500000	1294.3958140	4.0186875
-162.0256040	22.6596000	-110.6900000	26.2500000	1290.4794931	4.0193750
-162.0256040	23.1596000	-110.6900000	26.2500000	1286.5693100	4.0203750
-162.0256040	23.6596000	-110.6900000	26.2500000	1282.7667979	4.0213750
-162.0256040	24.1596000	-110.6900000	26.2500000	1279.0728085	4.0223750
-162.0256040	24.6596000	-110.6900000	26.2500000	1275.4881750	4.0233750
-162.0256040	25.1596000	-110.6900000	26.2500000	1272.0137109	4.0243750
-162.0256040	25.6596000	-110.6900000	26.2500000	1268.6502090	4.0253750
-162.0256040	26.1596000	-110.6900000	26.2500000	1265.3984406	4.0263750
-162.0256040	26.6596000	-110.6900000	26.2500000	1262.1612168	4.0276875
-161.5256040	14.6596000	-110.6900000	26.2500000	1348.6418768	4.0206875
-161.5256040	15.1596000	-110.6900000	26.2500000	1343.8263451	4.0196875
-161.5256040	15.6596000	-110.6900000	26.2500000	1338.7659183	4.0196875
-161.5256040	16.1596000	-110.6900000	26.2500000	1334.1291169	4.0186875
-161.5256040	16.6596000	-110.6900000	26.2500000	1329.2520391	4.0186875
-161.5256040	17.1596000	-110.6900000	26.2500000	1324.5719279	4.0183750
-161.5256040	17.6596000	-110.6900000	26.2500000	1320.1093689	4.0176875
-161.5256040	18.1596000	-110.6900000	26.2500000	1315.5163360	4.0176875
-161.5256040	18.6596000	-110.6900000	26.2500000	1311.1225562	4.0173750
-161.5256040	19.1596000	-110.6900000	26.2500000	1306.9484627	4.0166875
-161.5256040	19.6596000	-110.6900000	26.2500000	1302.6494062	4.0166875
-161.5256040	20.1596000	-110.6900000	26.2500000	1298.2286561	4.0173750
-161.5256040	20.6596000	-110.6900000	26.2500000	1294.1323749	4.0173750
-161.5256040	21.1596000	-110.6900000	26.2500000	1290.0383302	4.0176875
-161.5256040	21.6596000	-110.6900000	26.2500000	1285.9285077	4.0183750
-161.5256040	22.1596000	-110.6900000	26.2500000	1282.0442946	4.0186875
-161.5256040	22.6596000	-110.6900000	26.2500000	1278.1470146	4.0193750
-161.5256040	23.1596000	-110.6900000	26.2500000	1274.2585531	4.0203750
-161.5256040	23.6596000	-110.6900000	26.2500000	1270.6967377	4.0206875
-161.5256040	24.1596000	-110.6900000	26.2500000	1267.0272769	4.0216875
-161.5256040	24.6596000	-110.6900000	26.2500000	1263.4689575	4.0226875
-161.5256040	25.1596000	-110.6900000	26.2500000	1260.0226065	4.0236875
-161.5256040	25.6596000	-110.6900000	26.2500000	1256.4743990	4.0253750
-161.5256040	26.1596000	-110.6900000	26.2500000	1253.2549815	4.0263750
-161.5256040	26.6596000	-110.6900000	26.2500000	1250.1498597	4.0273750
-161.0256040	14.6596000	-110.6900000	26.2500000	1336.2391661	4.0206875
-161.0256040	15.1596000	-110.6900000	26.2500000	1331.4134696	4.0196875
-161.0256040	15.6596000	-110.6900000	26.2500000	1326.3473731	4.0196875
-161.0256040	16.1596000	-110.6900000	26.2500000	1321.7032458	4.0186875
-161.0256040	16.6596000	-110.6900000	26.2500000	1316.8233938	4.0186875
-161.0256040	17.1596000	-110.6900000	26.2500000	1312.3655584	4.0176875
-161.0256040	17.6596000	-110.6900000	26.2500000	1307.6765670	4.0176875
-161.0256040	18.1596000	-110.6900000	26.2500000	1303.1866606	4.0173750
-161.0256040	18.6596000	-110.6900000	26.2500000	1298.9161570	4.0166875
-161.0256040	19.1596000	-110.6900000	26.2500000	1294.5225625	4.0166875
-161.0256040	19.6596000	-110.6900000	26.2500000	1290.2300263	4.0166875
-161.0256040	20.1596000	-110.6900000	26.2500000	1286.0396340	4.0166875
-161.0256040	20.6596000	-110.6900000	26.2500000	1281.7330792	4.0173750
-161.0256040	21.1596000	-110.6900000	26.2500000	1277.7508683	4.0173750
-161.0256040	21.6596000	-110.6900000	26.2500000	1273.7748853	4.0176875
-161.0256040	22.1596000	-110.6900000	26.2500000	1269.7873456	4.0183750
-161.0256040	22.6596000	-110.6900000	26.2500000	1265.8100683	4.0193750
-161.0256040	23.1596000	-110.6900000	26.2500000	1262.1588920	4.0196875
-161.0256040	23.6596000	-110.6900000	26.2500000	1258.4023577	4.0206875
-161.0256040	24.1596000	-110.6900000	26.2500000	1254.7578966	4.0216875
-161.0256040	24.6596000	-110.6900000	26.2500000	1251.3235809	4.0223750
-161.0256040	25.1596000	-110.6900000	26.2500000	1247.8086222	4.0236875
-161.0256040	25.6596000	-110.6900000	26.2500000	1244.5054678	4.0246875
-161.0256040	26.1596000	-110.6900000	26.2500000	1241.3177024	4.0256875
-161.0256040	26.6596000	-110.6900000	26.2500000	1238.2460954	4.0266875
-160.5256040	14.6596000	-110.6900000	26.2500000	1324.1690093	4.0196875
-160.5256040	15.1596000	-110.6900000	26.2500000	1319.0031912	4.0196875
-160.5256040	15.6596000	-110.6900000	26.2500000	1314.2577766	4.0186875
-160.5256040	16.1596000	-110.6900000	26.2500000	1309.2787814	4.0186875
-160.5256040	16.6596000	-110.6900000	26.2500000	1304.7202481	4.0176875
-160.5256040	17.1596000	-110.6900000	26.2500000	1299.9328159	4.0176875
-160.5256040	17.6596000	-110.6900000	26.2500000	1295.3442700	4.0173750
-160.5256040	18.1596000	-110.6900000	26.2500000	1290.9748147	4.0166875
-160.5256040	18.6596000	-110.6900000	26.2500000	1286.4840885	4.0166875
-160.5256040	19.1596000	-110.6900000	26.2500000	1282.0949322	4.0166875
-160.5256040	19.6596000	-110.6900000	26.2500000	1277.8084660	4.0166875
-160.5256040	20.1596000	-110.6900000	26.2500000	1273.6257995	4.0166875
-160.5256040	20.6596000	-110.6900000	26.2500000	1269.5480308	4.0166875
-160.5256040	21.1596000	-110.6900000	26.2500000	1265.3596663	4.0173750
-160.5256040	21.6596000	-110.6900000	26.2500000	1261.3974744	4.0176875
-160.5256040	22.1596000	-110.6900000	26.2500000	1257.4266216	4.0183750
-160.5256040	22.6596000	-110.6900000	26.2500000	1253.6831861	4.0186875
-160.5256040	23.1596000	-110.6900000	26.2500000	1249.8366448	4.0196875
-160.5256040	23.6596000	-110.6900000	26.2500000	1246.1999446	4.0203750
-160.5256040	24.1596000	-110.6900000	26.2500000	1242.5799598	4.0213750
-160.5256040	24.6596000	-110.6900000	26.2500000	1239.0747426	4.0223750
-160.5256040	25.1596000	-110.6900000	26.2500000	1235.6851482	4.0233750
-160.5256040	25.6596000	-110.6900000	26.2500000	1232.4120077	4.0243750
-160.5256040	26.1596000	-110.6900000	26.2500000	1229.2561274	4.0253750
-160.5256040	26.6596000	-110.6900000	26.2500000	1226.2182875	4.0263750
-160.0256040	14.6596000	-110.6900000	26.2500000	1311.7699027	4.0196875
-160.0256040	15.1596000	-110.6900000	26.2500000	1306.9208843	4.0186875
-160.0256040	15.6596000	-110.6900000	26.2500000	1301.8403606	4.0186875
-160.0256040	16.1596000	-110.6900000	26.2500000	1296.8559421	4.0186875
-160.0256040	16.6596000	-110.6900000	26.2500000	1292.2903883	4.0176875
-160.0256040	17.1596000	-110.6900000	26.2500000	1287.5005509	4.0176875
-160.0256040	17.6596000	-110.6900000	26.2500000	1283.1297659	4.0166875
-160.0256040	18.1596000	-110.6900000	26.2500000	1278.5393221	4.0166875
-160.0256040	18.6596000	-110.6900000	26.2500000	1274.0509220	4.0166875
-160.0256040	19.1596000	-110.6900000	26.2500000	1269.7645108	4.0163750
-160.0256040	19.6596000	-110.6900000	26.2500000	1265.4833215	4.0163750
-160.0256040	20.1596000	-110.6900000	26.2500000	1261.3076195	4.0163750
-160.0256040	20.6596000	-110.6900000	26.2500000	1257.1407118	4.0166875
-160.0256040	21.1596000	-110.6900000	26.2500000	1252.9651884	4.0173750
-160.0256040	21.6596000	-110.6900000	26.2500000	1249.0164266	4.0176875
-160.0256040	22.1596000	-110.6900000	26.2500000	1245.0619267	4.0183750
-160.0256040	22.6596000	-110.6900000	26.2500000	1241.3354780	4.0186875
-160.0256040	23.1596000	-110.6900000	26.2500000	1237.6060568	4.0193750
-160.0256040	23.6596000	-110.6900000	26.2500000	1233.8949085	4.0203750
-160.0256040	24.1596000	-110.6900000	26.2500000	1230.2994866	4.0213750
-160.0256040	24.6596000	-110.6900000	26.2500000	1226.8206848	4.0223750
-160.0256040	25.1596000	-110.6900000	26.2500000	1223.4593727	4.0233750
-160.0256040	25.6596000	-110.6900000	26.2500000	1220.2163951	4.0243750
-160.0256040	26.1596000	-110.6900000	26.2500000	1217.0925705	4.0253750
-160.0256040	26.6596000	-110.6900000	26.2500000	1214.0886898	4.0263750
-159.5256040	14.6596000	-110.6900000	26.2500000	1299.6978683	4.0186875
-159.5256040	15.1596000	-110.6900000	26.2500000	1294.5134535	4.0186875
-159.5256040	15.6596000	-110.6900000	26.2500000	1289.4254074	4.0186875
-159.5256040	16.1596000	-110.6900000	26.2500000	1284.7546468	4.0176875
-159.5256040	16.6596000	-110.6900000	26.2500000	1279.8617815	4.0176875
-159.5256040	17.1596000	-110.6900000	26.2500000	1275.1681470	4.0173750
-159.5256040	17.6596000	-110.6900000	26.2500000	1270.6936687	4.0166875
-159.5256040	18.1596000	-110.6900000	26.2500000	1266.1034100	4.0166875
-159.5256040	18.6596000	-110.6900000	26.2500000	1261.7149835	4.0163750
-159.5256040	19.1596000	-110.6900000	26.2500000	1257.3329036	4.0163750
-159.5256040	19.6596000	-110.6900000	26.2500000	1253.0568546	4.0163750
-159.5256040	20.1596000	-110.6900000	26.2500000	1248.8879965	4.0163750
-159.5256040	20.6596000	-110.6900000	26.2500000	1244.7306269	4.0166875
-159.5256040	21.1596000	-110.6900000	26.2500000	1240.7798851	4.0166875
-159.5256040	21.6596000	-110.6900000	26.2500000	1236.7280453	4.0173750
-159.5256040	22.1596000	-110.6900000	26.2500000	1232.9042972	4.0176875
-159.5256040	22.6596000	-110.6900000	26.2500000	1228.9835873	4.0186875
-159.5256040	23.1596000	-110.6900000	26.2500000	1225.2738282	4.0193750
-159.5256040	23.6596000	-110.6900000	26.2500000	1221.5851518	4.0203750
-159.5256040	24.1596000	-110.6900000	26.2500000	1218.2223360	4.0206875
-159.5256040	24.6596000	-110.6900000	26.2500000	1214.7691135	4.0216875
-159.5256040	25.1596000	-110.6900000	26.2500000	1211.4352994	4.0226875
-159.5256040	25.6596000	-110.6900000	26.2500000	1208.3155975	4.0233750
-159.5256040	26.1596000	-110.6900000	26.2500000	1205.2228850	4.0243750
-159.5256040	26.6596000	-110.6900000	26.2500000	1202.2520825	4.0253750
-159.0256040	14.6596000	-110.6900000	26.2500000	1287.3034292	4.0186875
-159.0256040	15.1596000	-110.6900000	26.2500000	1282.1093743	4.0186875
-159.0256040	15.6596000	-110.6900000	26.2500000	1277.3310086	4.0176875
-159.0256040	16.1596000	-110.6900000	26.2500000	1272.3326440	4.0176875
-159.0256040	16.6596000	-110.6900000	26.2500000	1267.4346441	4.0176875
-159.0256040	17.1596000	-110.6900000	26.2500000	1262.9525989	4.0166875
-159.0256040	17.6596000	-110.6900000	26.2500000	1258.2578794	4.0166875
-159.0256040	18.1596000	-110.6900000	26.2500000	1253.6672561	4.0166875
-159.0256040	18.6596000	-110.6900000	26.2500000	1249.2791447	4.0163750
-159.0256040	19.1596000	-110.6900000	26.2500000	1244.9000224	4.0163750
-159.0256040	19.6596000	-110.6900000	26.2500000	1240.6286329	4.0163750
-159.0256040	20.1596000	-110.6900000	26.2500000	1236.4661628	4.0163750
-159.0256040	20.6596000	-110.6900000	26.2500000	1232.3179011	4.0166875
-159.0256040	21.1596000	-110.6900000	26.2500000	1228.3770801	4.0166875
-159.0256040	21.6596000	-110.6900000	26.2500000	1224.3390849	4.0173750
-159.0256040	22.1596000	-110.6900000	26.2500000	1220.5298479	4.0176875
-159.0256040	22.6596000	-110.6900000	26.2500000	1216.7222255	4.0183750
-159.0256040	23.1596000	-110.6900000	26.2500000	1212.9372237	4.0193750
-159.0256040	23.6596000	-110.6900000	26.2500000	1209.4775846	4.0196875
-159.0256040	24.1596000	-110.6900000	26.2500000	1205.9299539	4.0206875
-159.0256040	24.6596000	-110.6900000	26.2500000	1202.5962086	4.0213750
-159.0256040	25.1596000	-110.6900000	26.2500000	1199.2900740	4.0223750
-159.0256040	25.6596000	-110.6900000	26.2500000	1196.1061602	4.0233750
-159.0256040	26.1596000	-110.6900000	26.2500000	1193.0453111	4.0243750
-159.0256040	26.6596000	-110.6900000	26.2500000	1190.1083404	4.0253750
-158.5256040	14.6596000	-110.6900000	26.2500000	1274.9132836	4.0186875
-158.5256040	15.1596000	-110.6900000	26.2500000	1270.0249419	4.0176875
-158.5256040	15.6596000	-110.6900000	26.2500000	1264.9186304	4.0176875
-158.5256040	16.1596000	-110.6900000	26.2500000	1259.9129563	4.0176875
-158.5256040	16.6596000	-110.6900000	26.2500000	1255.1068226	4.0173750
-158.5256040	17.1596000	-110.6900000	26.2500000	1250.5198800	4.0166875
-158.5256040	17.6596000	-110.6900000	26.2500000	1245.8225927	4.0166875
-158.5256040	18.1596000	-110.6900000	26.2500000	1241.2310424	4.0166875
-158.5256040	18.6596000	-110.6900000	26.2500000	1236.8427060	4.0163750
-158.5256040	19.1596000	-110.6900000	26.2500000	1232.4660249	4.0163750
-158.5256040	19.6596000	-110.6900000	26.2500000	1228.1988032	4.0163750
-158.5256040	20.1596000	-110.6900000	26.2500000	1224.0422547	4.0163750
-158.5256040	20.6596000	-110.6900000	26.2500000	1219.9975791	4.0163750
-158.5256040	21.1596000	-110.6900000	26.2500000	1215.9713483	4.0166875
-158.5256040	21.6596000	-110.6900000	26.2500000	1211.9468138	4.0173750
-158.5256040	22.1596000	-110.6900000	26.2500000	1208.1517327	4.0176875
-158.5256040	22.6596000	-110.6900000	26.2500000	1204.3612960	4.0183750
-158.5256040	23.1596000	-110.6900000	26.2500000	1200.5963336	4.0193750
-158.5256040	23.6596000	-110.6900000	26.2500000	1197.1565376	4.0196875
-158.5256040	24.1596000	-110.6900000	26.2500000	1193.7255720	4.0203750
-158.5256040	24.6596000	-110.6900000	26.2500000	1190.3239221	4.0213750
-158.5256040	25.1596000	-110.6900000	26.2500000	1187.0455830	4.0223750
-158.5256040	25.6596000	-110.6900000	26.2500000	1184.0937744	4.0226875
-158.5256040	26.1596000	-110.6900000	26.2500000	1181.1558567	4.0233750
-158.5256040	26.6596000	-110.6900000	26.2500000	1178.2518573	4.0243750
-158.0256040	14.6596000	-110.6900000	26.2500000	1262.8419627	4.0176875
-158.0256040	15.1596000	-110.6900000	26.2500000	1257.6252843	4.0176875
-158.0256040	15.6596000	-110.6900000	26.2500000	1252.5094675	4.0176875
-158.0256040	16.1596000	-110.6900000	26.2500000	1247.4958261	4.0176875
-158.0256040	16.6596000	-110.6900000	26.2500000	1242.8950255	4.0166875
-158.0256040	17.1596000	-110.6900000	26.2500000	1238.0884611	4.0166875
-158.0256040	17.6596000	-110.6900000	26.2500000	1233.3880080	4.0166875
-158.0256040	18.1596000	-110.6900000	26.2500000	1228.8905643	4.0163750
-158.0256040	18.6596000	-110.6900000	26.2500000	1224.4058407	4.0163750
-158.0256040	19.1596000	-110.6900000	26.2500000	1220.0310723	4.0163750
-158.0256040	19.6596000	-110.6900000	26.2500000	1215.7675150	4.0163750
-158.0256040	20.1596000	-110.6900000	26.2500000	1211.6164110	4.0163750
-158.0256040	20.6596000	-110.6900000	26.2500000	1207.5789876	4.0163750
-158.0256040	21.1596000	-110.6900000	26.2500000	1203.5628092	4.0166875
-158.0256040	21.6596000	-110.6900000	26.2500000	1199.5513428	4.0173750
-158.0256040	22.1596000	-110.6900000	26.2500000	1195.7700548	4.0176875
-158.0256040	22.6596000	-110.6900000	26.2500000	1191.9964719	4.0183750
-158.0256040	23.1596000	-110.6900000	26.2500000	1188.4545282	4.0186875
-158.0256040	23.6596000	-110.6900000	26.2500000	1184.9231469	4.0193750
-158.0256040	24.1596000	-110.6900000	26.2500000	1181.4227532	4.0203750
-158.0256040	24.6596000	-110.6900000	26.2500000	1178.2481675	4.0206875
-158.0256040	25.1596000	-110.6900000	26.2500000	1175.0881596	4.0213750
-158.0256040	25.6596000	-110.6900000	26.2500000	1171.9628077	4.0223750
-158.0256040	26.1596000	-110.6900000	26.2500000	1168.9645682	4.0233750
-158.0256040	26.6596000	-110.6900000	26.2500000	1166.0942785	4.0243750
-157.5256040	14.6596000	-110.6900000	26.2500000	1250.4581976	4.0176875
-157.5256040	15.1596000	-110.6900000	26.2500000	1245.2297989	4.0176875
-157.5256040	15.6596000	-110.6900000	26.2500000	1240.1037850	4.0176875
-157.5256040	16.1596000	-110.6900000	26.2500000	1235.3889903	4.0166875
-157.5256040	16.6596000	-110.6900000	26.2500000	1230.4705577	4.0166875
-157.5256040	17.1596000	-110.6900000	26.2500000	1225.6585612	4.0166875
-157.5256040	17.6596000	-110.6900000	26.2500000	1220.9543298	4.0166875
-157.5256040	18.1596000	-110.6900000	26.2500000	1216.4538257	4.0163750
-157.5256040	18.6596000	-110.6900000	26.2500000	1211.9687260	4.0163750
-157.5256040	19.1596000	-110.6900000	26.2500000	1207.5953291	4.0163750
-157.5256040	19.6596000	-110.6900000	26.2500000	1203.3349208	4.0163750
-157.5256040	20.1596000	-110.6900000	26.2500000	1199.1887729	4.0163750
-157.5256040	20.6596000	-110.6900000	26.2500000	1195.1581411	4.0163750
-157.5256040	21.1596000	-110.6900000	26.2500000	1191.1515836	4.0166875
-157.5256040	21.6596000	-110.6900000	26.2500000	1187.1527840	4.0173750
-157.5256040	22.1596000	-110.6900000	26.2500000	1183.4769715	4.0173750
-157.5256040	22.6596000	-110.6900000	26.2500000	1179.6278498	4.0183750
-157.5256040	23.1596000	-110.6900000	26.2500000	1176.1032265	4.0186875
-157.5256040	23.6596000	-110.6900000	26.2500000	1172.5922993	4.0193750
-157.5256040	24.1596000	-110.6900000	26.2500000	1169.3152726	4.0196875
-157.5256040	24.6596000	-110.6900000	26.2500000	1166.0546864	4.0203750
-157.5256040	25.1596000	-110.6900000	26.2500000	1162.8305572	4.0213750
-157.5256040	25.6596000	-110.6900000	26.2500000	1159.9329699	4.0216875
-157.5256040	26.1596000	-110.6900000	26.2500000	1157.0556332	4.0223750
-157.5256040	26.6596000	-110.6900000	26.2500000	1154.2182131	4.0233750
-157.0256040	14.6596000	-110.6900000	26.2500000	1238.3878544	4.0166875
-157.0256040	15.1596000	-110.6900000	26.2500000	1233.1457047	4.0166875
-157.0256040	15.6596000	-110.6900000	26.2500000	1228.0075062	4.0166875
-157.0256040	16.1596000	-110.6900000	26.2500000	1222.9746403	4.0166875
-157.0256040	16.6596000	-110.6900000	26.2500000	1218.0484834	4.0166875
-157.0256040	17.1596000	-110.6900000	26.2500000	1213.2304052	4.0166875
-157.0256040	17.6596000	-110.6900000	26.2500000	1208.5217680	4.0166875
-157.0256040	18.1596000	-110.6900000	26.2500000	1204.0175992	4.0163750
-157.0256040	18.6596000	-110.6900000	26.2500000	1199.5315433	4.0163750
-157.0256040	19.1596000	-110.6900000	26.2500000	1195.1589633	4.0163750
-157.0256040	19.6596000	-110.6900000	26.2500000	1190.9011761	4.0163750
-157.0256040	20.1596000	-110.6900000	26.2500000	1186.7594839	4.0163750
-157.0256040	20.6596000	-110.6900000	26.2500000	1182.7351723	4.0163750
-157.0256040	21.1596000	-110.6900000	26.2500000	1178.7377939	4.0166875
-157.0256040	21.6596000	-110.6900000	26.2500000	1174.7512504	4.0173750
-157.0256040	22.1596000	-110.6900000	26.2500000	1171.0875171	4.0173750
-157.0256040	22.6596000	-110.6900000	26.2500000	1167.4552648	4.0176875
-157.0256040	23.1596000	-110.6900000	26.2500000	1163.8384142	4.0183750
-157.0256040	23.6596000	-110.6900000	26.2500000	1160.2571588	4.0193750
-157.0256040	24.1596000	-110.6900000	26.2500000	1157.0911495	4.0193750
-157.0256040	24.6596000	-110.6900000	26.2500000	1153.7648733	4.0203750
-157.0256040	25.1596000	-110.6900000	26.2500000	1150.7647707	4.0206875
-157.0256040	25.6596000	-110.6900000	26.2500000	1147.7869211	4.0213750
-157.0256040	26.1596000	-110.6900000	26.2500000	1144.8509267	4.0223750
-157.0256040	26.6596000	-110.6900000	26.2500000	1142.2422804	4.0226875
-156.5256040	14.6596000	-110.6900000	26.2500000	1226.0117009	4.0166875
-156.5256040	15.1596000	-110.6900000	26.2500000	1220.7563581	4.0166875
-156.5256040	15.6596000	-110.6900000	26.2500000	1215.6065251	4.0166875
-156.5256040	16.1596000	-110.6900000	26.2500000	1210.5636186	4.0166875
-156.5256040	16.6596000	-110.6900000	26.2500000	1205.6290502	4.0166875
-156.5256040	17.1596000	-110.6900000	26.2500000	1200.8042245	4.0166875
-156.5256040	17.6596000	-110.6900000	26.2500000	1196.1836031	4.0163750
-156.5256040	18.1596000	-110.6900000	26.2500000	1191.5820852	4.0163750
-156.5256040	18.6596000	-110.6900000	26.2500000	1187.0944786	4.0163750
-156.5256040	19.1596000	-110.6900000	26.2500000	1182.7221470	4.0163750
-156.5256040	19.6596000	-110.6900000	26.2500000	1178.4664398	4.0163750
-156.5256040	20.1596000	-110.6900000	26.2500000	1174.3286907	4.0163750
-156.5256040	20.6596000	-110.6900000	26.2500000	1170.3102161	4.0163750
-156.5256040	21.1596000	-110.6900000	26.2500000	1166.3215644	4.0166875
-156.5256040	21.6596000	-110.6900000	26.2500000	1162.3468566	4.0173750
-156.5256040	22.1596000	-110.6900000	26.2500000	1158.6948141	4.0173750
-156.5256040	22.6596000	-110.6900000	26.2500000	1155.0772221	4.0176875
-156.5256040	23.1596000	-110.6900000	26.2500000	1151.4782145	4.0183750
-156.5256040	23.6596000	-110.6900000	26.2500000	1148.1141904	4.0186875
-156.5256040	24.1596000	-110.6900000	26.2500000	1144.7716557	4.0193750
-156.5256040	24.6596000	-110.6900000	26.2500000	1141.6656194	4.0196875
-156.5256040	25.1596000	-110.6900000	26.2500000	1138.5838033	4.0203750
-156.5256040	25.6596000	-110.6900000	26.2500000	1135.5457505	4.0213750
-156.5256040	26.1596000	-110.6900000	26.2500000	1132.9227938	4.0213750
-156.5256040	26.6596000	-110.6900000	26.2500000	1130.1517396	4.0223750
-156.0256040	14.6596000	-110.6900000	26.2500000	1213.9436047	4.0156875
-156.0256040	15.1596000	-110.6900000	26.2500000	1208.6729943	4.0156875
-156.0256040	15.6596000	-110.6900000	26.2500000	1203.2098696	4.0166875
-156.0256040	16.1596000	-110.6900000	26.2500000	1198.1561975	4.0166875
-156.0256040	16.6596000	-110.6900000	26.2500000	1193.2125130	4.0166875
-156.0256040	17.1596000	-110.6900000	26.2500000	1188.4727221	4.0163750
-156.0256040	17.6596000	-110.6900000	26.2500000	1183.7529597	4.0163750
-156.0256040	18.1596000	-110.6900000	26.2500000	1179.1474895	4.0163750
-156.0256040	18.6596000	-110.6900000	26.2500000	1174.6577225	4.0163750
-156.0256040	19.1596000	-110.6900000	26.2500000	1170.2850565	4.0163750
-156.0256040	19.6596000	-110.6900000	26.2500000	1166.0308745	4.0163750
-156.0256040	20.1596000	-110.6900000	26.2500000	1161.8965428	4.0163750
-156.0256040	20.6596000	-110.6900000	26.2500000	1157.8834099	4.0163750
-156.0256040	21.1596000	-110.6900000	26.2500000	1153.9030214	4.0166875
-156.0256040	21.6596000	-110.6900000	26.2500000	1150.1365421	4.0166875
-156.0256040	22.1596000	-110.6900000	26.2500000	1146.2989694	4.0173750
-156.0256040	22.6596000	-110.6900000	26.2500000	1142.6956748	4.0176875
-156.0256040	23.1596000	-110.6900000	26.2500000	1139.1141834	4.0183750
-156.0256040	23.6596000	-110.6900000	26.2500000	1135.8569364	4.0183750
-156.0256040	24.1596000	-110.6900000	26.2500000	1132.4477857	4.0193750
-156.0256040	24.6596000	-110.6900000	26.2500000	1129.4522496	4.0193750
-156.0256040	25.1596000	-110.6900000	26.2500000	1126.3086166	4.0203750
-156.0256040	25.6596000	-110.6900000	26.2500000	1123.5790731	4.0203750
-156.0256040	26.1596000	-110.6900000	26.2500000	1120.7049605	4.0213750
-156.0256040	26.6596000	-110.6900000	26.2500000	1118.2453937	4.0213750
-155.5256040	14.6596000	-110.6900000	26.2500000	1201.5763740	4.0156875
-155.5256040	15.1596000	-110.6900000	26.2500000	1196.2910232	4.0156875
-155.5256040	15.6596000	-110.6900000	26.2500000	1191.1143806	4.0156875
-155.5256040	16.1596000	-110.6900000	26.2500000	1186.0479380	4.0156875
-155.5256040	16.6596000	-110.6900000	26.2500000	1181.0931812	4.0156875
-155.5256040	17.1596000	-110.6900000	26.2500000	1176.2515891	4.0156875
-155.5256040	17.6596000	-110.6900000	26.2500000	1171.5246316	4.0156875
-155.5256040	18.1596000	-110.6900000	26.2500000	1166.9137680	4.0156875
-155.5256040	18.6596000	-110.6900000	26.2500000	1162.4204459	4.0156875
-155.5256040	19.1596000	-110.6900000	26.2500000	1157.8478723	4.0163750
-155.5256040	19.6596000	-110.6900000	26.2500000	1153.5946462	4.0163750
-155.5256040	20.1596000	-110.6900000	26.2500000	1149.4631929	4.0163750
-155.5256040	20.6596000	-110.6900000	26.2500000	1145.4548938	4.0163750
-155.5256040	21.1596000	-110.6900000	26.2500000	1141.4822933	4.0166875
-155.5256040	21.6596000	-110.6900000	26.2500000	1137.7246534	4.0166875
-155.5256040	22.1596000	-110.6900000	26.2500000	1133.9000908	4.0173750
-155.5256040	22.6596000	-110.6900000	26.2500000	1130.3986472	4.0173750
-155.5256040	23.1596000	-110.6900000	26.2500000	1126.9392184	4.0176875
-155.5256040	23.6596000	-110.6900000	26.2500000	1123.5063576	4.0183750
-155.5256040	24.1596000	-110.6900000	26.2500000	1120.3112441	4.0186875
-155.5256040	24.6596000	-110.6900000	26.2500000	1117.1455998	4.0193750
-155.5256040	25.1596000	-110.6900000	26.2500000	1114.3058985	4.0193750
-155.5256040	25.6596000	-110.6900000	26.2500000	1111.3251111	4.0203750
-155.5256040	26.1596000	-110.6900000	26.2500000	1108.7579073	4.0203750
-155.5256040	26.6596000	-110.6900000	26.2500000	1106.0530161	4.0213750
-155.0256040	14.6596000	-110.6900000	26.2500000	1189.5118794	4.0146875
-155.0256040	15.1596000	-110.6900000	26.2500000	1183.9147704	4.0156875
-155.0256040	15.6596000	-110.6900000	26.2500000	1178.7241996	4.0156875
-155.0256040	16.1596000	-110.6900000	26.2500000	1173.6454818	4.0156875
-155.0256040	16.6596000	-110.6900000	26.2500000	1168.6801423	4.0156875
-155.0256040	17.1596000	-110.6900000	26.2500000	1163.8296985	4.0156875
-155.0256040	17.6596000	-110.6900000	26.2500000	1159.0956591	4.0156875
-155.0256040	18.1596000	-110.6900000	26.2500000	1154.4795214	4.0156875
-155.0256040	18.6596000	-110.6900000	26.2500000	1149.9827705	4.0156875
-155.0256040	19.1596000	-110.6900000	26.2500000	1145.6068767	4.0156875
-155.0256040	19.6596000	-110.6900000	26.2500000	1141.1579252	4.0163750
-155.0256040	20.1596000	-110.6900000	26.2500000	1137.0287970	4.0163750
-155.0256040	20.6596000	-110.6900000	26.2500000	1133.0248107	4.0163750
-155.0256040	21.1596000	-110.6900000	26.2500000	1129.0595105	4.0166875
-155.0256040	21.6596000	-110.6900000	26.2500000	1125.3102571	4.0166875
-155.0256040	22.1596000	-110.6900000	26.2500000	1121.4982877	4.0173750
-155.0256040	22.6596000	-110.6900000	26.2500000	1118.0094262	4.0173750
-155.0256040	23.1596000	-110.6900000	26.2500000	1114.5656835	4.0176875
-155.0256040	23.6596000	-110.6900000	26.2500000	1111.1518274	4.0183750
-155.0256040	24.1596000	-110.6900000	26.2500000	1108.0629197	4.0183750
-155.0256040	24.6596000	-110.6900000	26.2500000	1105.0235194	4.0186875
-155.0256040	25.1596000	-110.6900000	26.2500000	1102.0183373	4.0193750
-155.0256040	25.6596000	-110.6900000	26.2500000	1099.3398267	4.0193750
-155.0256040	26.1596000	-110.6900000	26.2500000	1096.5272328	4.0203750
-155.0256040	26.6596000	-110.6900000	26.2500000	1094.1277948	4.0203750
-154.5256040	14.6596000	-110.6900000	26.2500000	1177.1549717	4.0146875
-154.5256040	15.1596000	-110.6900000	26.2500000	1171.8363905	4.0146875
-154.5256040	15.6596000	-110.6900000	26.2500000	1166.6297915	4.0146875
-154.5256040	16.1596000	-110.6900000	26.2500000	1161.2474975	4.0156875
-154.5256040	16.6596000	-110.6900000	26.2500000	1156.2708137	4.0156875
-154.5256040	17.1596000	-110.6900000	26.2500000	1151.4107803	4.0156875
-154.5256040	17.6596000	-110.6900000	26.2500000	1146.6689456	4.0156875
-154.5256040	18.1596000	-110.6900000	26.2500000	1142.0468467	4.0156875
-154.5256040	18.6596000	-110.6900000	26.2500000	1137.5460074	4.0156875
-154.5256040	19.1596000	-110.6900000	26.2500000	1133.1679366	4.0156875
-154.5256040	19.6596000	-110.6900000	26.2500000	1128.7208862	4.0163750
-154.5256040	20.1596000	-110.6900000	26.2500000	1124.5935149	4.0163750
-154.5256040	20.6596000	-110.6900000	26.2500000	1120.5933064	4.0163750
-154.5256040	21.1596000	-110.6900000	26.2500000	1116.6348063	4.0166875
-154.5256040	21.6596000	-110.6900000	26.2500000	1112.8934744	4.0166875
-154.5256040	22.1596000	-110.6900000	26.2500000	1109.2835028	4.0166875
-154.5256040	22.6596000	-110.6900000	26.2500000	1105.6170011	4.0173750
-154.5256040	23.1596000	-110.6900000	26.2500000	1102.2743310	4.0173750
-154.5256040	23.6596000	-110.6900000	26.2500000	1098.9814542	4.0176875
-154.5256040	24.1596000	-110.6900000	26.2500000	1095.7233341	4.0183750
-154.5256040	24.6596000	-110.6900000	26.2500000	1092.7909379	4.0183750
-154.5256040	25.1596000	-110.6900000	26.2500000	1089.9974116	4.0183750
-154.5256040	25.6596000	-110.6900000	26.2500000	1087.0733563	4.0193750
-154.5256040	26.1596000	-110.6900000	26.2500000	1084.5615315	4.0193750
-154.5256040	26.6596000	-110.6900000	26.2500000	1082.1076551	4.0196875
-154.0256040	14.6596000	-110.6900000	26.2500000	1165.0955276	4.0136875
-154.0256040	15.1596000	-110.6900000	26.2500000	1159.4695261	4.0146875
-154.0256040	15.6596000	-110.6900000	26.2500000	1154.2473671	4.0146875
-154.0256040	16.1596000	-110.6900000	26.2500000	1149.1404571	4.0146875
-154.0256040	16.6596000	-110.6900000	26.2500000	1144.1504048	4.0146875
-154.0256040	17.1596000	-110.6900000	26.2500000	1138.9951035	4.0156875
-154.0256040	17.6596000	-110.6900000	26.2500000	1134.2447408	4.0156875
-154.0256040	18.1596000	-110.6900000	26.2500000	1129.6159747	4.0156875
-154.0256040	18.6596000	-110.6900000	26.2500000	1125.1103695	4.0156875
-154.0256040	19.1596000	-110.6900000	26.2500000	1120.7294739	4.0156875
-154.0256040	19.6596000	-110.6900000	26.2500000	1116.4748186	4.0156875
-154.0256040	20.1596000	-110.6900000	26.2500000	1112.1575102	4.0163750
-154.0256040	20.6596000	-110.6900000	26.2500000	1108.1605300	4.0163750
-154.0256040	21.1596000	-110.6900000	26.2500000	1104.2942319	4.0163750
-154.0256040	21.6596000	-110.6900000	26.2500000	1100.4744286	4.0166875
-154.0256040	22.1596000	-110.6900000	26.2500000	1096.8740602	4.0166875
-154.0256040	22.6596000	-110.6900000	26.2500000	1093.2214741	4.0173750
-154.0256040	23.1596000	-110.6900000	26.2500000	1089.8928168	4.0173750
-154.0256040	23.6596000	-110.6900000	26.2500000	1086.7016900	4.0173750
-154.0256040	24.1596000	-110.6900000	26.2500000	1083.6493665	4.0173750
-154.0256040	24.6596000	-110.6900000	26.2500000	1080.6530178	4.0176875
-154.0256040	25.1596000	-110.6900000	26.2500000	1077.6977627	4.0183750
-154.0256040	25.6596000	-110.6900000	26.2500000	1075.0697352	4.0183750
-154.0256040	26.1596000	-110.6900000	26.2500000	1072.5851503	4.0183750
-154.0256040	26.6596000	-110.6900000	26.2500000	1069.9787902	4.0193750
-153.5256040	14.6596000	-110.6900000	26.2500000	1152.7504421	4.0136875
-153.5256040	15.1596000	-110.6900000	26.2500000	1147.3952365	4.0136875
-153.5256040	15.6596000	-110.6900000	26.2500000	1142.1553654	4.0136875
-153.5256040	16.1596000	-110.6900000	26.2500000	1136.7492697	4.0146875
-153.5256040	16.6596000	-110.6900000	26.2500000	1131.7462851	4.0146875
-153.5256040	17.1596000	-110.6900000	26.2500000	1126.8635614	4.0146875
-153.5256040	17.6596000	-110.6900000	26.2500000	1122.1027322	4.0146875
-153.5256040	18.1596000	-110.6900000	26.2500000	1117.1871436	4.0156875
-153.5256040	18.6596000	-110.6900000	26.2500000	1112.6760761	4.0156875
-153.5256040	19.1596000	-110.6900000	26.2500000	1108.2916899	4.0156875
-153.5256040	19.6596000	-110.6900000	26.2500000	1104.0355563	4.0156875
-153.5256040	20.1596000	-110.6900000	26.2500000	1099.9092256	4.0156875
-153.5256040	20.6596000	-110.6900000	26.2500000	1095.7266342	4.0163750
-153.5256040	21.1596000	-110.6900000	26.2500000	1091.8651273	4.0163750
-153.5256040	21.6596000	-110.6900000	26.2500000	1088.1379040	4.0163750
-153.5256040	22.1596000	-110.6900000	26.2500000	1084.4620291	4.0166875
-153.5256040	22.6596000	-110.6900000	26.2500000	1081.0079421	4.0166875
-153.5256040	23.1596000	-110.6900000	26.2500000	1077.6923613	4.0166875
-153.5256040	23.6596000	-110.6900000	26.2500000	1074.3327443	4.0173750
-153.5256040	24.1596000	-110.6900000	26.2500000	1071.2986766	4.0173750
-153.5256040	24.6596000	-110.6900000	26.2500000	1068.4069914	4.0173750
-153.5256040	25.1596000	-110.6900000	26.2500000	1065.6589039	4.0173750
-153.5256040	25.6596000	-110.6900000	26.2500000	1062.9728968	4.0176875
-153.5256040	26.1596000	-110.6900000	26.2500000	1060.3342145	4.0183750
-153.5256040	26.6596000	-110.6900000	26.2500000	1058.0243163	4.0183750
-153.0256040	14.6596000	-110.6900000	26.2500000	1140.6976025	4.0126875
-153.0256040	15.1596000	-110.6900000	26.2500000	1135.2336741	4.0130000
-153.0256040	15.6596000	-110.6900000	26.2500000	1129.7820701	4.0136875
-153.0256040	16.1596000	-110.6900000	26.2500000	1124.6436486	4.0136875
-153.0256040	16.6596000	-110.6900000	26.2500000	1119.4339111	4.0143750
-153.0256040	17.1596000	-110.6900000	26.2500000	1114.4521201	4.0146875
-153.0256040	17.6596000	-110.6900000	26.2500000	1109.6812332	4.0146875
-153.0256040	18.1596000	-110.6900000	26.2500000	1105.0357789	4.0146875
-153.0256040	18.6596000	-110.6900000	26.2500000	1100.3289819	4.0153750
-153.0256040	19.1596000	-110.6900000	26.2500000	1095.8547918	4.0156875
-153.0256040	19.6596000	-110.6900000	26.2500000	1091.5965282	4.0156875
-153.0256040	20.1596000	-110.6900000	26.2500000	1087.4701543	4.0156875
-153.0256040	20.6596000	-110.6900000	26.2500000	1083.4772374	4.0156875
-153.0256040	21.1596000	-110.6900000	26.2500000	1079.4345165	4.0163750
-153.0256040	21.6596000	-110.6900000	26.2500000	1075.7137443	4.0163750
-153.0256040	22.1596000	-110.6900000	26.2500000	1072.1309386	4.0163750
-153.0256040	22.6596000	-110.6900000	26.2500000	1068.6875457	4.0163750
-153.0256040	23.1596000	-110.6900000	26.2500000	1065.3849757	4.0163750
-153.0256040	23.6596000	-110.6900000	26.2500000	1062.1419569	4.0166875
-153.0256040	24.1596000	-110.6900000	26.2500000	1059.1253395	4.0166875
-153.0256040	24.6596000	-110.6900000	26.2500000	1056.0727637	4.0173750
-153.0256040	25.1596000	-110.6900000	26.2500000	1053.3474505	4.0173750
-153.0256040	25.6596000	-110.6900000	26.2500000	1050.7693427	4.0173750
-153.0256040	26.1596000	-110.6900000	26.2500000	1048.3395811	4.0173750
-153.0256040	26.6596000	-110.6900000	26.2500000	1046.0592534	4.0173750
-152.5256040	14.6596000	-110.6900000	26.2500000	1128.6472178	4.0116875
-152.5256040	15.1596000	-110.6900000	26.2500000	1122.9705391	4.0126875
-152.5256040	15.6596000	-110.6900000	26.2500000	1117.6938968	4.0126875
-152.5256040	16.1596000	-110.6900000	26.2500000	1112.2605883	4.0136875
-152.5256040	16.6596000	-110.6900000	26.2500000	1107.2279859	4.0136875
-152.5256040	17.1596000	-110.6900000	26.2500000	1102.3193558	4.0136875
-152.5256040	17.6596000	-110.6900000	26.2500000	1097.2630432	4.0146875
-152.5256040	18.1596000	-110.6900000	26.2500000	1092.6086806	4.0146875
-152.5256040	18.6596000	-110.6900000	26.2500000	1088.0833924	4.0146875
-152.5256040	19.1596000	-110.6900000	26.2500000	1083.6888569	4.0146875
-152.5256040	19.6596000	-110.6900000	26.2500000	1079.2419168	4.0153750
-152.5256040	20.1596000	-110.6900000	26.2500000	1075.0308773	4.0156875
-152.5256040	20.6596000	-110.6900000	26.2500000	1071.0394464	4.0156875
-152.5256040	21.1596000	-110.6900000	26.2500000	1067.1852178	4.0156875
-152.5256040	21.6596000	-110.6900000	26.2500000	1063.4697425	4.0156875
-152.5256040	22.1596000	-110.6900000	26.2500000	1059.7131130	4.0163750
-152.5256040	22.6596000	-110.6900000	26.2500000	1056.2802501	4.0163750
-152.5256040	23.1596000	-110.6900000	26.2500000	1052.9905603	4.0163750
-152.5256040	23.6596000	-110.6900000	26.2500000	1049.8454468	4.0163750
-152.5256040	24.1596000	-110.6900000	26.2500000	1046.8462693	4.0163750
-152.5256040	24.6596000	-110.6900000	26.2500000	1043.9943419	4.0163750
-152.5256040	25.1596000	-110.6900000	26.2500000	1041.2909299	4.0163750
-152.5256040	25.6596000	-110.6900000	26.2500000	1038.7372481	4.0163750
-152.5256040	26.1596000	-110.6900000	26.2500000	1036.3344576	4.0163750
-152.5256040	26.6596000	-110.6900000	26.2500000	1033.8262614	4.0173750
-152.0256040	14.6596000	-110.6900000	26.2500000	1116.3213840	4.0116875
-152.0256040	15.1596000	-110.6900000	26.2500000	1110.9037939	4.0116875
-152.0256040	15.6596000	-110.6900000	26.2500000	1105.3312047	4.0126875
-152.0256040	16.1596000	-110.6900000	26.2500000	1100.1577644	4.0126875
-152.0256040	16.6596000	-110.6900000	26.2500000	1095.1084208	4.0126875
-152.0256040	17.1596000	-110.6900000	26.2500000	1089.9133431	4.0136875
-152.0256040	17.6596000	-110.6900000	26.2500000	1085.1187344	4.0136875
-152.0256040	18.1596000	-110.6900000	26.2500000	1080.4535115	4.0136875
-152.0256040	18.6596000	-110.6900000	26.2500000	1075.6514226	4.0146875
-152.0256040	19.1596000	-110.6900000	26.2500000	1071.2512807	4.0146875
-152.0256040	19.6596000	-110.6900000	26.2500000	1066.9856642	4.0146875
-152.0256040	20.1596000	-110.6900000	26.2500000	1062.6742748	4.0153750
-152.0256040	20.6596000	-110.6900000	26.2500000	1058.6834045	4.0153750
-152.0256040	21.1596000	-110.6900000	26.2500000	1054.8319919	4.0153750
-152.0256040	21.6596000	-110.6900000	26.2500000	1051.0398295	4.0156875
-152.0256040	22.1596000	-110.6900000	26.2500000	1047.4723505	4.0156875
-152.0256040	22.6596000	-110.6900000	26.2500000	1044.0489864	4.0156875
-152.0256040	23.1596000	-110.6900000	26.2500000	1040.7712166	4.0156875
-152.0256040	23.6596000	-110.6900000	26.2500000	1037.6404778	4.0156875
-152.0256040	24.1596000	-110.6900000	26.2500000	1034.6581610	4.0156875
-152.0256040	24.6596000	-110.6900000	26.2500000	1031.8256090	4.0156875
-152.0256040	25.1596000	-110.6900000	26.2500000	1029.1441138	4.0156875
-152.0256040	25.6596000	-110.6900000	26.2500000	1026.4391850	4.0163750
-152.0256040	26.1596000	-110.6900000	26.2500000	1024.0638692	4.0163750
-152.0256040	26.6596000	-110.6900000	26.2500000	1021.8431284	4.0163750
-151.5256040	14.6596000	-110.6900000	26.2500000	1104.2801580	4.0106875
-151.5256040	15.1596000	-110.6900000	26.2500000	1098.5655000	4.0116875
-151.5256040	15.6596000	-110.6900000	26.2500000	1093.2483892	4.0116875
-151.5256040	16.1596000	-110.6900000	26.2500000	1088.0554143	4.0116875
-151.5256040	16.6596000	-110.6900000	26.2500000	1082.7185312	4.0126875
-151.5256040	17.1596000	-110.6900000	26.2500000	1077.7805906	4.0126875
-151.5256040	17.6596000	-110.6900000	26.2500000	1072.9722637	4.0126875
-151.5256040	18.1596000	-110.6900000	26.2500000	1068.0291984	4.0136875
-151.5256040	18.6596000	-110.6900000	26.2500000	1063.4866466	4.0136875
-151.5256040	19.1596000	-110.6900000	26.2500000	1059.0790535	4.0136875
-151.5256040	19.6596000	-110.6900000	26.2500000	1054.6275261	4.0143750
-151.5256040	20.1596000	-110.6900000	26.2500000	1050.4140171	4.0146875
-151.5256040	20.6596000	-110.6900000	26.2500000	1046.4227011	4.0146875
-151.5256040	21.1596000	-110.6900000	26.2500000	1042.5731535	4.0146875
-151.5256040	21.6596000	-110.6900000	26.2500000	1038.6891379	4.0153750
-151.5256040	22.1596000	-110.6900000	26.2500000	1035.1286028	4.0153750
-151.5256040	22.6596000	-110.6900000	26.2500000	1031.7146015	4.0153750
-151.5256040	23.1596000	-110.6900000	26.2500000	1028.4486505	4.0153750
-151.5256040	23.6596000	-110.6900000	26.2500000	1025.3322208	4.0153750
-151.5256040	24.1596000	-110.6900000	26.2500000	1022.3667359	4.0153750
-151.5256040	24.6596000	-110.6900000	26.2500000	1019.5535685	4.0153750
-151.5256040	25.1596000	-110.6900000	26.2500000	1016.8940378	4.0153750
-151.5256040	25.6596000	-110.6900000	26.2500000	1014.3894066	4.0153750
-151.5256040	26.1596000	-110.6900000	26.2500000	1012.0408790	4.0153750
-151.5256040	26.6596000	-110.6900000	26.2500000	1009.8495974	4.0153750
-151.0256040	14.6596000	-110.6900000	26.2500000	1092.2427375	4.0096875
-151.0256040	15.1596000	-110.6900000	26.2500000	1086.5068551	4.0106875
-151.0256040	15.6596000	-110.6900000	26.2500000	1081.1673914	4.0106875
-151.0256040	16.1596000	-110.6900000	26.2500000	1075.6857171	4.0116875
-151.0256040	16.6596000	-110.6900000	26.2500000	1070.6014103	4.0116875
-151.0256040	17.1596000	-110.6900000	26.2500000	1065.6468571	4.0116875
-151.0256040	17.6596000	-110.6900000	26.2500000	1060.5595686	4.0126875
-151.0256040	18.1596000	-110.6900000	26.2500000	1055.8713114	4.0126875
-151.0256040	18.6596000	-110.6900000	26.2500000	1051.3183615	4.0126875
-151.0256040	19.1596000	-110.6900000	26.2500000	1046.6417104	4.0136875
-151.0256040	19.6596000	-110.6900000	26.2500000	1042.3658916	4.0136875
-151.0256040	20.1596000	-110.6900000	26.2500000	1038.2307466	4.0136875
-151.0256040	20.6596000	-110.6900000	26.2500000	1034.0608993	4.0143750
-151.0256040	21.1596000	-110.6900000	26.2500000	1030.2129666	4.0143750
-151.0256040	21.6596000	-110.6900000	26.2500000	1026.4309171	4.0146875
-151.0256040	22.1596000	-110.6900000	26.2500000	1022.8764757	4.0146875
-151.0256040	22.6596000	-110.6900000	26.2500000	1019.4710493	4.0146875
-151.0256040	23.1596000	-110.6900000	26.2500000	1016.2161926	4.0146875
-151.0256040	23.6596000	-110.6900000	26.2500000	1013.1134130	4.0146875
-151.0256040	24.1596000	-110.6900000	26.2500000	1010.2428053	4.0143750
-151.0256040	24.6596000	-110.6900000	26.2500000	1007.4482803	4.0143750
-151.0256040	25.1596000	-110.6900000	26.2500000	1004.8100531	4.0143750
-151.0256040	25.6596000	-110.6900000	26.2500000	1002.3294120	4.0143750
-151.0256040	26.1596000	-110.6900000	26.2500000	1000.0075835	4.0143750
-151.0256040	26.6596000	-110.6900000	26.2500000	997.8457295	4.0143750
-150.5256040	14.6596000	-110.6900000	26.2500000	1079.9402090	4.0096875
-150.5256040	15.1596000	-110.6900000	26.2500000	1074.4514682	4.0096875
-150.5256040	15.6596000	-110.6900000	26.2500000	1069.0886394	4.0096875
-150.5256040	16.1596000	-110.6900000	26.2500000	1063.5884321	4.0106875
-150.5256040	16.6596000	-110.6900000	26.2500000	1058.4845856	4.0106875
-150.5256040	17.1596000	-110.6900000	26.2500000	1053.3319285	4.0113750
-150.5256040	17.6596000	-110.6900000	26.2500000	1048.4126630	4.0116875
-150.5256040	18.1596000	-110.6900000	26.2500000	1043.7110155	4.0116875
-150.5256040	18.6596000	-110.6900000	26.2500000	1038.8878669	4.0126875
-150.5256040	19.1596000	-110.6900000	26.2500000	1034.4641286	4.0126875
-150.5256040	19.6596000	-110.6900000	26.2500000	1030.0050799	4.0133750
-150.5256040	20.1596000	-110.6900000	26.2500000	1025.8661982	4.0133750
-150.5256040	20.6596000	-110.6900000	26.2500000	1021.7925111	4.0136875
-150.5256040	21.1596000	-110.6900000	26.2500000	1017.9452051	4.0136875
-150.5256040	21.6596000	-110.6900000	26.2500000	1014.0724332	4.0143750
-150.5256040	22.1596000	-110.6900000	26.2500000	1010.5238840	4.0143750
-150.5256040	22.6596000	-110.6900000	26.2500000	1007.1268670	4.0143750
-150.5256040	23.1596000	-110.6900000	26.2500000	1003.8829769	4.0143750
-150.5256040	23.6596000	-110.6900000	26.2500000	1000.7937584	4.0143750
-150.5256040	24.1596000	-110.6900000	26.2500000	997.8607037	4.0143750
-150.5256040	24.6596000	-110.6900000	26.2500000	995.2556946	4.0136875
-150.5256040	25.1596000	-110.6900000	26.2500000	992.7160605	4.0133750
-150.5256040	25.6596000	-110.6900000	26.2500000	990.2592610	4.0133750
-150.5256040	26.1596000	-110.6900000	26.2500000	987.9640421	4.0133750
-150.5256040	26.6596000	-110.6900000	26.2500000	985.8315855	4.0133750
-150.0256040	14.6596000	-110.6900000	26.2500000	1067.9148118	4.0086875
-150.0256040	15.1596000	-110.6900000	26.2500000	1062.3998151	4.0086875
-150.0256040	15.6596000	-110.6900000	26.2500000	1056.7489638	4.0096875
-150.0256040	16.1596000	-110.6900000	26.2500000	1051.4928211	4.0096875
-150.0256040	16.6596000	-110.6900000	26.2500000	1046.3684435	4.0096875
-150.0256040	17.1596000	-110.6900000	26.2500000	1041.1181847	4.0106875
-150.0256040	17.6596000	-110.6900000	26.2500000	1036.2645477	4.0106875
-150.0256040	18.1596000	-110.6900000	26.2500000	1031.3718187	4.0113750
-150.0256040	18.6596000	-110.6900000	26.2500000	1026.7163388	4.0116875
-150.0256040	19.1596000	-110.6900000	26.2500000	1022.2827565	4.0116875
-150.0256040	19.6596000	-110.6900000	26.2500000	1017.8182104	4.0123750
-150.0256040	20.1596000	-110.6900000	26.2500000	1013.5951993	4.0126875
-150.0256040	20.6596000	-110.6900000	26.2500000	1009.5986076	4.0126875
-150.0256040	21.1596000	-110.6900000	26.2500000	1005.5786939	4.0133750
-150.0256040	21.6596000	-110.6900000	26.2500000	1001.8824370	4.0133750
-150.0256040	22.1596000	-110.6900000	26.2500000	998.3386222	4.0133750
-150.0256040	22.6596000	-110.6900000	26.2500000	994.9489348	4.0133750
-150.0256040	23.1596000	-110.6900000	26.2500000	991.7150113	4.0133750
-150.0256040	23.6596000	-110.6900000	26.2500000	988.6384360	4.0133750
-150.0256040	24.1596000	-110.6900000	26.2500000	985.7207373	4.0133750
-150.0256040	24.6596000	-110.6900000	26.2500000	982.9633849	4.0133750
-150.0256040	25.1596000	-110.6900000	26.2500000	980.3677862	4.0133750
-150.0256040	25.6596000	-110.6900000	26.2500000	978.1790129	4.0123750
-150.0256040	26.1596000	-110.6900000	26.2500000	975.9103134	4.0123750
-150.0256040	26.6596000	-110.6900000	26.2500000	973.8072258	4.0123750
-149.5256040	14.6596000	-110.6900000	26.2500000	1055.8947399	4.0076875
-149.5256040	15.1596000	-110.6900000	26.2500000	1050.3523912	4.0076875
-149.5256040	15.6596000	-110.6900000	26.2500000	1044.6790040	4.0086875
-149.5256040	16.1596000	-110.6900000	26.2500000	1039.3993168	4.0086875
-149.5256040	16.6596000	-110.6900000	26.2500000	1034.2533859	4.0086875
-149.5256040	17.1596000	-110.6900000	26.2500000	1028.9865870	4.0096875
-149.5256040	17.6596000	-110.6900000	26.2500000	1024.1155649	4.0096875
-149.5256040	18.1596000	-110.6900000	26.2500000	1019.2096629	4.0103750
-149.5256040	18.6596000	-110.6900000	26.2500000	1014.5421294	4.0106875
-149.5256040	19.1596000	-110.6900000	26.2500000	1010.0978529	4.0106875
-149.5256040	19.6596000	-110.6900000	26.2500000	1005.5486658	4.0116875
-149.5256040	20.1596000	-110.6900000	26.2500000	1001.3989720	4.0116875
-149.5256040	20.6596000	-110.6900000	26.2500000	997.2279855	4.0123750
-149.5256040	21.1596000	-110.6900000	26.2500000	993.3800258	4.0123750
-149.5256040	21.6596000	-110.6900000	26.2500000	989.6082567	4.0126875
-149.5256040	22.1596000	-110.6900000	26.2500000	986.0688847	4.0126875
-149.5256040	22.6596000	-110.6900000	26.2500000	982.6862776	4.0126875
-149.5256040	23.1596000	-110.6900000	26.2500000	979.4621153	4.0126875
-149.5256040	23.6596000	-110.6900000	26.2500000	976.4740697	4.0123750
-149.5256040	24.1596000	-110.6900000	26.2500000	973.5713874	4.0123750
-149.5256040	24.6596000	-110.6900000	26.2500000	970.8318587	4.0123750
-149.5256040	25.1596000	-110.6900000	26.2500000	968.2569226	4.0123750
-149.5256040	25.6596000	-110.6900000	26.2500000	966.0887267	4.0113750
-149.5256040	26.1596000	-110.6900000	26.2500000	963.8464556	4.0113750
-149.5256040	26.6596000	-110.6900000	26.2500000	961.7727102	4.0113750
-149.0256040	14.6596000	-110.6900000	26.2500000	1043.8805427	4.0066875
-149.0256040	15.1596000	-110.6900000	26.2500000	1038.0506333	4.0076875
-149.0256040	15.6596000	-110.6900000	26.2500000	1032.6126836	4.0076875
-149.0256040	16.1596000	-110.6900000	26.2500000	1027.3083702	4.0076875
-149.0256040	16.6596000	-110.6900000	26.2500000	1022.1398318	4.0076875
-149.0256040	17.1596000	-110.6900000	26.2500000	1016.8554699	4.0086875
-149.0256040	17.6596000	-110.6900000	26.2500000	1011.9660712	4.0086875
-149.0256040	18.1596000	-110.6900000	26.2500000	1007.0460410	4.0093750
-149.0256040	18.6596000	-110.6900000	26.2500000	1002.3655360	4.0096875
-149.0256040	19.1596000	-110.6900000	26.2500000	997.7386161	4.0103750
-149.0256040	19.6596000	-110.6900000	26.2500000	993.3542926	4.0106875
-149.0256040	20.1596000	-110.6900000	26.2500000	989.1978593	4.0106875
-149.0256040	20.6596000	-110.6900000	26.2500000	985.0246827	4.0113750
-149.0256040	21.1596000	-110.6900000	26.2500000	981.0986070	4.0116875
-149.0256040	21.6596000	-110.6900000	26.2500000	977.4051249	4.0116875
-149.0256040	22.1596000	-110.6900000	26.2500000	973.8693340	4.0116875
-149.0256040	22.6596000	-110.6900000	26.2500000	970.3267256	4.0123750
-149.0256040	23.1596000	-110.6900000	26.2500000	967.2778890	4.0116875
-149.0256040	23.6596000	-110.6900000	26.2500000	964.2256282	4.0116875
-149.0256040	24.1596000	-110.6900000	26.2500000	961.4127299	4.0113750
-149.0256040	24.6596000	-110.6900000	26.2500000	958.6907377	4.0113750
-149.0256040	25.1596000	-110.6900000	26.2500000	956.1362413	4.0113750
-149.0256040	25.6596000	-110.6900000	26.2500000	953.8249476	4.0110625
-149.0256040	26.1596000	-110.6900000	26.2500000	951.7725265	4.0103750
-149.0256040	26.6596000	-110.6900000	26.2500000	949.7280981	4.0103750
-162.0256040	19.9863000	-110.6900000	26.2500000	1312.0816985	4.0173750
-161.3675990	17.7469010	-110.6900000	26.2500000	1315.3716745	4.0176875
-161.3148960	21.9563010	-110.6900000	26.2500000	1278.4606441	4.0183750
-161.0950010	23.9972000	-110.6900000	26.2500000	1257.6298039	4.0213750
-160.0475010	19.8234000	-110.6900000	26.2500000	1264.6477572	4.0163750
-159.6649930	22.1229990	-110.6900000	26.2500000	1236.6227055	4.0176875
-159.4010010	21.9710010	-110.6900000	26.2500000	1231.2123608	4.0176875
-158.9824980	15.5740000	-110.6900000	26.2500000	1277.1266008	4.0176875
-158.9331050	24.5737990	-110.6900000	26.2500000	1200.8537019	4.0213750
-158.9030000	21.2984010	-110.6900000	26.2500000	1224.2619996	4.0166875
-158.7601930	18.5646990	-110.6900000	26.2500000	1243.5207489	4.0163750
-158.1853940	22.6201990	-110.6900000	26.2500000	1196.2257529	4.0183750
-158.1795040	20.3778000	-110.6900000	26.2500000	1213.6644164	4.0163750
-157.9310000	21.6460000	-110.6900000	26.2500000	1197.3075738	4.0173750
-157.8591000	14.6596000	-110.6900000	26.2500000	1258.7175128	4.0176875
-157.7008060	16.3484000	-110.6900000	26.2500000	1237.8711720	4.0166875
-157.6275940	20.3461000	-110.6900000	26.2500000	1200.2064427	4.0163750
-157.2700040	21.1089990	-110.6900000	26.2500000	1185.1962086	4.0166875
-157.2272950	18.9848000	-110.6900000	26.2500000	1201.6914776	4.0163750
-156.9646000	24.3120990	-110.6900000	26.2500000	1154.5588920	4.0196875
-156.9320070	19.8327010	-110.6900000	26.2500000	1187.1267017	4.0163750
-156.8081970	18.4042000	-110.6900000	26.2500000	1196.4013010	4.0163750
-156.7559970	21.1360000	-110.6900000	26.2500000	1172.2245075	4.0166875
-156.6580050	20.8910010	-110.6900000	26.2500000	1171.6894993	4.0166875
-156.5101010	19.4776990	-110.6900000	26.2500000	1179.6155013	4.0163750
-156.4651030	18.7750000	-110.6900000	26.2500000	1184.5701483	4.0163750
-156.3876950	17.6149010	-110.6900000	26.2500000	1193.1718253	4.0163750
-156.2066040	16.1620010	-110.6900000	26.2500000	1202.6232648	4.0166875
-156.1670070	18.3010010	-110.6900000	26.2500000	1181.3826954	4.0163750
-155.9969940	20.7710000	-110.6900000	26.2500000	1156.2948931	4.0163750
-155.7729950	19.0790000	-110.6900000	26.2500000	1164.6984667	4.0163750
-155.7653050	26.7766990	-110.6900000	26.2500000	1111.3461701	4.0213750
-155.7149960	18.0002990	-110.6900000	26.2500000	1173.0798598	4.0156875
-155.7109990	20.0460000	-110.6900000	26.2500000	1155.0016804	4.0163750
-155.6793980	21.2055000	-110.6900000	26.2500000	1144.9525487	4.0166875
-155.6362000	22.2999000	-110.6900000	26.2500000	1135.6466094	4.0173750
-154.9944000	21.5070000	-110.6900000	26.2500000	1125.6658810	4.0166875
-154.9830020	19.6010000	-110.6900000	26.2500000	1140.5903019	4.0163750
-154.7973940	18.8031010	-110.6900000	26.2500000	1143.0375851	4.0156875
-154.6912990	17.1800990	-110.6900000	26.2500000	1155.3293211	4.0156875
-154.6177980	20.0889000	-110.6900000	26.2500000	1127.4624776	4.0163750
-154.4958950	18.4016990	-110.6900000	26.2500000	1139.1135012	4.0156875
-154.4828030	21.0019000	-110.6900000	26.2500000	1116.7780182	4.0166875
-154.3939970	19.2625010	-110.6900000	26.2500000	1129.0081823	4.0156875
-154.2518010	21.1686990	-110.6900000	26.2500000	1109.7610128	4.0166875
-154.0305020	17.9884000	-110.6900000	26.2500000	1131.3088189	4.0156875
-153.9922940	18.7976000	-110.6900000	26.2500000	1123.0602285	4.0156875
-153.9826970	21.5196990	-110.6900000	26.2500000	1100.4397644	4.0166875
-153.9674990	14.7313000	-110.6900000	26.2500000	1162.8879358	4.0136875
-153.9024050	19.9790990	-110.6900000	26.2500000	1110.7579529	4.0156875
-153.8681950	17.3153990	-110.6900000	26.2500000	1133.5930424	4.0156875
-153.7008060	17.2975010	-110.6900000	26.2500000	1129.8891940	4.0146875
-153.5032040	19.4951990	-110.6900000	26.2500000	1104.8634754	4.0156875
-153.2958980	18.8009000	-110.6900000	26.2500000	1105.7115761	4.0156875
-153.2920990	20.8925990	-110.6900000	26.2500000	1088.1043019	4.0163750
-153.2906040	17.9062000	-110.6900000	26.2500000	1113.9596193	4.0146875
-152.9812010	18.3018000	-110.6900000	26.2500000	1102.6338592	4.0146875
-152.7657930	25.5928000	-110.6900000	26.2500000	1044.8962646	4.0166875
-152.1324010	18.4814000	-110.6900000	26.2500000	1079.9064797	4.0146875
-151.6866000	14.6891000	-110.6900000	26.2500000	1107.9219805	4.0106875
-151.6376040	16.7378010	-110.6900000	26.2500000	1084.7131283	4.0126875
-150.9149930	18.9142000	-110.6900000	26.2500000	1046.1222760	4.0133750
-149.0009000	16.9890000	-110.6900000	26.2500000	1017.9443098	4.0086875
