-162.0256040	14.6596000	-110.6900000	26.2500000	1354.7176313	4.0394742
-162.0256040	15.1596000	-110.6900000	26.2500000	1349.5982638	4.0394742
-162.0256040	15.6596000	-110.6900000	26.2500000	1344.5676790	4.0394742
-162.0256040	16.1596000	-110.6900000	26.2500000	1339.6269590	4.0394742
-162.0256040	16.6596000	-110.6900000	26.2500000	1334.7771827	4.0394742
-162.0256040	17.1596000	-110.6900000	26.2500000	1330.0194254	4.0394742
-162.0256040	17.6596000	-110.6900000	26.2500000	1325.3547574	4.0394742
-162.0256040	18.1596000	-110.6900000	26.2500000	1320.7842439	4.0394742
-162.0256040	18.6596000	-110.6900000	26.2500000	1316.1074159	4.0400927
-162.0256040	19.1596000	-110.6900000	26.2500000	1311.7290506	4.0400927
-162.0256040	19.6596000	-110.6900000	26.2500000	1307.3245430	4.0404742
-162.0256040	20.1596000	-110.6900000	26.2500000	1302.9427308	4.0410927
-162.0256040	20.6596000	-110.6900000	26.2500000	1298.8603486	4.0410927
-162.0256040	21.1596000	-110.6900000	26.2500000	1294.5579585	4.0420927
-162.0256040	21.6596000	-110.6900000	26.2500000	1290.5564268	4.0424742
-162.0256040	22.1596000	-110.6900000	26.2500000	1286.5824887	4.0430927
-162.0256040	22.6596000	-110.6900000	26.2500000	1282.5920130	4.0440927
-162.0256040	23.1596000	-110.6900000	26.2500000	1278.7076731	4.0450927
-162.0256040	23.6596000	-110.6900000	26.2500000	1275.1252666	4.0454742
-162.0256040	24.1596000	-110.6900000	26.2500000	1271.4551656	4.0464742
-162.0256040	24.6596000	-110.6900000	26.2500000	1267.8937575	4.0474742
-162.0256040	25.1596000	-110.6900000	26.2500000	1264.4418516	4.0484742
-162.0256040	25.6596000	-110.6900000	26.2500000	1261.1002363	4.0494742
-162.0256040	26.1596000	-110.6900000	26.2500000	1257.6776213	4.0510927
-162.0256040	26.6596000	-110.6900000	26.2500000	1254.5593901	4.0520927
-161.5256040	14.6596000	-110.6900000	26.2500000	1342.3696531	4.0394742
-161.5256040	15.1596000	-110.6900000	26.2500000	1337.2438436	4.0394742
-161.5256040	15.6596000	-110.6900000	26.2500000	1332.2082045	4.0394742
-161.5256040	16.1596000	-110.6900000	26.2500000	1327.2638427	4.0394742
-161.5256040	16.6596000	-110.6900000	26.2500000	1322.5367528	4.0390927
-161.5256040	17.1596000	-110.6900000	26.2500000	1317.7778031	4.0390927
-161.5256040	17.6596000	-110.6900000	26.2500000	1313.1134376	4.0390927
-161.5256040	18.1596000	-110.6900000	26.2500000	1308.4211757	4.0394742
-161.5256040	18.6596000	-110.6900000	26.2500000	1303.9496616	4.0394742
-161.5256040	19.1596000	-110.6900000	26.2500000	1299.3770027	4.0400927
-161.5256040	19.6596000	-110.6900000	26.2500000	1295.1028516	4.0400927
-161.5256040	20.1596000	-110.6900000	26.2500000	1290.8067533	4.0404742
-161.5256040	20.6596000	-110.6900000	26.2500000	1286.5369393	4.0410927
-161.5256040	21.1596000	-110.6900000	26.2500000	1282.4456274	4.0414742
-161.5256040	21.6596000	-110.6900000	26.2500000	1278.3830888	4.0420927
-161.5256040	22.1596000	-110.6900000	26.2500000	1274.3055264	4.0430927
-161.5256040	22.6596000	-110.6900000	26.2500000	1270.3349113	4.0440927
-161.5256040	23.1596000	-110.6900000	26.2500000	1266.6658292	4.0444742
-161.5256040	23.6596000	-110.6900000	26.2500000	1262.9111640	4.0454742
-161.5256040	24.1596000	-110.6900000	26.2500000	1259.2661046	4.0464742
-161.5256040	24.6596000	-110.6900000	26.2500000	1255.7314938	4.0474742
-161.5256040	25.1596000	-110.6900000	26.2500000	1252.3081542	4.0484742
-161.5256040	25.6596000	-110.6900000	26.2500000	1248.9968868	4.0494742
-161.5256040	26.1596000	-110.6900000	26.2500000	1245.7984700	4.0504742
-161.5256040	26.6596000	-110.6900000	26.2500000	1242.7136588	4.0514742
-161.0256040	14.6596000	-110.6900000	26.2500000	1330.1502345	4.0390927
-161.0256040	15.1596000	-110.6900000	26.2500000	1325.0168958	4.0390927
-161.0256040	15.6596000	-110.6900000	26.2500000	1320.1773085	4.0384742
-161.0256040	16.1596000	-110.6900000	26.2500000	1315.2275075	4.0384742
-161.0256040	16.6596000	-110.6900000	26.2500000	1310.3715645	4.0384742
-161.0256040	17.1596000	-110.6900000	26.2500000	1305.4106655	4.0390927
-161.0256040	17.6596000	-110.6900000	26.2500000	1300.7465234	4.0390927
-161.0256040	18.1596000	-110.6900000	26.2500000	1296.1795837	4.0390927
-161.0256040	18.6596000	-110.6900000	26.2500000	1291.7109531	4.0390927
-161.0256040	19.1596000	-110.6900000	26.2500000	1287.2201629	4.0394742
-161.0256040	19.6596000	-110.6900000	26.2500000	1282.7554202	4.0400927
-161.0256040	20.1596000	-110.6900000	26.2500000	1278.5893038	4.0400927
-161.0256040	20.6596000	-110.6900000	26.2500000	1274.2104167	4.0410927
-161.0256040	21.1596000	-110.6900000	26.2500000	1270.1316837	4.0414742
-161.0256040	21.6596000	-110.6900000	26.2500000	1266.0841314	4.0420927
-161.0256040	22.1596000	-110.6900000	26.2500000	1262.0244174	4.0430927
-161.0256040	22.6596000	-110.6900000	26.2500000	1258.2658198	4.0434742
-161.0256040	23.1596000	-110.6900000	26.2500000	1254.4237178	4.0444742
-161.0256040	23.6596000	-110.6900000	26.2500000	1250.8100544	4.0450927
-161.0256040	24.1596000	-110.6900000	26.2500000	1247.1894524	4.0460927
-161.0256040	24.6596000	-110.6900000	26.2500000	1243.6810932	4.0470927
-161.0256040	25.1596000	-110.6900000	26.2500000	1240.2858131	4.0480927
-161.0256040	25.6596000	-110.6900000	26.2500000	1237.0044259	4.0490927
-161.0256040	26.1596000	-110.6900000	26.2500000	1233.7215230	4.0504742
-161.0256040	26.6596000	-110.6900000	26.2500000	1230.6705828	4.0514742
-160.5256040	14.6596000	-110.6900000	26.2500000	1318.0090782	4.0384742
-160.5256040	15.1596000	-110.6900000	26.2500000	1312.8672911	4.0384742
-160.5256040	15.6596000	-110.6900000	26.2500000	1307.8185176	4.0384742
-160.5256040	16.1596000	-110.6900000	26.2500000	1302.8639172	4.0384742
-160.5256040	16.6596000	-110.6900000	26.2500000	1298.0046461	4.0384742
-160.5256040	17.1596000	-110.6900000	26.2500000	1293.2418555	4.0384742
-160.5256040	17.6596000	-110.6900000	26.2500000	1288.5766915	4.0384742
-160.5256040	18.1596000	-110.6900000	26.2500000	1284.0102936	4.0384742
-160.5256040	18.6596000	-110.6900000	26.2500000	1279.3478465	4.0390927
-160.5256040	19.1596000	-110.6900000	26.2500000	1274.9830372	4.0390927
-160.5256040	19.6596000	-110.6900000	26.2500000	1270.6003505	4.0394742
-160.5256040	20.1596000	-110.6900000	26.2500000	1266.2473856	4.0400927
-160.5256040	20.6596000	-110.6900000	26.2500000	1262.0740772	4.0404742
-160.5256040	21.1596000	-110.6900000	26.2500000	1257.9331016	4.0410927
-160.5256040	21.6596000	-110.6900000	26.2500000	1253.7814523	4.0420927
-160.5256040	22.1596000	-110.6900000	26.2500000	1249.9304846	4.0424742
-160.5256040	22.6596000	-110.6900000	26.2500000	1245.9980554	4.0434742
-160.5256040	23.1596000	-110.6900000	26.2500000	1242.2941562	4.0440927
-160.5256040	23.6596000	-110.6900000	26.2500000	1238.5849864	4.0450927
-160.5256040	24.1596000	-110.6900000	26.2500000	1234.9889983	4.0460927
-160.5256040	24.6596000	-110.6900000	26.2500000	1231.5070650	4.0470927
-160.5256040	25.1596000	-110.6900000	26.2500000	1228.1400369	4.0480927
-160.5256040	25.6596000	-110.6900000	26.2500000	1224.8887407	4.0490927
-160.5256040	26.1596000	-110.6900000	26.2500000	1221.7539783	4.0500927
-160.5256040	26.6596000	-110.6900000	26.2500000	1218.7365256	4.0510927
-160.0256040	14.6596000	-110.6900000	26.2500000	1305.6676513	4.0384742
-160.0256040	15.1596000	-110.6900000	26.2500000	1300.5175727	4.0384742
-160.0256040	15.6596000	-110.6900000	26.2500000	1295.4619412	4.0384742
-160.0256040	16.1596000	-110.6900000	26.2500000	1290.5019441	4.0384742
-160.0256040	16.6596000	-110.6900000	26.2500000	1285.7602128	4.0380927
-160.0256040	17.1596000	-110.6900000	26.2500000	1280.9945794	4.0380927
-160.0256040	17.6596000	-110.6900000	26.2500000	1276.2075671	4.0384742
-160.0256040	18.1596000	-110.6900000	26.2500000	1271.6418877	4.0384742
-160.0256040	18.6596000	-110.6900000	26.2500000	1267.1777015	4.0384742
-160.0256040	19.1596000	-110.6900000	26.2500000	1262.6227720	4.0390927
-160.0256040	19.6596000	-110.6900000	26.2500000	1258.3656621	4.0390927
-160.0256040	20.1596000	-110.6900000	26.2500000	1253.9030044	4.0400927
-160.0256040	20.6596000	-110.6900000	26.2500000	1249.7398013	4.0404742
-160.0256040	21.1596000	-110.6900000	26.2500000	1245.6113685	4.0410927
-160.0256040	21.6596000	-110.6900000	26.2500000	1241.4751584	4.0420927
-160.0256040	22.1596000	-110.6900000	26.2500000	1237.6395017	4.0424742
-160.0256040	22.6596000	-110.6900000	26.2500000	1233.8424393	4.0430927
-160.0256040	23.1596000	-110.6900000	26.2500000	1230.0417420	4.0440927
-160.0256040	23.6596000	-110.6900000	26.2500000	1226.3551408	4.0450927
-160.0256040	24.1596000	-110.6900000	26.2500000	1222.7835469	4.0460927
-160.0256040	24.6596000	-110.6900000	26.2500000	1219.3278491	4.0470927
-160.0256040	25.1596000	-110.6900000	26.2500000	1215.9889122	4.0480927
-160.0256040	25.6596000	-110.6900000	26.2500000	1212.7675763	4.0490927
-160.0256040	26.1596000	-110.6900000	26.2500000	1209.6646556	4.0500927
-160.0256040	26.6596000	-110.6900000	26.2500000	1206.6809366	4.0510927
-159.5256040	14.6596000	-110.6900000	26.2500000	1293.6502776	4.0374742
-159.5256040	15.1596000	-110.6900000	26.2500000	1288.4899863	4.0374742
-159.5256040	15.6596000	-110.6900000	26.2500000	1283.4256153	4.0374742
-159.5256040	16.1596000	-110.6900000	26.2500000	1278.4583805	4.0374742
-159.5256040	16.6596000	-110.6900000	26.2500000	1273.3944101	4.0380927
-159.5256040	17.1596000	-110.6900000	26.2500000	1268.6258091	4.0380927
-159.5256040	17.6596000	-110.6900000	26.2500000	1263.9579487	4.0380927
-159.5256040	18.1596000	-110.6900000	26.2500000	1259.3920221	4.0380927
-159.5256040	18.6596000	-110.6900000	26.2500000	1254.8106788	4.0384742
-159.5256040	19.1596000	-110.6900000	26.2500000	1250.2610860	4.0390927
-159.5256040	19.6596000	-110.6900000	26.2500000	1246.0090874	4.0390927
-159.5256040	20.1596000	-110.6900000	26.2500000	1241.7464040	4.0394742
-159.5256040	20.6596000	-110.6900000	26.2500000	1237.5196094	4.0400927
-159.5256040	21.1596000	-110.6900000	26.2500000	1233.2864934	4.0410927
-159.5256040	21.6596000	-110.6900000	26.2500000	1229.3534785	4.0414742
-159.5256040	22.1596000	-110.6900000	26.2500000	1225.4603102	4.0420927
-159.5256040	22.6596000	-110.6900000	26.2500000	1221.5651079	4.0430927
-159.5256040	23.1596000	-110.6900000	26.2500000	1217.7848886	4.0440927
-159.5256040	23.6596000	-110.6900000	26.2500000	1214.1206034	4.0450927
-159.5256040	24.1596000	-110.6900000	26.2500000	1210.5731807	4.0460927
-159.5256040	24.6596000	-110.6900000	26.2500000	1207.1435255	4.0470927
-159.5256040	25.1596000	-110.6900000	26.2500000	1204.0164889	4.0474742
-159.5256040	25.6596000	-110.6900000	26.2500000	1200.8244491	4.0484742
-159.5256040	26.1596000	-110.6900000	26.2500000	1197.7527556	4.0494742
-159.5256040	26.6596000	-110.6900000	26.2500000	1194.8022062	4.0504742
-159.0256040	14.6596000	-110.6900000	26.2500000	1281.3135108	4.0374742
-159.0256040	15.1596000	-110.6900000	26.2500000	1276.1436242	4.0374742
-159.0256040	15.6596000	-110.6900000	26.2500000	1271.0711238	4.0374742
-159.0256040	16.1596000	-110.6900000	26.2500000	1266.0972549	4.0374742
-159.0256040	16.6596000	-110.6900000	26.2500000	1261.2232589	4.0374742
-159.0256040	17.1596000	-110.6900000	26.2500000	1256.4503715	4.0374742
-159.0256040	17.6596000	-110.6900000	26.2500000	1251.7798225	4.0374742
-159.0256040	18.1596000	-110.6900000	26.2500000	1247.0217901	4.0380927
-159.0256040	18.6596000	-110.6900000	26.2500000	1242.5602586	4.0380927
-159.0256040	19.1596000	-110.6900000	26.2500000	1238.0877319	4.0384742
-159.0256040	19.6596000	-110.6900000	26.2500000	1233.6507677	4.0390927
-159.0256040	20.1596000	-110.6900000	26.2500000	1229.3956028	4.0394742
-159.0256040	20.6596000	-110.6900000	26.2500000	1225.1787935	4.0400927
-159.0256040	21.1596000	-110.6900000	26.2500000	1220.9585921	4.0410927
-159.0256040	21.6596000	-110.6900000	26.2500000	1217.0383929	4.0414742
-159.0256040	22.1596000	-110.6900000	26.2500000	1213.1605750	4.0420927
-159.0256040	22.6596000	-110.6900000	26.2500000	1209.2837145	4.0430927
-159.0256040	23.1596000	-110.6900000	26.2500000	1205.5236861	4.0440927
-159.0256040	23.6596000	-110.6900000	26.2500000	1201.8814597	4.0450927
-159.0256040	24.1596000	-110.6900000	26.2500000	1198.5412071	4.0454742
-159.0256040	24.6596000	-110.6900000	26.2500000	1195.1368335	4.0464742
-159.0256040	25.1596000	-110.6900000	26.2500000	1191.8530439	4.0474742
-159.0256040	25.6596000	-110.6900000	26.2500000	1188.8027188	4.0480927
-159.0256040	26.1596000	-110.6900000	26.2500000	1185.7623583	4.0490927
-159.0256040	26.6596000	-110.6900000	26.2500000	1182.8451103	4.0500927
-158.5256040	14.6596000	-110.6900000	26.2500000	1269.1009217	4.0370927
-158.5256040	15.1596000	-110.6900000	26.2500000	1263.8008623	4.0374742
-158.5256040	15.6596000	-110.6900000	26.2500000	1258.7195755	4.0374742
-158.5256040	16.1596000	-110.6900000	26.2500000	1253.7384331	4.0374742
-158.5256040	16.6596000	-110.6900000	26.2500000	1248.8587064	4.0374742
-158.5256040	17.1596000	-110.6900000	26.2500000	1244.0816616	4.0374742
-158.5256040	17.6596000	-110.6900000	26.2500000	1239.4085580	4.0374742
-158.5256040	18.1596000	-110.6900000	26.2500000	1234.8406469	4.0374742
-158.5256040	18.6596000	-110.6900000	26.2500000	1230.1907057	4.0380927
-158.5256040	19.1596000	-110.6900000	26.2500000	1225.7217752	4.0384742
-158.5256040	19.6596000	-110.6900000	26.2500000	1221.2908491	4.0390927
-158.5256040	20.1596000	-110.6900000	26.2500000	1217.1576789	4.0390927
-158.5256040	20.6596000	-110.6900000	26.2500000	1212.8354782	4.0400927
-158.5256040	21.1596000	-110.6900000	26.2500000	1208.8128059	4.0404742
-158.5256040	21.6596000	-110.6900000	26.2500000	1204.8337362	4.0410927
-158.5256040	22.1596000	-110.6900000	26.2500000	1200.8571959	4.0420927
-158.5256040	22.6596000	-110.6900000	26.2500000	1196.9983543	4.0430927
-158.5256040	23.1596000	-110.6900000	26.2500000	1193.2582242	4.0440927
-158.5256040	23.6596000	-110.6900000	26.2500000	1189.8197320	4.0444742
-158.5256040	24.1596000	-110.6900000	26.2500000	1186.3193887	4.0454742
-158.5256040	24.6596000	-110.6900000	26.2500000	1183.0521945	4.0460927
-158.5256040	25.1596000	-110.6900000	26.2500000	1179.7956747	4.0470927
-158.5256040	25.6596000	-110.6900000	26.2500000	1176.6625838	4.0480927
-158.5256040	26.1596000	-110.6900000	26.2500000	1173.6537744	4.0490927
-158.5256040	26.6596000	-110.6900000	26.2500000	1170.7700675	4.0500927
-158.0256040	14.6596000	-110.6900000	26.2500000	1256.9644095	4.0364742
-158.0256040	15.1596000	-110.6900000	26.2500000	1251.7720108	4.0364742
-158.0256040	15.6596000	-110.6900000	26.2500000	1246.6800041	4.0364742
-158.0256040	16.1596000	-110.6900000	26.2500000	1241.4994527	4.0370927
-158.0256040	16.6596000	-110.6900000	26.2500000	1236.6128980	4.0370927
-158.0256040	17.1596000	-110.6900000	26.2500000	1231.7142451	4.0374742
-158.0256040	17.6596000	-110.6900000	26.2500000	1227.0379919	4.0374742
-158.0256040	18.1596000	-110.6900000	26.2500000	1222.4685856	4.0374742
-158.0256040	18.6596000	-110.6900000	26.2500000	1217.8207284	4.0380927
-158.0256040	19.1596000	-110.6900000	26.2500000	1213.4694885	4.0380927
-158.0256040	19.6596000	-110.6900000	26.2500000	1209.1146422	4.0384742
-158.0256040	20.1596000	-110.6900000	26.2500000	1204.8017239	4.0390927
-158.0256040	20.6596000	-110.6900000	26.2500000	1200.4897911	4.0400927
-158.0256040	21.1596000	-110.6900000	26.2500000	1196.4773171	4.0404742
-158.0256040	21.6596000	-110.6900000	26.2500000	1192.5110160	4.0410927
-158.0256040	22.1596000	-110.6900000	26.2500000	1188.5502757	4.0420927
-158.0256040	22.6596000	-110.6900000	26.2500000	1184.7091233	4.0430927
-158.0256040	23.1596000	-110.6900000	26.2500000	1181.1692519	4.0434742
-158.0256040	23.6596000	-110.6900000	26.2500000	1177.6808329	4.0440927
-158.0256040	24.1596000	-110.6900000	26.2500000	1174.2036189	4.0450927
-158.0256040	24.6596000	-110.6900000	26.2500000	1170.8500079	4.0460927
-158.0256040	25.1596000	-110.6900000	26.2500000	1167.6209278	4.0470927
-158.0256040	25.6596000	-110.6900000	26.2500000	1164.5172761	4.0480927
-158.0256040	26.1596000	-110.6900000	26.2500000	1161.7173829	4.0484742
-158.0256040	26.6596000	-110.6900000	26.2500000	1158.8666733	4.0494742
-157.5256040	14.6596000	-110.6900000	26.2500000	1244.6382813	4.0364742
-157.5256040	15.1596000	-110.6900000	26.2500000	1239.4342168	4.0364742
-157.5256040	15.6596000	-110.6900000	26.2500000	1234.3320605	4.0364742
-157.5256040	16.1596000	-110.6900000	26.2500000	1229.3331531	4.0364742
-157.5256040	16.6596000	-110.6900000	26.2500000	1224.4388304	4.0364742
-157.5256040	17.1596000	-110.6900000	26.2500000	1219.4635542	4.0370927
-157.5256040	17.6596000	-110.6900000	26.2500000	1214.7831000	4.0370927
-157.5256040	18.1596000	-110.6900000	26.2500000	1210.0968394	4.0374742
-157.5256040	18.6596000	-110.6900000	26.2500000	1205.6351780	4.0374742
-157.5256040	19.1596000	-110.6900000	26.2500000	1201.1006273	4.0380927
-157.5256040	19.6596000	-110.6900000	26.2500000	1196.7500811	4.0384742
-157.5256040	20.1596000	-110.6900000	26.2500000	1192.4439845	4.0390927
-157.5256040	20.6596000	-110.6900000	26.2500000	1188.3237954	4.0394742
-157.5256040	21.1596000	-110.6900000	26.2500000	1184.2509622	4.0400927
-157.5256040	21.6596000	-110.6900000	26.2500000	1180.1852259	4.0410927
-157.5256040	22.1596000	-110.6900000	26.2500000	1176.2399175	4.0420927
-157.5256040	22.6596000	-110.6900000	26.2500000	1172.5955095	4.0424742
-157.5256040	23.1596000	-110.6900000	26.2500000	1169.0039474	4.0430927
-157.5256040	23.6596000	-110.6900000	26.2500000	1165.4253521	4.0440927
-157.5256040	24.1596000	-110.6900000	26.2500000	1161.9713872	4.0450927
-157.5256040	24.6596000	-110.6900000	26.2500000	1158.6430275	4.0460927
-157.5256040	25.1596000	-110.6900000	26.2500000	1155.6178375	4.0464742
-157.5256040	25.6596000	-110.6900000	26.2500000	1152.6516102	4.0470927
-157.5256040	26.1596000	-110.6900000	26.2500000	1149.7048075	4.0480927
-157.5256040	26.6596000	-110.6900000	26.2500000	1146.8872246	4.0490927
-157.0256040	14.6596000	-110.6900000	26.2500000	1232.6226879	4.0354742
-157.0256040	15.1596000	-110.6900000	26.2500000	1227.2168397	4.0360927
-157.0256040	15.6596000	-110.6900000	26.2500000	1221.9878527	4.0364742
-157.0256040	16.1596000	-110.6900000	26.2500000	1216.9796578	4.0364742
-157.0256040	16.6596000	-110.6900000	26.2500000	1212.0776487	4.0364742
-157.0256040	17.1596000	-110.6900000	26.2500000	1207.2831886	4.0364742
-157.0256040	17.6596000	-110.6900000	26.2500000	1202.4133777	4.0370927
-157.0256040	18.1596000	-110.6900000	26.2500000	1197.7256025	4.0374742
-157.0256040	18.6596000	-110.6900000	26.2500000	1193.2629900	4.0374742
-157.0256040	19.1596000	-110.6900000	26.2500000	1188.7311469	4.0380927
-157.0256040	19.6596000	-110.6900000	26.2500000	1184.3843758	4.0384742
-157.0256040	20.1596000	-110.6900000	26.2500000	1180.0846036	4.0390927
-157.0256040	20.6596000	-110.6900000	26.2500000	1175.9718656	4.0394742
-157.0256040	21.1596000	-110.6900000	26.2500000	1171.9090885	4.0400927
-157.0256040	21.6596000	-110.6900000	26.2500000	1167.8564786	4.0410927
-157.0256040	22.1596000	-110.6900000	26.2500000	1164.1043624	4.0414742
-157.0256040	22.6596000	-110.6900000	26.2500000	1160.4064438	4.0420927
-157.0256040	23.1596000	-110.6900000	26.2500000	1156.7232117	4.0430927
-157.0256040	23.6596000	-110.6900000	26.2500000	1153.1656046	4.0440927
-157.0256040	24.1596000	-110.6900000	26.2500000	1149.7346464	4.0450927
-157.0256040	24.6596000	-110.6900000	26.2500000	1146.6066166	4.0454742
-157.0256040	25.1596000	-110.6900000	26.2500000	1143.5391780	4.0460927
-157.0256040	25.6596000	-110.6900000	26.2500000	1140.4931781	4.0470927
-157.0256040	26.1596000	-110.6900000	26.2500000	1137.5776380	4.0480927
-157.0256040	26.6596000	-110.6900000	26.2500000	1134.9667933	4.0484742
-156.5256040	14.6596000	-110.6900000	26.2500000	1220.3041501	4.0354742
-156.5256040	15.1596000	-110.6900000	26.2500000	1215.0732729	4.0354742
-156.5256040	15.6596000	-110.6900000	26.2500000	1209.9474143	4.0354742
-156.5256040	16.1596000	-110.6900000	26.2500000	1204.7433265	4.0360927
-156.5256040	16.6596000	-110.6900000	26.2500000	1199.7190952	4.0364742
-156.5256040	17.1596000	-110.6900000	26.2500000	1194.9179206	4.0364742
-156.5256040	17.6596000	-110.6900000	26.2500000	1190.2273406	4.0364742
-156.5256040	18.1596000	-110.6900000	26.2500000	1185.4670770	4.0370927
-156.5256040	18.6596000	-110.6900000	26.2500000	1180.8909194	4.0374742
-156.5256040	19.1596000	-110.6900000	26.2500000	1176.3612185	4.0380927
-156.5256040	19.6596000	-110.6900000	26.2500000	1172.0176844	4.0384742
-156.5256040	20.1596000	-110.6900000	26.2500000	1167.7237269	4.0390927
-156.5256040	20.6596000	-110.6900000	26.2500000	1163.6179597	4.0394742
-156.5256040	21.1596000	-110.6900000	26.2500000	1159.5647892	4.0400927
-156.5256040	21.6596000	-110.6900000	26.2500000	1155.5248878	4.0410927
-156.5256040	22.1596000	-110.6900000	26.2500000	1151.7855567	4.0414742
-156.5256040	22.6596000	-110.6900000	26.2500000	1148.1031367	4.0420927
-156.5256040	23.1596000	-110.6900000	26.2500000	1144.4385770	4.0430927
-156.5256040	23.6596000	-110.6900000	26.2500000	1140.9016754	4.0440927
-156.5256040	24.1596000	-110.6900000	26.2500000	1137.6674392	4.0444742
-156.5256040	24.6596000	-110.6900000	26.2500000	1134.4953876	4.0450927
-156.5256040	25.1596000	-110.6900000	26.2500000	1131.3467545	4.0460927
-156.5256040	25.6596000	-110.6900000	26.2500000	1128.3297955	4.0470927
-156.5256040	26.1596000	-110.6900000	26.2500000	1125.7235067	4.0470927
-156.5256040	26.6596000	-110.6900000	26.2500000	1122.9718355	4.0480927
-156.0256040	14.6596000	-110.6900000	26.2500000	1208.2908348	4.0344742
-156.0256040	15.1596000	-110.6900000	26.2500000	1202.7466498	4.0354742
-156.0256040	15.6596000	-110.6900000	26.2500000	1197.6084700	4.0354742
-156.0256040	16.1596000	-110.6900000	26.2500000	1192.5783247	4.0354742
-156.0256040	16.6596000	-110.6900000	26.2500000	1187.4756437	4.0360927
-156.0256040	17.1596000	-110.6900000	26.2500000	1182.5548550	4.0364742
-156.0256040	17.6596000	-110.6900000	26.2500000	1177.8585942	4.0364742
-156.0256040	18.1596000	-110.6900000	26.2500000	1173.0962937	4.0370927
-156.0256040	18.6596000	-110.6900000	26.2500000	1168.5191557	4.0374742
-156.0256040	19.1596000	-110.6900000	26.2500000	1164.1693405	4.0374742
-156.0256040	19.6596000	-110.6900000	26.2500000	1159.7597150	4.0380927
-156.0256040	20.1596000	-110.6900000	26.2500000	1155.3615031	4.0390927
-156.0256040	20.6596000	-110.6900000	26.2500000	1151.2622145	4.0394742
-156.0256040	21.1596000	-110.6900000	26.2500000	1147.2181897	4.0400927
-156.0256040	21.6596000	-110.6900000	26.2500000	1143.3655756	4.0404742
-156.0256040	22.1596000	-110.6900000	26.2500000	1139.5711878	4.0410927
-156.0256040	22.6596000	-110.6900000	26.2500000	1135.7963463	4.0420927
-156.0256040	23.1596000	-110.6900000	26.2500000	1132.1501342	4.0430927
-156.0256040	23.6596000	-110.6900000	26.2500000	1128.8062995	4.0434742
-156.0256040	24.1596000	-110.6900000	26.2500000	1125.5262039	4.0440927
-156.0256040	24.6596000	-110.6900000	26.2500000	1122.2714678	4.0450927
-156.0256040	25.1596000	-110.6900000	26.2500000	1119.3207056	4.0454742
-156.0256040	25.6596000	-110.6900000	26.2500000	1116.4373970	4.0460927
-156.0256040	26.1596000	-110.6900000	26.2500000	1113.5833130	4.0470927
-156.0256040	26.6596000	-110.6900000	26.2500000	1110.8648911	4.0480927
-155.5256040	14.6596000	-110.6900000	26.2500000	1195.9811925	4.0344742
-155.5256040	15.1596000	-110.6900000	26.2500000	1190.7204531	4.0344742
-155.5256040	15.6596000	-110.6900000	26.2500000	1185.3861797	4.0350927
-155.5256040	16.1596000	-110.6900000	26.2500000	1180.2325283	4.0354742
-155.5256040	16.6596000	-110.6900000	26.2500000	1175.3020656	4.0354742
-155.5256040	17.1596000	-110.6900000	26.2500000	1170.3048333	4.0360927
-155.5256040	17.6596000	-110.6900000	26.2500000	1165.4916207	4.0364742
-155.5256040	18.1596000	-110.6900000	26.2500000	1160.9045018	4.0364742
-155.5256040	18.6596000	-110.6900000	26.2500000	1156.2571366	4.0370927
-155.5256040	19.1596000	-110.6900000	26.2500000	1151.7971509	4.0374742
-155.5256040	19.6596000	-110.6900000	26.2500000	1147.3903714	4.0380927
-155.5256040	20.1596000	-110.6900000	26.2500000	1143.1731478	4.0384742
-155.5256040	20.6596000	-110.6900000	26.2500000	1139.0123294	4.0390927
-155.5256040	21.1596000	-110.6900000	26.2500000	1134.8694178	4.0400927
-155.5256040	21.6596000	-110.6900000	26.2500000	1131.0267570	4.0404742
-155.5256040	22.1596000	-110.6900000	26.2500000	1127.2450799	4.0410927
-155.5256040	22.6596000	-110.6900000	26.2500000	1123.4861713	4.0420927
-155.5256040	23.1596000	-110.6900000	26.2500000	1120.0293245	4.0424742
-155.5256040	23.6596000	-110.6900000	26.2500000	1116.6377279	4.0430927
-155.5256040	24.1596000	-110.6900000	26.2500000	1113.2733887	4.0440927
-155.5256040	24.6596000	-110.6900000	26.2500000	1110.2128248	4.0444742
-155.5256040	25.1596000	-110.6900000	26.2500000	1107.2214135	4.0450927
-155.5256040	25.6596000	-110.6900000	26.2500000	1104.2613235	4.0460927
-155.5256040	26.1596000	-110.6900000	26.2500000	1101.6065795	4.0464742
-155.5256040	26.6596000	-110.6900000	26.2500000	1099.0244760	4.0470927
-155.0256040	14.6596000	-110.6900000	26.2500000	1183.7899670	4.0340927
-155.0256040	15.1596000	-110.6900000	26.2500000	1178.4018308	4.0344742
-155.0256040	15.6596000	-110.6900000	26.2500000	1173.2354300	4.0344742
-155.0256040	16.1596000	-110.6900000	26.2500000	1168.0012907	4.0350927
-155.0256040	16.6596000	-110.6900000	26.2500000	1162.9498900	4.0354742
-155.0256040	17.1596000	-110.6900000	26.2500000	1158.1232289	4.0354742
-155.0256040	17.6596000	-110.6900000	26.2500000	1153.2356382	4.0360927
-155.0256040	18.1596000	-110.6900000	26.2500000	1148.5342879	4.0364742
-155.0256040	18.6596000	-110.6900000	26.2500000	1143.8854074	4.0370927
-155.0256040	19.1596000	-110.6900000	26.2500000	1139.4250525	4.0374742
-155.0256040	19.6596000	-110.6900000	26.2500000	1135.0205378	4.0380927
-155.0256040	20.1596000	-110.6900000	26.2500000	1130.8067949	4.0384742
-155.0256040	20.6596000	-110.6900000	26.2500000	1126.6521588	4.0390927
-155.0256040	21.1596000	-110.6900000	26.2500000	1122.6904877	4.0394742
-155.0256040	21.6596000	-110.6900000	26.2500000	1118.6854454	4.0404742
-155.0256040	22.1596000	-110.6900000	26.2500000	1114.9160646	4.0410927
-155.0256040	22.6596000	-110.6900000	26.2500000	1111.3427744	4.0414742
-155.0256040	23.1596000	-110.6900000	26.2500000	1107.8361973	4.0420927
-155.0256040	23.6596000	-110.6900000	26.2500000	1104.3587279	4.0430927
-155.0256040	24.1596000	-110.6900000	26.2500000	1101.1848094	4.0434742
-155.0256040	24.6596000	-110.6900000	26.2500000	1098.0817023	4.0440927
-155.0256040	25.1596000	-110.6900000	26.2500000	1095.0119736	4.0450927
-155.0256040	25.6596000	-110.6900000	26.2500000	1092.2474914	4.0454742
-155.0256040	26.1596000	-110.6900000	26.2500000	1089.5575033	4.0460927
-155.0256040	26.6596000	-110.6900000	26.2500000	1086.9046858	4.0470927
-154.5256040	14.6596000	-110.6900000	26.2500000	1171.6721503	4.0334742
-154.5256040	15.1596000	-110.6900000	26.2500000	1166.3783414	4.0334742
-154.5256040	15.6596000	-110.6900000	26.2500000	1160.9081747	4.0344742
-154.5256040	16.1596000	-110.6900000	26.2500000	1155.8401087	4.0344742
-154.5256040	16.6596000	-110.6900000	26.2500000	1150.7101793	4.0350927
-154.5256040	17.1596000	-110.6900000	26.2500000	1145.7652029	4.0354742
-154.5256040	17.6596000	-110.6900000	26.2500000	1140.8717502	4.0360927
-154.5256040	18.1596000	-110.6900000	26.2500000	1136.1656378	4.0364742
-154.5256040	18.6596000	-110.6900000	26.2500000	1131.6879766	4.0364742
-154.5256040	19.1596000	-110.6900000	26.2500000	1127.0532343	4.0374742
-154.5256040	19.6596000	-110.6900000	26.2500000	1122.6503877	4.0380927
-154.5256040	20.1596000	-110.6900000	26.2500000	1118.4395607	4.0384742
-154.5256040	20.6596000	-110.6900000	26.2500000	1114.2905750	4.0390927
-154.5256040	21.1596000	-110.6900000	26.2500000	1110.3358712	4.0394742
-154.5256040	21.6596000	-110.6900000	26.2500000	1106.4462206	4.0400927
-154.5256040	22.1596000	-110.6900000	26.2500000	1102.5842518	4.0410927
-154.5256040	22.6596000	-110.6900000	26.2500000	1099.0242449	4.0414742
-154.5256040	23.1596000	-110.6900000	26.2500000	1095.5338375	4.0420927
-154.5256040	23.6596000	-110.6900000	26.2500000	1092.0758860	4.0430927
-154.5256040	24.1596000	-110.6900000	26.2500000	1089.0245577	4.0430927
-154.5256040	24.6596000	-110.6900000	26.2500000	1085.8415218	4.0440927
-154.5256040	25.1596000	-110.6900000	26.2500000	1082.9636098	4.0444742
-154.5256040	25.6596000	-110.6900000	26.2500000	1080.1620092	4.0450927
-154.5256040	26.1596000	-110.6900000	26.2500000	1077.5645377	4.0454742
-154.5256040	26.6596000	-110.6900000	26.2500000	1075.0457118	4.0460927
-154.0256040	14.6596000	-110.6900000	26.2500000	1159.4896757	4.0330927
-154.0256040	15.1596000	-110.6900000	26.2500000	1154.0690780	4.0334742
-154.0256040	15.6596000	-110.6900000	26.2500000	1148.8712421	4.0334742
-154.0256040	16.1596000	-110.6900000	26.2500000	1143.5046150	4.0344742
-154.0256040	16.6596000	-110.6900000	26.2500000	1138.5390359	4.0344742
-154.0256040	17.1596000	-110.6900000	26.2500000	1133.5175499	4.0350927
-154.0256040	17.6596000	-110.6900000	26.2500000	1128.6833316	4.0354742
-154.0256040	18.1596000	-110.6900000	26.2500000	1123.9049937	4.0360927
-154.0256040	18.6596000	-110.6900000	26.2500000	1119.3163786	4.0364742
-154.0256040	19.1596000	-110.6900000	26.2500000	1114.7872158	4.0370927
-154.0256040	19.6596000	-110.6900000	26.2500000	1110.4501942	4.0374742
-154.0256040	20.1596000	-110.6900000	26.2500000	1106.1760931	4.0380927
-154.0256040	20.6596000	-110.6900000	26.2500000	1101.9277263	4.0390927
-154.0256040	21.1596000	-110.6900000	26.2500000	1097.9794788	4.0394742
-154.0256040	21.6596000	-110.6900000	26.2500000	1094.0991213	4.0400927
-154.0256040	22.1596000	-110.6900000	26.2500000	1090.4166552	4.0404742
-154.0256040	22.6596000	-110.6900000	26.2500000	1086.8052114	4.0410927
-154.0256040	23.1596000	-110.6900000	26.2500000	1083.2280372	4.0420927
-154.0256040	23.6596000	-110.6900000	26.2500000	1079.9545071	4.0424742
-154.0256040	24.1596000	-110.6900000	26.2500000	1076.7563802	4.0430927
-154.0256040	24.6596000	-110.6900000	26.2500000	1073.7613107	4.0434742
-154.0256040	25.1596000	-110.6900000	26.2500000	1070.8443290	4.0440927
-154.0256040	25.6596000	-110.6900000	26.2500000	1068.1322623	4.0444742
-154.0256040	26.1596000	-110.6900000	26.2500000	1065.5007585	4.0450927
-154.0256040	26.6596000	-110.6900000	26.2500000	1062.9133600	4.0460927
-153.5256040	14.6596000	-110.6900000	26.2500000	1147.3799579	4.0324742
-153.5256040	15.1596000	-110.6900000	26.2500000	1142.0497014	4.0324742
-153.5256040	15.6596000	-110.6900000	26.2500000	1136.5523921	4.0334742
-153.5256040	16.1596000	-110.6900000	26.2500000	1131.4546455	4.0334742
-153.5256040	16.6596000	-110.6900000	26.2500000	1126.1957509	4.0344742
-153.5256040	17.1596000	-110.6900000	26.2500000	1121.3369740	4.0344742
-153.5256040	17.6596000	-110.6900000	26.2500000	1116.3227978	4.0354742
-153.5256040	18.1596000	-110.6900000	26.2500000	1111.7093709	4.0354742
-153.5256040	18.6596000	-110.6900000	26.2500000	1106.9461182	4.0364742
-153.5256040	19.1596000	-110.6900000	26.2500000	1102.4153785	4.0370927
-153.5256040	19.6596000	-110.6900000	26.2500000	1098.0780556	4.0374742
-153.5256040	20.1596000	-110.6900000	26.2500000	1093.8064201	4.0380927
-153.5256040	20.6596000	-110.6900000	26.2500000	1089.7306442	4.0384742
-153.5256040	21.1596000	-110.6900000	26.2500000	1085.7239764	4.0390927
-153.5256040	21.6596000	-110.6900000	26.2500000	1081.7498967	4.0400927
-153.5256040	22.1596000	-110.6900000	26.2500000	1078.0776950	4.0404742
-153.5256040	22.6596000	-110.6900000	26.2500000	1074.4794546	4.0410927
-153.5256040	23.1596000	-110.6900000	26.2500000	1071.0827925	4.0414742
-153.5256040	23.6596000	-110.6900000	26.2500000	1067.7631158	4.0420927
-153.5256040	24.1596000	-110.6900000	26.2500000	1064.6471290	4.0424742
-153.5256040	24.6596000	-110.6900000	26.2500000	1061.6109603	4.0430927
-153.5256040	25.1596000	-110.6900000	26.2500000	1058.6185193	4.0440927
-153.5256040	25.6596000	-110.6900000	26.2500000	1056.0323982	4.0440927
-153.5256040	26.1596000	-110.6900000	26.2500000	1053.3307398	4.0450927
-153.5256040	26.6596000	-110.6900000	26.2500000	1051.0360984	4.0450927
-153.0256040	14.6596000	-110.6900000	26.2500000	1135.3819524	4.0314742
-153.0256040	15.1596000	-110.6900000	26.2500000	1129.7512521	4.0324742
-153.0256040	15.6596000	-110.6900000	26.2500000	1124.5185920	4.0324742
-153.0256040	16.1596000	-110.6900000	26.2500000	1119.1265811	4.0334742
-153.0256040	16.6596000	-110.6900000	26.2500000	1114.1332052	4.0334742
-153.0256040	17.1596000	-110.6900000	26.2500000	1108.9864034	4.0344742
-153.0256040	17.6596000	-110.6900000	26.2500000	1104.2389148	4.0344742
-153.0256040	18.1596000	-110.6900000	26.2500000	1099.3437561	4.0354742
-153.0256040	18.6596000	-110.6900000	26.2500000	1094.6808709	4.0360927
-153.0256040	19.1596000	-110.6900000	26.2500000	1090.2114585	4.0364742
-153.0256040	19.6596000	-110.6900000	26.2500000	1085.8087369	4.0370927
-153.0256040	20.1596000	-110.6900000	26.2500000	1081.6020424	4.0374742
-153.0256040	20.6596000	-110.6900000	26.2500000	1077.3638307	4.0384742
-153.0256040	21.1596000	-110.6900000	26.2500000	1073.3632811	4.0390927
-153.0256040	21.6596000	-110.6900000	26.2500000	1069.5624247	4.0394742
-153.0256040	22.1596000	-110.6900000	26.2500000	1065.8369015	4.0400927
-153.0256040	22.6596000	-110.6900000	26.2500000	1062.1508208	4.0410927
-153.0256040	23.1596000	-110.6900000	26.2500000	1058.8684513	4.0410927
-153.0256040	23.6596000	-110.6900000	26.2500000	1055.4662226	4.0420927
-153.0256040	24.1596000	-110.6900000	26.2500000	1052.4685651	4.0420927
-153.0256040	24.6596000	-110.6900000	26.2500000	1049.3551895	4.0430927
-153.0256040	25.1596000	-110.6900000	26.2500000	1046.6472117	4.0430927
-153.0256040	25.6596000	-110.6900000	26.2500000	1043.8273275	4.0440927
-153.0256040	26.1596000	-110.6900000	26.2500000	1041.4136184	4.0440927
-153.0256040	26.6596000	-110.6900000	26.2500000	1039.0503474	4.0444742
-152.5256040	14.6596000	-110.6900000	26.2500000	1123.1077635	4.0314742
-152.5256040	15.1596000	-110.6900000	26.2500000	1117.7374971	4.0314742
-152.5256040	15.6596000	-110.6900000	26.2500000	1112.2095623	4.0324742
-152.5256040	16.1596000	-110.6900000	26.2500000	1107.0787400	4.0324742
-152.5256040	16.6596000	-110.6900000	26.2500000	1101.7963529	4.0334742
-152.5256040	17.1596000	-110.6900000	26.2500000	1096.9118026	4.0334742
-152.5256040	17.6596000	-110.6900000	26.2500000	1091.8816285	4.0344742
-152.5256040	18.1596000	-110.6900000	26.2500000	1087.0834279	4.0350927
-152.5256040	18.6596000	-110.6900000	26.2500000	1082.4786912	4.0354742
-152.5256040	19.1596000	-110.6900000	26.2500000	1077.9415694	4.0360927
-152.5256040	19.6596000	-110.6900000	26.2500000	1073.4360889	4.0370927
-152.5256040	20.1596000	-110.6900000	26.2500000	1069.2298891	4.0374742
-152.5256040	20.6596000	-110.6900000	26.2500000	1065.0968237	4.0380927
-152.5256040	21.1596000	-110.6900000	26.2500000	1061.1637371	4.0384742
-152.5256040	21.6596000	-110.6900000	26.2500000	1057.3072868	4.0390927
-152.5256040	22.1596000	-110.6900000	26.2500000	1053.4919758	4.0400927
-152.5256040	22.6596000	-110.6900000	26.2500000	1049.9801283	4.0404742
-152.5256040	23.1596000	-110.6900000	26.2500000	1046.5498474	4.0410927
-152.5256040	23.6596000	-110.6900000	26.2500000	1043.4239713	4.0410927
-152.5256040	24.1596000	-110.6900000	26.2500000	1040.1857365	4.0420927
-152.5256040	24.6596000	-110.6900000	26.2500000	1037.3519544	4.0420927
-152.5256040	25.1596000	-110.6900000	26.2500000	1034.4098333	4.0430927
-152.5256040	25.6596000	-110.6900000	26.2500000	1031.8730268	4.0430927
-152.5256040	26.1596000	-110.6900000	26.2500000	1029.3889933	4.0434742
-152.5256040	26.6596000	-110.6900000	26.2500000	1026.9961824	4.0440927
-152.0256040	14.6596000	-110.6900000	26.2500000	1111.1180364	4.0304742
-152.0256040	15.1596000	-110.6900000	26.2500000	1105.5560332	4.0310927
-152.0256040	15.6596000	-110.6900000	26.2500000	1100.1803619	4.0314742
-152.0256040	16.1596000	-110.6900000	26.2500000	1094.8630474	4.0320927
-152.0256040	16.6596000	-110.6900000	26.2500000	1089.7349094	4.0324742
-152.0256040	17.1596000	-110.6900000	26.2500000	1084.5666490	4.0334742
-152.0256040	17.6596000	-110.6900000	26.2500000	1079.7955608	4.0334742
-152.0256040	18.1596000	-110.6900000	26.2500000	1074.8867322	4.0344742
-152.0256040	18.6596000	-110.6900000	26.2500000	1070.2119216	4.0350927
-152.0256040	19.1596000	-110.6900000	26.2500000	1065.7332814	4.0354742
-152.0256040	19.6596000	-110.6900000	26.2500000	1061.2266626	4.0364742
-152.0256040	20.1596000	-110.6900000	26.2500000	1056.9575733	4.0370927
-152.0256040	20.6596000	-110.6900000	26.2500000	1052.8886859	4.0374742
-152.0256040	21.1596000	-110.6900000	26.2500000	1048.7985881	4.0384742
-152.0256040	21.6596000	-110.6900000	26.2500000	1044.9494010	4.0390927
-152.0256040	22.1596000	-110.6900000	26.2500000	1041.3042516	4.0394742
-152.0256040	22.6596000	-110.6900000	26.2500000	1037.7421429	4.0400927
-152.0256040	23.1596000	-110.6900000	26.2500000	1034.3865081	4.0404742
-152.0256040	23.6596000	-110.6900000	26.2500000	1031.1171254	4.0410927
-152.0256040	24.1596000	-110.6900000	26.2500000	1028.1535575	4.0410927
-152.0256040	24.6596000	-110.6900000	26.2500000	1025.0851477	4.0420927
-152.0256040	25.1596000	-110.6900000	26.2500000	1022.4211695	4.0420927
-152.0256040	25.6596000	-110.6900000	26.2500000	1019.8122502	4.0424742
-152.0256040	26.1596000	-110.6900000	26.2500000	1017.2966131	4.0430927
-152.0256040	26.6596000	-110.6900000	26.2500000	1015.0905475	4.0430927
-151.5256040	14.6596000	-110.6900000	26.2500000	1098.9629637	4.0300927
-151.5256040	15.1596000	-110.6900000	26.2500000	1093.4449153	4.0304742
-151.5256040	15.6596000	-110.6900000	26.2500000	1087.9856196	4.0310927
-151.5256040	16.1596000	-110.6900000	26.2500000	1082.7151865	4.0314742
-151.5256040	16.6596000	-110.6900000	26.2500000	1077.5077438	4.0320927
-151.5256040	17.1596000	-110.6900000	26.2500000	1072.4921039	4.0324742
-151.5256040	17.6596000	-110.6900000	26.2500000	1067.4426592	4.0334742
-151.5256040	18.1596000	-110.6900000	26.2500000	1062.6269037	4.0340927
-151.5256040	18.6596000	-110.6900000	26.2500000	1058.0072849	4.0344742
-151.5256040	19.1596000	-110.6900000	26.2500000	1053.3613109	4.0354742
-151.5256040	19.6596000	-110.6900000	26.2500000	1048.9527067	4.0360927
-151.5256040	20.1596000	-110.6900000	26.2500000	1044.7444600	4.0364742
-151.5256040	20.6596000	-110.6900000	26.2500000	1040.5169084	4.0374742
-151.5256040	21.1596000	-110.6900000	26.2500000	1036.5302904	4.0380927
-151.5256040	21.6596000	-110.6900000	26.2500000	1032.7480677	4.0384742
-151.5256040	22.1596000	-110.6900000	26.2500000	1029.0502866	4.0390927
-151.5256040	22.6596000	-110.6900000	26.2500000	1025.5594768	4.0394742
-151.5256040	23.1596000	-110.6900000	26.2500000	1022.1564934	4.0400927
-151.5256040	23.6596000	-110.6900000	26.2500000	1018.9629214	4.0404742
-151.5256040	24.1596000	-110.6900000	26.2500000	1015.8603438	4.0410927
-151.5256040	24.6596000	-110.6900000	26.2500000	1013.0650796	4.0410927
-151.5256040	25.1596000	-110.6900000	26.2500000	1010.1724991	4.0420927
-151.5256040	25.6596000	-110.6900000	26.2500000	1007.6844232	4.0420927
-151.5256040	26.1596000	-110.6900000	26.2500000	1005.3514191	4.0420927
-151.5256040	26.6596000	-110.6900000	26.2500000	1002.9265010	4.0430927
-151.0256040	14.6596000	-110.6900000	26.2500000	1086.8792974	4.0294742
-151.0256040	15.1596000	-110.6900000	26.2500000	1081.4412208	4.0294742
-151.0256040	15.6596000	-110.6900000	26.2500000	1075.8596539	4.0304742
-151.0256040	16.1596000	-110.6900000	26.2500000	1070.6717786	4.0304742
-151.0256040	16.6596000	-110.6900000	26.2500000	1065.3468476	4.0314742
-151.0256040	17.1596000	-110.6900000	26.2500000	1060.2539391	4.0320927
-151.0256040	17.6596000	-110.6900000	26.2500000	1055.3555826	4.0324742
-151.0256040	18.1596000	-110.6900000	26.2500000	1050.4298373	4.0334742
-151.0256040	18.6596000	-110.6900000	26.2500000	1045.7399850	4.0340927
-151.0256040	19.1596000	-110.6900000	26.2500000	1041.2491383	4.0344742
-151.0256040	19.6596000	-110.6900000	26.2500000	1036.7383798	4.0354742
-151.0256040	20.1596000	-110.6900000	26.2500000	1032.4673072	4.0360927
-151.0256040	20.6596000	-110.6900000	26.2500000	1028.2419847	4.0370927
-151.0256040	21.1596000	-110.6900000	26.2500000	1024.3189187	4.0374742
-151.0256040	21.6596000	-110.6900000	26.2500000	1020.4816162	4.0380927
-151.0256040	22.1596000	-110.6900000	26.2500000	1016.8517196	4.0384742
-151.0256040	22.6596000	-110.6900000	26.2500000	1013.3111504	4.0390927
-151.0256040	23.1596000	-110.6900000	26.2500000	1009.9805759	4.0394742
-151.0256040	23.6596000	-110.6900000	26.2500000	1006.7426788	4.0400927
-151.0256040	24.1596000	-110.6900000	26.2500000	1003.8119791	4.0400927
-151.0256040	24.6596000	-110.6900000	26.2500000	1000.7875291	4.0410927
-151.0256040	25.1596000	-110.6900000	26.2500000	998.1667445	4.0410927
-151.0256040	25.6596000	-110.6900000	26.2500000	995.7025042	4.0410927
-151.0256040	26.1596000	-110.6900000	26.2500000	993.1502637	4.0420927
-151.0256040	26.6596000	-110.6900000	26.2500000	991.0032340	4.0420927
-150.5256040	14.6596000	-110.6900000	26.2500000	1074.9039406	4.0284742
-150.5256040	15.1596000	-110.6900000	26.2500000	1069.1753918	4.0294742
-150.5256040	15.6596000	-110.6900000	26.2500000	1063.8388971	4.0294742
-150.5256040	16.1596000	-110.6900000	26.2500000	1058.4671717	4.0300927
-150.5256040	16.6596000	-110.6900000	26.2500000	1053.2882040	4.0304742
-150.5256040	17.1596000	-110.6900000	26.2500000	1048.0804750	4.0314742
-150.5256040	17.6596000	-110.6900000	26.2500000	1043.1069620	4.0320927
-150.5256040	18.1596000	-110.6900000	26.2500000	1038.3308760	4.0324742
-150.5256040	18.6596000	-110.6900000	26.2500000	1033.5339176	4.0334742
-150.5256040	19.1596000	-110.6900000	26.2500000	1028.9751820	4.0340927
-150.5256040	19.6596000	-110.6900000	26.2500000	1024.4613773	4.0350927
-150.5256040	20.1596000	-110.6900000	26.2500000	1020.2483222	4.0354742
-150.5256040	20.6596000	-110.6900000	26.2500000	1016.1203238	4.0360927
-150.5256040	21.1596000	-110.6900000	26.2500000	1012.0436268	4.0370927
-150.5256040	21.6596000	-110.6900000	26.2500000	1008.2707284	4.0374742
-150.5256040	22.1596000	-110.6900000	26.2500000	1004.5885783	4.0380927
-150.5256040	22.6596000	-110.6900000	26.2500000	1001.1169429	4.0384742
-150.5256040	23.1596000	-110.6900000	26.2500000	997.7395946	4.0390927
-150.5256040	23.6596000	-110.6900000	26.2500000	994.5753514	4.0394742
-150.5256040	24.1596000	-110.6900000	26.2500000	991.5086974	4.0400927
-150.5256040	24.6596000	-110.6900000	26.2500000	988.7509099	4.0400927
-150.5256040	25.1596000	-110.6900000	26.2500000	986.1510869	4.0400927
-150.5256040	25.6596000	-110.6900000	26.2500000	983.4671076	4.0410927
-150.5256040	26.1596000	-110.6900000	26.2500000	981.1876316	4.0410927
-150.5256040	26.6596000	-110.6900000	26.2500000	979.0698014	4.0410927
-150.0256040	14.6596000	-110.6900000	26.2500000	1062.7701664	4.0280927
-150.0256040	15.1596000	-110.6900000	26.2500000	1057.1816232	4.0284742
-150.0256040	15.6596000	-110.6900000	26.2500000	1051.6593730	4.0290927
-150.0256040	16.1596000	-110.6900000	26.2500000	1046.3294828	4.0294742
-150.0256040	16.6596000	-110.6900000	26.2500000	1041.0704598	4.0300927
-150.0256040	17.1596000	-110.6900000	26.2500000	1036.0070593	4.0304742
-150.0256040	17.6596000	-110.6900000	26.2500000	1030.9214684	4.0314742
-150.0256040	18.1596000	-110.6900000	26.2500000	1026.0724206	4.0320927
-150.0256040	18.6596000	-110.6900000	26.2500000	1021.4238037	4.0324742
-150.0256040	19.1596000	-110.6900000	26.2500000	1016.7609326	4.0334742
-150.0256040	19.6596000	-110.6900000	26.2500000	1012.3387422	4.0340927
-150.0256040	20.1596000	-110.6900000	26.2500000	1007.9671227	4.0350927
-150.0256040	20.6596000	-110.6900000	26.2500000	1003.8978185	4.0354742
-150.0256040	21.1596000	-110.6900000	26.2500000	999.8241582	4.0364742
-150.0256040	21.6596000	-110.6900000	26.2500000	995.9964291	4.0370927
-150.0256040	22.1596000	-110.6900000	26.2500000	992.3796655	4.0374742
-150.0256040	22.6596000	-110.6900000	26.2500000	988.8587176	4.0380927
-150.0256040	23.1596000	-110.6900000	26.2500000	985.5514891	4.0384742
-150.0256040	23.6596000	-110.6900000	26.2500000	982.3435770	4.0390927
-150.0256040	24.1596000	-110.6900000	26.2500000	979.4444559	4.0390927
-150.0256040	24.6596000	-110.6900000	26.2500000	976.4629071	4.0400927
-150.0256040	25.1596000	-110.6900000	26.2500000	973.8844735	4.0400927
-150.0256040	25.6596000	-110.6900000	26.2500000	971.4680569	4.0400927
-150.0256040	26.1596000	-110.6900000	26.2500000	969.2149222	4.0400927
-150.0256040	26.6596000	-110.6900000	26.2500000	967.1262631	4.0400927
-149.5256040	14.6596000	-110.6900000	26.2500000	1050.7072113	4.0274742
-149.5256040	15.1596000	-110.6900000	26.2500000	1045.1920917	4.0274742
-149.5256040	15.6596000	-110.6900000	26.2500000	1039.5478514	4.0284742
-149.5256040	16.1596000	-110.6900000	26.2500000	1034.2940965	4.0284742
-149.5256040	16.6596000	-110.6900000	26.2500000	1028.9180295	4.0294742
-149.5256040	17.1596000	-110.6900000	26.2500000	1023.9337652	4.0294742
-149.5256040	17.6596000	-110.6900000	26.2500000	1018.8338168	4.0304742
-149.5256040	18.1596000	-110.6900000	26.2500000	1013.9714573	4.0310927
-149.5256040	18.6596000	-110.6900000	26.2500000	1009.1562202	4.0320927
-149.5256040	19.1596000	-110.6900000	26.2500000	1004.6404923	4.0324742
-149.5256040	19.6596000	-110.6900000	26.2500000	1000.1172305	4.0334742
-149.5256040	20.1596000	-110.6900000	26.2500000	995.8372377	4.0340927
-149.5256040	20.6596000	-110.6900000	26.2500000	991.6135572	4.0350927
-149.5256040	21.1596000	-110.6900000	26.2500000	987.6938895	4.0354742
-149.5256040	21.6596000	-110.6900000	26.2500000	983.8695414	4.0360927
-149.5256040	22.1596000	-110.6900000	26.2500000	980.1078584	4.0370927
-149.5256040	22.6596000	-110.6900000	26.2500000	976.6534173	4.0374742
-149.5256040	23.1596000	-110.6900000	26.2500000	973.2999391	4.0380927
-149.5256040	23.6596000	-110.6900000	26.2500000	970.2551240	4.0380927
-149.5256040	24.1596000	-110.6900000	26.2500000	967.1314262	4.0390927
-149.5256040	24.6596000	-110.6900000	26.2500000	964.4100189	4.0390927
-149.5256040	25.1596000	-110.6900000	26.2500000	961.8521155	4.0390927
-149.5256040	25.6596000	-110.6900000	26.2500000	959.4590771	4.0390927
-149.5256040	26.1596000	-110.6900000	26.2500000	957.0856266	4.0397112
-149.5256040	26.6596000	-110.6900000	26.2500000	954.9362552	4.0400927
-149.0256040	14.6596000	-110.6900000	26.2500000	1038.7507651	4.0264742
-149.0256040	15.1596000	-110.6900000	26.2500000	1033.0486158	4.0270927
-149.0256040	15.6596000	-110.6900000	26.2500000	1027.5395378	4.0274742
-149.0256040	16.1596000	-110.6900000	26.2500000	1022.1043091	4.0280927
-149.0256040	16.6596000	-110.6900000	26.2500000	1016.8656561	4.0284742
-149.0256040	17.1596000	-110.6900000	26.2500000	1011.7056388	4.0290927
-149.0256040	17.6596000	-110.6900000	26.2500000	1006.7456874	4.0294742
-149.0256040	18.1596000	-110.6900000	26.2500000	1001.7742450	4.0304742
-149.0256040	18.6596000	-110.6900000	26.2500000	997.0429488	4.0310927
-149.0256040	19.1596000	-110.6900000	26.2500000	992.3645829	4.0320927
-149.0256040	19.6596000	-110.6900000	26.2500000	987.9873942	4.0324742
-149.0256040	20.1596000	-110.6900000	26.2500000	983.6094952	4.0334742
-149.0256040	20.6596000	-110.6900000	26.2500000	979.4775848	4.0340927
-149.0256040	21.1596000	-110.6900000	26.2500000	975.4078291	4.0350927
-149.0256040	21.6596000	-110.6900000	26.2500000	971.6439159	4.0354742
-149.0256040	22.1596000	-110.6900000	26.2500000	967.9805982	4.0360927
-149.0256040	22.6596000	-110.6900000	26.2500000	964.3857530	4.0370927
-149.0256040	23.1596000	-110.6900000	26.2500000	961.1908611	4.0370927
-149.0256040	23.6596000	-110.6900000	26.2500000	957.9205282	4.0380927
-149.0256040	24.1596000	-110.6900000	26.2500000	955.0516207	4.0380927
-149.0256040	24.6596000	-110.6900000	26.2500000	952.3476383	4.0380927
-149.0256040	25.1596000	-110.6900000	26.2500000	949.8100435	4.0380927
-149.0256040	25.6596000	-110.6900000	26.2500000	947.2056590	4.0390927
-149.0256040	26.1596000	-110.6900000	26.2500000	945.0054797	4.0390927
-149.0256040	26.6596000	-110.6900000	26.2500000	942.9755870	4.0390927
-162.0256040	19.9863000	-110.6900000	26.2500000	1304.3809159	4.0410927
-161.3675990	17.7469010	-110.6900000	26.2500000	1308.4008506	4.0390927
-161.3148960	21.9563010	-110.6900000	26.2500000	1270.8391130	4.0424742
-161.0950010	23.9972000	-110.6900000	26.2500000	1249.9469024	4.0460927
-160.0475010	19.8234000	-110.6900000	26.2500000	1257.4160448	4.0394742
-159.6649930	22.1229990	-110.6900000	26.2500000	1229.1562677	4.0420927
-159.4010010	21.9710010	-110.6900000	26.2500000	1223.7785894	4.0420927
-158.9824980	15.5740000	-110.6900000	26.2500000	1270.8677177	4.0374742
-158.9331050	24.5737990	-110.6900000	26.2500000	1193.5176475	4.0460927
-158.9030000	21.2984010	-110.6900000	26.2500000	1216.8683636	4.0410927
-158.7601930	18.5646990	-110.6900000	26.2500000	1236.8328326	4.0380927
-158.1853940	22.6201990	-110.6900000	26.2500000	1188.9125483	4.0430927
-158.1795040	20.3778000	-110.6900000	26.2500000	1206.7242451	4.0394742
-157.9310000	21.6460000	-110.6900000	26.2500000	1190.2804159	4.0410927
-157.8591000	14.6596000	-110.6900000	26.2500000	1252.8591558	4.0364742
-157.7008060	16.3484000	-110.6900000	26.2500000	1231.8031671	4.0364742
-157.6275940	20.3461000	-110.6900000	26.2500000	1193.4559305	4.0390927
-157.2700040	21.1089990	-110.6900000	26.2500000	1178.3300880	4.0400927
-157.2272950	18.9848000	-110.6900000	26.2500000	1195.2285280	4.0380927
-156.9646000	24.3120990	-110.6900000	26.2500000	1147.3076840	4.0450927
-156.9320070	19.8327010	-110.6900000	26.2500000	1180.6305560	4.0384742
-156.8081970	18.4042000	-110.6900000	26.2500000	1190.1491058	4.0374742
-156.7559970	21.1360000	-110.6900000	26.2500000	1165.4335351	4.0400927
-156.6580050	20.8910010	-110.6900000	26.2500000	1164.9016263	4.0400927
-156.5101010	19.4776990	-110.6900000	26.2500000	1173.2712809	4.0380927
-156.4651030	18.7750000	-110.6900000	26.2500000	1178.3797808	4.0374742
-156.3876950	17.6149010	-110.6900000	26.2500000	1187.2305596	4.0364742
-156.2066040	16.1620010	-110.6900000	26.2500000	1197.0245961	4.0354742
-156.1670070	18.3010010	-110.6900000	26.2500000	1175.3200289	4.0370927
-155.9969940	20.7710000	-110.6900000	26.2500000	1149.6827814	4.0394742
-155.7729950	19.0790000	-110.6900000	26.2500000	1158.6119453	4.0374742
-155.7653050	26.7766990	-110.6900000	26.2500000	1104.1799194	4.0474742
-155.7149960	18.0002990	-110.6900000	26.2500000	1167.0388400	4.0364742
-155.7109990	20.0460000	-110.6900000	26.2500000	1148.6813279	4.0384742
-155.6793980	21.2055000	-110.6900000	26.2500000	1138.3195692	4.0400927
-155.6362000	22.2999000	-110.6900000	26.2500000	1128.8747876	4.0414742
-154.9944000	21.5070000	-110.6900000	26.2500000	1119.1446337	4.0400927
-154.9830020	19.6010000	-110.6900000	26.2500000	1134.4559673	4.0380927
-154.7973940	18.8031010	-110.6900000	26.2500000	1136.9770464	4.0370927
-154.6912990	17.1800990	-110.6900000	26.2500000	1149.6645303	4.0354742
-154.6177980	20.0889000	-110.6900000	26.2500000	1121.2928240	4.0384742
-154.4958950	18.4016990	-110.6900000	26.2500000	1133.2473982	4.0364742
-154.4828030	21.0019000	-110.6900000	26.2500000	1110.4782752	4.0394742
-154.3939970	19.2625010	-110.6900000	26.2500000	1122.9159265	4.0374742
-154.2518010	21.1686990	-110.6900000	26.2500000	1103.5008528	4.0394742
-154.0305020	17.9884000	-110.6900000	26.2500000	1125.5892795	4.0360927
-153.9922940	18.7976000	-110.6900000	26.2500000	1117.2767952	4.0364742
-153.9826970	21.5196990	-110.6900000	26.2500000	1094.0646579	4.0400927
-153.9674990	14.7313000	-110.6900000	26.2500000	1157.2927057	4.0330927
-153.9024050	19.9790990	-110.6900000	26.2500000	1104.5949536	4.0380927
-153.8681950	17.3153990	-110.6900000	26.2500000	1128.1414680	4.0350927
-153.7008060	17.2975010	-110.6900000	26.2500000	1124.1754161	4.0350927
-153.5032040	19.4951990	-110.6900000	26.2500000	1099.0053408	4.0370927
-153.2958980	18.8009000	-110.6900000	26.2500000	1100.0174833	4.0364742
-153.2920990	20.8925990	-110.6900000	26.2500000	1081.9843036	4.0390927
-153.2906040	17.9062000	-110.6900000	26.2500000	1108.2216299	4.0354742
-152.9812010	18.3018000	-110.6900000	26.2500000	1096.9542087	4.0354742
-152.7657930	25.5928000	-110.6900000	26.2500000	1038.0721068	4.0430927
-152.1324010	18.4814000	-110.6900000	26.2500000	1074.4454612	4.0350927
-151.6866000	14.6891000	-110.6900000	26.2500000	1102.4828976	4.0304742
-151.6376040	16.7378010	-110.6900000	26.2500000	1079.3906249	4.0324742
-150.9149930	18.9142000	-110.6900000	26.2500000	1040.6513491	4.0344742
-149.0009000	16.9890000	-110.6900000	26.2500000	1012.9444701	4.0284742
