-162.025604	14.659600	-110.690000	26.250000	1354.717631	4.039474	247.742348	247.742348	247.742348	4.068752	-0.036591
-162.025604	15.159600	-110.690000	26.250000	1349.598264	4.039474	248.155962	248.155962	248.155962	4.067886	-0.025013
-162.025604	15.659600	-110.690000	26.250000	1344.567679	4.039474	248.573049	248.573049	248.573049	4.067612	-0.013863
-162.025604	16.159600	-110.690000	26.250000	1339.626959	4.039474	248.993589	248.993589	248.993589	4.066631	-0.002911
-162.025604	16.659600	-110.690000	26.250000	1334.777183	4.039474	249.317562	249.317562	249.317562	4.066574	-0.092247
-162.025604	17.159600	-110.690000	26.250000	1330.019425	4.039474	249.744940	249.744940	249.744940	4.064236	-0.081993
-162.025604	17.659600	-110.690000	26.250000	1325.354757	4.039474	250.175698	250.175698	250.175698	4.059950	-0.071911
-162.025604	18.159600	-110.690000	26.250000	1320.784244	4.039474	250.609805	250.609805	250.609805	4.054889	-0.062094
-162.025604	18.659600	-110.690000	26.250000	1316.107416	4.040093	250.847229	250.847229	250.847229	4.056855	-0.252672
-162.025604	19.159600	-110.690000	26.250000	1311.729051	4.040093	251.187935	251.187935	251.187935	4.053136	-0.343396
-162.025604	19.659600	-110.690000	26.250000	1307.324543	4.040474	251.531884	251.531884	251.531884	4.050461	-0.434363
-162.025604	20.159600	-110.690000	26.250000	1302.942731	4.041093	251.879038	251.879038	251.879038	4.047858	-0.525709
-162.025604	20.659600	-110.690000	26.250000	1298.860349	4.041093	252.329351	252.329351	252.329351	4.042599	-0.517174
-162.025604	21.159600	-110.690000	26.250000	1294.557959	4.042093	252.582780	252.582780	252.582780	4.044318	-0.708863
-162.025604	21.659600	-110.690000	26.250000	1290.556427	4.042474	253.039274	253.039274	253.039274	4.038994	-0.700913
-162.025604	22.159600	-110.690000	26.250000	1286.582489	4.043093	253.398784	253.398784	253.398784	4.037436	-0.793057
-162.025604	22.659600	-110.690000	26.250000	1282.592013	4.044093	253.761254	253.761254	253.761254	4.036918	-0.885406
-162.025604	23.159600	-110.690000	26.250000	1278.707673	4.045093	254.126629	254.126629	254.126629	4.038350	-0.978097
-162.025604	23.659600	-110.690000	26.250000	1275.125267	4.045474	254.594848	254.594848	254.594848	4.034858	-0.970859
-162.025604	24.159600	-110.690000	26.250000	1271.455166	4.046474	254.965850	254.965850	254.965850	4.037433	-1.063805
-162.025604	24.659600	-110.690000	26.250000	1267.893757	4.047474	255.439570	255.439570	255.439570	4.037210	-1.057076
-162.025604	25.159600	-110.690000	26.250000	1264.441852	4.048474	255.815939	255.815939	255.915939	4.040912	-1.150395
-162.025604	25.659600	-110.690000	26.250000	1261.100236	4.049474	256.294888	256.294888	256.294888	4.041334	-1.143877
-162.025604	26.159600	-110.690000	26.250000	1257.677621	4.051093	256.576343	256.576343	256.576343	4.045866	-1.337667
-162.025604	26.659600	-110.690000	26.250000	1254.559390	4.052093	257.060230	257.060230	257.060230	4.045534	-1.331482
-161.525604	14.659600	-110.690000	26.250000	1342.369653	4.039474	247.899532	247.899532	247.899532	4.070425	0.153620
-161.525604	15.159600	-110.690000	26.250000	1337.243844	4.039474	248.217223	248.217223	248.217223	4.067253	0.062885
-161.525604	15.659600	-110.690000	26.250000	1332.208204	4.039474	248.638471	248.638471	248.638471	4.066311	0.071853
-161.525604	16.159600	-110.690000	26.250000	1327.263843	4.039474	248.963254	248.963254	248.963254	4.064431	-0.019368
-161.525604	16.659600	-110.690000	26.250000	1322.536753	4.039093	249.291550	249.291550	249.291550	4.063933	-0.111001
-161.525604	17.159600	-110.690000	26.250000	1317.777803	4.039093	249.723331	249.723331	249.723331	4.062757	-0.102910
-161.525604	17.659600	-110.690000	26.250000	1313.113438	4.039093	250.158570	250.158570	250.158570	4.059994	-0.094981
-161.525604	18.159600	-110.690000	26.250000	1308.421176	4.039474	250.497234	250.497234	250.497234	4.058576	-0.187448
-161.525604	18.659600	-110.690000	26.250000	1303.949662	4.039474	250.839290	250.839290	250.839290	4.055766	-0.280169
-161.525604	19.159600	-110.690000	26.250000	1299.377003	4.040093	251.184700	251.184700	251.184700	4.052598	-0.373027
-161.525604	19.659600	-110.690000	26.250000	1295.102852	4.040093	251.633425	251.633425	251.633425	4.045820	-0.366264
-161.525604	20.159600	-110.690000	26.250000	1290.806753	4.040474	251.985423	251.985423	251.985423	4.044985	-0.459733
-161.525604	20.659600	-110.690000	26.250000	1286.536939	4.041093	252.340649	252.340649	252.340649	4.043240	-0.553316
-161.525604	21.159600	-110.690000	26.250000	1282.445627	4.041474	252.699053	252.699053	252.699053	4.040605	-0.647260
-161.525604	21.659600	-110.690000	26.250000	1278.383089	4.042093	253.060586	253.060586	253.060586	4.038934	-0.741416
-161.525604	22.159600	-110.690000	26.250000	1274.305526	4.043093	253.425194	253.425194	253.425194	4.037724	-0.835660
-161.525604	22.659600	-110.690000	26.250000	1270.334911	4.044093	253.792819	253.792819	253.792819	4.037995	-0.930249
-161.525604	23.159600	-110.690000	26.250000	1266.665829	4.044474	254.263403	254.263403	254.263403	4.035259	-0.925030
-161.525604	23.659600	-110.690000	26.250000	1262.911164	4.045474	254.636882	254.636882	254.636882	4.037211	-1.019875
-161.525604	24.159600	-110.690000	26.250000	1259.266105	4.046474	255.113192	255.113192	255.113192	4.036953	-1.015047
-161.525604	24.659600	-110.690000	26.250000	1255.731494	4.047474	255.492265	255.492265	255.492265	4.039565	-1.110392
-161.525604	25.159600	-110.690000	26.250000	1252.308154	4.048474	255.974029	255.974029	255.974029	4.040073	-1.105777
-161.525604	25.659600	-110.690000	26.250000	1248.996887	4.049474	256.358411	256.358411	256.358411	4.042952	-1.201472
-161.525604	26.159600	-110.690000	26.250000	1245.798470	4.050474	256.845335	256.845335	256.845335	4.043935	-1.197320
-161.525604	26.659600	-110.690000	26.250000	1242.713659	4.051474	257.334721	257.334721	257.334721	4.044507	-1.193185
-161.025604	14.659600	-110.690000	26.250000	1330.150234	4.039093	247.754685	247.754685	247.754685	4.068584	0.044375
-161.025604	15.159600	-110.690000	26.250000	1325.016896	4.039093	248.176535	248.176535	248.176535	4.067544	0.051457
-161.025604	15.659600	-110.690000	26.250000	1320.177308	4.038474	248.402027	248.402027	248.402027	4.063798	-0.141750
-161.025604	16.159600	-110.690000	26.250000	1315.227508	4.038474	248.831140	248.831140	248.831140	4.063529	-0.135271
-161.025604	16.659600	-110.690000	26.250000	1310.371564	4.038474	249.263848	249.263848	249.363848	4.062230	-0.129067
-161.025604	17.159600	-110.690000	26.250000	1305.410666	4.039093	249.700124	249.700124	249.700124	4.060727	-0.123131
-161.025604	17.659600	-110.690000	26.250000	1300.746523	4.039093	250.139937	250.139937	250.139937	4.058531	-0.117488
-161.025604	18.159600	-110.690000	26.250000	1296.179584	4.039093	250.483255	250.483255	250.483255	4.057089	-0.212098
-161.025604	18.659600	-110.690000	26.250000	1291.710953	4.039093	250.930041	250.830041	250.930041	4.051749	-0.206956
-161.025604	19.159600	-110.690000	26.250000	1287.220163	4.039474	251.180258	251.180258	251.280258	4.050937	-0.402085
-161.025604	19.659600	-110.690000	26.250000	1282.755420	4.040093	251.533862	251.533862	251.533862	4.049016	-0.497447
-161.025604	20.159600	-110.690000	26.250000	1278.589304	4.040093	251.990810	251.990810	251.990810	4.045202	-0.493036
-161.025604	20.659600	-110.690000	26.250000	1274.210417	4.041093	252.351055	252.351055	252.351055	4.042912	-0.588874
-161.025604	21.159600	-110.690000	26.250000	1270.131684	4.041474	252.714545	252.714545	252.714545	4.039830	-0.684926
-161.025604	21.659600	-110.690000	26.250000	1266.084131	4.042093	253.081227	253.081227	253.081227	4.038808	-0.781183
-161.025604	22.159600	-110.690000	26.250000	1262.024417	4.043093	253.451046	253.451046	253.451046	4.038135	-0.877670
-161.025604	22.659600	-110.690000	26.250000	1258.265820	4.043474	253.923940	253.923940	253.923940	4.036451	-0.874349
-161.025604	23.159600	-110.690000	26.250000	1254.423718	4.044474	254.299849	254.299849	254.299849	4.036943	-0.971214
-161.025604	23.659600	-110.690000	26.250000	1250.810054	4.045093	254.778706	254.778706	254.778706	4.036264	-0.968288
-161.025604	24.159600	-110.690000	26.250000	1247.189452	4.046093	255.160443	255.160443	255.160443	4.038240	-1.065534
-161.025604	24.659600	-110.690000	26.250000	1243.681093	4.047093	255.644988	255.644988	255.644988	4.038997	-1.062947
-161.025604	25.159600	-110.690000	26.250000	1240.285813	4.048093	256.132268	256.132268	256.132268	4.040425	-1.060546
-161.025604	25.659600	-110.690000	26.250000	1237.004426	4.049093	256.522205	256.522205	256.522205	4.043439	-1.158300
-161.025604	26.159600	-110.690000	26.250000	1233.721523	4.050474	256.914719	256.914719	256.914719	4.045653	-1.256200
-161.025604	26.659600	-110.690000	26.250000	1230.670583	4.051474	257.409727	257.409727	257.409727	4.045978	-1.254266
-160.525604	14.659600	-110.690000	26.250000	1318.009078	4.038474	247.707734	247.707734	247.707734	4.066978	0.036129
-160.525604	15.159600	-110.690000	26.250000	1312.867291	4.038474	248.033827	248.033827	248.033827	4.064357	-0.058964
-160.525604	15.659600	-110.690000	26.250000	1307.818518	4.038474	248.463650	248.463650	248.463650	4.063720	-0.054472
-160.525604	16.159600	-110.690000	26.250000	1302.863917	4.038474	248.897180	248.897180	248.897180	4.062478	-0.050156
-160.525604	16.659600	-110.690000	26.250000	1298.004646	4.038474	249.234392	249.234392	249.234392	4.061020	-0.146108
-160.525604	17.159600	-110.690000	26.250000	1293.241855	4.038474	249.675256	249.675256	249.675256	4.059726	-0.142459
-160.525604	17.659600	-110.690000	26.250000	1288.576691	4.038474	250.119741	250.119741	250.119741	4.057916	-0.138959
-160.525604	18.159600	-110.690000	26.250000	1284.010294	4.038474	250.467811	250.467811	250.567811	4.054799	-0.235708
-160.525604	18.659600	-110.690000	26.250000	1279.347847	4.039093	250.819429	250.819429	250.819429	4.051694	-0.332838
-160.525604	19.159600	-110.690000	26.250000	1274.983037	4.039093	251.274555	251.174555	251.274555	4.047567	-0.330093
-160.525604	19.659600	-110.690000	26.250000	1270.600351	4.039474	251.633145	251.633145	251.633145	4.045625	-0.427575
-160.525604	20.159600	-110.690000	26.250000	1266.247386	4.040093	251.995152	251.995152	251.995152	4.043710	-0.525424
-160.525604	20.659600	-110.690000	26.250000	1262.074077	4.040474	252.360526	252.360526	252.360526	4.041213	-0.623371
-160.525604	21.159600	-110.690000	26.250000	1257.933102	4.041093	252.729214	252.729214	252.729214	4.039436	-0.721525
-160.525604	21.659600	-110.690000	26.250000	1253.781452	4.042093	253.101160	253.101160	253.101160	4.038289	-0.820029
-160.525604	22.159600	-110.690000	26.250000	1249.930485	4.042474	253.576305	253.576305	253.576305	4.036727	-0.818608
-160.525604	22.659600	-110.690000	26.250000	1245.998055	4.043474	253.954587	253.954587	253.954587	4.036738	-0.917373
-160.525604	23.159600	-110.690000	26.250000	1242.294156	4.044093	254.435940	254.435940	254.435940	4.035418	-0.916473
-160.525604	23.659600	-110.690000	26.250000	1238.584986	4.045093	254.820295	254.820295	254.820295	4.037241	-1.015622
-160.525604	24.159600	-110.690000	26.250000	1234.988998	4.046093	255.307581	255.307581	255.307581	4.038310	-1.014939
-160.525604	24.659600	-110.690000	26.250000	1231.507065	4.047093	255.697723	255.697723	255.697723	4.040976	-1.114572
-160.525604	25.159600	-110.690000	26.250000	1228.140037	4.048093	256.190642	256.190642	256.190642	4.042638	-1.114232
-160.525604	25.659600	-110.690000	26.250000	1224.888741	4.049093	256.586259	256.586259	256.686259	4.044430	-1.214041
-160.525604	26.159600	-110.690000	26.250000	1221.753978	4.050093	257.084489	257.084489	257.084489	4.045923	-1.214149
-160.525604	26.659600	-110.690000	26.250000	1218.736526	4.051093	257.585245	257.585245	257.585245	4.047449	-1.214261
-160.025604	14.659600	-110.690000	26.250000	1305.667651	4.038474	247.758606	247.758606	247.758606	4.068724	0.128532
-160.025604	15.159600	-110.690000	26.250000	1300.517573	4.038474	248.089026	248.089026	248.089026	4.065022	0.031138
-160.025604	15.659600	-110.690000	26.250000	1295.461941	4.038474	248.523268	248.523268	248.523268	4.063682	0.033465
-160.025604	16.159600	-110.690000	26.250000	1290.501944	4.038474	248.861307	248.861307	248.861307	4.060945	-0.064375
-160.025604	16.659600	-110.690000	26.250000	1285.760213	4.038093	249.203115	249.203115	249.203115	4.059431	-0.162615
-160.025604	17.159600	-110.690000	26.250000	1280.994579	4.038093	249.648664	249.648664	249.648664	4.058270	-0.161112
-160.025604	17.659600	-110.690000	26.250000	1276.207567	4.038474	250.097918	250.097918	250.097918	4.055878	-0.159752
-160.025604	18.159600	-110.690000	26.250000	1271.641888	4.038474	250.450842	250.450842	250.450842	4.052606	-0.258774
-160.025604	18.659600	-110.690000	26.250000	1267.177702	4.038474	250.807397	250.807397	250.907397	4.049735	-0.358033
-160.025604	19.159600	-110.690000	26.250000	1262.622772	4.039093	251.267539	251.267539	251.267539	4.046169	-0.357408
-160.025604	19.659600	-110.690000	26.250000	1258.365662	4.039093	251.631223	251.631223	251.631223	4.044295	-0.457151
-160.025604	20.159600	-110.690000	26.250000	1253.903004	4.040093	251.998399	251.998399	251.998399	4.041877	-0.557110
-160.025604	20.659600	-110.690000	26.250000	1249.739801	4.040474	252.369016	252.369016	252.369016	4.040039	-0.657161
-160.025604	21.159600	-110.690000	26.250000	1245.611369	4.041093	252.743018	252.743018	252.743018	4.038563	-0.757563
-160.025604	21.659600	-110.690000	26.250000	1241.475158	4.042093	253.220345	253.220345	253.220345	4.037035	-0.758161
-160.025604	22.159600	-110.690000	26.250000	1237.639502	4.042474	253.600937	253.600937	253.600937	4.036586	-0.858826
-160.025604	22.659600	-110.690000	26.250000	1233.842439	4.043093	254.084727	254.084727	254.084727	4.035460	-0.859827
-160.025604	23.159600	-110.690000	26.250000	1230.041742	4.044093	254.471647	254.471647	254.471647	4.036345	-0.961004
-160.025604	23.659600	-110.690000	26.250000	1226.355141	4.045093	254.861625	254.861625	254.861625	4.038556	-1.062224
-160.025604	24.159600	-110.690000	26.250000	1222.783547	4.046093	255.354586	255.354586	255.354586	4.039913	-1.063763
-160.025604	24.659600	-110.690000	26.250000	1219.327849	4.047093	255.850451	255.850451	255.850451	4.041279	-1.065459
-160.025604	25.159600	-110.690000	26.250000	1215.988912	4.048093	256.249138	256.249138	256.249138	4.043089	-1.167174
-160.025604	25.659600	-110.690000	26.250000	1212.767576	4.049093	256.750564	256.750564	256.750564	4.044707	-1.169193
-160.025604	26.159600	-110.690000	26.250000	1209.664656	4.050093	257.154640	257.154640	257.154640	4.047205	-1.271348
-160.025604	26.659600	-110.690000	26.250000	1206.680937	4.051093	257.661274	257.661274	257.661274	4.048791	-1.273501
-159.525604	14.659600	-110.690000	26.250000	1293.650278	4.037474	247.407223	247.407223	247.407223	4.061806	-0.178560
-159.525604	15.159600	-110.690000	26.250000	1288.489986	4.037474	247.842057	247.842057	247.842057	4.060963	-0.178120
-159.525604	15.659600	-110.690000	26.250000	1283.425615	4.037474	248.280807	248.280807	248.280807	4.060008	-0.177952
-159.525604	16.159600	-110.690000	26.250000	1278.458380	4.037474	248.723447	248.723447	248.723447	4.058991	-0.178082
-159.525604	16.659600	-110.690000	26.250000	1273.394410	4.038093	249.269949	249.269949	249.269949	4.057894	-0.078469
-159.525604	17.159600	-110.690000	26.250000	1268.625809	4.038093	249.620280	249.620280	249.620280	4.056156	-0.179107
-159.525604	17.659600	-110.690000	26.250000	1263.957949	4.038093	250.074406	250.074406	250.074406	4.053445	-0.180021
-159.525604	18.159600	-110.690000	26.250000	1259.392022	4.038093	250.432288	250.432288	250.432288	4.050431	-0.281173
-159.525604	18.659600	-110.690000	26.250000	1254.810679	4.038474	250.893885	250.893885	250.893885	4.047739	-0.282554
-159.525604	19.159600	-110.690000	26.250000	1250.261086	4.039093	251.259153	251.259153	251.259153	4.044577	-0.384192
-159.525604	19.659600	-110.690000	26.250000	1246.009087	4.039093	251.628043	251.628043	251.628043	4.042155	-0.486046
-159.525604	20.159600	-110.690000	26.250000	1241.746404	4.039474	252.000503	252.000503	252.000503	4.039847	-0.588111
-159.525604	20.659600	-110.690000	26.250000	1237.519609	4.040093	252.476480	252.376480	252.476480	4.037960	-0.590410
-159.525604	21.159600	-110.690000	26.250000	1233.286493	4.041093	252.855914	252.855914	252.855914	4.036768	-0.692907
-159.525604	21.659600	-110.690000	26.250000	1229.353478	4.041474	253.238744	253.238744	253.238744	4.036000	-0.795593
-159.525604	22.159600	-110.690000	26.250000	1225.460310	4.042093	253.724905	253.724905	253.724905	4.035093	-0.798495
-159.525604	22.659600	-110.690000	26.250000	1221.565108	4.043093	254.114328	254.114328	254.114328	4.035052	-0.901573
-159.525604	23.159600	-110.690000	26.250000	1217.784889	4.044093	254.606942	254.506942	254.606942	4.036353	-0.904823
-159.525604	23.659600	-110.690000	26.250000	1214.120603	4.045093	255.002670	255.002670	255.002670	4.038012	-1.008266
-159.525604	24.159600	-110.690000	26.250000	1210.573181	4.046093	255.501435	255.501435	255.501435	4.040042	-1.011868
-159.525604	24.659600	-110.690000	26.250000	1207.143525	4.047093	255.903154	255.903154	255.903154	4.042342	-1.115620
-159.525604	25.159600	-110.690000	26.250000	1204.016489	4.047474	256.507742	256.507742	256.507742	4.044042	-1.019547
-159.525604	25.659600	-110.690000	26.250000	1200.824449	4.048474	256.915109	256.915109	256.915109	4.045971	-1.123613
-159.525604	26.159600	-110.690000	26.250000	1197.752756	4.049474	257.425164	257.425164	257.425164	4.048034	-1.127810
-159.525604	26.659600	-110.690000	26.250000	1194.802206	4.050474	257.937811	257.937811	257.937811	4.049908	-1.132162
-159.025604	14.659600	-110.690000	26.250000	1281.313511	4.037474	247.453505	247.453505	247.453505	4.063443	-0.084671
-159.025604	15.159600	-110.690000	26.250000	1276.143624	4.037474	247.892842	247.892842	247.892842	4.062383	-0.086391
-159.025604	15.659600	-110.690000	26.250000	1271.071124	4.037474	248.336192	248.336192	248.336192	4.060622	-0.088512
-159.025604	16.159600	-110.690000	26.250000	1266.097255	4.037474	248.783529	248.783529	248.783529	4.058630	-0.090789
-159.025604	16.659600	-110.690000	26.250000	1261.223259	4.037474	249.134821	249.134821	249.134821	4.056036	-0.193316
-159.025604	17.159600	-110.690000	26.250000	1256.450372	4.037474	249.590036	249.590036	249.590036	4.054102	-0.196231
-159.025604	17.659600	-110.690000	26.250000	1251.779822	4.037474	250.049137	250.049137	250.049137	4.050956	-0.199274
-159.025604	18.159600	-110.690000	26.250000	1247.021790	4.038093	250.412084	250.412084	250.412084	4.048168	-0.302549
-159.025604	18.659600	-110.690000	26.250000	1242.560259	4.038093	250.878834	250.878834	250.878834	4.045200	-0.306195
-159.025604	19.159600	-110.690000	26.250000	1238.087732	4.038474	251.249339	251.249339	251.249339	4.042557	-0.409944
-159.025604	19.659600	-110.690000	26.250000	1233.650768	4.039093	251.623550	251.623550	251.623550	4.040229	-0.513905
-159.025604	20.159600	-110.690000	26.250000	1229.395603	4.039474	252.001412	252.001412	252.101412	4.038048	-0.618222
-159.025604	20.659600	-110.690000	26.250000	1225.178793	4.040093	252.482868	252.482868	252.482868	4.036651	-0.622616
-159.025604	21.159600	-110.690000	26.250000	1220.958592	4.041093	252.867857	252.867857	252.867857	4.035425	-0.727202
-159.025604	21.659600	-110.690000	26.250000	1217.038393	4.041474	253.356314	253.356314	253.356314	4.034418	-0.732130
-159.025604	22.159600	-110.690000	26.250000	1213.160575	4.042093	253.748170	253.748170	253.748170	4.034339	-0.837110
-159.025604	22.659600	-110.690000	26.250000	1209.283715	4.043093	254.243356	254.143356	254.243356	4.035182	-0.842263
-159.025604	23.159600	-110.690000	26.250000	1205.523686	4.044093	254.641793	254.641793	254.641793	4.036375	-0.947741
-159.025604	23.659600	-110.690000	26.250000	1201.881460	4.045093	255.143405	255.143405	255.143405	4.038237	-0.953249
-159.025604	24.159600	-110.690000	26.250000	1198.541207	4.045474	255.648108	255.648108	255.648108	4.040979	-0.958909
-159.025604	24.659600	-110.690000	26.250000	1195.136833	4.046474	256.055815	256.055815	256.055815	4.043429	-1.064880
-159.025604	25.159600	-110.690000	26.250000	1191.853044	4.047474	256.566439	256.566439	256.566439	4.045234	-1.070856
-159.025604	25.659600	-110.690000	26.250000	1188.802719	4.048093	257.179884	257.179884	257.179884	4.048610	-0.976966
-159.025604	26.159600	-110.690000	26.250000	1185.762358	4.049093	257.596056	257.596056	257.596056	4.050625	-1.083370
-159.025604	26.659600	-110.690000	26.250000	1182.845110	4.050093	258.114854	258.114854	258.114854	4.052962	-1.089757
-158.525604	14.659600	-110.690000	26.250000	1269.100922	4.037093	247.397371	247.397371	247.397371	4.062672	-0.090167
-158.525604	15.159600	-110.690000	26.250000	1263.800862	4.037474	247.941301	247.941301	247.941301	4.062689	0.005823
-158.525604	15.659600	-110.690000	26.250000	1258.719576	4.037474	248.289345	248.289345	248.289345	4.059513	-0.098447
-158.525604	16.159600	-110.690000	26.250000	1253.738433	4.037474	248.741475	248.741475	248.741475	4.056841	-0.102865
-158.525604	16.659600	-110.690000	26.250000	1248.858706	4.037474	249.097658	249.097658	249.197658	4.053981	-0.207671
-158.525604	17.159600	-110.690000	26.250000	1244.081662	4.037474	249.557860	249.557860	249.557860	4.051804	-0.212716
-158.525604	17.659600	-110.690000	26.250000	1239.408558	4.037474	250.022043	250.022043	250.022043	4.049037	-0.217883
-158.525604	18.159600	-110.690000	26.250000	1234.840647	4.037474	250.390165	250.390165	250.390165	4.046414	-0.323423
-158.525604	18.659600	-110.690000	26.250000	1230.190706	4.038093	250.862179	250.862179	250.862179	4.043178	-0.329183
-158.525604	19.159600	-110.690000	26.250000	1225.721775	4.038474	251.238038	251.238038	251.238038	4.041006	-0.435039
-158.525604	19.659600	-110.690000	26.250000	1221.290849	4.039093	251.617688	251.617688	251.617688	4.038328	-0.541253
-158.525604	20.159600	-110.690000	26.250000	1217.157679	4.039093	252.101072	252.101072	252.101072	4.036671	-0.547667
-158.525604	20.659600	-110.690000	26.250000	1212.835478	4.040093	252.488131	252.488131	252.488131	4.035134	-0.654151
-158.525604	21.159600	-110.690000	26.250000	1208.812806	4.040474	252.978800	252.978800	252.978800	4.034183	-0.660979
-158.525604	21.659600	-110.690000	26.250000	1204.833736	4.041093	253.373012	253.373012	253.373012	4.033675	-0.767987
-158.525604	22.159600	-110.690000	26.250000	1200.857196	4.042093	253.870696	253.870696	253.870696	4.034214	-0.775042
-158.525604	22.659600	-110.690000	26.250000	1196.998354	4.043093	254.271775	254.271775	254.271775	4.035114	-0.882425
-158.525604	23.159600	-110.690000	26.250000	1193.258224	4.044093	254.776171	254.776171	254.776171	4.036907	-0.889969
-158.525604	23.659600	-110.690000	26.250000	1189.819732	4.044474	255.283801	255.183801	255.283801	4.039349	-0.897535
-158.525604	24.159600	-110.690000	26.250000	1186.319389	4.045474	255.694579	255.694579	255.694579	4.042516	-1.005414
-158.525604	24.659600	-110.690000	26.250000	1183.052195	4.046093	256.208415	256.208415	256.208415	4.044564	-1.013435
-158.525604	25.159600	-110.690000	26.250000	1179.795675	4.047093	256.725214	256.725214	256.725214	4.047573	-1.021456
-158.525604	25.659600	-110.690000	26.250000	1176.662584	4.048093	257.244879	257.244879	257.244879	4.050348	-1.029773
-158.525604	26.159600	-110.690000	26.250000	1173.653774	4.049093	257.667310	257.667310	257.667310	4.052080	-1.138214
-158.525604	26.659600	-110.690000	26.250000	1170.770068	4.050093	258.192401	258.192401	258.192401	4.054225	-1.146631
-158.025604	14.659600	-110.690000	26.250000	1256.964410	4.036474	247.238733	247.238733	247.238733	4.059628	-0.195197
-158.025604	15.159600	-110.690000	26.250000	1251.772011	4.036474	247.687350	247.687350	247.687350	4.058070	-0.201357
-158.025604	15.659600	-110.690000	26.250000	1246.680004	4.036474	248.140184	248.140184	248.140184	4.056120	-0.207771
-158.025604	16.159600	-110.690000	26.250000	1241.499453	4.037093	248.697206	248.697206	248.697206	4.054705	-0.114468
-158.025604	16.659600	-110.690000	26.250000	1236.612898	4.037093	249.058384	249.058384	249.058384	4.052567	-0.221406
-158.025604	17.159600	-110.690000	26.250000	1231.714245	4.037474	249.523679	249.523679	249.523679	4.050567	-0.228577
-158.025604	17.659600	-110.690000	26.250000	1227.037992	4.037474	249.993053	249.993053	249.993053	4.047799	-0.236011
-158.025604	18.159600	-110.690000	26.250000	1222.468586	4.037474	250.466462	250.366462	250.466462	4.044576	-0.243665
-158.025604	18.659600	-110.690000	26.250000	1217.820728	4.038093	250.843857	250.843857	250.843857	4.041556	-0.351533
-158.025604	19.159600	-110.690000	26.250000	1213.469488	4.038093	251.225187	251.225187	251.225187	4.039022	-0.459643
-158.025604	19.659600	-110.690000	26.250000	1209.114642	4.038474	251.710397	251.710397	251.710397	4.037049	-0.467955
-158.025604	20.159600	-110.690000	26.250000	1204.801724	4.039093	252.099428	252.099428	252.099428	4.035471	-0.576460
-158.025604	20.659600	-110.690000	26.250000	1200.489791	4.040093	252.592217	252.592217	252.592217	4.034298	-0.585188
-158.025604	21.159600	-110.690000	26.250000	1196.477317	4.040474	252.988696	252.988696	252.988696	4.033654	-0.694097
-158.025604	21.659600	-110.690000	26.250000	1192.511016	4.041093	253.488795	253.488795	253.488795	4.033924	-0.703181
-158.025604	22.159600	-110.690000	26.250000	1188.550276	4.042093	253.892439	253.892439	253.892439	4.034322	-0.812466
-158.025604	22.659600	-110.690000	26.250000	1184.709123	4.043093	254.399549	254.399549	254.399549	4.035904	-0.821915
-158.025604	23.159600	-110.690000	26.250000	1181.169252	4.043474	254.910042	254.910042	254.910042	4.037977	-0.831519
-158.025604	23.659600	-110.690000	26.250000	1177.680833	4.044093	255.323832	255.323832	255.323832	4.040840	-0.941305
-158.025604	24.159600	-110.690000	26.250000	1174.203619	4.045093	255.840827	255.840827	255.840827	4.043527	-0.951234
-158.025604	24.659600	-110.690000	26.250000	1170.850008	4.046093	256.360933	256.360933	256.360933	4.046581	-0.961302
-158.025604	25.159600	-110.690000	26.250000	1167.620928	4.047093	256.884053	256.884053	256.884053	4.049402	-0.971530
-158.025604	25.659600	-110.690000	26.250000	1164.517276	4.048093	257.310083	257.310083	257.310083	4.051918	-1.081884
-158.025604	26.159600	-110.690000	26.250000	1161.717383	4.048474	257.938919	257.938919	257.938919	4.055168	-0.992356
-158.025604	26.659600	-110.690000	26.250000	1158.866673	4.049474	258.470451	258.470451	258.470451	4.057101	-1.002970
-157.525604	14.659600	-110.690000	26.250000	1244.638281	4.036474	247.277505	247.277505	247.277505	4.060664	-0.099264
-157.525604	15.159600	-110.690000	26.250000	1239.434217	4.036474	247.730902	247.730902	247.730902	4.058900	-0.107567
-157.525604	15.659600	-110.690000	26.250000	1234.332060	4.036474	248.088625	248.088625	248.088625	4.055600	-0.216260
-157.525604	16.159600	-110.690000	26.250000	1229.333153	4.036474	248.550642	248.550642	248.550642	4.053501	-0.225088
-157.525604	16.659600	-110.690000	26.250000	1224.438830	4.036474	249.016918	249.016918	249.016918	4.051389	-0.234151
-157.525604	17.159600	-110.690000	26.250000	1219.463554	4.037093	249.487416	249.487416	249.487416	4.048804	-0.243590
-157.525604	17.659600	-110.690000	26.250000	1214.783100	4.037093	249.962093	249.962093	249.962093	4.045996	-0.253138
-157.525604	18.159600	-110.690000	26.250000	1210.096839	4.037474	250.440904	250.340904	250.440904	4.042537	-0.262900
-157.525604	18.659600	-110.690000	26.250000	1205.635178	4.037474	250.823798	250.823798	250.823798	4.039702	-0.373026
-157.525604	19.159600	-110.690000	26.250000	1201.100627	4.038093	251.310722	251.310722	251.310722	4.037731	-0.383233
-157.525604	19.659600	-110.690000	26.250000	1196.750081	4.038474	251.701618	251.701618	251.701618	4.035903	-0.493637
-157.525604	20.159600	-110.690000	26.250000	1192.443984	4.039093	252.096423	252.096423	252.196423	4.034245	-0.604388
-157.525604	20.659600	-110.690000	26.250000	1188.323795	4.039474	252.595073	252.595073	252.595073	4.033296	-0.615197
-157.525604	21.159600	-110.690000	26.250000	1184.250962	4.040093	253.097495	253.097495	253.097495	4.033262	-0.626183
-157.525604	21.659600	-110.690000	26.250000	1180.185226	4.041093	253.503618	253.503618	253.503618	4.033470	-0.737502
-157.525604	22.159600	-110.690000	26.250000	1176.239918	4.042093	254.013360	254.013360	254.013360	4.034744	-0.748855
-157.525604	22.659600	-110.690000	26.250000	1172.595509	4.042474	254.426641	254.426641	254.426641	4.036593	-0.860364
-157.525604	23.159600	-110.690000	26.250000	1169.003947	4.043093	254.943374	254.943374	254.943374	4.038872	-0.872194
-157.525604	23.659600	-110.690000	26.250000	1165.425352	4.044093	255.463467	255.463467	255.463467	4.041693	-0.884032
-157.525604	24.159600	-110.690000	26.250000	1161.971387	4.045093	255.986825	255.986825	255.986825	4.045034	-0.896009
-157.525604	24.659600	-110.690000	26.250000	1158.643028	4.046093	256.513351	256.413351	256.513351	4.048444	-0.908291
-157.525604	25.159600	-110.690000	26.250000	1155.617837	4.046474	257.042940	257.042940	257.042940	4.051840	-0.920558
-157.525604	25.659600	-110.690000	26.250000	1152.651610	4.047093	257.575485	257.575485	257.575485	4.054922	-0.932945
-157.525604	26.159600	-110.690000	26.250000	1149.704808	4.048093	258.110877	258.110877	258.110877	4.057276	-0.945623
-157.525604	26.659600	-110.690000	26.250000	1146.887225	4.049093	258.649001	258.549001	258.649001	4.059027	-0.958262
-157.025604	14.659600	-110.690000	26.250000	1232.622688	4.035474	247.013594	247.013594	247.013594	4.057056	-0.302748
-157.025604	15.159600	-110.690000	26.250000	1227.216840	4.036093	247.571869	247.571869	247.571869	4.056751	-0.213331
-157.025604	15.659600	-110.690000	26.250000	1221.987853	4.036474	248.134581	248.134581	248.134581	4.056018	-0.124157
-157.025604	16.159600	-110.690000	26.250000	1216.979658	4.036474	248.501697	248.501697	248.501697	4.052312	-0.235112
-157.025604	16.659600	-110.690000	26.250000	1212.077649	4.036474	248.973180	248.973180	248.973180	4.049949	-0.246443
-157.025604	17.159600	-110.690000	26.250000	1207.283189	4.036474	249.448992	249.448992	249.448992	4.047466	-0.257998
-157.025604	17.659600	-110.690000	26.250000	1202.413378	4.037093	249.929087	249.929087	249.929087	4.044914	-0.269655
-157.025604	18.159600	-110.690000	26.250000	1197.725602	4.037474	250.413419	250.313419	250.413419	4.041785	-0.281675
-157.025604	18.659600	-110.690000	26.250000	1193.262990	4.037474	250.801934	250.801934	250.801934	4.039179	-0.393900
-157.025604	19.159600	-110.690000	26.250000	1188.731147	4.038093	251.294577	251.294577	251.294577	4.036867	-0.406200
-157.025604	19.659600	-110.690000	26.250000	1184.384376	4.038474	251.691286	251.691286	251.691286	4.035059	-0.518850
-157.025604	20.159600	-110.690000	26.250000	1180.084604	4.039093	252.191998	252.191998	252.191998	4.034040	-0.531685
-157.025604	20.659600	-110.690000	26.250000	1175.971866	4.039474	252.596642	252.596642	252.596642	4.033379	-0.644570
-157.025604	21.159600	-110.690000	26.250000	1171.909089	4.040093	253.105146	253.105146	253.105146	4.033222	-0.657792
-157.025604	21.659600	-110.690000	26.250000	1167.856479	4.041093	253.617431	253.617431	253.617431	4.033824	-0.671180
-157.025604	22.159600	-110.690000	26.250000	1164.104362	4.041474	254.033415	254.033415	254.033415	4.035085	-0.784593
-157.025604	22.659600	-110.690000	26.250000	1160.406444	4.042093	254.553012	254.553012	254.553012	4.037073	-0.798329
-157.025604	23.159600	-110.690000	26.250000	1156.723212	4.043093	255.076131	255.076131	255.076131	4.039904	-0.812212
-157.025604	23.659600	-110.690000	26.250000	1153.165605	4.044093	255.602677	255.602677	255.602677	4.042807	-0.826097
-157.025604	24.159600	-110.690000	26.250000	1149.734646	4.045093	256.132550	256.032550	256.132550	4.046441	-0.840289
-157.025604	24.659600	-110.690000	26.250000	1146.606617	4.045474	256.665646	256.665646	256.665646	4.050636	-0.854611
-157.025604	25.159600	-110.690000	26.250000	1143.539178	4.046093	257.201859	257.201859	257.201859	4.053556	-0.868911
-157.025604	25.659600	-110.690000	26.250000	1140.493178	4.047093	257.741075	257.741075	257.741075	4.056350	-0.883504
-157.025604	26.159600	-110.690000	26.250000	1137.577638	4.048093	258.183179	258.183179	258.183179	4.057962	-0.998208
-157.025604	26.659600	-110.690000	26.250000	1134.966793	4.048474	258.828051	258.828051	258.828051	4.060358	-0.912867
-156.525604	14.659600	-110.690000	26.250000	1220.304150	4.035474	247.046905	247.046905	247.046905	4.057756	-0.205806
-156.525604	15.159600	-110.690000	26.250000	1215.073273	4.035474	247.410158	247.410158	247.410158	4.054350	-0.318523
-156.525604	15.659600	-110.690000	26.250000	1209.947414	4.035474	247.877961	247.877961	247.877961	4.052512	-0.331478
-156.525604	16.159600	-110.690000	26.250000	1204.743326	4.036093	248.450283	248.450283	248.450283	4.051312	-0.244702
-156.525604	16.659600	-110.690000	26.250000	1199.719095	4.036474	248.927084	248.927084	248.927084	4.049389	-0.258150
-156.525604	17.159600	-110.690000	26.250000	1194.917921	4.036474	249.408323	249.408323	249.408323	4.046751	-0.271817
-156.525604	17.659600	-110.690000	26.250000	1190.227341	4.036474	249.893955	249.893955	249.893955	4.044120	-0.285732
-156.525604	18.159600	-110.690000	26.250000	1185.467077	4.037093	250.283929	250.283929	250.283929	4.041098	-0.399852
-156.525604	18.659600	-110.690000	26.250000	1180.890919	4.037474	250.778191	250.778191	250.778191	4.038508	-0.414171
-156.525604	19.159600	-110.690000	26.250000	1176.361218	4.038093	251.276681	251.276681	251.276681	4.036472	-0.428718
-156.525604	19.659600	-110.690000	26.250000	1172.017684	4.038474	251.679337	251.679337	251.679337	4.034628	-0.543452
-156.525604	20.159600	-110.690000	26.250000	1167.723727	4.039093	252.186090	252.186090	252.186090	4.033815	-0.558366
-156.525604	20.659600	-110.690000	26.250000	1163.617960	4.039474	252.696868	252.696868	252.696868	4.033476	-0.573488
-156.525604	21.159600	-110.690000	26.250000	1159.564789	4.040093	253.111594	253.111594	253.111594	4.033180	-0.688778
-156.525604	21.659600	-110.690000	26.250000	1155.524888	4.041093	253.630186	253.630186	253.630186	4.034014	-0.704229
-156.525604	22.159600	-110.690000	26.250000	1151.785557	4.041474	254.152559	254.152559	254.152559	4.035745	-0.719869
-156.525604	22.659600	-110.690000	26.250000	1148.103137	4.042093	254.678622	254.678622	254.678622	4.037910	-0.735657
-156.525604	23.159600	-110.690000	26.250000	1144.438577	4.043093	255.208279	255.208279	255.208279	4.040645	-0.751589
-156.525604	23.659600	-110.690000	26.250000	1140.901675	4.044093	255.641431	255.641431	255.741431	4.044592	-0.867689
-156.525604	24.159600	-110.690000	26.250000	1137.667439	4.044474	256.277974	256.277974	256.277974	4.048458	-0.783921
-156.525604	24.659600	-110.690000	26.250000	1134.495388	4.045093	256.817800	256.817800	256.817800	4.051827	-0.800277
-156.525604	25.159600	-110.690000	26.250000	1131.346755	4.046093	257.260794	257.260794	257.260794	4.054346	-0.916782
-156.525604	25.659600	-110.690000	26.250000	1128.329796	4.047093	257.806840	257.806840	257.806840	4.056651	-0.933400
-156.525604	26.159600	-110.690000	26.250000	1125.723507	4.047093	258.555818	258.555818	258.555818	4.060622	-0.750125
-156.525604	26.659600	-110.690000	26.250000	1122.971835	4.048093	259.007600	259.007600	259.007600	4.061807	-0.866980
-156.025604	14.659600	-110.690000	26.250000	1208.290835	4.034474	246.777341	246.777341	246.777341	4.055346	-0.407915
-156.025604	15.159600	-110.690000	26.250000	1202.746650	4.035474	247.445672	247.445672	247.445672	4.056374	-0.222759
-156.025604	15.659600	-110.690000	26.250000	1197.608470	4.035474	247.818673	247.818673	247.818673	4.053032	-0.337984
-156.025604	16.159600	-110.690000	26.250000	1192.578325	4.035474	248.296309	248.296309	248.296309	4.050807	-0.353324
-156.025604	16.659600	-110.690000	26.250000	1187.475644	4.036093	248.878541	248.878541	248.878541	4.048921	-0.268882
-156.025604	17.159600	-110.690000	26.250000	1182.554855	4.036474	249.365325	249.365325	249.365325	4.046182	-0.284808
-156.025604	17.659600	-110.690000	26.250000	1177.858594	4.036474	249.756615	249.756615	249.756615	4.043273	-0.400823
-156.025604	18.159600	-110.690000	26.250000	1173.096294	4.037093	250.252357	250.252357	250.252357	4.040489	-0.417037
-156.025604	18.659600	-110.690000	26.250000	1168.519156	4.037474	250.752493	250.752493	250.752493	4.038327	-0.433605
-156.025604	19.159600	-110.690000	26.250000	1164.169341	4.037474	251.256964	251.256964	251.256964	4.036215	-0.450236
-156.025604	19.659600	-110.690000	26.250000	1159.759715	4.038093	251.765701	251.765701	251.765701	4.034901	-0.467048
-156.025604	20.159600	-110.690000	26.250000	1155.361503	4.039093	252.178635	252.178635	252.178635	4.034119	-0.584202
-156.025604	20.659600	-110.690000	26.250000	1151.262215	4.039474	252.695690	252.695690	252.695690	4.033849	-0.601393
-156.025604	21.159600	-110.690000	26.250000	1147.218190	4.040093	253.216784	253.216784	253.216784	4.034169	-0.618746
-156.025604	21.659600	-110.690000	26.250000	1143.365576	4.040474	253.741833	253.741833	253.741833	4.035104	-0.636428
-156.025604	22.159600	-110.690000	26.250000	1139.571188	4.041093	254.270746	254.270746	254.270746	4.036608	-0.654122
-156.025604	22.659600	-110.690000	26.250000	1135.796346	4.042093	254.703428	254.703428	254.703428	4.039106	-0.771959
-156.025604	23.159600	-110.690000	26.250000	1132.150134	4.043093	255.239780	255.239780	255.239780	4.042345	-0.790113
-156.025604	23.659600	-110.690000	26.250000	1128.806300	4.043474	255.779698	255.779698	255.779698	4.045758	-0.808254
-156.025604	24.159600	-110.690000	26.250000	1125.526204	4.044093	256.323072	256.323072	256.323072	4.049451	-0.826521
-156.025604	24.659600	-110.690000	26.250000	1122.271468	4.045093	256.869788	256.869788	256.869788	4.053488	-0.845090
-156.025604	25.159600	-110.690000	26.250000	1119.320706	4.045474	257.519729	257.519729	257.519729	4.055982	-0.763622
-156.025604	25.659600	-110.690000	26.250000	1116.437397	4.046093	258.072771	258.072771	258.072771	4.058667	-0.782264
-156.025604	26.159600	-110.690000	26.250000	1113.583313	4.047093	258.528788	258.528788	258.528788	4.060547	-0.901192
-156.025604	26.659600	-110.690000	26.250000	1110.864891	4.048093	259.087647	259.087647	259.087647	4.062824	-0.920062
-155.525604	14.659600	-110.690000	26.250000	1195.981192	4.034474	246.804800	246.804800	246.804800	4.056462	-0.309474
-155.525604	15.159600	-110.690000	26.250000	1190.720453	4.034474	247.178312	247.178312	247.178312	4.053464	-0.426589
-155.525604	15.659600	-110.690000	26.250000	1185.386180	4.035093	247.756617	247.756617	247.756617	4.053200	-0.343931
-155.525604	16.159600	-110.690000	26.250000	1180.232528	4.035474	248.239680	248.239680	248.239680	4.051072	-0.361382
-155.525604	16.659600	-110.690000	26.250000	1175.302066	4.035474	248.727459	248.727459	248.727459	4.048460	-0.379201
-155.525604	17.159600	-110.690000	26.250000	1170.304833	4.036093	249.219910	249.219910	249.219910	4.045916	-0.397228
-155.525604	17.659600	-110.690000	26.250000	1165.491621	4.036474	249.716981	249.716981	249.716981	4.043624	-0.415337
-155.525604	18.159600	-110.690000	26.250000	1160.904502	4.036474	250.218619	250.218619	250.218619	4.040965	-0.433801
-155.525604	18.659600	-110.690000	26.250000	1156.257137	4.037093	250.724763	250.724763	250.724763	4.038386	-0.452456
-155.525604	19.159600	-110.690000	26.250000	1151.797151	4.037474	251.235350	251.235350	251.235350	4.036306	-0.471165
-155.525604	19.659600	-110.690000	26.250000	1147.390371	4.038093	251.750310	251.750310	251.750310	4.035409	-0.490218
-155.525604	20.159600	-110.690000	26.250000	1143.173148	4.038474	252.269568	252.269568	252.269568	4.034577	-0.509442
-155.525604	20.659600	-110.690000	26.250000	1139.012329	4.039093	252.793046	252.693046	252.793046	4.034373	-0.528695
-155.525604	21.159600	-110.690000	26.250000	1134.869418	4.040093	253.220658	253.220658	253.220658	4.034862	-0.648280
-155.525604	21.659600	-110.690000	26.250000	1131.026757	4.040474	253.752317	253.752317	253.752317	4.035991	-0.668017
-155.525604	22.159600	-110.690000	26.250000	1127.245080	4.041093	254.287926	254.287926	254.287926	4.038056	-0.687759
-155.525604	22.659600	-110.690000	26.250000	1123.486171	4.042093	254.827388	254.827388	254.827388	4.040280	-0.707820
-155.525604	23.159600	-110.690000	26.250000	1120.029325	4.042474	255.370596	255.370596	255.370596	4.043542	-0.728015
-155.525604	23.659600	-110.690000	26.250000	1116.637728	4.043093	255.917443	255.917443	255.917443	4.047227	-0.748190
-155.525604	24.159600	-110.690000	26.250000	1113.273389	4.044093	256.467814	256.467814	256.467814	4.051475	-0.768671
-155.525604	24.659600	-110.690000	26.250000	1110.212825	4.044474	257.021589	257.021589	257.021589	4.054397	-0.789268
-155.525604	25.159600	-110.690000	26.250000	1107.221413	4.045093	257.678646	257.578646	257.678646	4.057692	-0.709822
-155.525604	25.659600	-110.690000	26.250000	1104.261323	4.046093	258.138854	258.138854	258.138854	4.059993	-0.830667
-155.525604	26.159600	-110.690000	26.250000	1101.606579	4.046474	258.802082	258.802082	258.802082	4.063781	-0.751611
-155.525604	26.659600	-110.690000	26.250000	1099.024476	4.047093	259.368192	259.368192	259.368192	4.065600	-0.772491
-155.025604	14.659600	-110.690000	26.250000	1183.789967	4.034093	246.729175	246.729175	246.729175	4.056415	-0.310645
-155.025604	15.159600	-110.690000	26.250000	1178.401831	4.034474	247.207973	247.207973	247.207973	4.054908	-0.329880
-155.025604	15.659600	-110.690000	26.250000	1173.235430	4.034474	247.591694	247.591694	247.591694	4.052186	-0.449335
-155.025604	16.159600	-110.690000	26.250000	1168.001291	4.035093	248.180298	248.180298	248.180298	4.050515	-0.369048
-155.025604	16.659600	-110.690000	26.250000	1162.949890	4.035474	248.673744	248.673744	248.673744	4.048532	-0.388969
-155.025604	17.159600	-110.690000	26.250000	1158.123229	4.035474	249.171983	249.171983	249.171983	4.046476	-0.409092
-155.025604	17.659600	-110.690000	26.250000	1153.235638	4.036093	249.674965	249.674965	249.674965	4.044237	-0.429452
-155.025604	18.159600	-110.690000	26.250000	1148.534288	4.036474	250.182631	250.182631	250.182631	4.041748	-0.450003
-155.025604	18.659600	-110.690000	26.250000	1143.885407	4.037093	250.694919	250.694919	250.694919	4.039251	-0.470737
-155.025604	19.159600	-110.690000	26.250000	1139.425052	4.037474	251.211762	251.211762	251.211762	4.037587	-0.491688
-155.025604	19.659600	-110.690000	26.250000	1135.020538	4.038093	251.733088	251.733088	251.733088	4.036319	-0.512811
-155.025604	20.159600	-110.690000	26.250000	1130.806795	4.038474	252.258819	252.258819	252.258819	4.035446	-0.534100
-155.025604	20.659600	-110.690000	26.250000	1126.652159	4.039093	252.788871	252.788871	252.788871	4.035392	-0.555586
-155.025604	21.159600	-110.690000	26.250000	1122.690488	4.039474	253.323157	253.323157	253.323157	4.035808	-0.577225
-155.025604	21.659600	-110.690000	26.250000	1118.685445	4.040474	253.861583	253.861583	253.861583	4.037728	-0.599013
-155.025604	22.159600	-110.690000	26.250000	1114.916065	4.041093	254.404051	254.404051	254.404051	4.039285	-0.620978
-155.025604	22.659600	-110.690000	26.250000	1111.342774	4.041474	254.950455	254.950455	254.950455	4.042155	-0.643079
-155.025604	23.159600	-110.690000	26.250000	1107.836197	4.042093	255.500688	255.500688	255.500688	4.045089	-0.665309
-155.025604	23.659600	-110.690000	26.250000	1104.358728	4.043093	256.054633	256.054633	256.054633	4.048918	-0.687698
-155.025604	24.159600	-110.690000	26.250000	1101.184809	4.043474	256.612172	256.612172	256.612172	4.053218	-0.710206
-155.025604	24.659600	-110.690000	26.250000	1098.081702	4.044093	257.173180	257.173180	257.173180	4.056115	-0.732825
-155.025604	25.159600	-110.690000	26.250000	1095.011974	4.045093	257.737527	257.737527	257.737527	4.058963	-0.755584
-155.025604	25.659600	-110.690000	26.250000	1092.247491	4.045474	258.305079	258.305079	258.305079	4.062560	-0.778443
-155.025604	26.159600	-110.690000	26.250000	1089.557503	4.046093	258.975695	258.975695	258.975695	4.065686	-0.701398
-155.025604	26.659600	-110.690000	26.250000	1086.904686	4.047093	259.449233	259.449233	259.449233	4.066582	-0.824471
-154.525604	14.659600	-110.690000	26.250000	1171.672150	4.033474	246.550356	246.550356	246.550356	4.056834	-0.410881
-154.525604	15.159600	-110.690000	26.250000	1166.378341	4.033474	246.934550	246.934550	246.934550	4.052855	-0.532227
-154.525604	15.659600	-110.690000	26.250000	1160.908175	4.034474	247.623799	247.623799	247.623799	4.053726	-0.353944
-154.525604	16.159600	-110.690000	26.250000	1155.840109	4.034474	248.018062	248.018062	248.018062	4.050568	-0.475757
-154.525604	16.659600	-110.690000	26.250000	1150.710179	4.035093	248.617296	248.617296	248.617296	4.049198	-0.397773
-154.525604	17.159600	-110.690000	26.250000	1145.765203	4.035474	249.121451	249.121451	249.121451	4.047243	-0.420148
-154.525604	17.659600	-110.690000	26.250000	1140.871750	4.036093	249.630474	249.630474	249.630474	4.045272	-0.442594
-154.525604	18.159600	-110.690000	26.250000	1136.165638	4.036474	250.144303	250.144303	250.144303	4.042635	-0.465223
-154.525604	18.659600	-110.690000	26.250000	1131.687977	4.036474	250.662875	250.662875	250.662875	4.040577	-0.488201
-154.525604	19.159600	-110.690000	26.250000	1127.053234	4.037474	251.186119	251.186119	251.186119	4.038900	-0.511222
-154.525604	19.659600	-110.690000	26.250000	1122.650388	4.038093	251.713960	251.713960	251.713960	4.037700	-0.534409
-154.525604	20.159600	-110.690000	26.250000	1118.439561	4.038474	252.246315	252.246315	252.246315	4.037061	-0.557933
-154.525604	20.659600	-110.690000	26.250000	1114.290575	4.039093	252.783099	252.783099	252.783099	4.037113	-0.581475
-154.525604	21.159600	-110.690000	26.250000	1110.335871	4.039474	253.324218	253.324218	253.324218	4.037875	-0.605164
-154.525604	21.659600	-110.690000	26.250000	1106.446221	4.040093	253.869575	253.869575	253.869575	4.038983	-0.629179
-154.525604	22.159600	-110.690000	26.250000	1102.584252	4.041093	254.419067	254.419067	254.419067	4.041723	-0.653185
-154.525604	22.659600	-110.690000	26.250000	1099.024245	4.041474	254.972585	254.972585	254.972585	4.044200	-0.677323
-154.525604	23.159600	-110.690000	26.250000	1095.533837	4.042093	255.530013	255.530013	255.530013	4.047771	-0.701773
-154.525604	23.659600	-110.690000	26.250000	1092.075886	4.043093	256.191232	256.191232	256.191232	4.050951	-0.626190
-154.525604	24.159600	-110.690000	26.250000	1089.024558	4.043093	256.756117	256.756117	256.756117	4.054702	-0.650722
-154.525604	24.659600	-110.690000	26.250000	1085.841522	4.044093	257.324537	257.324537	257.324537	4.057911	-0.675553
-154.525604	25.159600	-110.690000	26.250000	1082.963610	4.044474	257.896356	257.896356	257.896356	4.061085	-0.700327
-154.525604	25.659600	-110.690000	26.250000	1080.162009	4.045093	258.471433	258.471433	258.471433	4.063937	-0.725199
-154.525604	26.159600	-110.690000	26.250000	1077.564538	4.045474	259.149621	259.149621	259.149621	4.067070	-0.650357
-154.525604	26.659600	-110.690000	26.250000	1075.045712	4.046093	259.730771	259.730771	259.730771	4.067978	-0.675435
-154.025604	14.659600	-110.690000	26.250000	1159.489676	4.033093	246.468231	246.468231	246.468231	4.057477	-0.410600
-154.025604	15.159600	-110.690000	26.250000	1154.069078	4.033474	246.957930	246.957930	246.957930	4.056184	-0.434207
-154.025604	15.659600	-110.690000	26.250000	1148.871242	4.033474	247.352822	247.352822	247.352822	4.052750	-0.558027
-154.025604	16.159600	-110.690000	26.250000	1143.504615	4.034474	248.052864	248.052864	248.052864	4.052803	-0.381936
-154.025604	16.659600	-110.690000	26.250000	1138.539036	4.034474	248.458012	248.458012	248.458012	4.050199	-0.506205
-154.025604	17.159600	-110.690000	26.250000	1133.517550	4.035093	248.968213	248.968213	248.968213	4.048417	-0.530667
-154.025604	17.659600	-110.690000	26.250000	1128.683332	4.035474	249.583411	249.583411	249.583411	4.046393	-0.455192
-154.025604	18.159600	-110.690000	26.250000	1123.904994	4.036093	250.103544	250.103544	250.103544	4.044413	-0.480066
-154.025604	18.659600	-110.690000	26.250000	1119.316379	4.036474	250.628544	250.628544	250.628544	4.042516	-0.505115
-154.025604	19.159600	-110.690000	26.250000	1114.787216	4.037093	251.158338	251.158338	251.158338	4.040891	-0.530200
-154.025604	19.659600	-110.690000	26.250000	1110.450194	4.037474	251.692845	251.692845	251.692845	4.039847	-0.555624
-154.025604	20.159600	-110.690000	26.250000	1106.176093	4.038093	252.231983	252.231983	252.231983	4.039582	-0.581204
-154.025604	20.659600	-110.690000	26.250000	1101.927726	4.039093	252.775658	252.775658	252.775658	4.039592	-0.606795
-154.025604	21.159600	-110.690000	26.250000	1097.979479	4.039474	253.323776	253.323776	253.323776	4.040370	-0.632713
-154.025604	21.659600	-110.690000	26.250000	1094.099121	4.040093	253.876233	253.876233	253.876233	4.041878	-0.658770
-154.025604	22.159600	-110.690000	26.250000	1090.416655	4.040474	254.532922	254.532922	254.532922	4.043491	-0.584812
-154.025604	22.659600	-110.690000	26.250000	1086.805211	4.041093	255.093727	255.093727	255.093727	4.046639	-0.611169
-154.025604	23.159600	-110.690000	26.250000	1083.228037	4.042093	255.658529	255.658529	255.658529	4.049909	-0.637649
-154.025604	23.659600	-110.690000	26.250000	1079.954507	4.042474	256.227203	256.227203	256.227203	4.053421	-0.664088
-154.025604	24.159600	-110.690000	26.250000	1076.756380	4.043093	256.799617	256.799617	256.799617	4.056953	-0.690831
-154.025604	24.659600	-110.690000	26.250000	1073.761311	4.043474	257.475634	257.475634	257.475634	4.060417	-0.617679
-154.025604	25.159600	-110.690000	26.250000	1070.844329	4.044093	258.055112	258.055112	258.055112	4.063303	-0.644464
-154.025604	25.659600	-110.690000	26.250000	1068.132262	4.044474	258.737903	258.637903	258.737903	4.066017	-0.571539
-154.025604	26.159600	-110.690000	26.250000	1065.500759	4.045093	259.323854	259.323854	259.323854	4.068461	-0.598702
-154.025604	26.659600	-110.690000	26.250000	1062.913360	4.046093	259.812807	259.812807	259.812807	4.069605	-0.725779
-153.525604	14.659600	-110.690000	26.250000	1147.379958	4.032474	246.282680	246.282680	246.382680	4.056681	-0.509969
-153.525604	15.159600	-110.690000	26.250000	1142.049701	4.032474	246.677998	246.677998	246.677998	4.053980	-0.635681
-153.525604	15.659600	-110.690000	26.250000	1136.552392	4.033474	247.378650	247.378650	247.378650	4.055236	-0.461599
-153.525604	16.159600	-110.690000	26.250000	1131.454645	4.033474	247.784595	247.784595	247.784595	4.052340	-0.587762
-153.525604	16.659600	-110.690000	26.250000	1126.195751	4.034474	248.395785	248.395785	248.395785	4.051644	-0.514119
-153.525604	17.159600	-110.690000	26.250000	1121.336974	4.034474	248.912166	248.912166	248.912166	4.050295	-0.540663
-153.525604	17.659600	-110.690000	26.250000	1116.322798	4.035474	249.433678	249.433678	249.433678	4.048120	-0.567433
-153.525604	18.159600	-110.690000	26.250000	1111.709371	4.035474	249.960258	249.960258	249.960258	4.045801	-0.594379
-153.525604	18.659600	-110.690000	26.250000	1106.946118	4.036474	250.591834	250.591834	250.591834	4.044317	-0.521495
-153.525604	19.159600	-110.690000	26.250000	1102.415379	4.037093	251.128330	251.128330	251.128330	4.043220	-0.548816
-153.525604	19.659600	-110.690000	26.250000	1098.078056	4.037474	251.669662	251.669662	251.669662	4.042362	-0.576296
-153.525604	20.159600	-110.690000	26.250000	1093.806420	4.038093	252.215743	252.215743	252.215743	4.042181	-0.603928
-153.525604	20.659600	-110.690000	26.250000	1089.730644	4.038474	252.766477	252.766477	252.766477	4.042437	-0.631747
-153.525604	21.159600	-110.690000	26.250000	1085.723976	4.039093	253.421763	253.421763	253.421763	4.043114	-0.559707
-153.525604	21.659600	-110.690000	26.250000	1081.749897	4.040093	253.981494	253.981494	253.981494	4.044554	-0.587801
-153.525604	22.159600	-110.690000	26.250000	1078.077695	4.040474	254.545557	254.545557	254.545557	4.046483	-0.616063
-153.525604	22.659600	-110.690000	26.250000	1074.479455	4.041093	255.113831	255.113831	255.113831	4.049219	-0.644448
-153.525604	23.159600	-110.690000	26.250000	1071.082793	4.041474	255.786192	255.786192	255.786192	4.051949	-0.572951
-153.525604	23.659600	-110.690000	26.250000	1067.763116	4.042093	256.362507	256.362507	256.362507	4.055351	-0.601603
-153.525604	24.159600	-110.690000	26.250000	1064.647129	4.042474	256.942640	256.942640	256.942640	4.059101	-0.630361
-153.525604	24.659600	-110.690000	26.250000	1061.610960	4.043093	257.626446	257.526446	257.626446	4.062130	-0.559220
-153.525604	25.159600	-110.690000	26.250000	1058.618519	4.044093	258.113777	258.113777	258.113777	4.064668	-0.688208
-153.525604	25.659600	-110.690000	26.250000	1056.032398	4.044093	258.804477	258.804477	258.804477	4.067821	-0.617285
-153.525604	26.159600	-110.690000	26.250000	1053.330740	4.045093	259.298387	259.298387	259.298387	4.069576	-0.746447
-153.525604	26.659600	-110.690000	26.250000	1051.036098	4.045093	260.095340	260.095340	260.095340	4.073070	-0.575719
-153.025604	14.659600	-110.690000	26.250000	1135.381952	4.031474	246.093580	246.093580	246.093580	4.056747	-0.608414
-153.025604	15.159600	-110.690000	26.250000	1129.751252	4.032474	246.794632	246.794632	246.794632	4.058700	-0.436222
-153.025604	15.659600	-110.690000	26.250000	1124.518592	4.032474	247.201167	247.201167	247.201167	4.055434	-0.564393
-153.025604	16.159600	-110.690000	26.250000	1119.126581	4.033474	247.813140	247.813140	247.813140	4.055405	-0.492642
-153.025604	16.659600	-110.690000	26.250000	1114.133205	4.033474	248.230504	248.230504	248.230504	4.052988	-0.621079
-153.025604	17.159600	-110.690000	26.250000	1108.986403	4.034474	248.853201	248.853201	248.853201	4.052246	-0.549869
-153.025604	17.659600	-110.690000	26.250000	1104.238915	4.034474	249.381170	249.381170	249.381170	4.050679	-0.578709
-153.025604	18.159600	-110.690000	26.250000	1099.343756	4.035474	249.914344	249.914344	249.914344	4.048465	-0.607720
-153.025604	18.659600	-110.690000	26.250000	1094.680871	4.036093	250.452648	250.452648	250.452648	4.046910	-0.637074
-153.025604	19.159600	-110.690000	26.250000	1090.211458	4.036474	251.096004	251.096004	251.096004	4.046021	-0.566452
-153.025604	19.659600	-110.690000	26.250000	1085.808737	4.037093	251.644324	251.644324	251.644324	4.045244	-0.595982
-153.025604	20.159600	-110.690000	26.250000	1081.602042	4.037474	252.197515	252.197515	252.197515	4.045024	-0.625846
-153.025604	20.659600	-110.690000	26.250000	1077.363831	4.038474	252.755479	252.755479	252.755479	4.045289	-0.655706
-153.025604	21.159600	-110.690000	26.250000	1073.363281	4.039093	253.418110	253.418110	253.418110	4.046082	-0.585702
-153.025604	21.659600	-110.690000	26.250000	1069.562425	4.039474	253.985294	253.985294	253.985294	4.047552	-0.616022
-153.025604	22.159600	-110.690000	26.250000	1065.836902	4.040093	254.556915	254.556915	254.556915	4.049356	-0.646312
-153.025604	22.659600	-110.690000	26.250000	1062.150821	4.041093	255.232845	255.232845	255.232845	4.051427	-0.576721
-153.025604	23.159600	-110.690000	26.250000	1058.868451	4.041093	255.812955	255.812955	255.812955	4.054331	-0.607443
-153.025604	23.659600	-110.690000	26.250000	1055.466223	4.042093	256.497105	256.497105	256.497105	4.057162	-0.538110
-153.025604	24.159600	-110.690000	26.250000	1052.468565	4.042093	257.085152	257.085152	257.085152	4.060686	-0.568880
-153.025604	24.659600	-110.690000	26.250000	1049.355190	4.043093	257.676946	257.676946	257.676946	4.064199	-0.599950
-153.025604	25.159600	-110.690000	26.250000	1046.647212	4.043093	258.372330	258.372330	258.372330	4.067404	-0.530943
-153.025604	25.659600	-110.690000	26.250000	1043.827327	4.044093	258.871142	258.871142	258.871142	4.069245	-0.662022
-153.025604	26.159600	-110.690000	26.250000	1041.413618	4.044093	259.573214	259.573214	259.573214	4.072175	-0.593388
-153.025604	26.659600	-110.690000	26.250000	1039.050347	4.044474	260.278372	260.278372	260.278372	4.074199	-0.524654
-152.525604	14.659600	-110.690000	26.250000	1123.107763	4.031474	246.100803	246.100803	246.100803	4.060012	-0.506373
-152.525604	15.159600	-110.690000	26.250000	1117.737497	4.031474	246.507707	246.507707	246.507707	4.057186	-0.636435
-152.525604	15.659600	-110.690000	26.250000	1112.209562	4.032474	247.120248	247.120248	247.220248	4.057471	-0.566694
-152.525604	16.159600	-110.690000	26.250000	1107.078740	4.032474	247.638380	247.638380	247.638380	4.056148	-0.597024
-152.525604	16.659600	-110.690000	26.250000	1101.796353	4.033474	248.262052	248.262052	248.262052	4.055918	-0.527707
-152.525604	17.159600	-110.690000	26.250000	1096.911803	4.033474	248.691206	248.691206	248.691206	4.053994	-0.658570
-152.525604	17.659600	-110.690000	26.250000	1091.881629	4.034474	249.325778	249.325778	249.325778	4.052544	-0.589476
-152.525604	18.159600	-110.690000	26.250000	1087.083428	4.035093	249.865698	249.865698	249.865698	4.051367	-0.620725
-152.525604	18.659600	-110.690000	26.250000	1082.478691	4.035474	250.410888	250.410888	250.410888	4.049820	-0.652137
-152.525604	19.159600	-110.690000	26.250000	1077.941569	4.036093	251.061266	251.061266	251.061266	4.048660	-0.583565
-152.525604	19.659600	-110.690000	26.250000	1073.436089	4.037093	251.616740	251.616740	251.616740	4.048301	-0.615327
-152.525604	20.159600	-110.690000	26.250000	1069.229889	4.037474	252.177215	252.177215	252.177215	4.048571	-0.647234
-152.525604	20.659600	-110.690000	26.250000	1065.096824	4.038093	252.842585	252.742585	252.842585	4.048509	-0.579131
-152.525604	21.159600	-110.690000	26.250000	1061.163737	4.038474	253.412741	253.412741	253.412741	4.049096	-0.611352
-152.525604	21.659600	-110.690000	26.250000	1057.307287	4.039093	253.987565	253.987565	253.987565	4.050697	-0.643701
-152.525604	22.159600	-110.690000	26.250000	1053.491976	4.040093	254.666933	254.666933	254.666933	4.052083	-0.576014
-152.525604	22.659600	-110.690000	26.250000	1049.980128	4.040474	255.250714	255.250714	255.250714	4.054593	-0.608642
-152.525604	23.159600	-110.690000	26.250000	1046.549847	4.041093	255.938769	255.938769	255.938769	4.056612	-0.541380
-152.525604	23.659600	-110.690000	26.250000	1043.423971	4.041093	256.530955	256.530955	256.530955	4.059548	-0.574057
-152.525604	24.159600	-110.690000	26.250000	1040.185737	4.042093	257.227120	257.227120	257.227120	4.063566	-0.507039
-152.525604	24.659600	-110.690000	26.250000	1037.351954	4.042093	257.827106	257.827106	257.827106	4.066738	-0.540114
-152.525604	25.159600	-110.690000	26.250000	1034.409833	4.043093	258.430751	258.430751	258.430751	4.069014	-0.573105
-152.525604	25.659600	-110.690000	26.250000	1031.873027	4.043093	259.137884	259.137884	259.137884	4.071746	-0.506387
-152.525604	26.159600	-110.690000	26.250000	1029.388993	4.043474	259.748329	259.748329	259.748329	4.073845	-0.539748
-152.525604	26.659600	-110.690000	26.250000	1026.996182	4.044093	260.361904	260.361904	260.361904	4.075475	-0.573001
-152.025604	14.659600	-110.690000	26.250000	1111.118036	4.030474	245.904218	245.904218	245.904218	4.059588	-0.604022
-152.025604	15.159600	-110.690000	26.250000	1105.556033	4.031093	246.417094	246.417094	246.417094	4.058735	-0.636174
-152.025604	15.659600	-110.690000	26.250000	1100.180362	4.031474	246.935767	246.935767	246.935767	4.058181	-0.668517
-152.025604	16.159600	-110.690000	26.250000	1094.863047	4.032093	247.560190	247.560190	247.560190	4.058380	-0.601094
-152.025604	16.659600	-110.690000	26.250000	1089.734909	4.032474	248.090309	248.090309	248.090309	4.057189	-0.633851
-152.025604	17.159600	-110.690000	26.250000	1084.566649	4.033474	248.726064	248.626064	248.726064	4.056716	-0.566782
-152.025604	17.659600	-110.690000	26.250000	1079.795561	4.033474	249.267389	249.267389	249.267389	4.055405	-0.599927
-152.025604	18.159600	-110.690000	26.250000	1074.886732	4.034474	249.814211	249.814211	249.814211	4.054144	-0.633235
-152.025604	18.659600	-110.690000	26.250000	1070.211922	4.035093	250.366449	250.366449	250.366449	4.053055	-0.666699
-152.025604	19.159600	-110.690000	26.250000	1065.733281	4.035474	250.924016	250.924016	250.924016	4.052316	-0.700359
-152.025604	19.659600	-110.690000	26.250000	1061.226663	4.036474	251.586817	251.586817	251.586817	4.051816	-0.634165
-152.025604	20.159600	-110.690000	26.250000	1056.957573	4.037093	252.154752	252.154752	252.154752	4.051662	-0.668109
-152.025604	20.659600	-110.690000	26.250000	1052.888686	4.037474	252.827712	252.827712	252.827712	4.051955	-0.602232
-152.025604	21.159600	-110.690000	26.250000	1048.798588	4.038474	253.405582	253.405582	253.405582	4.052758	-0.636482
-152.025604	21.659600	-110.690000	26.250000	1044.949401	4.039093	254.088237	254.088237	254.088237	4.053795	-0.570855
-152.025604	22.159600	-110.690000	26.250000	1041.304252	4.039474	254.675549	254.675549	254.675549	4.054929	-0.605386
-152.025604	22.659600	-110.690000	26.250000	1037.742143	4.040093	255.367380	255.367380	255.367380	4.057056	-0.540029
-152.025604	23.159600	-110.690000	26.250000	1034.386508	4.040474	255.963585	255.963585	255.963585	4.059852	-0.574778
-152.025604	23.659600	-110.690000	26.250000	1031.117125	4.041093	256.664013	256.664013	256.664013	4.063058	-0.509667
-152.025604	24.159600	-110.690000	26.250000	1028.153558	4.041093	257.268506	257.268506	257.268506	4.066004	-0.544651
-152.025604	24.659600	-110.690000	26.250000	1025.085148	4.042093	257.976898	257.876898	257.976898	4.068616	-0.479725
-152.025604	25.159600	-110.690000	26.250000	1022.421170	4.042093	258.589019	258.589019	258.589019	4.070989	-0.514920
-152.025604	25.659600	-110.690000	26.250000	1019.812250	4.042474	259.304689	259.304689	259.304689	4.073578	-0.450194
-152.025604	26.159600	-110.690000	26.250000	1017.296613	4.043093	259.923725	259.923725	259.923725	4.074867	-0.485541
-152.025604	26.659600	-110.690000	26.250000	1015.090547	4.043093	260.645936	260.645936	260.645936	4.077547	-0.420990
-151.525604	14.659600	-110.690000	26.250000	1098.962964	4.030093	245.803684	245.803684	245.803684	4.060799	-0.600755
-151.525604	15.159600	-110.690000	26.250000	1093.444915	4.030474	246.322656	246.322656	246.322656	4.060151	-0.634989
-151.525604	15.659600	-110.690000	26.250000	1087.985620	4.031093	246.947591	246.947591	246.947591	4.060370	-0.569577
-151.525604	16.159600	-110.690000	26.250000	1082.715187	4.031474	247.478440	247.478440	247.478440	4.059207	-0.604226
-151.525604	16.659600	-110.690000	26.250000	1077.507744	4.032093	248.015148	248.015148	248.015148	4.058518	-0.639048
-151.525604	17.159600	-110.690000	26.250000	1072.492104	4.032474	248.557653	248.557653	248.557653	4.057353	-0.674218
-151.525604	17.659600	-110.690000	26.250000	1067.442659	4.033474	249.205886	249.205886	249.205886	4.056508	-0.609420
-151.525604	18.159600	-110.690000	26.250000	1062.626904	4.034093	249.759770	249.759770	249.759770	4.055394	-0.644779
-151.525604	18.659600	-110.690000	26.250000	1058.007285	4.034474	250.319222	250.319222	250.319222	4.054992	-0.680477
-151.525604	19.159600	-110.690000	26.250000	1053.361311	4.035474	250.884150	250.884150	250.884150	4.054168	-0.716179
-151.525604	19.659600	-110.690000	26.250000	1048.952707	4.036093	251.554457	251.554457	251.554457	4.053842	-0.652021
-151.525604	20.159600	-110.690000	26.250000	1044.744460	4.036474	252.130036	252.130036	252.130036	4.054121	-0.688195
-151.525604	20.659600	-110.690000	26.250000	1040.516908	4.037474	252.810775	252.810775	252.810775	4.054044	-0.624345
-151.525604	21.159600	-110.690000	26.250000	1036.530290	4.038093	253.396551	253.396551	253.396551	4.055480	-0.660619
-151.525604	21.659600	-110.690000	26.250000	1032.748068	4.038474	254.087237	254.087237	254.087237	4.056103	-0.597215
-151.525604	22.159600	-110.690000	26.250000	1029.050287	4.039093	254.682695	254.682695	254.682695	4.057998	-0.633762
-151.525604	22.659600	-110.690000	26.250000	1025.559477	4.039474	255.382783	255.382783	255.382783	4.060088	-0.570416
-151.525604	23.159600	-110.690000	26.250000	1022.156493	4.040093	256.087349	256.087349	256.087349	4.062594	-0.507383
-151.525604	23.659600	-110.690000	26.250000	1018.962921	4.040474	256.696234	256.696234	256.696234	4.065663	-0.544276
-151.525604	24.159600	-110.690000	26.250000	1015.860344	4.041093	257.409273	257.409273	257.409273	4.068000	-0.481260
-151.525604	24.659600	-110.690000	26.250000	1013.065080	4.041093	258.026292	258.026292	258.026292	4.070183	-0.518546
-151.525604	25.159600	-110.690000	26.250000	1010.172499	4.042093	258.647111	258.647111	258.647111	4.071915	-0.555733
-151.525604	25.659600	-110.690000	26.250000	1007.684423	4.042093	259.371544	259.371544	259.371544	4.073416	-0.492997
-151.525604	26.159600	-110.690000	26.250000	1005.351419	4.042093	260.099398	260.099398	260.099398	4.076402	-0.430551
-151.525604	26.659600	-110.690000	26.250000	1002.926501	4.043093	260.630472	260.630472	260.630472	4.076062	-0.567983
-151.025604	14.659600	-110.690000	26.250000	1086.879297	4.029474	245.699058	245.699058	245.699058	4.061855	-0.597035
-151.025604	15.159600	-110.690000	26.250000	1081.441221	4.029474	246.124252	246.124252	246.124252	4.060831	-0.733514
-151.025604	15.659600	-110.690000	26.250000	1075.859654	4.030474	246.855581	246.855581	246.855581	4.061031	-0.570176
-151.025604	16.159600	-110.690000	26.250000	1070.671779	4.030474	247.292996	247.292996	247.292996	4.059908	-0.706892
-151.025604	16.659600	-110.690000	26.250000	1065.346848	4.031474	247.936439	247.936439	247.936439	4.058986	-0.643955
-151.025604	17.159600	-110.690000	26.250000	1060.253939	4.032093	248.485846	248.485846	248.485846	4.058669	-0.681183
-151.025604	17.659600	-110.690000	26.250000	1055.355583	4.032474	249.041145	249.041145	249.041145	4.058085	-0.718437
-151.025604	18.159600	-110.690000	26.250000	1050.429837	4.033474	249.702257	249.702257	249.702257	4.056630	-0.656029
-151.025604	18.659600	-110.690000	26.250000	1045.739985	4.034093	250.269094	250.269094	250.269094	4.056312	-0.693771
-151.025604	19.159600	-110.690000	26.250000	1041.249138	4.034474	250.841562	250.841562	250.841562	4.056081	-0.731510
-151.025604	19.659600	-110.690000	26.250000	1036.738380	4.035474	251.519558	251.519558	251.519558	4.055811	-0.669581
-151.025604	20.159600	-110.690000	26.250000	1032.467307	4.036093	252.102970	252.102970	252.102970	4.056159	-0.707785
-151.025604	20.659600	-110.690000	26.250000	1028.241985	4.037093	252.791682	252.791682	252.791682	4.056345	-0.645957
-151.025604	21.159600	-110.690000	26.250000	1024.318919	4.037474	253.385565	253.385565	253.385565	4.057682	-0.684455
-151.025604	21.659600	-110.690000	26.250000	1020.481616	4.038093	254.084486	254.084486	254.084486	4.058174	-0.623068
-151.025604	22.159600	-110.690000	26.250000	1016.851720	4.038474	254.788302	254.788302	254.788302	4.059925	-0.561624
-151.025604	22.659600	-110.690000	26.250000	1013.311150	4.039093	255.496862	255.496862	255.496862	4.061840	-0.500496
-151.025604	23.159600	-110.690000	26.250000	1009.980576	4.039474	256.110007	256.110007	256.110007	4.064864	-0.539468
-151.025604	23.659600	-110.690000	26.250000	1006.742679	4.040093	256.827572	256.827572	256.827572	4.067567	-0.478357
-151.025604	24.159600	-110.690000	26.250000	1003.811979	4.040093	257.449382	257.449382	257.449382	4.069962	-0.517553
-151.025604	24.659600	-110.690000	26.250000	1000.787529	4.041093	258.175256	258.175256	258.175256	4.071755	-0.456833
-151.025604	25.159600	-110.690000	26.250000	998.166745	4.041093	258.805005	258.805005	258.805005	4.073004	-0.496006
-151.025604	25.659600	-110.690000	26.250000	995.702504	4.041093	259.638434	259.538434	259.638434	4.076214	-0.335475
-151.025604	26.159600	-110.690000	26.250000	993.150264	4.042093	260.175339	260.175339	260.175339	4.076071	-0.475012
-151.025604	26.659600	-110.690000	26.250000	991.003234	4.042093	260.915512	260.915512	260.915512	4.078736	-0.414420
-150.525604	14.659600	-110.690000	26.250000	1074.903941	4.028474	245.490191	245.490191	245.490191	4.061745	-0.693044
-150.525604	15.159600	-110.690000	26.250000	1069.175392	4.029474	246.221734	246.221734	246.221734	4.061781	-0.531599
-150.525604	15.659600	-110.690000	26.250000	1063.838897	4.029474	246.659593	246.659593	246.659593	4.061335	-0.670331
-150.525604	16.159600	-110.690000	26.250000	1058.467172	4.030093	247.203716	247.203716	247.203716	4.060855	-0.709288
-150.525604	16.659600	-110.690000	26.250000	1053.288204	4.030474	247.754044	247.754044	247.754044	4.060808	-0.748410
-150.525604	17.159600	-110.690000	26.250000	1048.080475	4.031474	248.410510	248.410510	248.410510	4.059556	-0.687693
-150.525604	17.659600	-110.690000	26.250000	1043.106962	4.032093	248.973039	248.973039	248.973039	4.059586	-0.727181
-150.525604	18.159600	-110.690000	26.250000	1038.330876	4.032474	249.541548	249.541548	249.541548	4.059153	-0.766818
-150.525604	18.659600	-110.690000	26.250000	1033.533918	4.033474	250.215947	250.215947	250.215947	4.057825	-0.706599
-150.525604	19.159600	-110.690000	26.250000	1028.975182	4.034093	250.796137	250.796137	250.796137	4.058168	-0.746567
-150.525604	19.659600	-110.690000	26.250000	1024.461377	4.035093	251.482011	251.482011	251.482011	4.057464	-0.686668
-150.525604	20.159600	-110.690000	26.250000	1020.248322	4.035474	252.073453	252.073453	252.073453	4.058378	-0.726896
-150.525604	20.659600	-110.690000	26.250000	1016.120324	4.036093	252.770340	252.770340	252.770340	4.058738	-0.667292
-150.525604	21.159600	-110.690000	26.250000	1012.043627	4.037093	253.472537	253.472537	253.472537	4.058778	-0.607805
-150.525604	21.659600	-110.690000	26.250000	1008.270728	4.037474	254.079906	254.079906	254.079906	4.061059	-0.648429
-150.525604	22.159600	-110.690000	26.250000	1004.588578	4.038093	254.792296	254.792296	254.792296	4.062559	-0.589203
-150.525604	22.659600	-110.690000	26.250000	1001.116943	4.038474	255.509550	255.509550	255.509550	4.064478	-0.530078
-150.525604	23.159600	-110.690000	26.250000	997.739595	4.039093	256.231501	256.231501	256.231501	4.066296	-0.471048
-150.525604	23.659600	-110.690000	26.250000	994.575351	4.039474	256.857976	256.857976	256.857976	4.069866	-0.512149
-150.525604	24.159600	-110.690000	26.250000	991.508697	4.040093	257.588792	257.588792	257.588792	4.071339	-0.453335
-150.525604	24.659600	-110.690000	26.250000	988.750910	4.040093	258.223758	258.223758	258.223758	4.072948	-0.494601
-150.525604	25.159600	-110.690000	26.250000	986.151087	4.040093	258.962677	258.962677	258.962677	4.074429	-0.435979
-150.525604	25.659600	-110.690000	26.250000	983.467108	4.041093	259.605343	259.605343	259.605343	4.075603	-0.477428
-150.525604	26.159600	-110.690000	26.250000	981.187632	4.041093	260.351544	260.351544	260.351544	4.077991	-0.418940
-150.525604	26.659600	-110.690000	26.250000	979.069801	4.041093	261.101060	261.101060	261.101060	4.081265	-0.360546
-150.025604	14.659600	-110.690000	26.250000	1062.770166	4.028093	245.476925	245.476925	245.476925	4.062955	-0.588143
-150.025604	15.159600	-110.690000	26.250000	1057.181623	4.028474	246.014950	246.014950	246.014950	4.062476	-0.628765
-150.025604	15.659600	-110.690000	26.250000	1051.659373	4.029093	246.559477	246.559477	246.559477	4.062074	-0.669735
-150.025604	16.159600	-110.690000	26.250000	1046.329483	4.029474	247.110455	247.110455	247.110455	4.062429	-0.710749
-150.025604	16.659600	-110.690000	26.250000	1041.070460	4.030093	247.767820	247.767820	247.767820	4.060438	-0.651923
-150.025604	17.159600	-110.690000	26.250000	1036.007059	4.030474	248.231505	248.231505	248.331505	4.062727	-0.793440
-150.025604	17.659600	-110.690000	26.250000	1030.921468	4.031474	248.901432	248.901432	248.901432	4.060572	-0.734971
-150.025604	18.159600	-110.690000	26.250000	1026.072421	4.032093	249.477514	249.477514	249.477514	4.060430	-0.776645
-150.025604	18.659600	-110.690000	26.250000	1021.423804	4.032474	250.059657	250.059657	250.059657	4.061163	-0.818656
-150.025604	19.159600	-110.690000	26.250000	1016.760933	4.033474	250.747759	250.747759	250.747759	4.059835	-0.760652
-150.025604	19.659600	-110.690000	26.250000	1012.338742	4.034093	251.441707	251.441707	251.441707	4.059109	-0.702776
-150.025604	20.159600	-110.690000	26.250000	1007.967123	4.035093	252.141380	252.041380	252.141380	4.058629	-0.645231
-150.025604	20.659600	-110.690000	26.250000	1003.897818	4.035474	252.746649	252.746649	252.746649	4.060496	-0.687642
-150.025604	21.159600	-110.690000	26.250000	999.824158	4.036474	253.457376	253.457376	253.457376	4.061011	-0.630165
-150.025604	21.659600	-110.690000	26.250000	995.996429	4.037093	254.173412	254.173412	254.173412	4.061669	-0.573012
-150.025604	22.159600	-110.690000	26.250000	992.379665	4.037474	254.794602	254.794602	254.794602	4.065854	-0.615788
-150.025604	22.659600	-110.690000	26.250000	988.858718	4.038093	255.520780	255.520780	255.520780	4.067121	-0.558661
-150.025604	23.159600	-110.690000	26.250000	985.551489	4.038474	256.251773	256.251773	256.251773	4.068882	-0.501850
-150.025604	23.659600	-110.690000	26.250000	982.343577	4.039093	256.987396	256.987396	256.987396	4.071155	-0.444942
-150.025604	24.159600	-110.690000	26.250000	979.444456	4.039093	257.627460	257.627460	257.627460	4.073168	-0.488116
-150.025604	24.659600	-110.690000	26.250000	976.462907	4.040093	258.371764	258.371764	258.371764	4.074075	-0.431596
-150.025604	25.159600	-110.690000	26.250000	973.884474	4.040093	259.020101	259.020101	259.020101	4.075570	-0.474955
-150.025604	25.659600	-110.690000	26.250000	971.468057	4.040093	259.772256	259.772256	259.772256	4.077078	-0.418381
-150.025604	26.159600	-110.690000	26.250000	969.214922	4.040093	260.628005	260.628005	260.628005	4.081823	-0.262103
-150.025604	26.659600	-110.690000	26.250000	967.126263	4.040093	261.387118	261.387118	261.387118	4.083969	-0.205681
-149.525604	14.659600	-110.690000	26.250000	1050.707211	4.027474	245.359098	245.359098	245.359098	4.063714	-0.582820
-149.525604	15.159600	-110.690000	26.250000	1045.192092	4.027474	245.803738	245.803738	245.803738	4.064435	-0.725681
-149.525604	15.659600	-110.690000	26.250000	1039.547851	4.028474	246.555076	246.555076	246.555076	4.061475	-0.568712
-149.525604	16.159600	-110.690000	26.250000	1034.294097	4.028474	246.913058	246.913058	246.913058	4.064976	-0.811779
-149.525604	16.659600	-110.690000	26.250000	1028.918030	4.029474	247.677619	247.677619	247.677619	4.061038	-0.655187
-149.525604	17.159600	-110.690000	26.250000	1023.933765	4.029474	248.148688	248.148688	248.148688	4.064060	-0.798749
-149.525604	17.659600	-110.690000	26.250000	1018.833817	4.030474	248.826185	248.826185	248.826185	4.061709	-0.742317
-149.525604	18.159600	-110.690000	26.250000	1013.971457	4.031093	249.410020	249.410020	249.410020	4.062195	-0.786222
-149.525604	18.659600	-110.690000	26.250000	1009.156220	4.032093	250.100095	250.100095	250.100095	4.060204	-0.730263
-149.525604	19.159600	-110.690000	26.250000	1004.640492	4.032474	250.696303	250.696303	250.696303	4.061983	-0.774282
-149.525604	19.659600	-110.690000	26.250000	1000.117231	4.033474	251.398526	251.398526	251.398526	4.060199	-0.718633
-149.525604	20.159600	-110.690000	26.250000	995.837238	4.034093	252.006640	252.006640	252.006640	4.063107	-0.763104
-149.525604	20.659600	-110.690000	26.250000	991.613557	4.035093	252.720507	252.720507	252.720507	4.062717	-0.707524
-149.525604	21.159600	-110.690000	26.250000	987.693889	4.035474	253.439985	253.439985	253.439985	4.062693	-0.652270
-149.525604	21.659600	-110.690000	26.250000	983.869541	4.036093	254.164917	254.164917	254.164917	4.063647	-0.597120
-149.525604	22.159600	-110.690000	26.250000	980.107858	4.037093	254.895140	254.895140	254.895140	4.065116	-0.541893
-149.525604	22.659600	-110.690000	26.250000	976.653417	4.037474	255.630481	255.630481	255.630481	4.066640	-0.486984
-149.525604	23.159600	-110.690000	26.250000	973.299939	4.038093	256.370757	256.370757	256.370757	4.068575	-0.432165
-149.525604	23.659600	-110.690000	26.250000	970.255124	4.038093	257.015778	257.015778	257.015778	4.073173	-0.477242
-149.525604	24.159600	-110.690000	26.250000	967.131426	4.039093	257.765342	257.765342	257.765342	4.073188	-0.422629
-149.525604	24.659600	-110.690000	26.250000	964.410019	4.039093	258.419239	258.419239	258.419239	4.075288	-0.468090
-149.525604	25.159600	-110.690000	26.250000	961.852115	4.039093	259.177253	259.177253	259.177253	4.075973	-0.413423
-149.525604	25.659600	-110.690000	26.250000	959.459077	4.039093	259.939157	259.939157	259.939157	4.078927	-0.359058
-149.525604	26.159600	-110.690000	26.250000	957.085627	4.039711	260.604716	260.604716	260.604716	4.079381	-0.404751
-149.525604	26.659600	-110.690000	26.250000	954.936255	4.040093	261.373690	261.373690	261.373690	4.081495	-0.350293
-149.025604	14.659600	-110.690000	26.250000	1038.750765	4.026474	245.236541	245.236541	245.236541	4.063519	-0.577266
-149.025604	15.159600	-110.690000	26.250000	1033.048616	4.027093	245.787933	245.787933	245.787933	4.063289	-0.622189
-149.025604	15.659600	-110.690000	26.250000	1027.539538	4.027474	246.346227	246.346227	246.346227	4.063337	-0.667276
-149.025604	16.159600	-110.690000	26.250000	1022.104309	4.028093	246.911365	246.911365	246.911365	4.064017	-0.712579
-149.025604	16.659600	-110.690000	26.250000	1016.865656	4.028474	247.483283	247.483283	247.483283	4.064480	-0.758034
-149.025604	17.159600	-110.690000	26.250000	1011.705639	4.029093	248.061906	248.061906	248.061906	4.065572	-0.803636
-149.025604	17.659600	-110.690000	26.250000	1006.745687	4.029474	248.647151	248.647151	248.647151	4.066692	-0.849435
-149.025604	18.159600	-110.690000	26.250000	1001.774245	4.030474	249.338924	249.338924	249.338924	4.063345	-0.795371
-149.025604	18.659600	-110.690000	26.250000	997.042949	4.031093	249.937125	249.937125	249.937125	4.064899	-0.841438
-149.025604	19.159600	-110.690000	26.250000	992.364583	4.032093	250.641640	250.641640	250.641640	4.063086	-0.787684
-149.025604	19.659600	-110.690000	26.250000	987.987394	4.032474	251.252348	251.252348	251.252348	4.065809	-0.834051
-149.025604	20.159600	-110.690000	26.250000	983.609495	4.033474	251.969117	251.969117	251.969117	4.065022	-0.780533
-149.025604	20.659600	-110.690000	26.250000	979.477585	4.034093	252.691806	252.691806	252.691806	4.064354	-0.727176
-149.025604	21.159600	-110.690000	26.250000	975.407829	4.035093	253.420263	253.420263	253.420263	4.064833	-0.673925
-149.025604	21.659600	-110.690000	26.250000	971.643916	4.035474	254.154327	254.154327	254.154327	4.065221	-0.620773
-149.025604	22.159600	-110.690000	26.250000	967.980598	4.036093	254.893825	254.893825	254.893825	4.067220	-0.567764
-149.025604	22.659600	-110.690000	26.250000	964.385753	4.037093	255.738577	255.638577	255.738577	4.065062	-0.414845
-149.025604	23.159600	-110.690000	26.250000	961.190861	4.037093	256.388391	256.388391	256.388391	4.070476	-0.462010
-149.025604	23.659600	-110.690000	26.250000	957.920528	4.038093	257.143065	257.143065	257.143065	4.071700	-0.409300
-149.025604	24.159600	-110.690000	26.250000	955.051621	4.038093	257.802390	257.802390	257.802390	4.075243	-0.456665
-149.025604	24.659600	-110.690000	26.250000	952.347638	4.038093	258.566147	258.566147	258.566147	4.075553	-0.404100
-149.025604	25.159600	-110.690000	26.250000	949.810044	4.038093	259.334105	259.334105	259.334105	4.077864	-0.351641
-149.025604	25.659600	-110.690000	26.250000	947.205659	4.039093	260.006029	260.006029	260.006029	4.078461	-0.399242
-149.025604	26.159600	-110.690000	26.250000	945.005480	4.039093	260.781671	260.781671	260.781671	4.081557	-0.346899
-149.025604	26.659600	-110.690000	26.250000	942.975587	4.039093	261.560780	261.560780	261.560780	4.083288	-0.294642
-162.025604	19.986300	-110.690000	26.250000	1304.380916	4.041093	251.754374	251.754374	251.754374	4.048698	-0.498000
-161.367599	17.746901	-110.690000	26.250000	1308.400851	4.039093	250.201164	250.201164	250.201164	4.060068	-0.129290
-161.314896	21.956301	-110.690000	26.250000	1270.839113	4.042474	253.280389	253.280389	253.280389	4.037382	-0.821040
-161.095001	23.997200	-110.690000	26.250000	1249.946902	4.046093	254.960158	254.960158	254.960158	4.038558	-1.096595
-160.047501	19.823400	-110.690000	26.250000	1257.416045	4.039474	251.758202	251.758202	251.758202	4.043655	-0.481523
-159.664993	22.122999	-110.690000	26.250000	1229.156268	4.042093	253.623823	253.623823	253.623823	4.035408	-0.846222
-159.401001	21.971001	-110.690000	26.250000	1223.778589	4.042093	253.521190	253.521190	253.521190	4.035321	-0.832064
-158.982498	15.574000	-110.690000	26.250000	1270.867718	4.037474	248.304506	248.204506	248.304506	4.061701	-0.040381
-158.933105	24.573799	-110.690000	26.250000	1193.517648	4.046093	256.006705	256.006705	256.006705	4.043341	-1.044208
-158.903000	21.298401	-110.690000	26.250000	1216.868364	4.041093	253.012751	253.012751	253.012751	4.034564	-0.730644
-158.760193	18.564699	-110.690000	26.250000	1236.832833	4.038093	250.736661	250.736661	250.736661	4.044524	-0.361726
-158.185394	22.620199	-110.690000	26.250000	1188.912548	4.043093	254.298970	254.298970	254.298970	4.035272	-0.860490
-158.179504	20.377800	-110.690000	26.250000	1206.724245	4.039474	252.262739	252.262739	252.262739	4.034833	-0.622322
-157.931000	21.646000	-110.690000	26.250000	1190.280416	4.041093	253.434713	253.434713	253.434713	4.033987	-0.752687
-157.859100	14.659600	-110.690000	26.250000	1252.859156	4.036474	247.252034	247.252034	247.252034	4.060717	-0.163209
-157.700806	16.348400	-110.690000	26.250000	1231.803167	4.036474	248.687718	248.687718	248.687718	4.052659	-0.278964
-157.627594	20.346100	-110.690000	26.250000	1193.455931	4.039093	252.297648	252.297648	252.297648	4.033628	-0.587140
-157.270004	21.108999	-110.690000	26.250000	1178.330088	4.040093	253.027742	253.027742	253.027742	4.033074	-0.663779
-157.227295	18.984800	-110.690000	26.250000	1195.228528	4.038093	251.140175	251.140175	251.140175	4.038206	-0.382275
-156.964600	24.312099	-110.690000	26.250000	1147.307684	4.045093	256.237210	256.237210	256.237210	4.048024	-0.913489
-156.932007	19.832701	-110.690000	26.250000	1180.630556	4.038474	251.894260	251.894260	251.894260	4.034500	-0.496193
-156.808197	18.404200	-110.690000	26.250000	1190.149106	4.037474	250.551396	250.551396	250.551396	4.040219	-0.385219
-156.755997	21.136000	-110.690000	26.250000	1165.433535	4.040093	253.167247	253.067247	253.167247	4.033432	-0.591022
-156.658005	20.891001	-110.690000	26.250000	1164.901626	4.040093	252.879427	252.879427	252.879427	4.033233	-0.627101
-156.510101	19.477699	-110.690000	26.250000	1173.271281	4.038093	251.516565	251.516565	251.516565	4.035002	-0.517720
-156.465103	18.775000	-110.690000	26.250000	1178.379781	4.037474	250.911989	250.911989	250.911989	4.037538	-0.397856
-156.387695	17.614901	-110.690000	26.250000	1187.230560	4.036474	249.767105	249.767105	249.767105	4.044130	-0.361648
-156.206604	16.162001	-110.690000	26.250000	1197.024596	4.035474	248.291804	248.291804	248.291804	4.051075	-0.377029
-156.167007	18.301001	-110.690000	26.250000	1175.320029	4.037093	250.415149	250.415149	250.415149	4.039952	-0.403540
-155.996994	20.771000	-110.690000	26.250000	1149.682781	4.039474	252.844529	252.844529	252.844529	4.033802	-0.573797
-155.772995	19.079000	-110.690000	26.250000	1158.611945	4.037474	251.130892	251.130892	251.130892	4.036333	-0.491420
-155.765305	26.776699	-110.690000	26.250000	1104.179919	4.047474	259.404398	259.404398	259.404398	4.064877	-0.809499
-155.714996	18.000299	-110.690000	26.250000	1167.038840	4.036474	250.084101	250.084101	250.084101	4.041404	-0.409786
-155.710999	20.046000	-110.690000	26.250000	1148.681328	4.038474	252.084032	252.084032	252.084032	4.034075	-0.567203
-155.679398	21.205500	-110.690000	26.250000	1138.319569	4.040093	253.247940	253.247940	253.247940	4.034788	-0.661207
-155.636200	22.299900	-110.690000	26.250000	1128.874788	4.041474	254.435139	254.435139	254.435139	4.038033	-0.685635
-154.994400	21.507000	-110.690000	26.250000	1119.144634	4.040093	253.623706	253.623706	253.623706	4.036797	-0.667662
-154.983002	19.601000	-110.690000	26.250000	1134.455967	4.038093	251.629659	251.629659	251.629659	4.036410	-0.552574
-154.797394	18.803101	-110.690000	26.250000	1136.977046	4.037093	250.795388	250.795388	250.795388	4.039005	-0.518891
-154.691299	17.180099	-110.690000	26.250000	1149.664530	4.035474	249.133661	249.133661	249.133661	4.047219	-0.442976
-154.617798	20.088900	-110.690000	26.250000	1121.292824	4.038474	252.181983	252.181983	252.181983	4.036708	-0.541670
-154.495895	18.401699	-110.690000	26.250000	1133.247398	4.036474	250.377592	250.377592	250.377592	4.041513	-0.492331
-154.482803	21.001900	-110.690000	26.250000	1110.478275	4.039474	253.172720	253.172720	253.172720	4.037229	-0.580221
-154.393997	19.262501	-110.690000	26.250000	1122.915927	4.037474	251.276149	251.276149	251.276149	4.039154	-0.532754
-154.251801	21.168699	-110.690000	26.250000	1103.500853	4.039474	253.328242	253.328242	253.328242	4.039233	-0.626711
-154.030502	17.988400	-110.690000	26.250000	1125.589279	4.036093	249.858811	249.858811	249.858811	4.044931	-0.537915
-153.992294	18.797600	-110.690000	26.250000	1117.276795	4.036474	250.713918	250.713918	250.713918	4.041932	-0.571344
-153.982697	21.519699	-110.690000	26.250000	1094.064658	4.040093	253.748434	253.748434	253.748434	4.041646	-0.627067
-153.967499	14.731300	-110.690000	26.250000	1157.292706	4.033093	246.533899	246.533899	246.533899	4.057871	-0.408599
-153.902405	19.979099	-110.690000	26.250000	1104.594954	4.038093	252.010908	252.010908	252.010908	4.040059	-0.598862
-153.868195	17.315399	-110.690000	26.250000	1128.141468	4.035093	249.110844	249.110844	249.110844	4.048099	-0.542345
-153.700806	17.297501	-110.690000	26.250000	1124.175416	4.035093	249.100087	249.100087	249.100087	4.049103	-0.519099
-153.503204	19.495199	-110.690000	26.250000	1099.005341	4.037093	251.515231	251.515231	251.515231	4.042733	-0.542768
-153.295898	18.800900	-110.690000	26.250000	1100.017483	4.036474	250.690780	250.690780	250.690780	4.044987	-0.572010
-153.292099	20.892599	-110.690000	26.250000	1081.984304	4.039093	253.021153	253.021153	253.021153	4.044043	-0.656649
-153.290604	17.906200	-110.690000	26.250000	1108.221630	4.035474	249.674583	249.674583	249.674583	4.047600	-0.581888
-152.981201	18.301800	-110.690000	26.250000	1096.954209	4.035474	250.102000	250.102000	250.102000	4.047936	-0.578178
-152.765793	25.592800	-110.690000	26.250000	1038.072107	4.043093	258.994400	258.994400	258.994400	4.070586	-0.511586
-152.132401	18.481400	-110.690000	26.250000	1074.445461	4.035093	250.150721	250.150721	250.150721	4.053171	-0.680274
-151.686600	14.689100	-110.690000	26.250000	1102.482898	4.030474	245.943031	245.943031	245.943031	4.061203	-0.527631
-151.637604	16.737801	-110.690000	26.250000	1079.390625	4.032474	248.092600	248.092600	248.092600	4.058035	-0.667260
-150.914993	18.914200	-110.690000	26.250000	1040.651349	4.034474	250.606858	250.606858	250.606858	4.055869	-0.658413
-149.000900	16.989000	-110.690000	26.250000	1012.944470	4.028474	247.781086	247.781086	247.781086	4.067638	-0.866189
