-162.025604	14.659600	-110.690000	26.250000	1361.047551	4.020688	248.342348	248.342348	248.342348	4.061791	0.563409
-162.025604	15.159600	-110.690000	26.250000	1355.904263	4.020688	248.855962	248.855962	248.855962	4.061609	0.674987
-162.025604	15.659600	-110.690000	26.250000	1351.186232	4.019687	249.073049	249.073049	249.073049	4.058823	0.486137
-162.025604	16.159600	-110.690000	26.250000	1346.221191	4.019687	249.493589	249.493589	249.493589	4.057623	0.497089
-162.025604	16.659600	-110.690000	26.250000	1341.681320	4.018688	249.917562	249.917562	250.017562	4.055579	0.507753
-162.025604	17.159600	-110.690000	26.250000	1336.898953	4.018688	250.344940	250.344940	250.344940	4.051101	0.518007
-162.025604	17.659600	-110.690000	26.250000	1332.541743	4.017688	250.875698	250.775698	250.875698	4.041536	0.628089
-162.025604	18.159600	-110.690000	26.250000	1327.946445	4.017688	251.109805	251.109805	251.109805	4.043472	0.437906
-162.025604	18.659600	-110.690000	26.250000	1323.446877	4.017688	251.447229	251.447229	251.447229	4.039477	0.347328
-162.025604	19.159600	-110.690000	26.250000	1319.146701	4.017375	251.787935	251.787935	251.787935	4.034238	0.256604
-162.025604	19.659600	-110.690000	26.250000	1314.841420	4.017375	252.031884	252.031884	252.031884	4.033798	0.065637
-162.025604	20.159600	-110.690000	26.250000	1310.635023	4.017375	252.379038	252.379038	252.379038	4.028802	-0.025709
-162.025604	20.659600	-110.690000	26.250000	1306.426914	4.017688	252.729351	252.629351	252.729351	4.025252	-0.117174
-162.025604	21.159600	-110.690000	26.250000	1302.421675	4.017688	253.082780	252.982780	253.082780	4.020978	-0.208863
-162.025604	21.659600	-110.690000	26.250000	1298.296208	4.018375	253.239274	253.239274	253.339274	4.024375	-0.500913
-162.025604	22.159600	-110.690000	26.250000	1294.395814	4.018688	253.698784	253.598784	253.698784	4.017762	-0.493057
-162.025604	22.659600	-110.690000	26.250000	1290.479493	4.019375	253.961254	253.961254	253.961254	4.019692	-0.685406
-162.025604	23.159600	-110.690000	26.250000	1286.569310	4.020375	254.326629	254.226629	254.326629	4.018876	-0.778097
-162.025604	23.659600	-110.690000	26.250000	1282.766798	4.021375	254.594848	254.594848	254.594848	4.022059	-0.970859
-162.025604	24.159600	-110.690000	26.250000	1279.072809	4.022375	254.965850	254.965850	254.965850	4.022985	-1.063805
-162.025604	24.659600	-110.690000	26.250000	1275.488175	4.023375	255.339570	255.339570	255.339570	4.025434	-1.157076
-162.025604	25.159600	-110.690000	26.250000	1272.013711	4.024375	255.715939	255.715939	255.715939	4.027175	-1.250395
-162.025604	25.659600	-110.690000	26.250000	1268.650209	4.025375	256.194888	256.194888	256.194888	4.029027	-1.243877
-162.025604	26.159600	-110.690000	26.250000	1265.398441	4.026375	256.576343	256.576343	256.676343	4.033259	-1.337667
-162.025604	26.659600	-110.690000	26.250000	1262.161217	4.027687	256.960230	256.960230	256.960230	4.035051	-1.431482
-161.525604	14.659600	-110.690000	26.250000	1348.641877	4.020688	248.399532	248.399532	248.399532	4.061805	0.653620
-161.525604	15.159600	-110.690000	26.250000	1343.826345	4.019687	248.617223	248.617223	248.617223	4.057699	0.462885
-161.525604	15.659600	-110.690000	26.250000	1338.765918	4.019687	249.138471	249.138471	249.138471	4.057267	0.571853
-161.525604	16.159600	-110.690000	26.250000	1334.129117	4.018688	249.463254	249.463254	249.463254	4.055066	0.480632
-161.525604	16.659600	-110.690000	26.250000	1329.252039	4.018688	249.891550	249.891550	249.891550	4.052480	0.488999
-161.525604	17.159600	-110.690000	26.250000	1324.571928	4.018375	250.323331	250.323331	250.323331	4.048628	0.497090
-161.525604	17.659600	-110.690000	26.250000	1320.109369	4.017688	250.758570	250.758570	250.758570	4.045087	0.505019
-161.525604	18.159600	-110.690000	26.250000	1315.516336	4.017688	251.097234	251.097234	251.097234	4.042071	0.412552
-161.525604	18.659600	-110.690000	26.250000	1311.122556	4.017375	251.439290	251.439290	251.439290	4.038260	0.319831
-161.525604	19.159600	-110.690000	26.250000	1306.948463	4.016687	251.784700	251.784700	251.784700	4.033957	0.226973
-161.525604	19.659600	-110.690000	26.250000	1302.649406	4.016687	252.133425	252.133425	252.133425	4.028805	0.133736
-161.525604	20.159600	-110.690000	26.250000	1298.228656	4.017375	252.385423	252.385423	252.385423	4.028864	-0.059733
-161.525604	20.659600	-110.690000	26.250000	1294.132375	4.017375	252.740649	252.740649	252.740649	4.025576	-0.153316
-161.525604	21.159600	-110.690000	26.250000	1290.038330	4.017688	252.999053	252.999053	252.999053	4.024165	-0.347260
-161.525604	21.659600	-110.690000	26.250000	1285.928508	4.018375	253.260586	253.260586	253.260586	4.024017	-0.541416
-161.525604	22.159600	-110.690000	26.250000	1282.044295	4.018688	253.625194	253.625194	253.625194	4.021583	-0.635660
-161.525604	22.659600	-110.690000	26.250000	1278.147015	4.019375	253.992819	253.992819	253.992819	4.020512	-0.730249
-161.525604	23.159600	-110.690000	26.250000	1274.258553	4.020375	254.263403	254.263403	254.263403	4.022237	-0.925030
-161.525604	23.659600	-110.690000	26.250000	1270.696738	4.020688	254.736882	254.736882	254.736882	4.020138	-0.919875
-161.525604	24.159600	-110.690000	26.250000	1267.027277	4.021687	255.113192	255.113192	255.113192	4.021474	-1.015047
-161.525604	24.659600	-110.690000	26.250000	1263.468957	4.022687	255.592265	255.592265	255.592265	4.022107	-1.010392
-161.525604	25.159600	-110.690000	26.250000	1260.022606	4.023688	255.974029	255.974029	255.974029	4.025455	-1.105777
-161.525604	25.659600	-110.690000	26.250000	1256.474399	4.025375	256.258411	256.258411	256.258411	4.030453	-1.301472
-161.525604	26.159600	-110.690000	26.250000	1253.254981	4.026375	256.645335	256.645335	256.645335	4.032886	-1.397320
-161.525604	26.659600	-110.690000	26.250000	1250.149860	4.027375	257.134721	257.134721	257.134721	4.033285	-1.393185
-161.025604	14.659600	-110.690000	26.250000	1336.239166	4.020688	248.454685	248.454685	248.454685	4.064250	0.744375
-161.025604	15.159600	-110.690000	26.250000	1331.413470	4.019687	248.676535	248.676535	248.676535	4.057551	0.551457
-161.025604	15.659600	-110.690000	26.250000	1326.347373	4.019687	249.202027	249.202027	249.202027	4.056442	0.658250
-161.025604	16.159600	-110.690000	26.250000	1321.703246	4.018688	249.431140	249.431140	249.431140	4.052306	0.464729
-161.025604	16.659600	-110.690000	26.250000	1316.823394	4.018688	249.863848	249.863848	249.863848	4.049544	0.470933
-161.025604	17.159600	-110.690000	26.250000	1312.365558	4.017688	250.300124	250.300124	250.300124	4.047132	0.476869
-161.025604	17.659600	-110.690000	26.250000	1307.676567	4.017688	250.639937	250.639937	250.639937	4.046396	0.382512
-161.025604	18.159600	-110.690000	26.250000	1303.186661	4.017375	251.083255	251.083255	251.083255	4.040209	0.387902
-161.025604	18.659600	-110.690000	26.250000	1298.916157	4.016687	251.430041	251.430041	251.430041	4.036533	0.293044
-161.025604	19.159600	-110.690000	26.250000	1294.522563	4.016687	251.780258	251.780258	251.780258	4.032058	0.197915
-161.025604	19.659600	-110.690000	26.250000	1290.230026	4.016687	252.133862	252.033862	252.133862	4.028649	0.102553
-161.025604	20.159600	-110.690000	26.250000	1286.039634	4.016687	252.390810	252.390810	252.490810	4.027964	-0.093036
-161.025604	20.659600	-110.690000	26.250000	1281.733079	4.017375	252.751055	252.751055	252.751055	4.024359	-0.188874
-161.025604	21.159600	-110.690000	26.250000	1277.750868	4.017375	253.014545	253.014545	253.014545	4.022865	-0.384926
-161.025604	21.659600	-110.690000	26.250000	1273.774885	4.017688	253.381227	253.381227	253.381227	4.020746	-0.481183
-161.025604	22.159600	-110.690000	26.250000	1269.787346	4.018375	253.751046	253.751046	253.751046	4.018884	-0.577670
-161.025604	22.659600	-110.690000	26.250000	1265.810068	4.019375	254.023940	254.023940	254.023940	4.020432	-0.774349
-161.025604	23.159600	-110.690000	26.250000	1262.158892	4.019687	254.399849	254.399849	254.399849	4.020299	-0.871214
-161.025604	23.659600	-110.690000	26.250000	1258.402358	4.020688	254.778706	254.778706	254.778706	4.021600	-0.968288
-161.025604	24.159600	-110.690000	26.250000	1254.757897	4.021687	255.260443	255.260443	255.260443	4.021777	-0.965534
-161.025604	24.659600	-110.690000	26.250000	1251.323581	4.022375	255.744988	255.644988	255.744988	4.022865	-0.962947
-161.025604	25.159600	-110.690000	26.250000	1247.808622	4.023688	256.032268	256.032268	256.032268	4.026902	-1.160546
-161.025604	25.659600	-110.690000	26.250000	1244.505468	4.024687	256.522205	256.522205	256.522205	4.029333	-1.158300
-161.025604	26.159600	-110.690000	26.250000	1241.317702	4.025688	256.914719	256.914719	256.914719	4.032859	-1.256200
-161.025604	26.659600	-110.690000	26.250000	1238.246095	4.026688	257.409727	257.409727	257.409727	4.033604	-1.254266
-160.525604	14.659600	-110.690000	26.250000	1324.169009	4.019687	248.207734	248.207734	248.207734	4.057368	0.536129
-160.525604	15.159600	-110.690000	26.250000	1319.003191	4.019687	248.733827	248.733827	248.733827	4.057719	0.641036
-160.525604	15.659600	-110.690000	26.250000	1314.257777	4.018688	248.963650	248.963650	248.963650	4.052130	0.445528
-160.525604	16.159600	-110.690000	26.250000	1309.278781	4.018688	249.397180	249.397180	249.397180	4.050086	0.449844
-160.525604	16.659600	-110.690000	26.250000	1304.720248	4.017688	249.834392	249.834392	249.834392	4.047621	0.453892
-160.525604	17.159600	-110.690000	26.250000	1299.932816	4.017688	250.275256	250.275256	250.275256	4.045426	0.457541
-160.525604	17.659600	-110.690000	26.250000	1295.344270	4.017375	250.619741	250.619741	250.619741	4.043253	0.361041
-160.525604	18.159600	-110.690000	26.250000	1290.974815	4.016687	251.067811	251.067811	251.067811	4.037099	0.364292
-160.525604	18.659600	-110.690000	26.250000	1286.484089	4.016687	251.419429	251.419429	251.419429	4.033896	0.267162
-160.525604	19.159600	-110.690000	26.250000	1282.094932	4.016687	251.774555	251.774555	251.774555	4.029538	0.169907
-160.525604	19.659600	-110.690000	26.250000	1277.808466	4.016687	252.133145	252.033145	252.133145	4.026489	0.072425
-160.525604	20.159600	-110.690000	26.250000	1273.625800	4.016687	252.395152	252.395152	252.495152	4.025082	-0.125424
-160.525604	20.659600	-110.690000	26.250000	1269.548031	4.016687	252.760526	252.760526	252.760526	4.022056	-0.223371
-160.525604	21.159600	-110.690000	26.250000	1265.359666	4.017375	253.129214	253.129214	253.129214	4.019560	-0.321525
-160.525604	21.659600	-110.690000	26.250000	1261.397474	4.017688	253.401160	253.401160	253.401160	4.018833	-0.520029
-160.525604	22.159600	-110.690000	26.250000	1257.426622	4.018375	253.776305	253.776305	253.776305	4.017688	-0.618608
-160.525604	22.659600	-110.690000	26.250000	1253.683186	4.018688	254.154587	254.154587	254.154587	4.017944	-0.717373
-160.525604	23.159600	-110.690000	26.250000	1249.836645	4.019687	254.535940	254.535940	254.535940	4.018852	-0.816473
-160.525604	23.659600	-110.690000	26.250000	1246.199945	4.020375	254.920295	254.920295	254.920295	4.020386	-0.915622
-160.525604	24.159600	-110.690000	26.250000	1242.579960	4.021375	255.307581	255.307581	255.307581	4.023542	-1.014939
-160.525604	24.659600	-110.690000	26.250000	1239.074743	4.022375	255.797723	255.797723	255.797723	4.024781	-1.014572
-160.525604	25.159600	-110.690000	26.250000	1235.685148	4.023375	256.190642	256.190642	256.190642	4.028246	-1.114232
-160.525604	25.659600	-110.690000	26.250000	1232.412008	4.024375	256.586259	256.586259	256.586259	4.031090	-1.214041
-160.525604	26.159600	-110.690000	26.250000	1229.256127	4.025375	257.084489	257.084489	257.084489	4.033476	-1.214149
-160.525604	26.659600	-110.690000	26.250000	1226.218288	4.026375	257.485245	257.485245	257.485245	4.035190	-1.314261
-160.025604	14.659600	-110.690000	26.250000	1311.769903	4.019687	248.258606	248.258606	248.258606	4.059783	0.628532
-160.025604	15.159600	-110.690000	26.250000	1306.920884	4.018688	248.489026	248.489026	248.489026	4.053050	0.431138
-160.025604	15.659600	-110.690000	26.250000	1301.840361	4.018688	248.923268	248.923268	249.023268	4.050770	0.433465
-160.025604	16.159600	-110.690000	26.250000	1296.855942	4.018688	249.461307	249.461307	249.461307	4.049264	0.535625
-160.025604	16.659600	-110.690000	26.250000	1292.290388	4.017688	249.803115	249.803115	249.803115	4.045757	0.437385
-160.025604	17.159600	-110.690000	26.250000	1287.500551	4.017688	250.248664	250.248664	250.248664	4.043077	0.438888
-160.025604	17.659600	-110.690000	26.250000	1283.129766	4.016687	250.697918	250.597918	250.697918	4.038839	0.440248
-160.025604	18.159600	-110.690000	26.250000	1278.539322	4.016687	251.050842	251.050842	251.050842	4.034900	0.341226
-160.025604	18.659600	-110.690000	26.250000	1274.050922	4.016687	251.407397	251.407397	251.407397	4.031302	0.241967
-160.025604	19.159600	-110.690000	26.250000	1269.764511	4.016375	251.767539	251.767539	251.767539	4.027568	0.142592
-160.025604	19.659600	-110.690000	26.250000	1265.483322	4.016375	252.131223	252.131223	252.131223	4.024687	0.042849
-160.025604	20.159600	-110.690000	26.250000	1261.307620	4.016375	252.498399	252.398399	252.498399	4.021432	-0.057110
-160.025604	20.659600	-110.690000	26.250000	1257.140712	4.016687	252.869016	252.769016	252.869016	4.019501	-0.157161
-160.025604	21.159600	-110.690000	26.250000	1252.965188	4.017375	253.143018	253.143018	253.143018	4.018124	-0.357563
-160.025604	21.659600	-110.690000	26.250000	1249.016427	4.017688	253.520345	253.520345	253.520345	4.016593	-0.458161
-160.025604	22.159600	-110.690000	26.250000	1245.061927	4.018375	253.800937	253.800937	253.800937	4.017073	-0.658826
-160.025604	22.659600	-110.690000	26.250000	1241.335478	4.018688	254.184727	254.184727	254.284727	4.017620	-0.759827
-160.025604	23.159600	-110.690000	26.250000	1237.606057	4.019375	254.571647	254.571647	254.571647	4.019045	-0.861004
-160.025604	23.659600	-110.690000	26.250000	1233.894908	4.020375	254.961625	254.961625	254.961625	4.021273	-0.962224
-160.025604	24.159600	-110.690000	26.250000	1230.299487	4.021375	255.454586	255.454586	255.454586	4.023558	-0.963763
-160.025604	24.659600	-110.690000	26.250000	1226.820685	4.022375	255.850451	255.850451	255.850451	4.026049	-1.065459
-160.025604	25.159600	-110.690000	26.250000	1223.459373	4.023375	256.249138	256.249138	256.249138	4.028708	-1.167174
-160.025604	25.659600	-110.690000	26.250000	1220.216395	4.024375	256.650564	256.650564	256.650564	4.031511	-1.269193
-160.025604	26.159600	-110.690000	26.250000	1217.092570	4.025375	257.154640	257.154640	257.154640	4.034102	-1.271348
-160.025604	26.659600	-110.690000	26.250000	1214.088690	4.026375	257.561274	257.561274	257.561274	4.036312	-1.373501
-159.525604	14.659600	-110.690000	26.250000	1299.697868	4.018688	247.907223	247.907223	247.907223	4.052246	0.321440
-159.525604	15.159600	-110.690000	26.250000	1294.513453	4.018688	248.442057	248.442057	248.442057	4.051550	0.421880
-159.525604	15.659600	-110.690000	26.250000	1289.425407	4.018688	248.980807	248.980807	248.980807	4.050458	0.522048
-159.525604	16.159600	-110.690000	26.250000	1284.754647	4.017688	249.323447	249.223447	249.323447	4.046398	0.421918
-159.525604	16.659600	-110.690000	26.250000	1279.861782	4.017688	249.769949	249.769949	249.769949	4.043056	0.421531
-159.525604	17.159600	-110.690000	26.250000	1275.168147	4.017375	250.220280	250.220280	250.220280	4.040230	0.420893
-159.525604	17.659600	-110.690000	26.250000	1270.693669	4.016687	250.574406	250.574406	250.674406	4.036152	0.319979
-159.525604	18.159600	-110.690000	26.250000	1266.103410	4.016687	251.032288	251.032288	251.032288	4.031922	0.318827
-159.525604	18.659600	-110.690000	26.250000	1261.714984	4.016375	251.393885	251.393885	251.393885	4.028658	0.217446
-159.525604	19.159600	-110.690000	26.250000	1257.332904	4.016375	251.759153	251.759153	251.759153	4.025165	0.115808
-159.525604	19.659600	-110.690000	26.250000	1253.056855	4.016375	252.128043	252.128043	252.128043	4.022079	0.013954
-159.525604	20.159600	-110.690000	26.250000	1248.887997	4.016375	252.500503	252.500503	252.500503	4.019518	-0.088111
-159.525604	20.659600	-110.690000	26.250000	1244.730627	4.016687	252.876480	252.876480	252.876480	4.017209	-0.190410
-159.525604	21.159600	-110.690000	26.250000	1240.779885	4.016687	253.255914	253.155914	253.255914	4.015804	-0.292907
-159.525604	21.659600	-110.690000	26.250000	1236.728045	4.017375	253.538744	253.538744	253.538744	4.014978	-0.495593
-159.525604	22.159600	-110.690000	26.250000	1232.904297	4.017688	253.924905	253.924905	253.924905	4.015396	-0.598495
-159.525604	22.659600	-110.690000	26.250000	1228.983587	4.018688	254.314328	254.314328	254.314328	4.015998	-0.701573
-159.525604	23.159600	-110.690000	26.250000	1225.273828	4.019375	254.706942	254.706942	254.706942	4.018168	-0.804823
-159.525604	23.659600	-110.690000	26.250000	1221.585152	4.020375	255.102670	255.102670	255.102670	4.021073	-0.908266
-159.525604	24.159600	-110.690000	26.250000	1218.222336	4.020688	255.601435	255.601435	255.601435	4.023633	-0.911868
-159.525604	24.659600	-110.690000	26.250000	1214.769114	4.021687	256.003154	256.003154	256.003154	4.027094	-1.015620
-159.525604	25.159600	-110.690000	26.250000	1211.435299	4.022687	256.507742	256.507742	256.507742	4.029488	-1.019547
-159.525604	25.659600	-110.690000	26.250000	1208.315597	4.023375	257.015109	257.015109	257.015109	4.032316	-1.023613
-159.525604	26.159600	-110.690000	26.250000	1205.222885	4.024375	257.425164	257.425164	257.425164	4.035208	-1.127810
-159.525604	26.659600	-110.690000	26.250000	1202.252082	4.025375	257.937811	257.937811	257.937811	4.037578	-1.132162
-159.025604	14.659600	-110.690000	26.250000	1287.303429	4.018688	247.953505	247.953505	247.953505	4.053049	0.415329
-159.025604	15.159600	-110.690000	26.250000	1282.109374	4.018688	248.492842	248.492842	248.492842	4.052133	0.513609
-159.025604	15.659600	-110.690000	26.250000	1277.331009	4.017688	248.736192	248.736192	248.736192	4.046262	0.311488
-159.025604	16.159600	-110.690000	26.250000	1272.332644	4.017688	249.283529	249.283529	249.283529	4.044208	0.409211
-159.025604	16.659600	-110.690000	26.250000	1267.434644	4.017688	249.734821	249.734821	249.734821	4.040443	0.406684
-159.025604	17.159600	-110.690000	26.250000	1262.952599	4.016687	250.090036	250.090036	250.090036	4.036972	0.303769
-159.025604	17.659600	-110.690000	26.250000	1258.257879	4.016687	250.549137	250.549137	250.549137	4.032957	0.300726
-159.025604	18.159600	-110.690000	26.250000	1253.667256	4.016687	251.012084	251.012084	251.012084	4.029458	0.297451
-159.025604	18.659600	-110.690000	26.250000	1249.279145	4.016375	251.378834	251.378834	251.378834	4.025470	0.193805
-159.025604	19.159600	-110.690000	26.250000	1244.900022	4.016375	251.749339	251.749339	251.749339	4.022358	0.090056
-159.025604	19.659600	-110.690000	26.250000	1240.628633	4.016375	252.123550	252.123550	252.123550	4.019576	-0.013905
-159.025604	20.159600	-110.690000	26.250000	1236.466163	4.016375	252.501412	252.501412	252.501412	4.017257	-0.118222
-159.025604	20.659600	-110.690000	26.250000	1232.317901	4.016687	252.882868	252.882868	252.882868	4.015163	-0.222616
-159.025604	21.159600	-110.690000	26.250000	1228.377080	4.016687	253.267857	253.267857	253.267857	4.013997	-0.327202
-159.025604	21.659600	-110.690000	26.250000	1224.339085	4.017375	253.656314	253.656314	253.656314	4.013764	-0.432130
-159.025604	22.159600	-110.690000	26.250000	1220.529848	4.017688	254.048170	254.048170	254.048170	4.014194	-0.537110
-159.025604	22.659600	-110.690000	26.250000	1216.722225	4.018375	254.443356	254.443356	254.443356	4.015269	-0.642263
-159.025604	23.159600	-110.690000	26.250000	1212.937224	4.019375	254.841793	254.841793	254.841793	4.017297	-0.747741
-159.025604	23.659600	-110.690000	26.250000	1209.477585	4.019687	255.243405	255.243405	255.243405	4.020215	-0.853249
-159.025604	24.159600	-110.690000	26.250000	1205.929954	4.020688	255.748108	255.748108	255.748108	4.024163	-0.858909
-159.025604	24.659600	-110.690000	26.250000	1202.596209	4.021375	256.155815	256.155815	256.155815	4.027695	-0.964880
-159.025604	25.159600	-110.690000	26.250000	1199.290074	4.022375	256.666439	256.666439	256.666439	4.031202	-0.970856
-159.025604	25.659600	-110.690000	26.250000	1196.106160	4.023375	257.079884	257.079884	257.079884	4.034060	-1.076966
-159.025604	26.159600	-110.690000	26.250000	1193.045311	4.024375	257.496056	257.496056	257.496056	4.036537	-1.183370
-159.025604	26.659600	-110.690000	26.250000	1190.108340	4.025375	258.014854	258.014854	258.014854	4.039424	-1.189757
-158.525604	14.659600	-110.690000	26.250000	1274.913284	4.018688	247.997371	247.997371	247.997371	4.053562	0.509833
-158.525604	15.159600	-110.690000	26.250000	1270.024942	4.017688	248.141301	248.141301	248.141301	4.045646	0.205823
-158.525604	15.659600	-110.690000	26.250000	1264.918630	4.017688	248.689345	248.689345	248.689345	4.044821	0.301553
-158.525604	16.159600	-110.690000	26.250000	1259.912956	4.017688	249.241475	249.241475	249.241475	4.042000	0.397135
-158.525604	16.659600	-110.690000	26.250000	1255.106823	4.017375	249.597658	249.597658	249.597658	4.038617	0.292329
-158.525604	17.159600	-110.690000	26.250000	1250.519880	4.016687	250.057860	250.057860	250.057860	4.035032	0.287284
-158.525604	17.659600	-110.690000	26.250000	1245.822593	4.016687	250.522043	250.522043	250.522043	4.031475	0.282117
-158.525604	18.159600	-110.690000	26.250000	1241.231042	4.016687	250.990165	250.990165	250.990165	4.027319	0.276577
-158.525604	18.659600	-110.690000	26.250000	1236.842706	4.016375	251.362179	251.362179	251.362179	4.023453	0.170817
-158.525604	19.159600	-110.690000	26.250000	1232.466025	4.016375	251.738038	251.738038	251.738038	4.020229	0.064961
-158.525604	19.659600	-110.690000	26.250000	1228.198803	4.016375	252.217688	252.217688	252.217688	4.017385	0.058747
-158.525604	20.159600	-110.690000	26.250000	1224.042255	4.016375	252.601072	252.601072	252.601072	4.015172	-0.047667
-158.525604	20.659600	-110.690000	26.250000	1219.997579	4.016375	252.988131	252.988131	252.988131	4.013671	-0.154151
-158.525604	21.159600	-110.690000	26.250000	1215.971348	4.016687	253.378800	253.378800	253.378800	4.013045	-0.260979
-158.525604	21.659600	-110.690000	26.250000	1211.946814	4.017375	253.773012	253.773012	253.773012	4.013226	-0.367987
-158.525604	22.159600	-110.690000	26.250000	1208.151733	4.017688	254.170696	254.170696	254.170696	4.013930	-0.475042
-158.525604	22.659600	-110.690000	26.250000	1204.361296	4.018375	254.571775	254.571775	254.571775	4.015242	-0.582425
-158.525604	23.159600	-110.690000	26.250000	1200.596334	4.019375	254.976171	254.976171	254.976171	4.017399	-0.689969
-158.525604	23.659600	-110.690000	26.250000	1197.156538	4.019687	255.383801	255.383801	255.383801	4.020476	-0.797535
-158.525604	24.159600	-110.690000	26.250000	1193.725572	4.020375	255.894579	255.894579	255.894579	4.024880	-0.805414
-158.525604	24.659600	-110.690000	26.250000	1190.323922	4.021375	256.308415	256.308415	256.308415	4.028817	-0.913435
-158.525604	25.159600	-110.690000	26.250000	1187.045583	4.022375	256.725214	256.725214	256.725214	4.031856	-1.021456
-158.525604	25.659600	-110.690000	26.250000	1184.093774	4.022687	257.344879	257.344879	257.344879	4.036118	-0.929773
-158.525604	26.159600	-110.690000	26.250000	1181.155857	4.023375	257.867310	257.867310	257.867310	4.039694	-0.938214
-158.525604	26.659600	-110.690000	26.250000	1178.251857	4.024375	258.292401	258.292401	258.292401	4.042014	-1.046631
-158.025604	14.659600	-110.690000	26.250000	1262.841963	4.017688	247.638733	247.638733	247.638733	4.047678	0.204803
-158.025604	15.159600	-110.690000	26.250000	1257.625284	4.017688	248.187350	248.187350	248.187350	4.046513	0.298643
-158.025604	15.659600	-110.690000	26.250000	1252.509468	4.017688	248.640184	248.640184	248.640184	4.043837	0.292229
-158.025604	16.159600	-110.690000	26.250000	1247.495826	4.017688	249.197206	249.197206	249.197206	4.040356	0.385532
-158.025604	16.659600	-110.690000	26.250000	1242.895025	4.016687	249.558384	249.558384	249.558384	4.037232	0.278594
-158.025604	17.159600	-110.690000	26.250000	1238.088461	4.016687	250.023679	250.023679	250.023679	4.033745	0.271423
-158.025604	17.659600	-110.690000	26.250000	1233.388008	4.016687	250.493053	250.493053	250.493053	4.029935	0.263989
-158.025604	18.159600	-110.690000	26.250000	1228.890564	4.016375	250.966462	250.966462	250.966462	4.025792	0.256335
-158.025604	18.659600	-110.690000	26.250000	1224.405841	4.016375	251.343857	251.343857	251.343857	4.021906	0.148467
-158.025604	19.159600	-110.690000	26.250000	1220.031072	4.016375	251.825187	251.825187	251.825187	4.018945	0.140357
-158.025604	19.659600	-110.690000	26.250000	1215.767515	4.016375	252.210397	252.210397	252.210397	4.016310	0.032045
-158.025604	20.159600	-110.690000	26.250000	1211.616411	4.016375	252.599428	252.599428	252.599428	4.013936	-0.076460
-158.025604	20.659600	-110.690000	26.250000	1207.578988	4.016375	252.992217	252.992217	252.992217	4.012659	-0.185188
-158.025604	21.159600	-110.690000	26.250000	1203.562809	4.016687	253.488696	253.388696	253.488696	4.012487	-0.194097
-158.025604	21.659600	-110.690000	26.250000	1199.551343	4.017375	253.788795	253.788795	253.788795	4.012414	-0.403181
-158.025604	22.159600	-110.690000	26.250000	1195.770055	4.017688	254.292439	254.192439	254.292439	4.013196	-0.412466
-158.025604	22.659600	-110.690000	26.250000	1191.996472	4.018375	254.699549	254.699549	254.699549	4.015124	-0.521915
-158.025604	23.159600	-110.690000	26.250000	1188.454528	4.018688	255.110042	255.110042	255.110042	4.018001	-0.631519
-158.025604	23.659600	-110.690000	26.250000	1184.923147	4.019375	255.523832	255.523832	255.523832	4.021457	-0.741305
-158.025604	24.159600	-110.690000	26.250000	1181.422753	4.020375	256.040827	256.040827	256.040827	4.025682	-0.751234
-158.025604	24.659600	-110.690000	26.250000	1178.248167	4.020688	256.560933	256.460933	256.560933	4.029943	-0.761302
-158.025604	25.159600	-110.690000	26.250000	1175.088160	4.021375	256.984053	256.984053	257.084053	4.033816	-0.871530
-158.025604	25.659600	-110.690000	26.250000	1171.962808	4.022375	257.510083	257.510083	257.510083	4.038045	-0.881884
-158.025604	26.159600	-110.690000	26.250000	1168.964568	4.023375	257.938919	257.938919	257.938919	4.041044	-0.992356
-158.025604	26.659600	-110.690000	26.250000	1166.094278	4.024375	258.370451	258.370451	258.370451	4.042539	-1.102970
-157.525604	14.659600	-110.690000	26.250000	1250.458198	4.017688	247.677505	247.677505	247.677505	4.048349	0.300736
-157.525604	15.159600	-110.690000	26.250000	1245.229799	4.017688	248.130902	248.130902	248.130902	4.045824	0.292433
-157.525604	15.659600	-110.690000	26.250000	1240.103785	4.017688	248.688625	248.688625	248.688625	4.043114	0.383740
-157.525604	16.159600	-110.690000	26.250000	1235.388990	4.016687	248.950642	248.950642	248.950642	4.038411	0.174912
-157.525604	16.659600	-110.690000	26.250000	1230.470558	4.016687	249.416918	249.416918	249.416918	4.035451	0.165849
-157.525604	17.159600	-110.690000	26.250000	1225.658561	4.016687	249.987416	249.987416	249.987416	4.031998	0.256410
-157.525604	17.659600	-110.690000	26.250000	1220.954330	4.016687	250.462093	250.462093	250.462093	4.028427	0.246862
-157.525604	18.159600	-110.690000	26.250000	1216.453826	4.016375	250.940904	250.940904	250.940904	4.024567	0.237100
-157.525604	18.659600	-110.690000	26.250000	1211.968726	4.016375	251.323798	251.323798	251.323798	4.020999	0.126974
-157.525604	19.159600	-110.690000	26.250000	1207.595329	4.016375	251.810722	251.810722	251.810722	4.018208	0.116767
-157.525604	19.659600	-110.690000	26.250000	1203.334921	4.016375	252.201618	252.201618	252.201618	4.015507	0.006363
-157.525604	20.159600	-110.690000	26.250000	1199.188773	4.016375	252.596423	252.596423	252.596423	4.013822	-0.104388
-157.525604	20.659600	-110.690000	26.250000	1195.158141	4.016375	253.095073	253.095073	253.095073	4.012896	-0.115197
-157.525604	21.159600	-110.690000	26.250000	1191.151584	4.016687	253.497495	253.497495	253.497495	4.011858	-0.226183
-157.525604	21.659600	-110.690000	26.250000	1187.152784	4.017375	253.903618	253.903618	253.903618	4.011842	-0.337502
-157.525604	22.159600	-110.690000	26.250000	1183.476971	4.017375	254.313360	254.313360	254.313360	4.013432	-0.448855
-157.525604	22.659600	-110.690000	26.250000	1179.627850	4.018375	254.726641	254.726641	254.826641	4.015701	-0.560364
-157.525604	23.159600	-110.690000	26.250000	1176.103226	4.018688	255.243374	255.243374	255.243374	4.018539	-0.572194
-157.525604	23.659600	-110.690000	26.250000	1172.592299	4.019375	255.663467	255.663467	255.663467	4.022213	-0.684032
-157.525604	24.159600	-110.690000	26.250000	1169.315273	4.019687	256.186825	256.186825	256.186825	4.027063	-0.696009
-157.525604	24.659600	-110.690000	26.250000	1166.054686	4.020375	256.713351	256.713351	256.713351	4.031719	-0.708291
-157.525604	25.159600	-110.690000	26.250000	1162.830557	4.021375	257.142940	257.142940	257.142940	4.035721	-0.820558
-157.525604	25.659600	-110.690000	26.250000	1159.932970	4.021687	257.775485	257.775485	257.775485	4.040430	-0.732945
-157.525604	26.159600	-110.690000	26.250000	1157.055633	4.022375	258.310877	258.310877	258.310877	4.044215	-0.745623
-157.525604	26.659600	-110.690000	26.250000	1154.218213	4.023375	258.749001	258.749001	258.749001	4.045816	-0.858262
-157.025604	14.659600	-110.690000	26.250000	1238.387854	4.016687	247.313594	247.313594	247.313594	4.043031	-0.002748
-157.025604	15.159600	-110.690000	26.250000	1233.145705	4.016687	247.871869	247.871869	247.871869	4.042745	0.086669
-157.025604	15.659600	-110.690000	26.250000	1228.007506	4.016687	248.334581	248.334581	248.334581	4.040719	0.075843
-157.025604	16.159600	-110.690000	26.250000	1222.974640	4.016687	248.901697	248.901697	248.901697	4.037749	0.164888
-157.025604	16.659600	-110.690000	26.250000	1218.048483	4.016687	249.373180	249.373180	249.373180	4.034477	0.153557
-157.025604	17.159600	-110.690000	26.250000	1213.230405	4.016687	249.848992	249.848992	249.848992	4.031659	0.142002
-157.025604	17.659600	-110.690000	26.250000	1208.521768	4.016687	250.329087	250.329087	250.429087	4.028068	0.130345
-157.025604	18.159600	-110.690000	26.250000	1204.017599	4.016375	250.813419	250.813419	250.813419	4.024018	0.118325
-157.025604	18.659600	-110.690000	26.250000	1199.531543	4.016375	251.301934	251.301934	251.301934	4.020723	0.106100
-157.025604	19.159600	-110.690000	26.250000	1195.158963	4.016375	251.794577	251.794577	251.794577	4.017769	0.093800
-157.025604	19.659600	-110.690000	26.250000	1190.901176	4.016375	252.191286	252.191286	252.191286	4.015229	-0.018850
-157.025604	20.159600	-110.690000	26.250000	1186.759484	4.016375	252.691998	252.691998	252.691998	4.014149	-0.031685
-157.025604	20.659600	-110.690000	26.250000	1182.735172	4.016375	253.096642	253.096642	253.096642	4.013104	-0.144570
-157.025604	21.159600	-110.690000	26.250000	1178.737794	4.016687	253.605146	253.605146	253.605146	4.012320	-0.157792
-157.025604	21.659600	-110.690000	26.250000	1174.751250	4.017375	254.017431	254.017431	254.017431	4.012567	-0.271180
-157.025604	22.159600	-110.690000	26.250000	1171.087517	4.017375	254.433415	254.433415	254.433415	4.013769	-0.384593
-157.025604	22.659600	-110.690000	26.250000	1167.455265	4.017688	254.953012	254.853012	254.953012	4.016144	-0.398329
-157.025604	23.159600	-110.690000	26.250000	1163.838414	4.018375	255.376131	255.376131	255.376131	4.019383	-0.512212
-157.025604	23.659600	-110.690000	26.250000	1160.257159	4.019375	255.802677	255.802677	255.802677	4.023440	-0.626097
-157.025604	24.159600	-110.690000	26.250000	1157.091150	4.019375	256.332550	256.332550	256.332550	4.028443	-0.640289
-157.025604	24.659600	-110.690000	26.250000	1153.764873	4.020375	256.865646	256.865646	256.865646	4.033898	-0.654611
-157.025604	25.159600	-110.690000	26.250000	1150.764771	4.020688	257.401859	257.401859	257.401859	4.038103	-0.668911
-157.025604	25.659600	-110.690000	26.250000	1147.786921	4.021375	257.841075	257.841075	257.941075	4.041474	-0.783504
-157.025604	26.159600	-110.690000	26.250000	1144.850927	4.022375	258.283179	258.283179	258.283179	4.043690	-0.898208
-157.025604	26.659600	-110.690000	26.250000	1142.242280	4.022687	258.928051	258.928051	258.928051	4.047222	-0.812867
-156.525604	14.659600	-110.690000	26.250000	1226.011701	4.016687	247.346905	247.346905	247.346905	4.045496	0.094194
-156.525604	15.159600	-110.690000	26.250000	1220.756358	4.016687	247.810158	247.810158	247.810158	4.042494	0.081477
-156.525604	15.659600	-110.690000	26.250000	1215.606525	4.016687	248.377961	248.377961	248.377961	4.040918	0.168522
-156.525604	16.159600	-110.690000	26.250000	1210.563619	4.016687	248.850283	248.850283	248.850283	4.037553	0.155298
-156.525604	16.659600	-110.690000	26.250000	1205.629050	4.016687	249.327084	249.327084	249.327084	4.035062	0.141850
-156.525604	17.159600	-110.690000	26.250000	1200.804224	4.016687	249.808323	249.808323	249.808323	4.031103	0.128183
-156.525604	17.659600	-110.690000	26.250000	1196.183603	4.016375	250.293955	250.293955	250.293955	4.027652	0.114268
-156.525604	18.159600	-110.690000	26.250000	1191.582085	4.016375	250.783929	250.783929	250.783929	4.024193	0.100148
-156.525604	18.659600	-110.690000	26.250000	1187.094479	4.016375	251.278191	251.278191	251.278191	4.021075	0.085829
-156.525604	19.159600	-110.690000	26.250000	1182.722147	4.016375	251.776681	251.776681	251.776681	4.017724	0.071282
-156.525604	19.659600	-110.690000	26.250000	1178.466440	4.016375	252.179337	252.179337	252.179337	4.015745	-0.043452
-156.525604	20.159600	-110.690000	26.250000	1174.328691	4.016375	252.686090	252.686090	252.686090	4.014745	-0.058366
-156.525604	20.659600	-110.690000	26.250000	1170.310216	4.016375	253.196868	253.196868	253.196868	4.013807	-0.073488
-156.525604	21.159600	-110.690000	26.250000	1166.321564	4.016687	253.611594	253.611594	253.611594	4.013122	-0.188778
-156.525604	21.659600	-110.690000	26.250000	1162.346857	4.017375	254.030186	254.030186	254.030186	4.013276	-0.304229
-156.525604	22.159600	-110.690000	26.250000	1158.694814	4.017375	254.552559	254.552559	254.552559	4.014552	-0.319869
-156.525604	22.659600	-110.690000	26.250000	1155.077222	4.017688	254.978622	254.978622	254.978622	4.017077	-0.435657
-156.525604	23.159600	-110.690000	26.250000	1151.478214	4.018375	255.508279	255.508279	255.508279	4.019929	-0.451589
-156.525604	23.659600	-110.690000	26.250000	1148.114190	4.018688	255.941431	255.941431	255.941431	4.025210	-0.567689
-156.525604	24.159600	-110.690000	26.250000	1144.771656	4.019375	256.477974	256.477974	256.477974	4.030905	-0.583921
-156.525604	24.659600	-110.690000	26.250000	1141.665619	4.019687	257.017800	257.017800	257.017800	4.034967	-0.600277
-156.525604	25.159600	-110.690000	26.250000	1138.583803	4.020375	257.560794	257.560794	257.560794	4.038753	-0.616782
-156.525604	25.659600	-110.690000	26.250000	1135.545750	4.021375	258.006840	258.006840	258.006840	4.042466	-0.733400
-156.525604	26.159600	-110.690000	26.250000	1132.922794	4.021375	258.655818	258.655818	258.655818	4.047224	-0.650125
-156.525604	26.659600	-110.690000	26.250000	1130.151740	4.022375	259.107600	259.107600	259.107600	4.048804	-0.766980
-156.025604	14.659600	-110.690000	26.250000	1213.943605	4.015688	247.077341	247.077341	247.077341	4.042253	-0.107915
-156.025604	15.159600	-110.690000	26.250000	1208.672994	4.015688	247.545672	247.545672	247.545672	4.040184	-0.122759
-156.025604	15.659600	-110.690000	26.250000	1203.209870	4.016687	248.318673	248.318673	248.318673	4.041294	0.162016
-156.025604	16.159600	-110.690000	26.250000	1198.156197	4.016687	248.796309	248.796309	248.796309	4.037729	0.146676
-156.025604	16.659600	-110.690000	26.250000	1193.212513	4.016687	249.278541	249.278541	249.278541	4.034412	0.131118
-156.025604	17.159600	-110.690000	26.250000	1188.472722	4.016375	249.765325	249.765325	249.765325	4.031271	0.115192
-156.025604	17.659600	-110.690000	26.250000	1183.752960	4.016375	250.256615	250.256615	250.256615	4.027480	0.099177
-156.025604	18.159600	-110.690000	26.250000	1179.147489	4.016375	250.752357	250.752357	250.752357	4.024285	0.082963
-156.025604	18.659600	-110.690000	26.250000	1174.657723	4.016375	251.252493	251.252493	251.252493	4.021474	0.066395
-156.025604	19.159600	-110.690000	26.250000	1170.285057	4.016375	251.756964	251.756964	251.756964	4.018700	0.049764
-156.025604	19.659600	-110.690000	26.250000	1166.030874	4.016375	252.265701	252.265701	252.265701	4.016796	0.032952
-156.025604	20.159600	-110.690000	26.250000	1161.896543	4.016375	252.678635	252.678635	252.678635	4.015167	-0.084202
-156.025604	20.659600	-110.690000	26.250000	1157.883410	4.016375	253.195690	253.195690	253.195690	4.014408	-0.101393
-156.025604	21.159600	-110.690000	26.250000	1153.903021	4.016687	253.716784	253.716784	253.716784	4.014562	-0.118746
-156.025604	21.659600	-110.690000	26.250000	1150.136542	4.016687	254.141833	254.141833	254.141833	4.015114	-0.236428
-156.025604	22.159600	-110.690000	26.250000	1146.298969	4.017375	254.670746	254.670746	254.670746	4.016248	-0.254122
-156.025604	22.659600	-110.690000	26.250000	1142.695675	4.017688	255.103428	255.103428	255.103428	4.018397	-0.371959
-156.025604	23.159600	-110.690000	26.250000	1139.114183	4.018375	255.639780	255.639780	255.639780	4.022973	-0.390113
-156.025604	23.659600	-110.690000	26.250000	1135.856936	4.018375	256.079698	256.079698	256.079698	4.027287	-0.508254
-156.025604	24.159600	-110.690000	26.250000	1132.447786	4.019375	256.623072	256.623072	256.623072	4.032165	-0.526521
-156.025604	24.659600	-110.690000	26.250000	1129.452250	4.019375	257.169788	257.169788	257.169788	4.037125	-0.545090
-156.025604	25.159600	-110.690000	26.250000	1126.308617	4.020375	257.619729	257.619729	257.619729	4.040706	-0.663622
-156.025604	25.659600	-110.690000	26.250000	1123.579073	4.020375	258.272771	258.272771	258.272771	4.044777	-0.582264
-156.025604	26.159600	-110.690000	26.250000	1120.704960	4.021375	258.728788	258.728788	258.728788	4.047352	-0.701192
-156.025604	26.659600	-110.690000	26.250000	1118.245394	4.021375	259.387647	259.387647	259.387647	4.051222	-0.620062
-155.525604	14.659600	-110.690000	26.250000	1201.576374	4.015688	247.104800	247.104800	247.104800	4.044735	-0.009474
-155.525604	15.159600	-110.690000	26.250000	1196.291023	4.015688	247.578312	247.578312	247.578312	4.042278	-0.026589
-155.525604	15.659600	-110.690000	26.250000	1191.114381	4.015688	248.056617	248.056617	248.056617	4.040039	-0.043931
-155.525604	16.159600	-110.690000	26.250000	1186.047938	4.015688	248.539680	248.539680	248.539680	4.037113	-0.061382
-155.525604	16.659600	-110.690000	26.250000	1181.093181	4.015688	249.027459	249.027459	249.027459	4.034470	-0.079201
-155.525604	17.159600	-110.690000	26.250000	1176.251589	4.015688	249.619910	249.619910	249.619910	4.031505	0.002772
-155.525604	17.659600	-110.690000	26.250000	1171.524632	4.015688	250.116981	250.116981	250.116981	4.028724	-0.015337
-155.525604	18.159600	-110.690000	26.250000	1166.913768	4.015688	250.718619	250.618619	250.718619	4.025162	0.066199
-155.525604	18.659600	-110.690000	26.250000	1162.420446	4.015688	251.224763	251.224763	251.224763	4.022065	0.047544
-155.525604	19.159600	-110.690000	26.250000	1157.847872	4.016375	251.735350	251.735350	251.735350	4.019722	0.028835
-155.525604	19.659600	-110.690000	26.250000	1153.594646	4.016375	252.250310	252.250310	252.250310	4.018072	0.009782
-155.525604	20.159600	-110.690000	26.250000	1149.463193	4.016375	252.669568	252.669568	252.669568	4.016781	-0.109442
-155.525604	20.659600	-110.690000	26.250000	1145.454894	4.016375	253.193046	253.193046	253.193046	4.016048	-0.128695
-155.525604	21.159600	-110.690000	26.250000	1141.482293	4.016687	253.720658	253.720658	253.720658	4.015744	-0.148280
-155.525604	21.659600	-110.690000	26.250000	1137.724653	4.016687	254.252317	254.252317	254.252317	4.016564	-0.168017
-155.525604	22.159600	-110.690000	26.250000	1133.900091	4.017375	254.687926	254.687926	254.687926	4.018750	-0.287759
-155.525604	22.659600	-110.690000	26.250000	1130.398647	4.017375	255.227388	255.227388	255.227388	4.021074	-0.307820
-155.525604	23.159600	-110.690000	26.250000	1126.939218	4.017688	255.770596	255.770596	255.770596	4.024364	-0.328015
-155.525604	23.659600	-110.690000	26.250000	1123.506358	4.018375	256.217443	256.217443	256.217443	4.029424	-0.448190
-155.525604	24.159600	-110.690000	26.250000	1120.311244	4.018688	256.767814	256.767814	256.767814	4.034828	-0.468671
-155.525604	24.659600	-110.690000	26.250000	1117.145600	4.019375	257.321589	257.321589	257.321589	4.038989	-0.489268
-155.525604	25.159600	-110.690000	26.250000	1114.305899	4.019375	257.878646	257.878646	257.878646	4.042803	-0.509822
-155.525604	25.659600	-110.690000	26.250000	1111.325111	4.020375	258.338854	258.338854	258.338854	4.045791	-0.630667
-155.525604	26.159600	-110.690000	26.250000	1108.757907	4.020375	259.002082	259.002082	259.002082	4.050118	-0.551611
-155.525604	26.659600	-110.690000	26.250000	1106.053016	4.021375	259.468192	259.468192	259.468192	4.051299	-0.672491
-155.025604	14.659600	-110.690000	26.250000	1189.511879	4.014687	246.729175	246.729175	246.729175	4.040305	-0.310645
-155.025604	15.159600	-110.690000	26.250000	1183.914770	4.015688	247.507973	247.507973	247.507973	4.043402	-0.029880
-155.025604	15.659600	-110.690000	26.250000	1178.724200	4.015688	247.991694	247.991694	247.991694	4.041063	-0.049335
-155.025604	16.159600	-110.690000	26.250000	1173.645482	4.015688	248.480298	248.480298	248.480298	4.037790	-0.069048
-155.025604	16.659600	-110.690000	26.250000	1168.680142	4.015688	248.973744	248.973744	248.973744	4.034901	-0.088969
-155.025604	17.159600	-110.690000	26.250000	1163.829698	4.015688	249.571983	249.571983	249.571983	4.032322	-0.009092
-155.025604	17.659600	-110.690000	26.250000	1159.095659	4.015688	250.074965	250.074965	250.074965	4.029336	-0.029452
-155.025604	18.159600	-110.690000	26.250000	1154.479521	4.015688	250.582631	250.582631	250.582631	4.026363	-0.050003
-155.025604	18.659600	-110.690000	26.250000	1149.982771	4.015688	251.094919	251.094919	251.094919	4.023987	-0.070737
-155.025604	19.159600	-110.690000	26.250000	1145.606877	4.015688	251.711762	251.711762	251.711762	4.021387	0.008312
-155.025604	19.659600	-110.690000	26.250000	1141.157925	4.016375	252.233088	252.233088	252.233088	4.019472	-0.012811
-155.025604	20.159600	-110.690000	26.250000	1137.028797	4.016375	252.758819	252.758819	252.758819	4.018229	-0.034100
-155.025604	20.659600	-110.690000	26.250000	1133.024811	4.016375	253.288871	253.288871	253.288871	4.017697	-0.055586
-155.025604	21.159600	-110.690000	26.250000	1129.059510	4.016687	253.723157	253.723157	253.723157	4.017936	-0.177225
-155.025604	21.659600	-110.690000	26.250000	1125.310257	4.016687	254.261583	254.261583	254.261583	4.019184	-0.199013
-155.025604	22.159600	-110.690000	26.250000	1121.498288	4.017375	254.804051	254.804051	254.804051	4.020806	-0.220978
-155.025604	22.659600	-110.690000	26.250000	1118.009426	4.017375	255.350455	255.350455	255.350455	4.023576	-0.243079
-155.025604	23.159600	-110.690000	26.250000	1114.565683	4.017688	255.800688	255.800688	255.800688	4.027554	-0.365309
-155.025604	23.659600	-110.690000	26.250000	1111.151827	4.018375	256.354633	256.354633	256.354633	4.031726	-0.387698
-155.025604	24.159600	-110.690000	26.250000	1108.062920	4.018375	256.912172	256.912172	256.912172	4.036919	-0.410206
-155.025604	24.659600	-110.690000	26.250000	1105.023519	4.018688	257.473180	257.473180	257.473180	4.040784	-0.432825
-155.025604	25.159600	-110.690000	26.250000	1102.018337	4.019375	258.037527	258.037527	258.037527	4.044627	-0.455584
-155.025604	25.659600	-110.690000	26.250000	1099.339827	4.019375	258.605079	258.605079	258.605079	4.047972	-0.478443
-155.025604	26.159600	-110.690000	26.250000	1096.527233	4.020375	259.075695	259.075695	259.075695	4.050245	-0.601398
-155.025604	26.659600	-110.690000	26.250000	1094.127795	4.020375	259.749233	259.749233	259.749233	4.053353	-0.524471
-154.525604	14.659600	-110.690000	26.250000	1177.154972	4.014687	246.750356	246.750356	246.750356	4.044720	-0.210881
-154.525604	15.159600	-110.690000	26.250000	1171.836391	4.014687	247.234550	247.234550	247.234550	4.041817	-0.232227
-154.525604	15.659600	-110.690000	26.250000	1166.629792	4.014687	247.723799	247.723799	247.723799	4.039602	-0.253944
-154.525604	16.159600	-110.690000	26.250000	1161.247498	4.015688	248.418062	248.418062	248.418062	4.039114	-0.075757
-154.525604	16.659600	-110.690000	26.250000	1156.270814	4.015688	248.917296	248.917296	248.917296	4.036276	-0.097773
-154.525604	17.159600	-110.690000	26.250000	1151.410780	4.015688	249.421451	249.421451	249.421451	4.033574	-0.120148
-154.525604	17.659600	-110.690000	26.250000	1146.668946	4.015688	250.030474	250.030474	250.030474	4.031161	-0.042594
-154.525604	18.159600	-110.690000	26.250000	1142.046847	4.015688	250.544303	250.544303	250.544303	4.028969	-0.065223
-154.525604	18.659600	-110.690000	26.250000	1137.546007	4.015688	251.062875	251.062875	251.062875	4.026233	-0.088201
-154.525604	19.159600	-110.690000	26.250000	1133.167937	4.015688	251.686119	251.686119	251.686119	4.023520	-0.011222
-154.525604	19.659600	-110.690000	26.250000	1128.720886	4.016375	252.213960	252.213960	252.213960	4.021891	-0.034409
-154.525604	20.159600	-110.690000	26.250000	1124.593515	4.016375	252.746315	252.746315	252.746315	4.020745	-0.057933
-154.525604	20.659600	-110.690000	26.250000	1120.593306	4.016375	253.283099	253.283099	253.283099	4.020184	-0.081475
-154.525604	21.159600	-110.690000	26.250000	1116.634806	4.016687	253.824218	253.824218	253.824218	4.020269	-0.105164
-154.525604	21.659600	-110.690000	26.250000	1112.893474	4.016687	254.369575	254.369575	254.369575	4.021265	-0.129179
-154.525604	22.159600	-110.690000	26.250000	1109.283503	4.016687	254.819067	254.819067	254.919067	4.023974	-0.253185
-154.525604	22.659600	-110.690000	26.250000	1105.617001	4.017375	255.372585	255.372585	255.372585	4.026661	-0.277323
-154.525604	23.159600	-110.690000	26.250000	1102.274331	4.017375	255.930013	255.930013	255.930013	4.030384	-0.301773
-154.525604	23.659600	-110.690000	26.250000	1098.981454	4.017688	256.491232	256.491232	256.491232	4.034562	-0.326190
-154.525604	24.159600	-110.690000	26.250000	1095.723334	4.018375	257.056117	257.056117	257.056117	4.039208	-0.350722
-154.525604	24.659600	-110.690000	26.250000	1092.790938	4.018375	257.624537	257.624537	257.624537	4.042663	-0.375553
-154.525604	25.159600	-110.690000	26.250000	1089.997412	4.018375	258.196356	258.196356	258.196356	4.046240	-0.400327
-154.525604	25.659600	-110.690000	26.250000	1087.073356	4.019375	258.671433	258.671433	258.671433	4.049308	-0.525199
-154.525604	26.159600	-110.690000	26.250000	1084.561532	4.019375	259.349621	259.349621	259.349621	4.053299	-0.450357
-154.525604	26.659600	-110.690000	26.250000	1082.107655	4.019687	259.930771	259.930771	259.930771	4.056152	-0.475435
-154.025604	14.659600	-110.690000	26.250000	1165.095528	4.013687	246.468231	246.468231	246.468231	4.041732	-0.410600
-154.025604	15.159600	-110.690000	26.250000	1159.469526	4.014687	247.257930	247.257930	247.257930	4.044718	-0.134207
-154.025604	15.659600	-110.690000	26.250000	1154.247367	4.014687	247.752822	247.752822	247.752822	4.042540	-0.158027
-154.025604	16.159600	-110.690000	26.250000	1149.140457	4.014687	248.252864	248.252864	248.252864	4.039773	-0.181936
-154.025604	16.659600	-110.690000	26.250000	1144.150405	4.014687	248.758012	248.758012	248.758012	4.037675	-0.206205
-154.025604	17.159600	-110.690000	26.250000	1138.995103	4.015688	249.368213	249.368213	249.368213	4.036003	-0.130667
-154.025604	17.659600	-110.690000	26.250000	1134.244741	4.015688	249.883411	249.883411	249.883411	4.033777	-0.155192
-154.025604	18.159600	-110.690000	26.250000	1129.615975	4.015688	250.503544	250.503544	250.503544	4.031336	-0.080066
-154.025604	18.659600	-110.690000	26.250000	1125.110369	4.015688	251.028544	251.028544	251.028544	4.028583	-0.105115
-154.025604	19.159600	-110.690000	26.250000	1120.729474	4.015688	251.558338	251.558338	251.558338	4.026677	-0.130200
-154.025604	19.659600	-110.690000	26.250000	1116.474819	4.015688	252.192845	252.192845	252.192845	4.025033	-0.055624
-154.025604	20.159600	-110.690000	26.250000	1112.157510	4.016375	252.731983	252.731983	252.731983	4.023987	-0.081204
-154.025604	20.659600	-110.690000	26.250000	1108.160530	4.016375	253.275658	253.275658	253.275658	4.023499	-0.106795
-154.025604	21.159600	-110.690000	26.250000	1104.294232	4.016375	253.823776	253.823776	253.823776	4.023793	-0.132713
-154.025604	21.659600	-110.690000	26.250000	1100.474429	4.016687	254.376233	254.376233	254.376233	4.024859	-0.158770
-154.025604	22.159600	-110.690000	26.250000	1096.874060	4.016687	254.932922	254.932922	254.932922	4.026588	-0.184812
-154.025604	22.659600	-110.690000	26.250000	1093.221474	4.017375	255.493727	255.493727	255.493727	4.029879	-0.211169
-154.025604	23.159600	-110.690000	26.250000	1089.892817	4.017375	256.058529	256.058529	256.058529	4.033640	-0.237649
-154.025604	23.659600	-110.690000	26.250000	1086.701690	4.017375	256.627203	256.627203	256.627203	4.037515	-0.264088
-154.025604	24.159600	-110.690000	26.250000	1083.649367	4.017375	257.199617	257.199617	257.199617	4.041495	-0.290831
-154.025604	24.659600	-110.690000	26.250000	1080.653018	4.017688	257.775634	257.775634	257.775634	4.045747	-0.317679
-154.025604	25.159600	-110.690000	26.250000	1077.697763	4.018375	258.355112	258.355112	258.355112	4.049525	-0.344464
-154.025604	25.659600	-110.690000	26.250000	1075.069735	4.018375	258.937903	258.937903	258.937903	4.052514	-0.371539
-154.025604	26.159600	-110.690000	26.250000	1072.585150	4.018375	259.623854	259.623854	259.623854	4.056960	-0.298702
-154.025604	26.659600	-110.690000	26.250000	1069.978790	4.019375	260.012807	260.012807	260.012807	4.057135	-0.525779
-153.525604	14.659600	-110.690000	26.250000	1152.750442	4.013687	246.582680	246.582680	246.582680	4.047453	-0.209969
-153.525604	15.159600	-110.690000	26.250000	1147.395237	4.013687	246.977998	246.977998	246.977998	4.044265	-0.335681
-153.525604	15.659600	-110.690000	26.250000	1142.155365	4.013687	247.478650	247.478650	247.478650	4.042297	-0.361599
-153.525604	16.159600	-110.690000	26.250000	1136.749270	4.014687	248.184595	248.184595	248.184595	4.042195	-0.187762
-153.525604	16.659600	-110.690000	26.250000	1131.746285	4.014687	248.695785	248.695785	248.695785	4.040337	-0.214119
-153.525604	17.159600	-110.690000	26.250000	1126.863561	4.014687	249.212166	249.212166	249.212166	4.038323	-0.240663
-153.525604	17.659600	-110.690000	26.250000	1122.102732	4.014687	249.833678	249.833678	249.833678	4.036171	-0.167433
-153.525604	18.159600	-110.690000	26.250000	1117.187144	4.015688	250.360258	250.360258	250.460258	4.033373	-0.194379
-153.525604	18.659600	-110.690000	26.250000	1112.676076	4.015688	250.991834	250.991834	250.991834	4.031478	-0.121495
-153.525604	19.159600	-110.690000	26.250000	1108.291690	4.015688	251.528330	251.528330	251.528330	4.029666	-0.148816
-153.525604	19.659600	-110.690000	26.250000	1104.035556	4.015688	252.069662	252.069662	252.069662	4.028173	-0.176296
-153.525604	20.159600	-110.690000	26.250000	1099.909226	4.015688	252.715743	252.715743	252.715743	4.027370	-0.103928
-153.525604	20.659600	-110.690000	26.250000	1095.726634	4.016375	253.266477	253.266477	253.266477	4.027073	-0.131747
-153.525604	21.159600	-110.690000	26.250000	1091.865127	4.016375	253.821763	253.821763	253.821763	4.027441	-0.159707
-153.525604	21.659600	-110.690000	26.250000	1088.137904	4.016375	254.381494	254.381494	254.381494	4.028616	-0.187801
-153.525604	22.159600	-110.690000	26.250000	1084.462029	4.016687	254.945557	254.945557	254.945557	4.030281	-0.216063
-153.525604	22.659600	-110.690000	26.250000	1081.007942	4.016687	255.613831	255.613831	255.613831	4.032941	-0.144448
-153.525604	23.159600	-110.690000	26.250000	1077.692361	4.016687	256.186192	256.186192	256.186192	4.036405	-0.172951
-153.525604	23.659600	-110.690000	26.250000	1074.332744	4.017375	256.762507	256.762507	256.762507	4.039877	-0.201603
-153.525604	24.159600	-110.690000	26.250000	1071.298677	4.017375	257.342640	257.342640	257.342640	4.044318	-0.230361
-153.525604	24.659600	-110.690000	26.250000	1068.406991	4.017375	257.926446	257.926446	257.926446	4.048459	-0.259220
-153.525604	25.159600	-110.690000	26.250000	1065.658904	4.017375	258.513777	258.513777	258.513777	4.052104	-0.288208
-153.525604	25.659600	-110.690000	26.250000	1062.972897	4.017688	259.104477	259.104477	259.104477	4.056060	-0.317285
-153.525604	26.159600	-110.690000	26.250000	1060.334214	4.018375	259.598387	259.598387	259.598387	4.058423	-0.446447
-153.525604	26.659600	-110.690000	26.250000	1058.024316	4.018375	260.295340	260.295340	260.295340	4.061095	-0.375719
-153.025604	14.659600	-110.690000	26.250000	1140.697602	4.012688	246.293580	246.293580	246.293580	4.045210	-0.408414
-153.025604	15.159600	-110.690000	26.250000	1135.233674	4.013000	246.894632	246.894632	246.894632	4.045828	-0.336222
-153.025604	15.659600	-110.690000	26.250000	1129.782070	4.013687	247.501167	247.501167	247.501167	4.045478	-0.264393
-153.025604	16.159600	-110.690000	26.250000	1124.643649	4.013687	248.013140	248.013140	248.013140	4.043636	-0.292642
-153.025604	16.659600	-110.690000	26.250000	1119.433911	4.014375	248.630504	248.630504	248.630504	4.042598	-0.221079
-153.025604	17.159600	-110.690000	26.250000	1114.452120	4.014687	249.153201	249.153201	249.153201	4.040633	-0.249869
-153.025604	17.659600	-110.690000	26.250000	1109.681233	4.014687	249.681170	249.681170	249.681170	4.038372	-0.278709
-153.025604	18.159600	-110.690000	26.250000	1105.035779	4.014687	250.314344	250.314344	250.314344	4.036501	-0.207720
-153.025604	18.659600	-110.690000	26.250000	1100.328982	4.015375	250.852648	250.852648	250.852648	4.035142	-0.237074
-153.025604	19.159600	-110.690000	26.250000	1095.854792	4.015688	251.496004	251.496004	251.496004	4.033600	-0.166452
-153.025604	19.659600	-110.690000	26.250000	1091.596528	4.015688	252.044324	252.044324	252.044324	4.032187	-0.195982
-153.025604	20.159600	-110.690000	26.250000	1087.470154	4.015688	252.697515	252.697515	252.697515	4.031535	-0.125846
-153.025604	20.659600	-110.690000	26.250000	1083.477237	4.015688	253.255479	253.255479	253.255479	4.031400	-0.155706
-153.025604	21.159600	-110.690000	26.250000	1079.434516	4.016375	253.818110	253.818110	253.818110	4.031929	-0.185702
-153.025604	21.659600	-110.690000	26.250000	1075.713744	4.016375	254.485294	254.485294	254.485294	4.032617	-0.116022
-153.025604	22.159600	-110.690000	26.250000	1072.130939	4.016375	255.056915	255.056915	255.056915	4.034373	-0.146312
-153.025604	22.659600	-110.690000	26.250000	1068.687546	4.016375	255.632845	255.632845	255.632845	4.037088	-0.176721
-153.025604	23.159600	-110.690000	26.250000	1065.384976	4.016375	256.212955	256.212955	256.212955	4.039956	-0.207443
-153.025604	23.659600	-110.690000	26.250000	1062.141957	4.016687	256.797105	256.797105	256.797105	4.043821	-0.238110
-153.025604	24.159600	-110.690000	26.250000	1059.125340	4.016687	257.485152	257.485152	257.485152	4.047600	-0.168880
-153.025604	24.659600	-110.690000	26.250000	1056.072764	4.017375	258.076946	258.076946	258.076946	4.051811	-0.199950
-153.025604	25.159600	-110.690000	26.250000	1053.347450	4.017375	258.672330	258.672330	258.672330	4.055144	-0.230943
-153.025604	25.659600	-110.690000	26.250000	1050.769343	4.017375	259.271142	259.271142	259.271142	4.058875	-0.262022
-153.025604	26.159600	-110.690000	26.250000	1048.339581	4.017375	259.873214	259.873214	259.873214	4.061778	-0.293388
-153.025604	26.659600	-110.690000	26.250000	1046.059253	4.017375	260.578372	260.578372	260.578372	4.064675	-0.224654
-152.525604	14.659600	-110.690000	26.250000	1128.647218	4.011687	246.100803	246.100803	246.100803	4.046730	-0.506373
-152.525604	15.159600	-110.690000	26.250000	1122.970539	4.012688	246.807707	246.807707	246.807707	4.048584	-0.336435
-152.525604	15.659600	-110.690000	26.250000	1117.693897	4.012688	247.320248	247.320248	247.320248	4.047337	-0.366694
-152.525604	16.159600	-110.690000	26.250000	1112.260588	4.013687	247.938380	247.938380	247.938380	4.046344	-0.297024
-152.525604	16.659600	-110.690000	26.250000	1107.227986	4.013687	248.462052	248.462052	248.462052	4.044472	-0.327707
-152.525604	17.159600	-110.690000	26.250000	1102.319356	4.013687	248.991206	248.991206	248.991206	4.042826	-0.358570
-152.525604	17.659600	-110.690000	26.250000	1097.263043	4.014687	249.625778	249.625778	249.625778	4.041405	-0.289476
-152.525604	18.159600	-110.690000	26.250000	1092.608681	4.014687	250.265698	250.265698	250.265698	4.040270	-0.220725
-152.525604	18.659600	-110.690000	26.250000	1088.083392	4.014687	250.810888	250.810888	250.810888	4.038974	-0.252137
-152.525604	19.159600	-110.690000	26.250000	1083.688857	4.014687	251.461266	251.461266	251.461266	4.037626	-0.183565
-152.525604	19.659600	-110.690000	26.250000	1079.241917	4.015375	252.016740	252.016740	252.016740	4.036630	-0.215327
-152.525604	20.159600	-110.690000	26.250000	1075.030877	4.015688	252.677215	252.677215	252.677215	4.035927	-0.147234
-152.525604	20.659600	-110.690000	26.250000	1071.039446	4.015688	253.242585	253.242585	253.242585	4.035967	-0.179131
-152.525604	21.159600	-110.690000	26.250000	1067.185218	4.015688	253.812741	253.812741	253.812741	4.036123	-0.211352
-152.525604	21.659600	-110.690000	26.250000	1063.469742	4.015688	254.487565	254.487565	254.487565	4.037202	-0.143701
-152.525604	22.159600	-110.690000	26.250000	1059.713113	4.016375	255.066933	255.066933	255.066933	4.038905	-0.176014
-152.525604	22.659600	-110.690000	26.250000	1056.280250	4.016375	255.750714	255.750714	255.750714	4.041060	-0.108642
-152.525604	23.159600	-110.690000	26.250000	1052.990560	4.016375	256.338769	256.338769	256.338769	4.043666	-0.141380
-152.525604	23.659600	-110.690000	26.250000	1049.845447	4.016375	256.930955	256.930955	256.930955	4.046891	-0.174057
-152.525604	24.159600	-110.690000	26.250000	1046.846269	4.016375	257.527120	257.527120	257.527120	4.051686	-0.207039
-152.525604	24.659600	-110.690000	26.250000	1043.994342	4.016375	258.227106	258.227106	258.227106	4.054968	-0.140114
-152.525604	25.159600	-110.690000	26.250000	1041.290930	4.016375	258.830751	258.830751	258.830751	4.058407	-0.173105
-152.525604	25.659600	-110.690000	26.250000	1038.737248	4.016375	259.537884	259.537884	259.537884	4.062137	-0.106387
-152.525604	26.159600	-110.690000	26.250000	1036.334458	4.016375	260.148329	260.148329	260.148329	4.064749	-0.139748
-152.525604	26.659600	-110.690000	26.250000	1033.826261	4.017375	260.561904	260.561904	260.561904	4.065027	-0.373001
-152.025604	14.659600	-110.690000	26.250000	1116.321384	4.011687	246.104218	246.104218	246.104218	4.050788	-0.404022
-152.025604	15.159600	-110.690000	26.250000	1110.903794	4.011687	246.617094	246.617094	246.617094	4.049851	-0.436174
-152.025604	15.659600	-110.690000	26.250000	1105.331205	4.012688	247.335767	247.335767	247.335767	4.051902	-0.268517
-152.025604	16.159600	-110.690000	26.250000	1100.157764	4.012688	247.760190	247.760190	247.760190	4.049167	-0.401094
-152.025604	16.659600	-110.690000	26.250000	1095.108421	4.012688	248.290309	248.290309	248.290309	4.048015	-0.433851
-152.025604	17.159600	-110.690000	26.250000	1089.913343	4.013687	248.926064	248.926064	248.926064	4.046940	-0.366782
-152.025604	17.659600	-110.690000	26.250000	1085.118734	4.013687	249.467389	249.467389	249.567389	4.045694	-0.399927
-152.025604	18.159600	-110.690000	26.250000	1080.453512	4.013687	250.114211	250.114211	250.114211	4.044613	-0.333235
-152.025604	18.659600	-110.690000	26.250000	1075.651423	4.014687	250.766449	250.766449	250.766449	4.043383	-0.266699
-152.025604	19.159600	-110.690000	26.250000	1071.251281	4.014687	251.324016	251.324016	251.324016	4.041999	-0.300359
-152.025604	19.659600	-110.690000	26.250000	1066.985664	4.014687	251.986817	251.986817	251.986817	4.041304	-0.234165
-152.025604	20.159600	-110.690000	26.250000	1062.674275	4.015375	252.554752	252.554752	252.554752	4.040629	-0.268109
-152.025604	20.659600	-110.690000	26.250000	1058.683405	4.015375	253.227712	253.227712	253.227712	4.040887	-0.202232
-152.025604	21.159600	-110.690000	26.250000	1054.831992	4.015375	253.805582	253.805582	253.805582	4.041311	-0.236482
-152.025604	21.659600	-110.690000	26.250000	1051.039829	4.015688	254.488237	254.488237	254.488237	4.042303	-0.170855
-152.025604	22.159600	-110.690000	26.250000	1047.472350	4.015688	255.175549	255.175549	255.175549	4.043227	-0.105386
-152.025604	22.659600	-110.690000	26.250000	1044.048986	4.015688	255.767380	255.767380	255.767380	4.045674	-0.140029
-152.025604	23.159600	-110.690000	26.250000	1040.771217	4.015688	256.463585	256.363585	256.463585	4.048093	-0.074778
-152.025604	23.659600	-110.690000	26.250000	1037.640478	4.015688	257.064013	257.064013	257.064013	4.051556	-0.109667
-152.025604	24.159600	-110.690000	26.250000	1034.658161	4.015688	257.668506	257.668506	257.668506	4.054649	-0.144651
-152.025604	24.659600	-110.690000	26.250000	1031.825609	4.015688	258.376898	258.376898	258.376898	4.058553	-0.079725
-152.025604	25.159600	-110.690000	26.250000	1029.144114	4.015688	258.989019	258.989019	258.989019	4.061042	-0.114920
-152.025604	25.659600	-110.690000	26.250000	1026.439185	4.016375	259.504689	259.504689	259.504689	4.062282	-0.250194
-152.025604	26.159600	-110.690000	26.250000	1024.063869	4.016375	260.123725	260.123725	260.123725	4.064069	-0.285541
-152.025604	26.659600	-110.690000	26.250000	1021.843128	4.016375	260.845936	260.745936	260.845936	4.066725	-0.220990
-151.525604	14.659600	-110.690000	26.250000	1104.280158	4.010688	245.903684	245.903684	245.903684	4.050574	-0.500755
-151.525604	15.159600	-110.690000	26.250000	1098.565500	4.011687	246.622656	246.622656	246.622656	4.052702	-0.334989
-151.525604	15.659600	-110.690000	26.250000	1093.248389	4.011687	247.147591	247.147591	247.147591	4.051779	-0.369577
-151.525604	16.159600	-110.690000	26.250000	1088.055414	4.011687	247.578440	247.578440	247.578440	4.049950	-0.504226
-151.525604	16.659600	-110.690000	26.250000	1082.718531	4.012688	248.315148	248.315148	248.315148	4.050467	-0.339048
-151.525604	17.159600	-110.690000	26.250000	1077.780591	4.012688	248.857653	248.857653	248.857653	4.049513	-0.374218
-151.525604	17.659600	-110.690000	26.250000	1072.972264	4.012688	249.405886	249.405886	249.405886	4.048111	-0.409420
-151.525604	18.159600	-110.690000	26.250000	1068.029198	4.013687	250.059770	250.059770	250.059770	4.047117	-0.344779
-151.525604	18.659600	-110.690000	26.250000	1063.486647	4.013687	250.619222	250.619222	250.619222	4.046476	-0.380477
-151.525604	19.159600	-110.690000	26.250000	1059.079054	4.013687	251.284150	251.284150	251.284150	4.045036	-0.316179
-151.525604	19.659600	-110.690000	26.250000	1054.627526	4.014375	251.954457	251.954457	251.954457	4.044028	-0.252021
-151.525604	20.159600	-110.690000	26.250000	1050.414017	4.014687	252.530036	252.530036	252.530036	4.044143	-0.288195
-151.525604	20.659600	-110.690000	26.250000	1046.422701	4.014687	253.210775	253.210775	253.210775	4.043809	-0.224345
-151.525604	21.159600	-110.690000	26.250000	1042.573153	4.014687	253.896551	253.896551	253.896551	4.044450	-0.160619
-151.525604	21.659600	-110.690000	26.250000	1038.689138	4.015375	254.487237	254.487237	254.487237	4.045701	-0.197215
-151.525604	22.159600	-110.690000	26.250000	1035.128603	4.015375	255.182695	255.182695	255.182695	4.046685	-0.133762
-151.525604	22.659600	-110.690000	26.250000	1031.714602	4.015375	255.882783	255.882783	255.882783	4.048526	-0.070416
-151.525604	23.159600	-110.690000	26.250000	1028.448650	4.015375	256.487349	256.487349	256.487349	4.051501	-0.107383
-151.525604	23.659600	-110.690000	26.250000	1025.332221	4.015375	257.196234	257.196234	257.196234	4.053945	-0.044276
-151.525604	24.159600	-110.690000	26.250000	1022.366736	4.015375	257.809273	257.809273	257.809273	4.057392	-0.081260
-151.525604	24.659600	-110.690000	26.250000	1019.553568	4.015375	258.426292	258.426292	258.426292	4.060016	-0.118546
-151.525604	25.159600	-110.690000	26.250000	1016.894038	4.015375	259.047111	259.047111	259.047111	4.062020	-0.155733
-151.525604	25.659600	-110.690000	26.250000	1014.389407	4.015375	259.771544	259.671544	259.771544	4.064531	-0.092997
-151.525604	26.159600	-110.690000	26.250000	1012.040879	4.015375	260.399398	260.399398	260.399398	4.066296	-0.130551
-151.525604	26.659600	-110.690000	26.250000	1009.849597	4.015375	261.030472	261.030472	261.030472	4.067975	-0.167983
-151.025604	14.659600	-110.690000	26.250000	1092.242737	4.009688	245.699058	245.699058	245.699058	4.051697	-0.597035
-151.025604	15.159600	-110.690000	26.250000	1086.506855	4.010688	246.424252	246.424252	246.424252	4.052911	-0.433514
-151.025604	15.659600	-110.690000	26.250000	1081.167391	4.010688	246.955581	246.955581	246.955581	4.051677	-0.470176
-151.025604	16.159600	-110.690000	26.250000	1075.685717	4.011687	247.592996	247.592996	247.592996	4.051943	-0.406892
-151.025604	16.659600	-110.690000	26.250000	1070.601410	4.011687	248.136439	248.136439	248.136439	4.051591	-0.443955
-151.025604	17.159600	-110.690000	26.250000	1065.646857	4.011687	248.685846	248.685846	248.685846	4.051260	-0.481183
-151.025604	17.659600	-110.690000	26.250000	1060.559569	4.012688	249.341145	249.341145	249.341145	4.050642	-0.418437
-151.025604	18.159600	-110.690000	26.250000	1055.871311	4.012688	250.002257	250.002257	250.002257	4.050159	-0.356029
-151.025604	18.659600	-110.690000	26.250000	1051.318362	4.012688	250.569094	250.569094	250.569094	4.049253	-0.393771
-151.025604	19.159600	-110.690000	26.250000	1046.641710	4.013687	251.241562	251.241562	251.241562	4.047587	-0.331510
-151.025604	19.659600	-110.690000	26.250000	1042.365892	4.013687	251.919558	251.919558	251.919558	4.047166	-0.269581
-151.025604	20.159600	-110.690000	26.250000	1038.230747	4.013687	252.502970	252.502970	252.502970	4.047364	-0.307785
-151.025604	20.659600	-110.690000	26.250000	1034.060899	4.014375	253.191682	253.191682	253.191682	4.047008	-0.245957
-151.025604	21.159600	-110.690000	26.250000	1030.212967	4.014375	253.885565	253.885565	253.885565	4.047395	-0.184455
-151.025604	21.659600	-110.690000	26.250000	1026.430917	4.014687	254.584486	254.584486	254.584486	4.048066	-0.123068
-151.025604	22.159600	-110.690000	26.250000	1022.876476	4.014687	255.188302	255.188302	255.188302	4.050383	-0.161624
-151.025604	22.659600	-110.690000	26.250000	1019.471049	4.014687	255.896862	255.896862	255.896862	4.051978	-0.100496
-151.025604	23.159600	-110.690000	26.250000	1016.216193	4.014687	256.610007	256.610007	256.610007	4.053555	-0.039468
-151.025604	23.659600	-110.690000	26.250000	1013.113413	4.014687	257.227572	257.227572	257.227572	4.057365	-0.078357
-151.025604	24.159600	-110.690000	26.250000	1010.242805	4.014375	257.949382	257.949382	257.949382	4.059832	-0.017553
-151.025604	24.659600	-110.690000	26.250000	1007.448280	4.014375	258.575256	258.575256	258.575256	4.061657	-0.056833
-151.025604	25.159600	-110.690000	26.250000	1004.810053	4.014375	259.205005	259.205005	259.205005	4.063142	-0.096006
-151.025604	25.659600	-110.690000	26.250000	1002.329412	4.014375	259.938434	259.938434	259.938434	4.066423	-0.035475
-151.025604	26.159600	-110.690000	26.250000	1000.007584	4.014375	260.575339	260.575339	260.575339	4.068109	-0.075012
-151.025604	26.659600	-110.690000	26.250000	997.845729	4.014375	261.215512	261.215512	261.215512	4.069332	-0.114420
-150.525604	14.659600	-110.690000	26.250000	1079.940209	4.009688	245.790191	245.790191	245.790191	4.054133	-0.393044
-150.525604	15.159600	-110.690000	26.250000	1074.451468	4.009688	246.221734	246.221734	246.221734	4.054219	-0.531599
-150.525604	15.659600	-110.690000	26.250000	1069.088639	4.009688	246.759593	246.759593	246.759593	4.054316	-0.570331
-150.525604	16.159600	-110.690000	26.250000	1063.588432	4.010688	247.503716	247.503716	247.503716	4.052953	-0.409288
-150.525604	16.659600	-110.690000	26.250000	1058.484586	4.010688	248.054044	248.054044	248.054044	4.052175	-0.448410
-150.525604	17.159600	-110.690000	26.250000	1053.331929	4.011375	248.610510	248.610510	248.710510	4.052963	-0.487693
-150.525604	17.659600	-110.690000	26.250000	1048.412663	4.011687	249.273039	249.273039	249.273039	4.052262	-0.427181
-150.525604	18.159600	-110.690000	26.250000	1043.711016	4.011687	249.841548	249.841548	249.841548	4.052711	-0.466818
-150.525604	18.659600	-110.690000	26.250000	1038.887867	4.012688	250.515947	250.515947	250.515947	4.051835	-0.406599
-150.525604	19.159600	-110.690000	26.250000	1034.464129	4.012688	251.196137	251.196137	251.196137	4.050726	-0.346567
-150.525604	19.659600	-110.690000	26.250000	1030.005080	4.013375	251.882011	251.882011	251.882011	4.049529	-0.286668
-150.525604	20.159600	-110.690000	26.250000	1025.866198	4.013375	252.473453	252.473453	252.473453	4.050235	-0.326896
-150.525604	20.659600	-110.690000	26.250000	1021.792511	4.013687	253.170340	253.170340	253.170340	4.050692	-0.267292
-150.525604	21.159600	-110.690000	26.250000	1017.945205	4.013687	253.872537	253.872537	253.872537	4.051000	-0.207805
-150.525604	21.659600	-110.690000	26.250000	1014.072433	4.014375	254.579906	254.579906	254.579906	4.051266	-0.148429
-150.525604	22.159600	-110.690000	26.250000	1010.523884	4.014375	255.292296	255.292296	255.292296	4.052418	-0.089203
-150.525604	22.659600	-110.690000	26.250000	1007.126867	4.014375	256.009550	255.909550	256.009550	4.053950	-0.030078
-150.525604	23.159600	-110.690000	26.250000	1003.882977	4.014375	256.631501	256.631501	256.631501	4.057244	-0.071048
-150.525604	23.659600	-110.690000	26.250000	1000.793758	4.014375	257.357976	257.357976	257.357976	4.059124	-0.012149
-150.525604	24.159600	-110.690000	26.250000	997.860704	4.014375	257.988792	257.988792	257.988792	4.061543	-0.053335
-150.525604	24.659600	-110.690000	26.250000	995.255695	4.013687	258.723758	258.723758	258.723758	4.063784	0.005399
-150.525604	25.159600	-110.690000	26.250000	992.716061	4.013375	259.362677	259.362677	259.362677	4.065978	-0.035979
-150.525604	25.659600	-110.690000	26.250000	990.259261	4.013375	260.105343	260.105343	260.105343	4.068319	0.022572
-150.525604	26.159600	-110.690000	26.250000	987.964042	4.013375	260.751544	260.751544	260.751544	4.069937	-0.018940
-150.525604	26.659600	-110.690000	26.250000	985.831585	4.013375	261.401060	261.401060	261.401060	4.071422	-0.060546
-150.025604	14.659600	-110.690000	26.250000	1067.914812	4.008687	245.576925	245.576925	245.576925	4.055262	-0.488143
-150.025604	15.159600	-110.690000	26.250000	1062.399815	4.008687	246.114950	246.114950	246.114950	4.055091	-0.528765
-150.025604	15.659600	-110.690000	26.250000	1056.748964	4.009688	246.859477	246.859477	246.859477	4.053686	-0.369735
-150.025604	16.159600	-110.690000	26.250000	1051.492821	4.009688	247.310455	247.310455	247.310455	4.055741	-0.510749
-150.025604	16.659600	-110.690000	26.250000	1046.368444	4.009688	247.867820	247.867820	247.867820	4.056399	-0.551923
-150.025604	17.159600	-110.690000	26.250000	1041.118185	4.010688	248.631505	248.631505	248.631505	4.053127	-0.393440
-150.025604	17.659600	-110.690000	26.250000	1036.264548	4.010688	249.201432	249.201432	249.201432	4.054020	-0.434971
-150.025604	18.159600	-110.690000	26.250000	1031.371819	4.011375	249.777514	249.777514	249.777514	4.055092	-0.476645
-150.025604	18.659600	-110.690000	26.250000	1026.716339	4.011687	250.459657	250.459657	250.459657	4.053560	-0.418656
-150.025604	19.159600	-110.690000	26.250000	1022.282757	4.011687	251.047759	251.047759	251.047759	4.055247	-0.460652
-150.025604	19.659600	-110.690000	26.250000	1017.818210	4.012375	251.741707	251.741707	251.741707	4.054669	-0.402776
-150.025604	20.159600	-110.690000	26.250000	1013.595199	4.012688	252.441380	252.441380	252.441380	4.054104	-0.345231
-150.025604	20.659600	-110.690000	26.250000	1009.598608	4.012688	253.146649	253.146649	253.146649	4.054275	-0.287642
-150.025604	21.159600	-110.690000	26.250000	1005.578694	4.013375	253.857376	253.857376	253.857376	4.054323	-0.230165
-150.025604	21.659600	-110.690000	26.250000	1001.882437	4.013375	254.573412	254.573412	254.573412	4.054830	-0.173012
-150.025604	22.159600	-110.690000	26.250000	998.338622	4.013375	255.294602	255.294602	255.294602	4.055772	-0.115788
-150.025604	22.659600	-110.690000	26.250000	994.948935	4.013375	256.020780	256.020780	256.020780	4.057310	-0.058661
-150.025604	23.159600	-110.690000	26.250000	991.715011	4.013375	256.651773	256.651773	256.651773	4.060928	-0.101850
-150.025604	23.659600	-110.690000	26.250000	988.638436	4.013375	257.387396	257.387396	257.387396	4.062717	-0.044942
-150.025604	24.159600	-110.690000	26.250000	985.720737	4.013375	258.127460	258.127460	258.127460	4.063992	0.011884
-150.025604	24.659600	-110.690000	26.250000	982.963385	4.013375	258.771764	258.771764	258.771764	4.065977	-0.031596
-150.025604	25.159600	-110.690000	26.250000	980.367786	4.013375	259.420101	259.420101	259.420101	4.067100	-0.074955
-150.025604	25.659600	-110.690000	26.250000	978.179013	4.012375	260.272256	260.272256	260.272256	4.070917	0.081619
-150.025604	26.159600	-110.690000	26.250000	975.910313	4.012375	260.928005	260.928005	260.928005	4.072809	0.037897
-150.025604	26.659600	-110.690000	26.250000	973.807226	4.012375	261.587118	261.587118	261.587118	4.073698	-0.005681
-149.525604	14.659600	-110.690000	26.250000	1055.894740	4.007688	245.459098	245.459098	245.459098	4.055655	-0.482820
-149.525604	15.159600	-110.690000	26.250000	1050.352391	4.007688	245.903738	245.903738	245.903738	4.057596	-0.625681
-149.525604	15.659600	-110.690000	26.250000	1044.679004	4.008687	246.655076	246.655076	246.655076	4.055479	-0.468712
-149.525604	16.159600	-110.690000	26.250000	1039.399317	4.008687	247.213058	247.213058	247.213058	4.056877	-0.511779
-149.525604	16.659600	-110.690000	26.250000	1034.253386	4.008687	247.677619	247.677619	247.677619	4.060567	-0.655187
-149.525604	17.159600	-110.690000	26.250000	1028.986587	4.009688	248.448688	248.448688	248.448688	4.057431	-0.498749
-149.525604	17.659600	-110.690000	26.250000	1024.115565	4.009688	249.026185	249.026185	249.026185	4.059293	-0.542317
-149.525604	18.159600	-110.690000	26.250000	1019.209663	4.010375	249.710020	249.710020	249.710020	4.056794	-0.486222
-149.525604	18.659600	-110.690000	26.250000	1014.542129	4.010688	250.400095	250.400095	250.400095	4.055913	-0.430263
-149.525604	19.159600	-110.690000	26.250000	1010.097853	4.010688	250.996303	250.996303	250.996303	4.058156	-0.474282
-149.525604	19.659600	-110.690000	26.250000	1005.548666	4.011687	251.798526	251.798526	251.798526	4.053378	-0.318633
-149.525604	20.159600	-110.690000	26.250000	1001.398972	4.011687	252.406640	252.406640	252.406640	4.056566	-0.363104
-149.525604	20.659600	-110.690000	26.250000	997.227986	4.012375	253.220507	253.220507	253.220507	4.053708	-0.207524
-149.525604	21.159600	-110.690000	26.250000	993.380026	4.012375	253.839985	253.839985	253.839985	4.057272	-0.252270
-149.525604	21.659600	-110.690000	26.250000	989.608257	4.012688	254.564917	254.564917	254.564917	4.058089	-0.197120
-149.525604	22.159600	-110.690000	26.250000	986.068885	4.012688	255.295140	255.295140	255.295140	4.058701	-0.141893
-149.525604	22.659600	-110.690000	26.250000	982.686278	4.012688	256.030481	256.030481	256.030481	4.060140	-0.086984
-149.525604	23.159600	-110.690000	26.250000	979.462115	4.012688	256.770757	256.770757	256.770757	4.061906	-0.032165
-149.525604	23.659600	-110.690000	26.250000	976.474070	4.012375	257.515778	257.415778	257.515778	4.063739	0.022758
-149.525604	24.159600	-110.690000	26.250000	973.571387	4.012375	258.165342	258.165342	258.165342	4.066214	-0.022629
-149.525604	24.659600	-110.690000	26.250000	970.831859	4.012375	258.919239	258.919239	258.919239	4.067914	0.031910
-149.525604	25.159600	-110.690000	26.250000	968.256923	4.012375	259.577253	259.577253	259.577253	4.069626	-0.013423
-149.525604	25.659600	-110.690000	26.250000	966.088727	4.011375	260.439157	260.439157	260.439157	4.073029	0.140942
-149.525604	26.159600	-110.690000	26.250000	963.846456	4.011375	261.104716	261.104716	261.104716	4.074714	0.095249
-149.525604	26.659600	-110.690000	26.250000	961.772710	4.011375	261.773690	261.773690	261.773690	4.075409	0.049707
-149.025604	14.659600	-110.690000	26.250000	1043.880543	4.006687	245.236541	245.236541	245.236541	4.058755	-0.577266
-149.025604	15.159600	-110.690000	26.250000	1038.050633	4.007688	245.987933	245.987933	245.987933	4.055938	-0.422189
-149.025604	15.659600	-110.690000	26.250000	1032.612684	4.007688	246.546227	246.546227	246.546227	4.056120	-0.467276
-149.025604	16.159600	-110.690000	26.250000	1027.308370	4.007688	247.011365	247.011365	247.011365	4.060548	-0.612579
-149.025604	16.659600	-110.690000	26.250000	1022.139832	4.007688	247.583283	247.583283	247.583283	4.063198	-0.658034
-149.025604	17.159600	-110.690000	26.250000	1016.855470	4.008687	248.361906	248.361906	248.361906	4.057740	-0.503636
-149.025604	17.659600	-110.690000	26.250000	1011.966071	4.008687	248.947151	248.947151	248.947151	4.059982	-0.549435
-149.025604	18.159600	-110.690000	26.250000	1007.046041	4.009375	249.638924	249.638924	249.638924	4.058300	-0.495371
-149.025604	18.659600	-110.690000	26.250000	1002.365536	4.009688	250.237125	250.237125	250.237125	4.061667	-0.541438
-149.025604	19.159600	-110.690000	26.250000	997.738616	4.010375	251.041640	251.041640	251.041640	4.055714	-0.387684
-149.025604	19.659600	-110.690000	26.250000	993.354293	4.010688	251.652348	251.652348	251.652348	4.059098	-0.434051
-149.025604	20.159600	-110.690000	26.250000	989.197859	4.010688	252.369117	252.369117	252.369117	4.059432	-0.380533
-149.025604	20.659600	-110.690000	26.250000	985.024683	4.011375	253.091806	253.091806	253.091806	4.059125	-0.327176
-149.025604	21.159600	-110.690000	26.250000	981.098607	4.011687	253.920263	253.920263	253.920263	4.055921	-0.173925
-149.025604	21.659600	-110.690000	26.250000	977.405125	4.011687	254.554327	254.554327	254.554327	4.061277	-0.220773
-149.025604	22.159600	-110.690000	26.250000	973.869334	4.011687	255.293825	255.293825	255.293825	4.061252	-0.167764
-149.025604	22.659600	-110.690000	26.250000	970.326726	4.012375	256.138577	256.138577	256.138577	4.059085	-0.014845
-149.025604	23.159600	-110.690000	26.250000	967.277889	4.011687	256.788391	256.788391	256.788391	4.065083	-0.062010
-149.025604	23.659600	-110.690000	26.250000	964.225628	4.011687	257.543065	257.543065	257.543065	4.066372	-0.009300
-149.025604	24.159600	-110.690000	26.250000	961.412730	4.011375	258.202390	258.202390	258.202390	4.069345	-0.056665
-149.025604	24.659600	-110.690000	26.250000	958.690738	4.011375	258.966147	258.966147	258.966147	4.070000	-0.004100
-149.025604	25.159600	-110.690000	26.250000	956.136241	4.011375	259.634105	259.634105	259.634105	4.071724	-0.051641
-149.025604	25.659600	-110.690000	26.250000	953.824948	4.011063	260.406029	260.406029	260.406029	4.072903	0.000758
-149.025604	26.159600	-110.690000	26.250000	951.772527	4.010375	261.281671	261.281671	261.281671	4.078597	0.153101
-149.025604	26.659600	-110.690000	26.250000	949.728098	4.010375	261.960780	261.960780	261.960780	4.080366	0.105358
-162.025604	19.986300	-110.690000	26.250000	1312.081698	4.017375	252.254374	252.254374	252.254374	4.030064	0.002000
-161.367599	17.746901	-110.690000	26.250000	1315.371674	4.017688	250.801164	250.801164	250.801164	4.045254	0.470710
-161.314896	21.956301	-110.690000	26.250000	1278.460644	4.018375	253.580389	253.580389	253.580389	4.018618	-0.521040
-161.095001	23.997200	-110.690000	26.250000	1257.629804	4.021375	255.060158	255.060158	255.060158	4.021785	-0.996595
-160.047501	19.823400	-110.690000	26.250000	1264.647757	4.016375	252.258202	252.158202	252.258202	4.023422	0.018477
-159.664993	22.122999	-110.690000	26.250000	1236.622705	4.017688	253.923823	253.923823	253.923823	4.015115	-0.546222
-159.401001	21.971001	-110.690000	26.250000	1231.212361	4.017688	253.821190	253.821190	253.821190	4.014941	-0.532064
-158.982498	15.574000	-110.690000	26.250000	1277.126601	4.017688	248.604506	248.604506	248.604506	4.046472	0.259619
-158.933105	24.573799	-110.690000	26.250000	1200.853702	4.021375	256.106705	256.106705	256.106705	4.027630	-0.944208
-158.903000	21.298401	-110.690000	26.250000	1224.262000	4.016687	253.412751	253.412751	253.412751	4.013815	-0.330644
-158.760193	18.564699	-110.690000	26.250000	1243.520749	4.016375	251.336661	251.336661	251.336661	4.024672	0.238274
-158.185394	22.620199	-110.690000	26.250000	1196.225753	4.018375	254.598970	254.598970	254.598970	4.014756	-0.560490
-158.179504	20.377800	-110.690000	26.250000	1213.664416	4.016375	252.762739	252.762739	252.762739	4.013321	-0.122322
-157.931000	21.646000	-110.690000	26.250000	1197.307574	4.017375	253.834713	253.834713	253.834713	4.012515	-0.352687
-157.859100	14.659600	-110.690000	26.250000	1258.717513	4.017688	247.652034	247.652034	247.652034	4.048468	0.236791
-157.700806	16.348400	-110.690000	26.250000	1237.871172	4.016687	249.187718	249.187718	249.187718	4.038197	0.221036
-157.627594	20.346100	-110.690000	26.250000	1200.206443	4.016375	252.797648	252.797648	252.797648	4.012982	-0.087140
-157.270004	21.108999	-110.690000	26.250000	1185.196209	4.016687	253.527742	253.527742	253.527742	4.011982	-0.163779
-157.227295	18.984800	-110.690000	26.250000	1201.691478	4.016375	251.640175	251.640175	251.640175	4.018997	0.117725
-156.964600	24.312099	-110.690000	26.250000	1154.558892	4.019687	256.537210	256.537210	256.537210	4.030520	-0.613489
-156.932007	19.832701	-110.690000	26.250000	1187.126702	4.016375	252.394260	252.394260	252.394260	4.014785	0.003807
-156.808197	18.404200	-110.690000	26.250000	1196.401301	4.016375	251.051396	251.051396	251.051396	4.022307	0.114781
-156.755997	21.136000	-110.690000	26.250000	1172.224508	4.016687	253.567247	253.567247	253.567247	4.012557	-0.191022
-156.658005	20.891001	-110.690000	26.250000	1171.689499	4.016687	253.379427	253.379427	253.379427	4.013224	-0.127101
-156.510101	19.477699	-110.690000	26.250000	1179.615501	4.016375	252.016565	252.016565	252.016565	4.016158	-0.017720
-156.465103	18.775000	-110.690000	26.250000	1184.570148	4.016375	251.411989	251.411989	251.411989	4.019865	0.102144
-156.387695	17.614901	-110.690000	26.250000	1193.171825	4.016375	250.267105	250.267105	250.267105	4.027466	0.138352
-156.206604	16.162001	-110.690000	26.250000	1202.623265	4.016687	248.791804	248.791804	248.791804	4.038175	0.122971
-156.167007	18.301001	-110.690000	26.250000	1181.382695	4.016375	250.915149	250.915149	250.915149	4.023879	0.096460
-155.996994	20.771000	-110.690000	26.250000	1156.294893	4.016375	253.344529	253.344529	253.344529	4.014275	-0.073797
-155.772995	19.079000	-110.690000	26.250000	1164.698467	4.016375	251.630892	251.630892	251.630892	4.019430	0.008580
-155.765305	26.776699	-110.690000	26.250000	1111.346170	4.021375	259.604398	259.604398	259.604398	4.052139	-0.609499
-155.714996	18.000299	-110.690000	26.250000	1173.079860	4.015688	250.484101	250.484101	250.484101	4.025620	-0.009786
-155.710999	20.046000	-110.690000	26.250000	1155.001680	4.016375	252.584032	252.584032	252.584032	4.016184	-0.067203
-155.679398	21.205500	-110.690000	26.250000	1144.952549	4.016687	253.747940	253.747940	253.747940	4.015215	-0.161207
-155.636200	22.299900	-110.690000	26.250000	1135.646609	4.017375	254.835139	254.835139	254.835139	4.018241	-0.285635
-154.994400	21.507000	-110.690000	26.250000	1125.665881	4.016687	254.123706	254.123706	254.123706	4.017980	-0.167662
-154.983002	19.601000	-110.690000	26.250000	1140.590302	4.016375	252.129659	252.129659	252.129659	4.019814	-0.052574
-154.797394	18.803101	-110.690000	26.250000	1143.037585	4.015688	251.295388	251.295388	251.295388	4.024068	-0.018891
-154.691299	17.180099	-110.690000	26.250000	1155.329321	4.015688	249.533661	249.533661	249.533661	4.033631	-0.042976
-154.617798	20.088900	-110.690000	26.250000	1127.462478	4.016375	252.681983	252.681983	252.681983	4.020676	-0.041670
-154.495895	18.401699	-110.690000	26.250000	1139.113501	4.015688	250.777592	250.777592	250.777592	4.027573	-0.092331
-154.482803	21.001900	-110.690000	26.250000	1116.778018	4.016687	253.572720	253.572720	253.572720	4.020210	-0.180221
-154.393997	19.262501	-110.690000	26.250000	1129.008182	4.015688	251.776149	251.776149	251.776149	4.023975	-0.032754
-154.251801	21.168699	-110.690000	26.250000	1109.761013	4.016687	253.828242	253.828242	253.828242	4.022076	-0.126711
-154.030502	17.988400	-110.690000	26.250000	1131.308819	4.015688	250.258811	250.258811	250.258811	4.032445	-0.137915
-153.992294	18.797600	-110.690000	26.250000	1123.060228	4.015688	251.213918	251.213918	251.213918	4.027914	-0.071344
-153.982697	21.519699	-110.690000	26.250000	1100.439764	4.016687	254.248434	254.248434	254.248434	4.024590	-0.127067
-153.967499	14.731300	-110.690000	26.250000	1162.887936	4.013687	246.633899	246.533899	246.633899	4.043539	-0.308599
-153.902405	19.979099	-110.690000	26.250000	1110.757953	4.015688	252.510908	252.510908	252.510908	4.025015	-0.098862
-153.868195	17.315399	-110.690000	26.250000	1133.593042	4.015688	249.510844	249.510844	249.510844	4.036173	-0.142345
-153.700806	17.297501	-110.690000	26.250000	1129.889194	4.014687	249.400087	249.400087	249.400087	4.036995	-0.219099
-153.503204	19.495199	-110.690000	26.250000	1104.863475	4.015688	251.915231	251.915231	251.915231	4.028972	-0.142768
-153.295898	18.800900	-110.690000	26.250000	1105.711576	4.015688	251.090780	251.090780	251.090780	4.032572	-0.172010
-153.292099	20.892599	-110.690000	26.250000	1088.104302	4.016375	253.521153	253.521153	253.521153	4.029230	-0.156649
-153.290604	17.906200	-110.690000	26.250000	1113.959619	4.014687	250.074583	250.074583	250.074583	4.036089	-0.181888
-152.981201	18.301800	-110.690000	26.250000	1102.633859	4.014687	250.502000	250.502000	250.502000	4.036006	-0.178178
-152.765793	25.592800	-110.690000	26.250000	1044.896265	4.016687	259.294400	259.294400	259.294400	4.059363	-0.211586
-152.132401	18.481400	-110.690000	26.250000	1079.906480	4.014687	250.550721	250.550721	250.550721	4.043579	-0.280274
-151.686600	14.689100	-110.690000	26.250000	1107.921981	4.010688	245.943031	245.943031	245.943031	4.049529	-0.527631
-151.637604	16.737801	-110.690000	26.250000	1084.713128	4.012688	248.392600	248.392600	248.392600	4.049704	-0.367260
-150.914993	18.914200	-110.690000	26.250000	1046.122276	4.013375	250.906858	250.906858	250.906858	4.048447	-0.358413
-149.000900	16.989000	-110.690000	26.250000	1017.944310	4.008687	248.181086	248.181086	248.181086	4.056732	-0.466189
