-157.931000	21.646000	1492.635000	141.200000	33.370000	33.000000
-155.996994	20.771000	1547.649000	141.200000	33.370000	33.000000
-154.983002	19.601000	1585.664000	141.200000	33.370000	33.000000
-159.401001	21.971001	1446.678000	141.200000	33.370000	33.000000
-156.658005	20.891001	1530.666000	141.200000	33.370000	33.000000
-157.270004	21.108999	1513.670000	141.200000	33.370000	33.000000
-154.617798	20.088900	1588.415000	141.200000	33.370000	33.000000
-153.902405	19.979099	1605.732000	141.200000	33.370000	33.000000
-153.295898	18.800900	1633.089000	141.200000	33.370000	33.000000
-152.132401	18.481400	1663.880000	141.200000	33.370000	33.000000
-153.290604	17.906200	1643.825000	141.200000	33.370000	33.000000
-154.691299	17.180099	1618.655000	141.200000	33.370000	33.000000
-155.714996	18.000299	1585.482000	141.200000	33.370000	33.000000
-156.808197	18.404200	1554.582000	141.200000	33.370000	33.000000
-156.465103	18.775000	1558.894000	141.200000	33.370000	33.000000
-156.510101	19.477699	1550.110000	141.200000	33.370000	33.000000
-157.627594	20.346100	1513.221000	141.200000	33.370000	33.000000
