-155.772995	19.079000	1243.551000	-107.380000	18.890000	16.000000	260.938853	260.438853	261.438853	4.040795	-0.967107
-154.983002	19.601000	1220.547000	-107.380000	18.890000	16.000000	260.925953	260.625953	261.325953	4.039719	-1.655328
-154.617798	20.088900	1208.509000	-107.380000	18.890000	16.000000	260.454712	260.054712	260.754712	4.031290	-2.698148
-153.902405	19.979099	1191.505000	-107.380000	18.890000	16.000000	261.783184	261.483184	261.983184	4.047420	-1.419630
-153.503204	19.495199	1183.512000	-107.380000	18.890000	16.000000	261.520074	261.120074	261.820074	4.055174	-1.264937
-154.393997	19.262501	1207.521000	-107.380000	18.890000	16.000000	261.543821	261.043821	262.043821	4.045709	-0.818438
-153.295898	18.800900	1181.509000	-107.380000	18.890000	16.000000	259.780426	259.280426	260.280426	4.050037	-2.316834
-152.132401	18.481400	1152.516000	-107.380000	18.890000	16.000000	260.589799	259.989799	261.089799	4.071463	-1.372614
-154.495895	18.401699	1213.512000	-107.380000	18.890000	16.000000	260.445111	260.145111	260.645111	4.044289	-1.027873
-154.797394	18.803101	1219.504000	-107.380000	18.890000	16.000000	260.669608	260.369608	261.069608	4.043405	-1.151634
-155.714996	18.000299	1246.523000	-107.380000	18.890000	16.000000	260.236107	260.036107	260.436107	4.040601	-0.637908
-156.808197	18.404200	1272.511000	-107.380000	18.890000	16.000000	261.014571	260.514571	261.614571	4.016535	-0.056931
-156.167007	18.301001	1256.516000	-107.380000	18.890000	16.000000	260.843400	260.543400	261.243400	4.040191	-0.242848
-156.465103	18.775000	1262.506000	-107.380000	18.890000	16.000000	260.451935	259.951935	260.851935	4.040820	-1.029912
-157.227295	18.984800	1281.516000	-107.380000	18.890000	16.000000	260.983820	260.383820	261.483820	4.019751	-0.547989
-156.510101	19.477699	1260.528000	-107.380000	18.890000	16.000000	261.122852	260.822852	261.422852	4.040815	-1.015563
-156.932007	19.832701	1270.513000	-107.380000	18.890000	16.000000	262.282359	262.082359	262.582359	4.016813	-0.099760
