-157.931000	21.646000	1698.138000	138.420000	10.420000	12.000000	87.715223	86.815223	88.515223	3.950214	-2.744908
-155.996994	20.771000	1747.137000	138.420000	10.420000	12.000000	89.463106	89.063106	89.863106	4.008004	-2.131309
-154.983002	19.601000	1774.119000	138.420000	10.420000	12.000000	90.824910	90.324910	91.424910	4.002553	-1.670203
-156.658005	20.891001	1730.124000	138.420000	10.420000	12.000000	89.246349	88.846349	89.746349	3.996307	-2.060557
-157.270004	21.108999	1712.159000	138.420000	10.420000	12.000000	90.613947	89.413947	91.813947	3.986469	-0.367077
-159.664993	22.122999	1653.150000	138.420000	10.420000	12.000000	86.670061	83.770061	89.670061	3.997275	-2.879322
-154.617798	20.088900	1782.820000	138.420000	10.420000	12.000000	90.369922	89.869922	90.869922	4.002101	-2.012727
-155.679398	21.205500	1756.232000	138.420000	10.420000	12.000000	88.569989	88.269989	88.969989	4.000388	-2.920241
-154.482803	21.001900	1789.123000	138.420000	10.420000	12.000000	86.857808	86.057808	87.757808	3.945968	-5.144228
-153.982697	21.519699	1798.503000	138.420000	10.420000	12.000000	90.670354	90.370354	91.070354	4.017410	-1.267089
-153.292099	20.892599	1816.633000	138.420000	10.420000	12.000000	90.630229	90.330229	91.030229	4.054038	-1.827443
-153.902405	19.979099	1801.231000	138.420000	10.420000	12.000000	90.258103	89.758103	90.758103	4.045164	-2.406501
-153.503204	19.495199	1811.507000	138.420000	10.420000	12.000000	90.367530	89.867530	90.867530	4.077795	-2.640511
-154.393997	19.262501	1789.137000	138.420000	10.420000	12.000000	90.569760	90.269760	90.969760	4.040831	-2.267658
-153.992294	18.797600	1799.651000	138.420000	10.420000	12.000000	90.858516	90.558516	91.158516	4.047892	-2.313397
-154.495895	18.401699	1786.138000	138.420000	10.420000	12.000000	90.322594	90.122594	90.622594	4.057273	-2.882133
-154.797394	18.803101	1778.679000	138.420000	10.420000	12.000000	90.697138	90.497138	90.997138	4.024947	-2.231545
-156.808197	18.404200	1725.716000	138.420000	10.420000	12.000000	90.441817	90.241817	90.641817	3.994272	-2.085040
-157.227295	18.984800	1715.123000	138.420000	10.420000	12.000000	90.407215	90.207215	90.707215	4.010645	-1.694572
-156.510101	19.477699	1734.729000	138.420000	10.420000	12.000000	91.025958	90.425958	91.525958	4.016473	-1.046817
-157.627594	20.346100	1704.127000	138.420000	10.420000	12.000000	88.683075	88.083075	89.183075	3.946938	-2.575852
