-155.772995	19.079000	1547.655000	145.330000	12.960000	48.000000	93.114545	92.714545	93.414545	4.036729	-0.136424
-155.996994	20.771000	1540.629000	145.330000	12.960000	48.000000	90.600568	90.300568	90.900568	4.057831	-1.463910
-154.983002	19.601000	1567.613000	145.330000	12.960000	48.000000	92.443918	91.943918	92.943918	4.056095	-0.703980
-154.617798	20.088900	1576.517000	145.330000	12.960000	48.000000	91.745042	91.245042	92.145042	4.057875	-1.205662
-154.994400	21.507000	1563.610000	145.330000	12.960000	48.000000	92.783306	92.483306	92.983306	4.039290	0.858643
-154.482803	21.001900	1579.617000	145.330000	12.960000	48.000000	90.659922	90.259922	90.959922	4.042606	-1.759456
-153.292099	20.892599	1608.609000	145.330000	12.960000	48.000000	92.627764	92.327764	92.827764	4.103020	-0.252860
-153.503204	19.495199	1605.387000	145.330000	12.960000	48.000000	92.870819	92.470819	93.270819	4.069556	-0.786439
-154.393997	19.262501	1582.679000	145.330000	12.960000	48.000000	92.805389	92.505389	93.105389	4.064115	-0.731627
-153.295898	18.800900	1611.895000	145.330000	12.960000	48.000000	93.663988	93.363988	93.963988	4.059988	-0.470587
-152.132401	18.481400	1641.779000	145.330000	12.960000	48.000000	93.835450	93.535450	94.035450	4.112026	-0.808431
-154.797394	18.803101	1572.789000	145.330000	12.960000	48.000000	92.975619	92.675619	93.175619	4.056214	-0.733593
-156.808197	18.404200	1521.624000	145.330000	12.960000	48.000000	93.193424	92.893424	93.493424	4.021557	-0.213540
-156.167007	18.301001	1537.618000	145.330000	12.960000	48.000000	92.172408	92.072408	92.272408	4.035378	-1.480565
-156.465103	18.775000	1529.322000	145.330000	12.960000	48.000000	92.323623	92.023623	92.623623	4.037594	-0.929392
-157.227295	18.984800	1509.632000	145.330000	12.960000	48.000000	92.016792	91.716792	92.416792	4.022628	-0.873065
-156.932007	19.832701	1516.254000	145.330000	12.960000	48.000000	91.872805	91.572805	92.272805	4.020884	-0.523063
-157.627594	20.346100	1497.633000	145.330000	12.960000	48.000000	91.477494	91.277494	91.777494	4.009537	-0.339953
