-155.679398	21.205500	947.438000	-177.930000	51.160000	30.000000
-153.982697	21.519699	957.555000	-177.930000	51.160000	30.000000
-153.503204	19.495199	1013.682000	-177.930000	51.160000	30.000000
-152.132401	18.481400	1053.486000	-177.930000	51.160000	30.000000
-153.700806	17.297501	1067.587000	-177.930000	51.160000	30.000000
-154.030502	17.988400	1047.574000	-177.930000	51.160000	30.000000
-156.465103	18.775000	1001.655000	-177.930000	51.160000	30.000000
-155.772995	19.079000	1002.255000	-177.930000	51.160000	30.000000
-157.931000	21.646000	913.234000	-177.930000	51.160000	30.000000
-155.996994	20.771000	955.229000	-177.930000	51.160000	30.000000
-154.983002	19.601000	997.257000	-177.930000	51.160000	30.000000
-159.401001	21.971001	881.257000	-177.930000	51.160000	30.000000
-156.658005	20.891001	945.210000	-177.930000	51.160000	30.000000
-157.270004	21.108999	933.249000	-177.930000	51.160000	30.000000
-154.617798	20.088900	987.954000	-177.930000	51.160000	30.000000
-154.482803	21.001900	967.215000	-177.930000	51.160000	30.000000
-153.292099	20.892599	981.915000	-177.930000	51.160000	30.000000
-154.393997	19.262501	1011.277000	-177.930000	51.160000	30.000000
-153.992294	18.797600	1025.807000	-177.930000	51.160000	30.000000
-154.691299	17.180099	1061.229000	-177.930000	51.160000	30.000000
-154.495895	18.401699	1032.235000	-177.930000	51.160000	30.000000
-154.797394	18.803101	1019.332000	-177.930000	51.160000	30.000000
-155.714996	18.000299	1029.179000	-177.930000	51.160000	30.000000
-156.808197	18.404200	1006.993000	-177.930000	51.160000	30.000000
-156.167007	18.301001	1017.109000	-177.930000	51.160000	30.000000
-157.227295	18.984800	988.215000	-177.930000	51.160000	30.000000
-156.510101	19.477699	983.749000	-177.930000	51.160000	30.000000
-156.932007	19.832701	969.365000	-177.930000	51.160000	30.000000
-157.627594	20.346100	948.880000	-177.930000	51.160000	30.000000
