-155.772995	19.079000	2145.995000	126.580000	2.260000	41.000000
-154.983002	19.601000	2167.969000	126.580000	2.260000	41.000000
-154.617798	20.088900	2177.949000	126.580000	2.260000	41.000000
-153.902405	19.979099	2195.971000	126.580000	2.260000	41.000000
-153.992294	18.797600	2191.967000	126.580000	2.260000	41.000000
-152.132401	18.481400	2238.972000	126.580000	2.260000	41.000000
-153.290604	17.906200	2208.949000	126.580000	2.260000	41.000000
-154.691299	17.180099	2172.977000	126.580000	2.260000	41.000000
-154.797394	18.803101	2170.952000	126.580000	2.260000	41.000000
-156.808197	18.404200	2117.949000	126.580000	2.260000	41.000000
-156.167007	18.301001	2134.951000	126.580000	2.260000	41.000000
-156.465103	18.775000	2128.027000	126.580000	2.260000	41.000000
-157.227295	18.984800	2107.978000	126.580000	2.260000	41.000000
-156.510101	19.477699	2127.963000	126.580000	2.260000	41.000000
-156.932007	19.832701	2117.948000	126.580000	2.260000	41.000000
-157.627594	20.346100	2099.458000	126.580000	2.260000	41.000000
