-155.772995	19.079000	1459.664000	170.500000	-22.010000	78.300000
-155.996994	20.771000	1492.636000	170.500000	-22.010000	78.300000
-154.983002	19.601000	1484.631000	170.500000	-22.010000	78.300000
-155.710999	20.046000	1481.640000	170.500000	-22.010000	78.300000
-156.658005	20.891001	1484.632000	170.500000	-22.010000	78.300000
-157.270004	21.108999	1479.657000	170.500000	-22.010000	78.300000
-154.617798	20.088900	1500.540000	170.500000	-22.010000	78.300000
-154.482803	21.001900	1522.625000	170.500000	-22.010000	78.300000
-153.982697	21.519699	1540.807000	170.500000	-22.010000	78.300000
-153.292099	20.892599	1539.635000	170.500000	-22.010000	78.300000
-153.902405	19.979099	1509.703000	170.500000	-22.010000	78.300000
-153.503204	19.495199	1506.425000	170.500000	-22.010000	78.300000
-154.393997	19.262501	1486.685000	170.500000	-22.010000	78.300000
-153.992294	18.797600	1483.481000	170.500000	-22.010000	78.300000
-153.295898	18.800900	1495.880000	170.500000	-22.010000	78.300000
-154.495895	18.401699	1466.667000	170.500000	-22.010000	78.300000
-154.797394	18.803101	1470.000000	170.500000	-22.010000	78.300000
-155.714996	18.000299	1437.638000	170.500000	-22.010000	78.300000
-156.808197	18.404200	1428.150000	170.500000	-22.010000	78.300000
-156.167007	18.301001	1435.632000	170.500000	-22.010000	78.300000
-156.465103	18.775000	1441.258000	170.500000	-22.010000	78.300000
-157.227295	18.984800	1432.642000	170.500000	-22.010000	78.300000
-156.510101	19.477699	1455.879000	170.500000	-22.010000	78.300000
-156.932007	19.832701	1456.308000	170.500000	-22.010000	78.300000
-157.627594	20.346100	1456.933000	170.500000	-22.010000	78.300000
