-155.772995	19.079000	967.802000	-168.470000	52.950000	60.000000
-154.983002	19.601000	957.771000	-168.470000	52.950000	60.000000
-154.617798	20.088900	945.764000	-168.470000	52.950000	60.000000
-155.679398	21.205500	908.762000	-168.470000	52.950000	60.000000
-154.482803	21.001900	923.763000	-168.470000	52.950000	60.000000
-153.982697	21.519699	911.768000	-168.470000	52.950000	60.000000
-153.902405	19.979099	952.764000	-168.470000	52.950000	60.000000
-153.503204	19.495199	968.773000	-168.470000	52.950000	60.000000
-154.393997	19.262501	969.776000	-168.470000	52.950000	60.000000
-152.132401	18.481400	1004.778000	-168.470000	52.950000	60.000000
-154.797394	18.803101	980.763000	-168.470000	52.950000	60.000000
-156.808197	18.404200	979.760000	-168.470000	52.950000	60.000000
-156.167007	18.301001	986.778000	-168.470000	52.950000	60.000000
-157.227295	18.984800	961.788000	-168.470000	52.950000	60.000000
-156.510101	19.477699	952.758000	-168.470000	52.950000	60.000000
-156.932007	19.832701	939.768000	-168.470000	52.950000	60.000000
-157.627594	20.346100	921.757000	-168.470000	52.950000	60.000000
