-155.772995	19.079000	1530.659000	153.190000	-4.530000	54.000000	68.501164	68.001164	69.101164	4.019338	-1.667321
-157.931000	21.646000	1498.646000	153.190000	-4.530000	54.000000	71.684866	71.184866	72.184866	3.787493	4.456596
-155.996994	20.771000	1541.637000	153.190000	-4.530000	54.000000	68.192444	67.692444	68.592444	3.956589	-0.767144
-154.983002	19.601000	1556.636000	153.190000	-4.530000	54.000000	66.912730	66.012730	67.912730	3.992446	-3.355809
-156.658005	20.891001	1526.654000	153.190000	-4.530000	54.000000	68.085333	67.685333	68.585333	3.936600	-0.409267
-156.755997	21.136000	1525.669000	153.190000	-4.530000	54.000000	69.167495	68.767495	69.567495	3.923727	0.888779
-154.617798	20.088900	1569.653000	153.190000	-4.530000	54.000000	66.602108	66.102108	67.202108	3.985645	-3.564331
-155.679398	21.205500	1553.653000	153.190000	-4.530000	54.000000	68.332506	67.932506	68.732506	3.964001	-0.540053
-153.292099	20.892599	1607.639000	153.190000	-4.530000	54.000000	68.301929	68.001929	68.601929	4.059950	-2.114060
-153.902405	19.979099	1585.704000	153.190000	-4.530000	54.000000	67.193661	66.593661	67.793661	4.002330	-3.430318
-153.503204	19.495199	1589.621000	153.190000	-4.530000	54.000000	68.081348	67.581348	68.681348	4.053110	-3.046450
-154.393997	19.262501	1565.651000	153.190000	-4.530000	54.000000	68.716952	68.216952	69.216952	4.037121	-2.080385
-153.992294	18.797600	1569.640000	153.190000	-4.530000	54.000000	68.489217	68.089217	68.889217	4.038801	-2.806415
-153.295898	18.800900	1585.756000	153.190000	-4.530000	54.000000	67.334422	66.634422	67.934422	4.052931	-4.318141
-152.132401	18.481400	1610.652000	153.190000	-4.530000	54.000000	68.492968	68.292968	68.692968	4.162962	-3.932576
-153.290604	17.906200	1577.717000	153.190000	-4.530000	54.000000	68.345060	68.145060	68.645060	4.068056	-3.852587
-153.700806	17.297501	1562.513000	153.190000	-4.530000	54.000000	69.294210	68.994210	69.494210	4.045419	-3.077997
-154.691299	17.180099	1537.643000	153.190000	-4.530000	54.000000	69.580331	69.280331	69.880331	4.048340	-2.379726
-154.030502	17.988400	1560.620000	153.190000	-4.530000	54.000000	68.092385	67.892385	68.392385	4.036084	-3.685197
-154.495895	18.401699	1553.694000	153.190000	-4.530000	54.000000	68.554669	68.254669	68.854669	4.040489	-2.726110
-154.797394	18.803101	1550.641000	153.190000	-4.530000	54.000000	68.987101	68.687101	69.387101	4.034738	-1.882889
-155.714996	18.000299	1519.643000	153.190000	-4.530000	54.000000	68.160038	67.960038	68.460038	3.987415	-2.742956
-156.808197	18.404200	1497.570000	153.190000	-4.530000	54.000000	68.568973	68.268973	68.868973	3.992258	-1.478318
-156.167007	18.301001	1511.633000	153.190000	-4.530000	54.000000	68.240333	67.940333	68.540333	3.998514	-2.223957
-156.465103	18.775000	1510.635000	153.190000	-4.530000	54.000000	70.077620	69.377620	70.677620	4.036767	0.089939
-157.227295	18.984800	1493.654000	153.190000	-4.530000	54.000000	69.628421	68.928421	70.328421	3.993237	0.206506
-156.510101	19.477699	1516.643000	153.190000	-4.530000	54.000000	68.753546	67.953546	69.653546	3.978966	-0.745177
-156.932007	19.832701	1509.639000	153.190000	-4.530000	54.000000	68.375416	67.475416	69.275416	3.931438	-0.648558
-157.627594	20.346100	1497.631000	153.190000	-4.530000	54.000000	67.396090	66.596090	68.096090	3.872566	-0.878436
