-155.772995	19.079000	1903.770000	-85.560000	11.380000	12.000000
-153.503204	19.495199	1844.200000	-85.560000	11.380000	12.000000
-154.393997	19.262501	1867.792000	-85.560000	11.380000	12.000000
-153.992294	18.797600	1857.327000	-85.560000	11.380000	12.000000
-153.295898	18.800900	1839.237000	-85.560000	11.380000	12.000000
-152.132401	18.481400	1810.001000	-85.560000	11.380000	12.000000
-153.290604	17.906200	1840.937000	-85.560000	11.380000	12.000000
-153.700806	17.297501	1852.114000	-85.560000	11.380000	12.000000
-154.691299	17.180099	1877.745000	-85.560000	11.380000	12.000000
-154.030502	17.988400	1859.093000	-85.560000	11.380000	12.000000
-154.495895	18.401699	1870.749000	-85.560000	11.380000	12.000000
-154.797394	18.803101	1877.727000	-85.560000	11.380000	12.000000
-155.714996	18.000299	1902.686000	-85.560000	11.380000	12.000000
-156.808197	18.404200	1931.518000	-85.560000	11.380000	12.000000
-156.167007	18.301001	1914.616000	-85.560000	11.380000	12.000000
-156.465103	18.775000	1921.733000	-85.560000	11.380000	12.000000
-157.227295	18.984800	1941.737000	-85.560000	11.380000	12.000000
