-155.772995	19.079000	1202.000000	-109.240000	20.610000	16.000000
-154.983002	19.601000	1178.976000	-109.240000	20.610000	16.000000
-154.617798	20.088900	1166.834000	-109.240000	20.610000	16.000000
-153.902405	19.979099	1149.044000	-109.240000	20.610000	16.000000
-153.503204	19.495199	1141.681000	-109.240000	20.610000	16.000000
-154.393997	19.262501	1165.021000	-109.240000	20.610000	16.000000
-153.992294	18.797600	1157.755000	-109.240000	20.610000	16.000000
-153.295898	18.800900	1139.975000	-109.240000	20.610000	16.000000
-152.132401	18.481400	1112.140000	-109.240000	20.610000	16.000000
-154.030502	17.988400	1162.625000	-109.240000	20.610000	16.000000
-154.495895	18.401699	1171.996000	-109.240000	20.610000	16.000000
-154.797394	18.803101	1177.953000	-109.240000	20.610000	16.000000
-155.714996	18.000299	1205.521000	-109.240000	20.610000	16.000000
-156.808197	18.404200	1230.957000	-109.240000	20.610000	16.000000
-156.167007	18.301001	1215.955000	-109.240000	20.610000	16.000000
-156.465103	18.775000	1220.783000	-109.240000	20.610000	16.000000
-157.227295	18.984800	1239.981000	-109.240000	20.610000	16.000000
-156.510101	19.477699	1218.955000	-109.240000	20.610000	16.000000
