-155.996994	20.771000	1750.047000	145.330000	-5.200000	76.900000	74.456393	74.056393	74.856393	4.017393	1.965020
-155.710999	20.046000	1753.042000	145.330000	-5.200000	76.900000	72.721555	71.921555	73.521555	4.047037	-0.260338
-156.658005	20.891001	1735.049000	145.330000	-5.200000	76.900000	73.516796	73.216796	73.916796	4.029816	1.415445
-154.617798	20.088900	1780.023000	145.330000	-5.200000	76.900000	72.706246	72.106246	73.306246	4.066005	-0.776985
-155.679398	21.205500	1761.032000	145.330000	-5.200000	76.900000	74.992737	74.692737	75.392737	4.017641	2.550816
-154.482803	21.001900	1792.027000	145.330000	-5.200000	76.900000	72.876463	71.176463	74.576463	4.014804	-0.251762
-153.982697	21.519699	1805.039000	145.330000	-5.200000	76.900000	76.478415	75.678415	77.178415	4.044284	3.338030
-153.292099	20.892599	1818.029000	145.330000	-5.200000	76.900000	74.241527	73.441527	75.041527	4.069532	0.491480
-153.503204	19.495199	1804.026000	145.330000	-5.200000	76.900000	74.260117	73.260117	75.360117	4.066244	-0.009956
-152.132401	18.481400	1828.037000	145.330000	-5.200000	76.900000	73.308792	72.708792	73.808792	4.033241	-2.008175
-153.700806	17.297501	1779.025000	145.330000	-5.200000	76.900000	71.851906	71.451906	72.251906	4.080848	-3.337928
-154.691299	17.180099	1753.050000	145.330000	-5.200000	76.900000	71.705581	71.305581	72.005581	4.052240	-3.126067
-155.714996	18.000299	1736.037000	145.330000	-5.200000	76.900000	73.823991	73.323991	74.323991	4.060812	-0.160789
-156.808197	18.404200	1713.021000	145.330000	-5.200000	76.900000	73.754711	73.154711	74.454711	4.152081	0.470921
-156.167007	18.301001	1728.032000	145.330000	-5.200000	76.900000	74.163065	73.463065	74.863065	4.040907	0.532497
-157.227295	18.984800	1707.031000	145.330000	-5.200000	76.900000	72.891690	72.091690	73.791690	4.098630	0.105120
-156.510101	19.477699	1728.027000	145.330000	-5.200000	76.900000	72.984389	72.284389	73.684389	4.034790	0.106455
-157.627594	20.346100	1706.028000	145.330000	-5.200000	76.900000	73.785826	73.385826	74.085826	3.965425	1.899905
