-155.772995	19.079000	1504.246000	169.210000	-23.110000	12.000000
-157.931000	21.646000	1521.234000	169.210000	-23.110000	12.000000
-155.996994	20.771000	1538.224000	169.210000	-23.110000	12.000000
-154.983002	19.601000	1529.224000	169.210000	-23.110000	12.000000
-156.658005	20.891001	1530.241000	169.210000	-23.110000	12.000000
-156.755997	21.136000	1534.256000	169.210000	-23.110000	12.000000
-154.617798	20.088900	1545.235000	169.210000	-23.110000	12.000000
-155.679398	21.205500	1552.229000	169.210000	-23.110000	12.000000
-154.994400	21.507000	1570.233000	169.210000	-23.110000	12.000000
-154.482803	21.001900	1567.226000	169.210000	-23.110000	12.000000
-153.982697	21.519699	1586.229000	169.210000	-23.110000	12.000000
-153.292099	20.892599	1584.233000	169.210000	-23.110000	12.000000
-153.902405	19.979099	1555.243000	169.210000	-23.110000	12.000000
-153.503204	19.495199	1551.225000	169.210000	-23.110000	12.000000
-156.808197	18.404200	1472.239000	169.210000	-23.110000	12.000000
-156.167007	18.301001	1481.232000	169.210000	-23.110000	12.000000
-156.465103	18.775000	1486.242000	169.210000	-23.110000	12.000000
-157.227295	18.984800	1478.230000	169.210000	-23.110000	12.000000
-156.510101	19.477699	1500.237000	169.210000	-23.110000	12.000000
-156.932007	19.832701	1501.239000	169.210000	-23.110000	12.000000
-157.627594	20.346100	1502.227000	169.210000	-23.110000	12.000000
