-155.772995	19.079000	1719.489000	146.960000	-6.450000	28.000000
-155.996994	20.771000	1728.462000	146.960000	-6.450000	28.000000
-154.983002	19.601000	1744.451000	146.960000	-6.450000	28.000000
-156.658005	20.891001	1712.462000	146.960000	-6.450000	28.000000
-157.270004	21.108999	1698.483000	146.960000	-6.450000	28.000000
-156.755997	21.136000	1711.483000	146.960000	-6.450000	28.000000
-154.617798	20.088900	1757.458000	146.960000	-6.450000	28.000000
-155.679398	21.205500	1739.445000	146.960000	-6.450000	28.000000
-154.482803	21.001900	1768.448000	146.960000	-6.450000	28.000000
-153.982697	21.519699	1782.455000	146.960000	-6.450000	28.000000
-153.902405	19.979099	1773.539000	146.960000	-6.450000	28.000000
-153.503204	19.495199	1779.093000	146.960000	-6.450000	28.000000
-154.393997	19.262501	1754.511000	146.960000	-6.450000	28.000000
-153.992294	18.797600	1758.182000	146.960000	-6.450000	28.000000
-153.295898	18.800900	1774.448000	146.960000	-6.450000	28.000000
-153.290604	17.906200	1766.463000	146.960000	-6.450000	28.000000
-154.030502	17.988400	1749.023000	146.960000	-6.450000	28.000000
-154.797394	18.803101	1739.466000	146.960000	-6.450000	28.000000
-155.714996	18.000299	1708.133000	146.960000	-6.450000	28.000000
-156.808197	18.404200	1685.450000	146.960000	-6.450000	28.000000
-156.167007	18.301001	1700.459000	146.960000	-6.450000	28.000000
-156.465103	18.775000	1699.460000	146.960000	-6.450000	28.000000
-157.227295	18.984800	1682.472000	146.960000	-6.450000	28.000000
-156.510101	19.477699	1704.461000	146.960000	-6.450000	28.000000
-156.932007	19.832701	1696.458000	146.960000	-6.450000	28.000000
-157.627594	20.346100	1683.450000	146.960000	-6.450000	28.000000
