-155.772995	19.079000	1507.602000	145.060000	42.800000	53.000000	131.477981	131.177981	131.777981	4.022364	1.986712
-157.931000	21.646000	1415.591000	145.060000	42.800000	53.000000	133.665408	132.565408	134.665408	3.688320	5.473049
-155.996994	20.771000	1472.579000	145.060000	42.800000	53.000000	131.319197	130.319197	132.319197	3.946581	2.759572
-154.983002	19.601000	1514.613000	145.060000	42.800000	53.000000	132.006432	131.006432	133.006432	4.030858	2.870546
-156.658005	20.891001	1457.599000	145.060000	42.800000	53.000000	132.282750	131.182750	133.482750	3.924257	3.740490
-156.755997	21.136000	1450.613000	145.060000	42.800000	53.000000	131.313454	130.413454	132.313454	3.926411	2.908686
-154.617798	20.088900	1511.627000	145.060000	42.800000	53.000000	130.979200	130.379200	131.479200	4.026133	2.136965
-155.679398	21.205500	1470.579000	145.060000	42.800000	53.000000	130.266295	129.666295	130.966295	3.948192	1.981483
-154.994400	21.507000	1478.670000	145.060000	42.800000	53.000000	130.082096	129.682096	130.482096	3.954551	2.013048
-154.482803	21.001900	1497.582000	145.060000	42.800000	53.000000	131.508099	131.308099	131.808099	3.995344	3.179712
-153.902405	19.979099	1527.643000	145.060000	42.800000	53.000000	131.070070	130.670070	131.470070	4.026778	2.216039
-153.503204	19.495199	1543.622000	145.060000	42.800000	53.000000	132.139193	131.539193	132.739193	4.043098	3.055364
-154.393997	19.262501	1532.644000	145.060000	42.800000	53.000000	131.598433	130.398433	132.898433	4.027556	2.328065
-153.992294	18.797600	1548.630000	145.060000	42.800000	53.000000	131.841461	130.741461	132.941461	4.034039	2.359928
-153.295898	18.800900	1561.655000	145.060000	42.800000	53.000000	130.735784	130.035784	131.435784	4.024955	1.309250
-152.132401	18.481400	1589.648000	145.060000	42.800000	53.000000	130.795785	130.295785	131.395785	4.075792	1.289560
-153.290604	17.906200	1577.647000	145.060000	42.800000	53.000000	131.453368	130.653368	132.253368	4.070476	1.579853
-154.691299	17.180099	1561.582000	145.060000	42.800000	53.000000	130.141418	129.741418	130.541418	4.075774	-0.229058
-154.797394	18.803101	1532.580000	145.060000	42.800000	53.000000	132.721902	132.121902	133.221902	4.032760	3.174485
