-155.772995	19.079000	1484.628000	146.410000	43.900000	107.200000	132.176916	131.376916	132.976916	4.006013	1.190886
-155.996994	20.771000	1448.636000	146.410000	43.900000	107.200000	130.042574	129.542574	130.442574	3.993633	-0.008953
-155.710999	20.046000	1468.634000	146.410000	43.900000	107.200000	129.218864	128.318864	130.118864	4.005915	-1.219245
-156.658005	20.891001	1433.632000	146.410000	43.900000	107.200000	129.728642	129.028642	130.428642	3.999862	-0.323638
-156.755997	21.136000	1426.614000	146.410000	43.900000	107.200000	130.264934	129.664934	130.864934	3.996352	0.348717
-155.679398	21.205500	1445.648000	146.410000	43.900000	107.200000	131.383590	130.983590	131.783590	3.976534	1.618524
-153.902405	19.979099	1502.727000	146.410000	43.900000	107.200000	132.020957	131.720957	132.420957	4.019802	1.727278
-153.503204	19.495199	1518.945000	146.410000	43.900000	107.200000	133.073572	132.573572	133.473572	4.034192	2.557437
-153.992294	18.797600	1525.100000	146.410000	43.900000	107.200000	129.883369	129.083369	130.683369	4.013432	-1.047330
-153.295898	18.800900	1537.229000	146.410000	43.900000	107.200000	131.357243	130.857243	131.857243	4.050307	0.499427
-153.290604	17.906200	1553.855000	146.410000	43.900000	107.200000	131.665403	130.865403	132.565403	4.054219	0.355600
-153.700806	17.297501	1556.591000	146.410000	43.900000	107.200000	131.222952	130.622952	131.922952	4.007921	-0.436283
-154.691299	17.180099	1538.629000	146.410000	43.900000	107.200000	130.786127	130.286127	131.186127	4.038603	-1.059354
-154.030502	17.988400	1538.809000	146.410000	43.900000	107.200000	131.950861	130.950861	132.850861	4.005677	0.598612
-154.495895	18.401699	1522.625000	146.410000	43.900000	107.200000	131.727849	130.627849	132.827849	4.007308	0.533943
-154.797394	18.803101	1508.812000	146.410000	43.900000	107.200000	131.087971	130.287971	131.887971	4.007663	0.070433
-155.714996	18.000299	1503.791000	146.410000	43.900000	107.200000	130.830975	130.530975	131.230975	4.023321	-0.730665
-156.808197	18.404200	1474.088000	146.410000	43.900000	107.200000	130.007612	129.707612	130.407612	3.983544	-1.491887
-156.167007	18.301001	1489.707000	146.410000	43.900000	107.200000	131.404183	131.104183	131.704183	4.007756	-0.059298
-157.227295	18.984800	1455.612000	146.410000	43.900000	107.200000	129.991264	129.691264	130.291264	3.964277	-1.244473
-156.510101	19.477699	1462.265000	146.410000	43.900000	107.200000	131.769117	131.169117	132.369117	4.000448	0.912175
-156.932007	19.832701	1447.546000	146.410000	43.900000	107.200000	131.457477	130.757477	132.157477	3.972429	0.749441
-157.627594	20.346100	1423.424000	146.410000	43.900000	107.200000	130.002255	129.502255	130.402255	3.964687	-0.494262
