-155.772995	19.079000	1075.728000	-177.100000	-14.260000	12.000000	33.584704	33.384704	33.684704	3.985136	-0.146724
-155.996994	20.771000	1112.701000	-177.100000	-14.260000	12.000000	31.776799	31.676799	31.976799	3.971539	-0.570991
-154.983002	19.601000	1099.720000	-177.100000	-14.260000	12.000000	34.092500	33.892500	34.192500	3.989357	-0.290700
-159.401001	21.971001	1088.729000	-177.100000	-14.260000	12.000000	34.215363	33.415363	34.915363	3.738920	7.037883
-156.658005	20.891001	1106.710000	-177.100000	-14.260000	12.000000	31.473201	30.873201	32.073201	3.965286	0.046723
-157.270004	21.108999	1103.721000	-177.100000	-14.260000	12.000000	30.544751	29.844751	31.344751	3.945056	0.044234
-154.617798	20.088900	1116.698000	-177.100000	-14.260000	12.000000	34.203697	33.903697	34.403697	3.989299	-0.311976
-155.679398	21.205500	1126.700000	-177.100000	-14.260000	12.000000	32.503358	32.403358	32.703358	3.970477	0.021805
-154.482803	21.001900	1140.687000	-177.100000	-14.260000	12.000000	33.281782	32.781782	33.781782	3.967645	-0.813735
-153.982697	21.519699	1157.705000	-177.100000	-14.260000	12.000000	34.122166	33.722166	34.522166	3.986074	-0.258980
-153.292099	20.892599	1153.696000	-177.100000	-14.260000	12.000000	34.640436	34.440436	34.840436	4.021079	-0.965680
-153.902405	19.979099	1124.690000	-177.100000	-14.260000	12.000000	35.439017	35.139017	35.639017	3.990386	-0.027609
-153.503204	19.495199	1118.696000	-177.100000	-14.260000	12.000000	35.434285	35.234285	35.734285	4.004478	-0.842263
-154.393997	19.262501	1100.700000	-177.100000	-14.260000	12.000000	35.196892	34.996892	35.396892	3.989436	-0.148564
-153.992294	18.797600	1096.700000	-177.100000	-14.260000	12.000000	36.494947	36.294947	36.694947	3.992719	0.332760
-153.295898	18.800900	1106.703000	-177.100000	-14.260000	12.000000	36.409769	36.209769	36.709769	3.999410	-0.598012
-152.132401	18.481400	1117.687000	-177.100000	-14.260000	12.000000	37.444344	37.344344	37.544344	4.058318	-1.173742
-153.290604	17.906200	1086.696000	-177.100000	-14.260000	12.000000	36.856957	36.656957	36.956957	4.010468	-0.799801
-153.700806	17.297501	1067.689000	-177.100000	-14.260000	12.000000	37.754531	37.654531	37.954531	4.011671	0.146527
-154.691299	17.180099	1049.699000	-177.100000	-14.260000	12.000000	37.161531	36.961531	37.361531	4.028434	0.699195
-154.030502	17.988400	1077.687000	-177.100000	-14.260000	12.000000	36.900025	36.700025	37.000025	3.991581	0.208095
-154.495895	18.401699	1079.681000	-177.100000	-14.260000	12.000000	35.855256	35.755256	36.055256	3.991644	0.037667
-154.797394	18.803101	1083.680000	-177.100000	-14.260000	12.000000	34.724915	34.624915	34.924915	3.989448	-0.433838
-155.714996	18.000299	1052.687000	-177.100000	-14.260000	12.000000	34.819709	34.419709	35.219709	3.980849	0.265034
-156.808197	18.404200	1044.698000	-177.100000	-14.260000	12.000000	33.068712	32.968712	33.168712	3.957152	0.227402
-156.167007	18.301001	1051.691000	-177.100000	-14.260000	12.000000	33.578353	33.478353	33.778353	3.962994	-0.177491
-156.465103	18.775000	1057.695000	-177.100000	-14.260000	12.000000	33.483110	33.183110	33.683110	3.958998	0.442991
-157.227295	18.984800	1052.681000	-177.100000	-14.260000	12.000000	31.929380	31.829380	32.129380	3.958074	0.036494
-156.510101	19.477699	1073.704000	-177.100000	-14.260000	12.000000	33.122848	32.822848	33.322848	3.975282	0.610047
-156.932007	19.832701	1076.700000	-177.100000	-14.260000	12.000000	32.895318	32.395318	33.395318	3.938781	1.163987
-157.627594	20.346100	1080.685000	-177.100000	-14.260000	12.000000	30.498856	29.698856	31.198856	3.941079	0.006782
