-155.772995	19.079000	1507.602000	145.060000	42.800000	53.000000
-157.931000	21.646000	1415.591000	145.060000	42.800000	53.000000
-155.996994	20.771000	1472.579000	145.060000	42.800000	53.000000
-154.983002	19.601000	1514.613000	145.060000	42.800000	53.000000
-156.658005	20.891001	1457.599000	145.060000	42.800000	53.000000
-156.755997	21.136000	1450.613000	145.060000	42.800000	53.000000
-154.617798	20.088900	1511.627000	145.060000	42.800000	53.000000
-155.679398	21.205500	1470.579000	145.060000	42.800000	53.000000
-154.994400	21.507000	1478.670000	145.060000	42.800000	53.000000
-154.482803	21.001900	1497.582000	145.060000	42.800000	53.000000
-153.902405	19.979099	1527.643000	145.060000	42.800000	53.000000
-153.503204	19.495199	1543.622000	145.060000	42.800000	53.000000
-154.393997	19.262501	1532.644000	145.060000	42.800000	53.000000
-153.992294	18.797600	1548.630000	145.060000	42.800000	53.000000
-153.295898	18.800900	1561.655000	145.060000	42.800000	53.000000
-152.132401	18.481400	1589.648000	145.060000	42.800000	53.000000
-153.290604	17.906200	1577.647000	145.060000	42.800000	53.000000
-154.691299	17.180099	1561.582000	145.060000	42.800000	53.000000
-154.797394	18.803101	1532.580000	145.060000	42.800000	53.000000
