-155.772995	19.079000	1560.459000	142.050000	38.240000	37.000000	124.316597	123.016597	125.516597	3.964283	0.509976
-154.983002	19.601000	1571.429000	142.050000	38.240000	37.000000	120.904555	119.304555	122.404555	3.993450	-2.610778
-153.982697	21.519699	1558.423000	142.050000	38.240000	37.000000	125.475258	125.075258	125.875258	3.881823	2.989369
-153.292099	20.892599	1582.421000	142.050000	38.240000	37.000000	126.989749	126.489749	127.589749	3.988248	4.137878
-154.393997	19.262501	1589.432000	142.050000	38.240000	37.000000	121.574274	119.974274	123.174274	3.967760	-2.120658
-153.992294	18.797600	1604.435000	142.050000	38.240000	37.000000	123.380566	122.080566	124.780566	3.945685	-0.554695
-153.295898	18.800900	1619.428000	142.050000	38.240000	37.000000	123.445944	122.145944	124.645944	3.939201	-0.486975
-152.132401	18.481400	1649.428000	142.050000	38.240000	37.000000	123.336964	122.136964	124.536964	4.031154	-0.759460
-153.290604	17.906200	1632.434000	142.050000	38.240000	37.000000	123.705773	122.305773	125.005773	3.959951	-0.670753
-153.700806	17.297501	1630.423000	142.050000	38.240000	37.000000	118.946418	118.646418	119.246418	4.071734	-5.734782
-154.030502	17.988400	1614.413000	142.050000	38.240000	37.000000	123.090057	121.990057	124.090057	3.954999	-1.256362
-154.495895	18.401699	1598.435000	142.050000	38.240000	37.000000	124.381044	123.481044	125.381044	3.933303	0.237125
-154.797394	18.803101	1586.418000	142.050000	38.240000	37.000000	124.177162	122.877162	125.477162	3.958169	0.237836
-155.714996	18.000299	1574.432000	142.050000	38.240000	37.000000	117.344458	117.044458	117.544458	4.033705	-7.039859
-156.808197	18.404200	1544.424000	142.050000	38.240000	37.000000	117.744919	117.644919	117.944919	4.020459	-6.462290
-156.167007	18.301001	1560.434000	142.050000	38.240000	37.000000	117.737010	117.437010	117.937010	4.031032	-6.502430
-157.227295	18.984800	1527.412000	142.050000	38.240000	37.000000	117.832655	117.532655	118.132655	4.008177	-6.065386
-156.510101	19.477699	1537.431000	142.050000	38.240000	37.000000	122.581967	121.281967	123.981967	3.945325	-1.017569
-156.932007	19.832701	1523.416000	142.050000	38.240000	37.000000	116.689058	116.389058	116.989058	4.013215	-6.716132
-157.627594	20.346100	1500.418000	142.050000	38.240000	37.000000	116.802355	116.402355	117.202355	4.005193	-6.314065
