-155.772995	19.079000	1695.216000	146.180000	-3.330000	14.000000
-155.996994	20.771000	1700.189000	146.180000	-3.330000	14.000000
-154.983002	19.601000	1719.181000	146.180000	-3.330000	14.000000
-155.710999	20.046000	1703.192000	146.180000	-3.330000	14.000000
-154.617798	20.088900	1731.094000	146.180000	-3.330000	14.000000
-154.482803	21.001900	1740.176000	146.180000	-3.330000	14.000000
-153.292099	20.892599	1768.188000	146.180000	-3.330000	14.000000
-153.902405	19.979099	1748.180000	146.180000	-3.330000	14.000000
-153.503204	19.495199	1754.977000	146.180000	-3.330000	14.000000
-154.393997	19.262501	1732.238000	146.180000	-3.330000	14.000000
-153.992294	18.797600	1739.033000	146.180000	-3.330000	14.000000
-153.295898	18.800900	1756.181000	146.180000	-3.330000	14.000000
-152.132401	18.481400	1783.328000	146.180000	-3.330000	14.000000
-154.495895	18.401699	1723.219000	146.180000	-3.330000	14.000000
-154.797394	18.803101	1718.552000	146.180000	-3.330000	14.000000
-155.714996	18.000299	1689.615000	146.180000	-3.330000	14.000000
-156.808197	18.404200	1665.176000	146.180000	-3.330000	14.000000
-156.167007	18.301001	1680.184000	146.180000	-3.330000	14.000000
-156.465103	18.775000	1676.185000	146.180000	-3.330000	14.000000
-157.227295	18.984800	1658.195000	146.180000	-3.330000	14.000000
-156.510101	19.477699	1678.432000	146.180000	-3.330000	14.000000
-156.932007	19.832701	1669.861000	146.180000	-3.330000	14.000000
-157.627594	20.346100	1656.186000	146.180000	-3.330000	14.000000
