-155.772995	19.079000	1903.770000	-85.560000	11.380000	12.000000	267.938292	267.638292	268.238292	4.050114	2.771438
-153.503204	19.495199	1844.200000	-85.560000	11.380000	12.000000	268.110906	268.010906	268.310906	4.069972	2.086396
-154.393997	19.262501	1867.792000	-85.560000	11.380000	12.000000	268.323672	268.123672	268.623672	4.056270	2.670736
-153.992294	18.797600	1857.327000	-85.560000	11.380000	12.000000	267.485689	267.085689	267.785689	4.051350	1.918098
-153.295898	18.800900	1839.237000	-85.560000	11.380000	12.000000	267.534719	267.134719	267.934719	4.068630	1.763572
-152.132401	18.481400	1810.001000	-85.560000	11.380000	12.000000	267.895141	267.595141	268.195141	4.104082	1.938341
-153.290604	17.906200	1840.937000	-85.560000	11.380000	12.000000	266.654002	266.254002	267.054002	4.066436	1.287899
-153.700806	17.297501	1852.114000	-85.560000	11.380000	12.000000	266.724848	266.624848	266.924848	4.060152	1.741206
-154.691299	17.180099	1877.745000	-85.560000	11.380000	12.000000	266.990293	266.890293	267.190293	4.054089	2.313952
-154.030502	17.988400	1859.093000	-85.560000	11.380000	12.000000	268.107174	267.707174	268.507174	4.057627	2.906473
-154.495895	18.401699	1870.749000	-85.560000	11.380000	12.000000	267.596670	267.196670	268.096670	4.054264	2.345623
-154.797394	18.803101	1877.727000	-85.560000	11.380000	12.000000	266.557561	265.957561	267.257561	4.046269	1.220749
-155.714996	18.000299	1902.686000	-85.560000	11.380000	12.000000	268.072528	267.572528	268.572528	4.053890	3.327685
-156.808197	18.404200	1931.518000	-85.560000	11.380000	12.000000	266.609026	266.209026	267.009026	4.031156	2.007451
-156.167007	18.301001	1914.616000	-85.560000	11.380000	12.000000	267.037868	266.737868	267.437868	4.046654	2.297114
-156.465103	18.775000	1921.733000	-85.560000	11.380000	12.000000	266.973370	266.673370	267.373370	4.045370	2.129713
-157.227295	18.984800	1941.737000	-85.560000	11.380000	12.000000	267.667901	267.367901	268.067901	4.030813	2.964459
