-155.772995	19.079000	1004.959000	-178.300000	51.080000	27.000000
-155.996994	20.771000	958.932000	-178.300000	51.080000	27.000000
-154.983002	19.601000	999.955000	-178.300000	51.080000	27.000000
-155.710999	20.046000	981.936000	-178.300000	51.080000	27.000000
-159.401001	21.971001	890.960000	-178.300000	51.080000	27.000000
-156.658005	20.891001	948.933000	-178.300000	51.080000	27.000000
-157.270004	21.108999	936.952000	-178.300000	51.080000	27.000000
-154.617798	20.088900	990.821000	-178.300000	51.080000	27.000000
-154.994400	21.507000	950.286000	-178.300000	51.080000	27.000000
-154.482803	21.001900	969.919000	-178.300000	51.080000	27.000000
-153.902405	19.979099	1000.925000	-178.300000	51.080000	27.000000
-154.393997	19.262501	1013.981000	-178.300000	51.080000	27.000000
-153.295898	18.800900	1036.197000	-178.300000	51.080000	27.000000
-153.290604	17.906200	1059.050000	-178.300000	51.080000	27.000000
-153.700806	17.297501	1071.181000	-178.300000	51.080000	27.000000
-154.691299	17.180099	1063.918000	-178.300000	51.080000	27.000000
-154.495895	18.401699	1034.960000	-178.300000	51.080000	27.000000
-154.797394	18.803101	1022.102000	-178.300000	51.080000	27.000000
-155.714996	18.000299	1032.403000	-178.300000	51.080000	27.000000
-156.808197	18.404200	1009.381000	-178.300000	51.080000	27.000000
-156.167007	18.301001	1020.368000	-178.300000	51.080000	27.000000
-157.627594	20.346100	951.259000	-178.300000	51.080000	27.000000
-155.679398	21.205500	950.568000	-178.300000	51.080000	27.000000
-153.503204	19.495199	1016.691000	-178.300000	51.080000	27.000000
-153.992294	18.797600	1029.754000	-178.300000	51.080000	27.000000
-154.030502	17.988400	1050.648000	-178.300000	51.080000	27.000000
-156.465103	18.775000	1004.622000	-178.300000	51.080000	27.000000
