-155.772995	19.079000	1719.489000	146.960000	-6.450000	28.000000	71.723105	70.923105	72.623105	4.036864	0.353389
-155.996994	20.771000	1728.462000	146.960000	-6.450000	28.000000	70.035596	69.635596	70.535596	3.974460	-0.373758
-154.983002	19.601000	1744.451000	146.960000	-6.450000	28.000000	70.832394	69.532394	72.032394	4.018239	-0.664023
-156.658005	20.891001	1712.462000	146.960000	-6.450000	28.000000	70.670709	70.370709	70.970709	3.962637	0.667875
-157.270004	21.108999	1698.483000	146.960000	-6.450000	28.000000	71.613188	71.313188	71.913188	3.943132	2.048094
-156.755997	21.136000	1711.483000	146.960000	-6.450000	28.000000	71.673723	71.273723	71.973723	3.967635	1.846760
-154.617798	20.088900	1757.458000	146.960000	-6.450000	28.000000	69.335775	68.435775	70.335775	3.989426	-2.104563
-155.679398	21.205500	1739.445000	146.960000	-6.450000	28.000000	71.086281	70.786281	71.386281	3.988335	0.724676
-154.482803	21.001900	1768.448000	146.960000	-6.450000	28.000000	69.514718	69.014718	70.014718	3.972319	-1.561420
-153.982697	21.519699	1782.455000	146.960000	-6.450000	28.000000	72.537730	72.137730	72.937730	4.059224	1.445772
-153.902405	19.979099	1773.539000	146.960000	-6.450000	28.000000	70.088600	69.188600	70.988600	4.014525	-1.754004
-153.503204	19.495199	1779.093000	146.960000	-6.450000	28.000000	71.429850	70.229850	72.529850	4.062056	-0.829089
-154.393997	19.262501	1754.511000	146.960000	-6.450000	28.000000	71.388754	70.588754	72.188754	4.039975	-0.556343
-153.992294	18.797600	1758.182000	146.960000	-6.450000	28.000000	69.814383	69.214383	70.314383	4.046258	-2.542760
-153.295898	18.800900	1774.448000	146.960000	-6.450000	28.000000	68.531740	67.931740	69.231740	4.087627	-4.146103
-153.290604	17.906200	1766.463000	146.960000	-6.450000	28.000000	67.985498	67.785498	68.185498	4.021927	-5.113459
-154.030502	17.988400	1749.023000	146.960000	-6.450000	28.000000	67.966491	67.666491	68.266491	4.010208	-4.761879
-154.797394	18.803101	1739.466000	146.960000	-6.450000	28.000000	71.046665	70.546665	71.546665	4.025312	-0.929728
-155.714996	18.000299	1708.133000	146.960000	-6.450000	28.000000	69.205070	68.805070	69.605070	3.973401	-2.742562
-156.808197	18.404200	1685.450000	146.960000	-6.450000	28.000000	70.493194	69.993194	70.893194	3.972918	-0.721522
-156.167007	18.301001	1700.459000	146.960000	-6.450000	28.000000	70.426922	70.026922	70.826922	3.992279	-1.151359
-156.465103	18.775000	1699.460000	146.960000	-6.450000	28.000000	71.811577	71.111577	72.611577	4.038395	0.624141
-157.227295	18.984800	1682.472000	146.960000	-6.450000	28.000000	71.615012	70.715012	72.415012	4.028584	0.915885
-156.510101	19.477699	1704.461000	146.960000	-6.450000	28.000000	70.338145	69.538145	71.238145	4.005386	-0.462781
-156.932007	19.832701	1696.458000	146.960000	-6.450000	28.000000	70.105641	69.505641	70.705641	3.950933	-0.297200
-157.627594	20.346100	1683.450000	146.960000	-6.450000	28.000000	69.998499	69.598499	70.398499	3.921289	0.227361
