-155.772995	19.079000	2076.273000	-135.910000	-54.570000	15.000000	350.737460	350.237460	351.237460	3.991141	2.471543
-155.996994	20.771000	2124.296000	-135.910000	-54.570000	15.000000	350.979972	350.179972	351.679972	3.948445	2.756975
-155.710999	20.046000	2102.292000	-135.910000	-54.570000	15.000000	351.398321	350.998321	351.898321	3.970971	3.048779
-156.658005	20.891001	2129.303000	-135.910000	-54.570000	15.000000	350.886162	350.386162	351.386162	3.949687	3.027687
-156.755997	21.136000	2136.307000	-135.910000	-54.570000	15.000000	351.047467	350.647467	351.447467	3.953450	3.232410
-154.617798	20.088900	2098.277000	-135.910000	-54.570000	15.000000	351.842645	351.442645	352.142645	3.985822	2.873141
-155.679398	21.205500	2134.287000	-135.910000	-54.570000	15.000000	351.667540	351.167540	352.167540	3.947455	3.246691
-154.482803	21.001900	2126.275000	-135.910000	-54.570000	15.000000	354.448597	353.848597	355.148597	3.902728	5.361826
-153.982697	21.519699	2134.280000	-135.910000	-54.570000	15.000000	350.016735	349.616735	350.416735	4.004412	0.625117
-153.902405	19.979099	2092.281000	-135.910000	-54.570000	15.000000	351.201032	350.901032	351.601032	3.997400	1.829891
-153.503204	19.495199	2078.289000	-135.910000	-54.570000	15.000000	351.990845	351.690845	352.390845	3.985824	2.414073
-153.992294	18.797600	2060.275000	-135.910000	-54.570000	15.000000	351.988828	351.588828	352.388828	3.979895	2.725414
-153.295898	18.800900	2058.293000	-135.910000	-54.570000	15.000000	352.160687	351.860687	352.560687	3.999327	2.498094
-152.132401	18.481400	2046.293000	-135.910000	-54.570000	15.000000	353.629136	353.529136	353.729136	4.052205	3.311094
-153.290604	17.906200	2034.284000	-135.910000	-54.570000	15.000000	352.698816	352.398816	352.998816	4.017813	3.078022
-153.700806	17.297501	2019.273000	-135.910000	-54.570000	15.000000	352.682617	352.282617	352.982617	4.037018	3.330578
-154.691299	17.180099	2019.291000	-135.910000	-54.570000	15.000000	351.790619	351.490619	351.990619	4.025595	3.014081
-154.030502	17.988400	2038.271000	-135.910000	-54.570000	15.000000	352.595053	352.195053	352.995053	3.960778	3.395195
-154.495895	18.401699	2051.291000	-135.910000	-54.570000	15.000000	352.125711	351.725711	352.625711	3.974763	3.170263
-154.797394	18.803101	2064.290000	-135.910000	-54.570000	15.000000	352.115494	351.715494	352.515494	3.975892	3.310960
-156.808197	18.404200	2060.275000	-135.910000	-54.570000	15.000000	351.501016	351.201016	351.701016	3.960919	3.855011
-156.167007	18.301001	2055.283000	-135.910000	-54.570000	15.000000	351.394308	351.194308	351.694308	3.957970	3.393020
-157.227295	18.984800	2077.274000	-135.910000	-54.570000	15.000000	352.129907	351.829907	352.329907	3.929282	4.686311
-156.510101	19.477699	2089.275000	-135.910000	-54.570000	15.000000	351.020430	350.720430	351.320430	3.963852	3.148702
-157.627594	20.346100	2116.293000	-135.910000	-54.570000	15.000000	352.957781	352.657781	353.257781	3.948811	5.665759
