-155.772995	19.079000	1530.659000	153.190000	-4.530000	54.000000
-157.931000	21.646000	1498.646000	153.190000	-4.530000	54.000000
-155.996994	20.771000	1541.637000	153.190000	-4.530000	54.000000
-154.983002	19.601000	1556.636000	153.190000	-4.530000	54.000000
-156.658005	20.891001	1526.654000	153.190000	-4.530000	54.000000
-156.755997	21.136000	1525.669000	153.190000	-4.530000	54.000000
-154.617798	20.088900	1569.653000	153.190000	-4.530000	54.000000
-155.679398	21.205500	1553.653000	153.190000	-4.530000	54.000000
-153.292099	20.892599	1607.639000	153.190000	-4.530000	54.000000
-153.902405	19.979099	1585.704000	153.190000	-4.530000	54.000000
-153.503204	19.495199	1589.621000	153.190000	-4.530000	54.000000
-154.393997	19.262501	1565.651000	153.190000	-4.530000	54.000000
-153.992294	18.797600	1569.640000	153.190000	-4.530000	54.000000
-153.295898	18.800900	1585.756000	153.190000	-4.530000	54.000000
-152.132401	18.481400	1610.652000	153.190000	-4.530000	54.000000
-153.290604	17.906200	1577.717000	153.190000	-4.530000	54.000000
-153.700806	17.297501	1562.513000	153.190000	-4.530000	54.000000
-154.691299	17.180099	1537.643000	153.190000	-4.530000	54.000000
-154.030502	17.988400	1560.620000	153.190000	-4.530000	54.000000
-154.495895	18.401699	1553.694000	153.190000	-4.530000	54.000000
-154.797394	18.803101	1550.641000	153.190000	-4.530000	54.000000
-155.714996	18.000299	1519.643000	153.190000	-4.530000	54.000000
-156.808197	18.404200	1497.570000	153.190000	-4.530000	54.000000
-156.167007	18.301001	1511.633000	153.190000	-4.530000	54.000000
-156.465103	18.775000	1510.635000	153.190000	-4.530000	54.000000
-157.227295	18.984800	1493.654000	153.190000	-4.530000	54.000000
-156.510101	19.477699	1516.643000	153.190000	-4.530000	54.000000
-156.932007	19.832701	1509.639000	153.190000	-4.530000	54.000000
-157.627594	20.346100	1497.631000	153.190000	-4.530000	54.000000
