-155.772995	19.079000	1697.204000	-111.650000	-23.870000	12.000000
-155.996994	20.771000	1733.176000	-111.650000	-23.870000	12.000000
-154.983002	19.601000	1692.162000	-111.650000	-23.870000	12.000000
-156.658005	20.891001	1748.199000	-111.650000	-23.870000	12.000000
-157.270004	21.108999	1764.197000	-111.650000	-23.870000	12.000000
-154.617798	20.088900	1694.166000	-111.650000	-23.870000	12.000000
-155.679398	21.205500	1735.158000	-111.650000	-23.870000	12.000000
-154.482803	21.001900	1711.162000	-111.650000	-23.870000	12.000000
-153.982697	21.519699	1712.170000	-111.650000	-23.870000	12.000000
-153.902405	19.979099	1679.161000	-111.650000	-23.870000	12.000000
-154.393997	19.262501	1673.225000	-111.650000	-23.870000	12.000000
-153.295898	18.800900	1645.169000	-111.650000	-23.870000	12.000000
-152.132401	18.481400	1618.160000	-111.650000	-23.870000	12.000000
-153.290604	17.906200	1629.177000	-111.650000	-23.870000	12.000000
-154.691299	17.180099	1640.180000	-111.650000	-23.870000	12.000000
-154.030502	17.988400	1643.158000	-111.650000	-23.870000	12.000000
-154.495895	18.401699	1660.162000	-111.650000	-23.870000	12.000000
-156.808197	18.404200	1703.175000	-111.650000	-23.870000	12.000000
-156.167007	18.301001	1689.178000	-111.650000	-23.870000	12.000000
-156.465103	18.775000	1704.157000	-111.650000	-23.870000	12.000000
-157.227295	18.984800	1722.186000	-111.650000	-23.870000	12.000000
-156.932007	19.832701	1733.177000	-111.650000	-23.870000	12.000000
-153.503204	19.495199	1661.700000	-111.650000	-23.870000	12.000000
-153.992294	18.797600	1658.813000	-111.650000	-23.870000	12.000000
-153.700806	17.297501	1623.742000	-111.650000	-23.870000	12.000000
-157.627594	20.346100	1756.753000	-111.650000	-23.870000	12.000000
