-157.931000	21.646000	1492.635000	141.200000	33.370000	33.000000	107.131483	103.831483	110.531483	3.659372	-9.215746
-155.996994	20.771000	1547.649000	141.200000	33.370000	33.000000	113.197419	112.997419	113.397419	4.016692	-3.830215
-154.983002	19.601000	1585.664000	141.200000	33.370000	33.000000	112.912259	112.212259	113.712259	4.046270	-4.852628
-159.401001	21.971001	1446.678000	141.200000	33.370000	33.000000	109.616422	103.216422	116.116422	3.639225	-6.411909
-156.658005	20.891001	1530.666000	141.200000	33.370000	33.000000	112.105879	110.905879	113.205879	3.884731	-4.802667
-157.270004	21.108999	1513.670000	141.200000	33.370000	33.000000	111.082541	109.582541	112.782541	3.828335	-5.649901
-154.617798	20.088900	1588.415000	141.200000	33.370000	33.000000	112.914073	112.614073	113.114073	4.047932	-4.603993
-153.902405	19.979099	1605.732000	141.200000	33.370000	33.000000	113.862749	113.662749	113.962749	4.067583	-3.768329
-153.295898	18.800900	1633.089000	141.200000	33.370000	33.000000	114.262541	113.962541	114.562541	4.093090	-4.031524
-152.132401	18.481400	1663.880000	141.200000	33.370000	33.000000	114.581985	114.281985	114.881985	4.121750	-3.944687
-153.290604	17.906200	1643.825000	141.200000	33.370000	33.000000	114.968590	114.668590	115.368590	4.098433	-3.781814
-154.691299	17.180099	1618.655000	141.200000	33.370000	33.000000	114.852799	114.652799	114.952799	4.087737	-4.224492
-155.714996	18.000299	1585.482000	141.200000	33.370000	33.000000	114.862908	114.662908	114.962908	4.047435	-3.754234
-156.808197	18.404200	1554.582000	141.200000	33.370000	33.000000	114.229440	114.029440	114.329440	4.024506	-4.135673
-156.465103	18.775000	1558.894000	141.200000	33.370000	33.000000	114.456267	114.256267	114.656267	4.044979	-3.705916
-156.510101	19.477699	1550.110000	141.200000	33.370000	33.000000	114.038726	113.738726	114.438726	4.042836	-3.716284
-157.627594	20.346100	1513.221000	141.200000	33.370000	33.000000	113.893955	112.393955	115.393955	3.882915	-3.287642
