-155.772995	19.079000	1537.448000	153.600000	-5.810000	28.000000	66.957280	66.557280	67.457280	4.020031	-1.606002
-157.931000	21.646000	1512.469000	153.600000	-5.810000	28.000000	66.522534	66.422534	66.722534	3.929734	0.895199
-155.996994	20.771000	1550.455000	153.600000	-5.810000	28.000000	65.668487	65.268487	65.968487	3.987979	-1.704255
-154.983002	19.601000	1562.467000	153.600000	-5.810000	28.000000	66.499184	65.899184	67.099184	4.027809	-2.181917
-155.710999	20.046000	1549.452000	153.600000	-5.810000	28.000000	66.098759	65.698759	66.598759	3.996933	-1.892075
-159.401001	21.971001	1481.454000	153.600000	-5.810000	28.000000	65.450540	65.050540	65.950540	3.938316	0.994947
-156.658005	20.891001	1535.455000	153.600000	-5.810000	28.000000	66.645029	66.245029	66.945029	3.945958	-0.255210
-159.664993	22.122999	1476.430000	153.600000	-5.810000	28.000000	66.348871	65.848871	66.848871	4.013658	2.171134
-156.755997	21.136000	1535.433000	153.600000	-5.810000	28.000000	66.628573	66.328573	66.828573	3.934393	-0.057902
-155.679398	21.205500	1562.487000	153.600000	-5.810000	28.000000	65.924197	65.724197	66.224197	3.991521	-1.371695
-154.482803	21.001900	1590.434000	153.600000	-5.810000	28.000000	64.553106	63.953106	65.153106	3.988159	-3.569898
-153.982697	21.519699	1604.829000	153.600000	-5.810000	28.000000	67.290810	66.990810	67.690810	4.055780	-0.820787
-153.292099	20.892599	1615.857000	153.600000	-5.810000	28.000000	65.953398	65.653398	66.353398	4.045721	-2.913005
-153.503204	19.495199	1595.780000	153.600000	-5.810000	28.000000	67.207807	66.807807	67.607807	4.070718	-2.352063
-152.132401	18.481400	1616.749000	153.600000	-5.810000	28.000000	67.444709	67.244709	67.544709	4.109575	-3.421480
-153.700806	17.297501	1567.453000	153.600000	-5.810000	28.000000	67.986297	67.686297	68.186297	4.056589	-2.792865
-154.691299	17.180099	1542.455000	153.600000	-5.810000	28.000000	67.941514	67.741514	68.141514	4.052635	-2.408849
-154.495895	18.401699	1559.445000	153.600000	-5.810000	28.000000	66.838045	66.638045	67.138045	4.039481	-2.848896
-154.797394	18.803101	1557.730000	153.600000	-5.810000	28.000000	67.767358	67.467358	68.167358	4.040194	-1.508728
-156.167007	18.301001	1518.506000	153.600000	-5.810000	28.000000	66.873238	66.573238	67.073238	4.003381	-1.970360
-157.227295	18.984800	1500.449000	153.600000	-5.810000	28.000000	66.640530	66.340530	66.940530	3.991721	-1.152422
-156.932007	19.832701	1517.389000	153.600000	-5.810000	28.000000	66.709930	66.209930	67.209930	3.938988	-0.701123
-153.992294	18.797600	1575.931000	153.600000	-5.810000	28.000000	67.092458	66.792458	67.292458	4.041097	-2.620984
-153.295898	18.800900	1592.037000	153.600000	-5.810000	28.000000	66.657459	66.257459	66.957459	4.079712	-3.422790
-156.808197	18.404200	1503.940000	153.600000	-5.810000	28.000000	66.384339	66.184339	66.584339	4.004757	-2.033267
-156.510101	19.477699	1524.071000	153.600000	-5.810000	28.000000	66.594500	65.994500	67.094500	4.009642	-1.292888
-157.627594	20.346100	1506.228000	153.600000	-5.810000	28.000000	66.419315	65.919315	66.919315	3.887478	-0.239219
