-155.772995	19.079000	1593.022000	-113.690000	-21.000000	15.200000	313.203812	313.003812	313.403812	4.026789	1.113426
-155.996994	20.771000	1630.001000	-113.690000	-21.000000	15.200000	313.508034	313.408034	313.608034	3.993352	0.805161
-154.983002	19.601000	1588.031000	-113.690000	-21.000000	15.200000	313.658721	313.458721	313.858721	4.029662	0.737975
-154.617798	20.088900	1589.991000	-113.690000	-21.000000	15.200000	313.560710	313.260710	313.760710	4.029898	0.136919
-155.679398	21.205500	1631.876000	-113.690000	-21.000000	15.200000	313.616035	313.416035	313.716035	3.993138	0.484520
-154.994400	21.507000	1625.201000	-113.690000	-21.000000	15.200000	314.485523	314.285523	314.585523	3.989874	0.705028
-154.482803	21.001900	1606.003000	-113.690000	-21.000000	15.200000	314.645792	314.545792	314.745792	4.003995	0.700733
-153.982697	21.519699	1607.999000	-113.690000	-21.000000	15.200000	316.367412	316.267412	316.567412	4.003610	1.804604
-153.292099	20.892599	1582.770000	-113.690000	-21.000000	15.200000	316.275687	316.175687	316.475687	4.045914	1.458554
-153.902405	19.979099	1575.072000	-113.690000	-21.000000	15.200000	314.318971	314.218971	314.418971	4.029407	0.400990
-153.503204	19.495199	1557.937000	-113.690000	-21.000000	15.200000	314.013998	313.813998	314.313998	4.023593	0.019212
-153.992294	18.797600	1553.967000	-113.690000	-21.000000	15.200000	313.921805	313.721805	314.221805	4.029737	0.640571
-152.132401	18.481400	1514.106000	-113.690000	-21.000000	15.200000	315.331751	315.231751	315.531751	4.084303	0.767103
-153.290604	17.906200	1525.093000	-113.690000	-21.000000	15.200000	313.689468	313.189468	314.189468	4.065973	0.318879
-154.691299	17.180099	1537.015000	-113.690000	-21.000000	15.200000	312.636949	312.536949	312.836949	4.048235	0.689010
-154.030502	17.988400	1539.928000	-113.690000	-21.000000	15.200000	313.276940	313.176940	313.476940	4.049679	0.426623
-154.495895	18.401699	1556.056000	-113.690000	-21.000000	15.200000	313.680658	313.480658	313.880658	4.029459	0.973606
-154.797394	18.803101	1569.285000	-113.690000	-21.000000	15.200000	313.602296	313.402296	313.802296	4.029504	0.924000
-155.714996	18.000299	1572.232000	-113.690000	-21.000000	15.200000	312.090471	311.890471	312.190471	4.031631	0.477838
-156.808197	18.404200	1600.828000	-113.690000	-21.000000	15.200000	311.735820	311.635820	311.835820	4.015801	0.710773
-156.167007	18.301001	1587.015000	-113.690000	-21.000000	15.200000	311.519380	311.419380	311.619380	4.029716	0.086308
-156.465103	18.775000	1601.313000	-113.690000	-21.000000	15.200000	311.818919	311.718919	311.918919	4.026118	0.373367
-157.227295	18.984800	1620.022000	-113.690000	-21.000000	15.200000	311.344987	311.244987	311.444987	4.015351	0.343730
-156.510101	19.477699	1615.147000	-113.690000	-21.000000	15.200000	312.405273	312.305273	312.505273	4.006769	0.663882
-156.932007	19.832701	1630.002000	-113.690000	-21.000000	15.200000	312.006465	312.006465	312.106465	3.997394	0.406294
