-155.772995	19.079000	900.021000	-126.760000	40.640000	16.200000
-157.931000	21.646000	886.010000	-126.760000	40.640000	16.200000
-155.996994	20.771000	868.995000	-126.760000	40.640000	16.200000
-154.983002	19.601000	875.995000	-126.760000	40.640000	16.200000
-159.401001	21.971001	902.023000	-126.760000	40.640000	16.200000
-156.658005	20.891001	879.002000	-126.760000	40.640000	16.200000
-157.270004	21.108999	885.014000	-126.760000	40.640000	16.200000
-156.755997	21.136000	875.012000	-126.760000	40.640000	16.200000
-154.617798	20.088900	858.995000	-126.760000	40.640000	16.200000
-155.679398	21.205500	853.973000	-126.760000	40.640000	16.200000
-154.482803	21.001900	838.980000	-126.760000	40.640000	16.200000
-153.982697	21.519699	818.979000	-126.760000	40.640000	16.200000
-153.292099	20.892599	819.977000	-126.760000	40.640000	16.200000
-153.902405	19.979099	848.998000	-126.760000	40.640000	16.200000
-153.503204	19.495199	852.989000	-126.760000	40.640000	16.200000
-154.393997	19.262501	872.993000	-126.760000	40.640000	16.200000
-153.992294	18.797600	875.985000	-126.760000	40.640000	16.200000
-153.295898	18.800900	864.983000	-126.760000	40.640000	16.200000
-152.132401	18.481400	852.978000	-126.760000	40.640000	16.200000
-153.290604	17.906200	883.978000	-126.760000	40.640000	16.200000
-153.700806	17.297501	903.988000	-126.760000	40.640000	16.200000
-154.691299	17.180099	921.997000	-126.760000	40.640000	16.200000
-154.030502	17.988400	893.985000	-126.760000	40.640000	16.200000
-154.495895	18.401699	891.985000	-126.760000	40.640000	16.200000
-154.797394	18.803101	888.977000	-126.760000	40.640000	16.200000
-155.714996	18.000299	921.997000	-126.760000	40.640000	16.200000
-156.808197	18.404200	932.975000	-126.760000	40.640000	16.200000
-156.167007	18.301001	923.994000	-126.760000	40.640000	16.200000
-156.465103	18.775000	918.981000	-126.760000	40.640000	16.200000
-157.227295	18.984800	927.991000	-126.760000	40.640000	16.200000
-156.510101	19.477699	904.999000	-126.760000	40.640000	16.200000
-156.932007	19.832701	904.982000	-126.760000	40.640000	16.200000
-157.627594	20.346100	906.996000	-126.760000	40.640000	16.200000
