-157.931000	21.646000	1507.916000	153.150000	-4.800000	61.000000	68.337893	67.137893	69.537893	3.779900	1.369045
-155.996994	20.771000	1546.887000	153.150000	-4.800000	61.000000	70.649204	70.049204	71.249204	4.014091	1.951285
-154.983002	19.601000	1560.870000	153.150000	-4.800000	61.000000	71.168894	70.168894	72.168894	4.088067	1.166502
-159.401001	21.971001	1470.916000	153.150000	-4.800000	61.000000	70.896116	69.496116	72.396116	3.857895	5.083713
-156.658005	20.891001	1531.874000	153.150000	-4.800000	61.000000	71.339962	70.139962	72.539962	3.983360	3.107391
-157.270004	21.108999	1517.909000	153.150000	-4.800000	61.000000	71.033524	70.233524	71.833524	3.950672	3.308594
-156.755997	21.136000	1530.906000	153.150000	-4.800000	61.000000	71.022797	70.322797	71.822797	3.957640	3.004836
-155.679398	21.205500	1558.301000	153.150000	-4.800000	61.000000	70.592335	70.192335	70.892335	4.014870	1.978895
-154.482803	21.001900	1586.873000	153.150000	-4.800000	61.000000	70.095844	68.895844	71.295844	3.995302	0.667993
-153.982697	21.519699	1602.146000	153.150000	-4.800000	61.000000	71.816454	71.416454	72.116454	4.025062	2.409773
-153.292099	20.892599	1612.908000	153.150000	-4.800000	61.000000	68.370009	67.370009	69.370009	4.054087	-1.788231
-153.902405	19.979099	1590.968000	153.150000	-4.800000	61.000000	70.855824	69.255824	72.555824	4.106076	0.494610
-152.132401	18.481400	1615.095000	153.150000	-4.800000	61.000000	68.057288	67.557288	68.457288	4.208759	-4.101248
-156.510101	19.477699	1522.288000	153.150000	-4.800000	61.000000	71.502722	71.302722	71.702722	4.002013	2.272970
-156.932007	19.832701	1515.259000	153.150000	-4.800000	61.000000	72.724339	72.124339	73.224339	3.982004	3.968170
-154.617798	20.088900	1574.693000	153.150000	-4.800000	61.000000	70.561726	68.961726	72.261726	4.073109	0.658497
-157.627594	20.346100	1502.385000	153.150000	-4.800000	61.000000	72.144411	71.444411	72.944411	3.958993	4.135941
