-155.772995	19.079000	2623.845000	-80.680000	-44.910000	17.000000
-157.931000	21.646000	2715.828000	-80.680000	-44.910000	17.000000
-155.996994	20.771000	2662.818000	-80.680000	-44.910000	17.000000
-154.983002	19.601000	2620.806000	-80.680000	-44.910000	17.000000
-159.401001	21.971001	2742.846000	-80.680000	-44.910000	17.000000
-156.658005	20.891001	2677.800000	-80.680000	-44.910000	17.000000
-157.270004	21.108999	2692.837000	-80.680000	-44.910000	17.000000
-156.755997	21.136000	2684.836000	-80.680000	-44.910000	17.000000
-155.679398	21.205500	2666.804000	-80.680000	-44.910000	17.000000
-154.482803	21.001900	2642.803000	-80.680000	-44.910000	17.000000
-153.982697	21.519699	2642.076000	-80.680000	-44.910000	17.000000
-153.503204	19.495199	2593.415000	-80.680000	-44.910000	17.000000
-153.992294	18.797600	2586.512000	-80.680000	-44.910000	17.000000
-153.290604	17.906200	2556.976000	-80.680000	-44.910000	17.000000
-153.700806	17.297501	2551.600000	-80.680000	-44.910000	17.000000
-154.030502	17.988400	2571.339000	-80.680000	-44.910000	17.000000
-154.797394	18.803101	2600.903000	-80.680000	-44.910000	17.000000
-156.932007	19.832701	2659.811000	-80.680000	-44.910000	17.000000
-157.627594	20.346100	2682.315000	-80.680000	-44.910000	17.000000
