-155.772995	19.079000	1037.256000	-131.410000	51.400000	12.000000
-157.931000	21.646000	998.225000	-131.410000	51.400000	12.000000
-155.996994	20.771000	997.229000	-131.410000	51.400000	12.000000
-154.983002	19.601000	1014.239000	-131.410000	51.400000	12.000000
-159.401001	21.971001	1004.257000	-131.410000	51.400000	12.000000
-156.658005	20.891001	1002.212000	-131.410000	51.400000	12.000000
-157.270004	21.108999	1004.251000	-131.410000	51.400000	12.000000
-156.755997	21.136000	997.248000	-131.410000	51.400000	12.000000
-154.617798	20.088900	998.219000	-131.410000	51.400000	12.000000
-155.679398	21.205500	982.215000	-131.410000	51.400000	12.000000
-154.482803	21.001900	975.216000	-131.410000	51.400000	12.000000
-153.982697	21.519699	955.479000	-131.410000	51.400000	12.000000
-153.292099	20.892599	964.289000	-131.410000	51.400000	12.000000
-153.902405	19.979099	993.307000	-131.410000	51.400000	12.000000
-153.992294	18.797600	1023.940000	-131.410000	51.400000	12.000000
-153.295898	18.800900	1017.602000	-131.410000	51.400000	12.000000
-152.132401	18.481400	1015.429000	-131.410000	51.400000	12.000000
-153.290604	17.906200	1040.382000	-131.410000	51.400000	12.000000
-153.700806	17.297501	1059.065000	-131.410000	51.400000	12.000000
-154.691299	17.180099	1072.212000	-131.410000	51.400000	12.000000
-154.030502	17.988400	1044.773000	-131.410000	51.400000	12.000000
-154.495895	18.401699	1039.247000	-131.410000	51.400000	12.000000
-154.797394	18.803101	1032.438000	-131.410000	51.400000	12.000000
-155.714996	18.000299	1062.924000	-131.410000	51.400000	12.000000
-156.808197	18.404200	1066.360000	-131.410000	51.400000	12.000000
-156.167007	18.301001	1061.872000	-131.410000	51.400000	12.000000
-156.465103	18.775000	1053.263000	-131.410000	51.400000	12.000000
-157.227295	18.984800	1056.222000	-131.410000	51.400000	12.000000
-156.510101	19.477699	1036.215000	-131.410000	51.400000	12.000000
-156.932007	19.832701	1032.228000	-131.410000	51.400000	12.000000
-157.627594	20.346100	1027.234000	-131.410000	51.400000	12.000000
