-154.617798	20.088900	2110.392000	-132.310000	-54.410000	12.000000
-155.679398	21.205500	2146.501000	-132.310000	-54.410000	12.000000
-154.994400	21.507000	2151.485000	-132.310000	-54.410000	12.000000
-154.482803	21.001900	2135.483000	-132.310000	-54.410000	12.000000
-153.982697	21.519699	2145.672000	-132.310000	-54.410000	12.000000
-153.292099	20.892599	2125.486000	-132.310000	-54.410000	12.000000
-153.902405	19.979099	2103.564000	-132.310000	-54.410000	12.000000
-153.503204	19.495199	2089.269000	-132.310000	-54.410000	12.000000
-154.393997	19.262501	2087.544000	-132.310000	-54.410000	12.000000
-153.992294	18.797600	2072.328000	-132.310000	-54.410000	12.000000
-153.295898	18.800900	2069.499000	-132.310000	-54.410000	12.000000
-153.290604	17.906200	2045.610000	-132.310000	-54.410000	12.000000
-153.700806	17.297501	2030.486000	-132.310000	-54.410000	12.000000
-154.691299	17.180099	2032.489000	-132.310000	-54.410000	12.000000
-154.030502	17.988400	2050.227000	-132.310000	-54.410000	12.000000
-154.495895	18.401699	2064.524000	-132.310000	-54.410000	12.000000
-157.627594	20.346100	2133.484000	-132.310000	-54.410000	12.000000
