-155.772995	19.079000	2150.685000	-80.950000	-1.530000	16.000000	280.376602	280.076602	280.676602	4.013986	3.826459
-154.983002	19.601000	2132.675000	-80.950000	-1.530000	16.000000	280.401620	280.201620	280.601620	4.031077	3.437126
-154.393997	19.262501	2115.728000	-80.950000	-1.530000	16.000000	280.224452	280.024452	280.524452	4.031068	3.134673
-153.992294	18.797600	2102.698000	-80.950000	-1.530000	16.000000	279.994834	279.394834	280.594834	4.030973	2.887442
-153.295898	18.800900	2085.677000	-80.950000	-1.530000	16.000000	281.284500	280.884500	281.684500	4.033079	3.928187
-152.132401	18.481400	2054.737000	-80.950000	-1.530000	16.000000	281.404345	280.804345	282.004345	4.081443	3.727970
-154.691299	17.180099	2113.689000	-80.950000	-1.530000	16.000000	279.548567	279.448567	279.748567	4.032966	3.117135
-154.030502	17.988400	2099.696000	-80.950000	-1.530000	16.000000	281.356586	280.956586	281.756586	4.026399	4.485822
-154.495895	18.401699	2113.725000	-80.950000	-1.530000	16.000000	281.027415	280.427415	281.527415	4.030606	4.204007
-155.714996	18.000299	2143.758000	-80.950000	-1.530000	16.000000	279.778725	279.678725	279.978725	4.012976	3.473733
-156.808197	18.404200	2173.687000	-80.950000	-1.530000	16.000000	279.976839	279.776839	280.276839	4.006844	3.944031
-156.167007	18.301001	2156.751000	-80.950000	-1.530000	16.000000	279.938188	279.738188	280.138188	4.013692	3.712344
-156.465103	18.775000	2166.666000	-80.950000	-1.530000	16.000000	279.890952	279.590952	280.190952	4.013546	3.655283
-157.227295	18.984800	2187.664000	-80.950000	-1.530000	16.000000	279.325935	279.125935	279.525935	4.001982	3.306997
-156.510101	19.477699	2171.736000	-80.950000	-1.530000	16.000000	280.603340	280.203340	280.903340	4.014953	4.220632
-156.932007	19.832701	2183.706000	-80.950000	-1.530000	16.000000	279.520176	279.420176	279.720176	3.998623	3.208868
