-155.772995	19.079000	946.777000	-169.040000	52.000000	15.000000
-157.931000	21.646000	861.789000	-169.040000	52.000000	15.000000
-155.996994	20.771000	898.783000	-169.040000	52.000000	15.000000
-155.710999	20.046000	920.779000	-169.040000	52.000000	15.000000
-159.401001	21.971001	844.786000	-169.040000	52.000000	15.000000
-156.658005	20.891001	891.760000	-169.040000	52.000000	15.000000
-159.664993	22.122999	839.805000	-169.040000	52.000000	15.000000
-156.755997	21.136000	883.760000	-169.040000	52.000000	15.000000
-155.679398	21.205500	887.776000	-169.040000	52.000000	15.000000
-154.482803	21.001900	903.761000	-169.040000	52.000000	15.000000
-153.982697	21.519699	890.779000	-169.040000	52.000000	15.000000
-153.292099	20.892599	912.756000	-169.040000	52.000000	15.000000
-153.902405	19.979099	932.780000	-169.040000	52.000000	15.000000
-153.503204	19.495199	947.756000	-169.040000	52.000000	15.000000
-153.992294	18.797600	962.780000	-169.040000	52.000000	15.000000
-153.295898	18.800900	967.766000	-169.040000	52.000000	15.000000
-152.132401	18.481400	984.763000	-169.040000	52.000000	15.000000
-153.700806	17.297501	1004.763000	-169.040000	52.000000	15.000000
-154.691299	17.180099	1003.767000	-169.040000	52.000000	15.000000
-154.495895	18.401699	971.767000	-169.040000	52.000000	15.000000
-154.797394	18.803101	958.780000	-169.040000	52.000000	15.000000
-155.714996	18.000299	975.773000	-169.040000	52.000000	15.000000
-156.808197	18.404200	957.769000	-169.040000	52.000000	15.000000
-156.167007	18.301001	964.778000	-169.040000	52.000000	15.000000
-157.227295	18.984800	938.786000	-169.040000	52.000000	15.000000
-156.510101	19.477699	930.758000	-169.040000	52.000000	15.000000
-156.932007	19.832701	917.757000	-169.040000	52.000000	15.000000
-157.627594	20.346100	899.762000	-169.040000	52.000000	15.000000
