-155.772995	19.079000	1202.000000	-109.240000	20.610000	16.000000	259.913164	259.513164	260.413164	4.031042	0.110276
-154.983002	19.601000	1178.976000	-109.240000	20.610000	16.000000	260.177574	259.977574	260.477574	4.042936	-0.298142
-154.617798	20.088900	1166.834000	-109.240000	20.610000	16.000000	259.907460	259.807460	260.107460	4.036436	-1.155681
-153.902405	19.979099	1149.044000	-109.240000	20.610000	16.000000	259.789916	259.589916	259.989916	4.047073	-1.282620
-153.503204	19.495199	1141.681000	-109.240000	20.610000	16.000000	260.180453	259.880453	260.480453	4.044825	-0.421813
-154.393997	19.262501	1165.021000	-109.240000	20.610000	16.000000	259.146639	258.646639	259.646639	4.037210	-1.060378
-153.992294	18.797600	1157.755000	-109.240000	20.610000	16.000000	258.966552	258.566552	259.466552	4.039335	-0.793489
-153.295898	18.800900	1139.975000	-109.240000	20.610000	16.000000	258.896142	258.496142	259.296142	4.040459	-0.961057
-152.132401	18.481400	1112.140000	-109.240000	20.610000	16.000000	258.715934	258.415934	258.915934	4.080799	-0.923159
-154.030502	17.988400	1162.625000	-109.240000	20.610000	16.000000	258.691233	258.491233	258.791233	4.043750	-0.185004
-154.495895	18.401699	1171.996000	-109.240000	20.610000	16.000000	259.617298	259.217298	259.917298	4.047301	0.350141
-154.797394	18.803101	1177.953000	-109.240000	20.610000	16.000000	259.276464	258.876464	259.676464	4.042355	-0.379040
-155.714996	18.000299	1205.521000	-109.240000	20.610000	16.000000	258.964949	258.764949	259.164949	4.031140	0.262688
-156.808197	18.404200	1230.957000	-109.240000	20.610000	16.000000	259.720675	258.920675	260.420675	4.017241	0.746941
-156.167007	18.301001	1215.955000	-109.240000	20.610000	16.000000	258.409656	258.209656	258.709656	4.030283	-0.543822
-156.465103	18.775000	1220.783000	-109.240000	20.610000	16.000000	259.052907	258.752907	259.452907	4.030579	-0.338083
-157.227295	18.984800	1239.981000	-109.240000	20.610000	16.000000	260.034189	259.534189	260.634189	4.027466	0.547492
-156.510101	19.477699	1218.955000	-109.240000	20.610000	16.000000	260.553717	260.253717	260.753717	4.031225	0.461065
