-154.617798	20.088900	2110.392000	-132.310000	-54.410000	12.000000	348.831635	348.531635	349.131635	4.032595	1.940111
-155.679398	21.205500	2146.501000	-132.310000	-54.410000	12.000000	348.006443	347.706443	348.306443	4.030291	1.645315
-154.994400	21.507000	2151.485000	-132.310000	-54.410000	12.000000	348.811654	348.311654	349.311654	4.028398	2.058145
-154.482803	21.001900	2135.483000	-132.310000	-54.410000	12.000000	349.469095	348.969095	350.069095	4.014522	2.456270
-153.982697	21.519699	2145.672000	-132.310000	-54.410000	12.000000	347.651317	347.251317	348.151317	4.034943	0.335894
-153.292099	20.892599	2125.486000	-132.310000	-54.410000	12.000000	348.655455	348.355455	348.855455	4.033201	0.983713
-153.902405	19.979099	2103.564000	-132.310000	-54.410000	12.000000	347.979350	347.379350	348.479350	4.027952	0.694715
-153.503204	19.495199	2089.269000	-132.310000	-54.410000	12.000000	349.447880	349.147880	349.747880	4.030727	1.965222
-154.393997	19.262501	2087.544000	-132.310000	-54.410000	12.000000	348.050573	347.550573	348.550573	4.028997	1.079280
-153.992294	18.797600	2072.328000	-132.310000	-54.410000	12.000000	348.625063	348.125063	349.125063	4.029841	1.455420
-153.295898	18.800900	2069.499000	-132.310000	-54.410000	12.000000	349.690385	349.390385	350.090385	4.034016	2.129253
-153.290604	17.906200	2045.610000	-132.310000	-54.410000	12.000000	350.595518	350.195518	350.895518	4.071174	3.083323
-153.700806	17.297501	2030.486000	-132.310000	-54.410000	12.000000	349.260902	348.660902	349.760902	4.047737	2.017807
-154.691299	17.180099	2032.489000	-132.310000	-54.410000	12.000000	348.674858	348.374858	348.974858	4.047555	1.996257
-154.030502	17.988400	2050.227000	-132.310000	-54.410000	12.000000	349.302085	348.202085	350.402085	4.036473	2.201700
-154.495895	18.401699	2064.524000	-132.310000	-54.410000	12.000000	348.352504	348.052504	348.652504	4.029902	1.487938
-157.627594	20.346100	2133.484000	-132.310000	-54.410000	12.000000	347.685968	347.585968	347.785968	3.952170	2.434698
