-155.772995	19.079000	1029.895000	179.520000	51.150000	18.000000	155.966373	155.566373	156.366373	3.991675	1.464407
-155.996994	20.771000	983.867000	179.520000	51.150000	18.000000	154.146804	153.946804	154.446804	3.986297	0.458533
-159.401001	21.971001	909.895000	179.520000	51.150000	18.000000	152.087234	151.387234	152.787234	3.791397	-3.766031
-156.658005	20.891001	973.888000	179.520000	51.150000	18.000000	153.906940	152.906940	154.806940	3.875346	-0.244734
-156.755997	21.136000	965.885000	179.520000	51.150000	18.000000	153.264380	152.364380	154.164380	3.878567	-0.817328
-155.679398	21.205500	976.283000	179.520000	51.150000	18.000000	153.760764	153.560764	154.060764	3.993356	0.596382
-154.482803	21.001900	996.854000	179.520000	51.150000	18.000000	151.730592	151.430592	152.030592	4.017941	-0.626620
-153.982697	21.519699	988.849000	179.520000	51.150000	18.000000	152.322876	152.122876	152.522876	4.023990	0.677912
-153.292099	20.892599	1012.867000	179.520000	51.150000	18.000000	151.972816	151.772816	152.272816	4.043624	0.439689
-153.902405	19.979099	1026.870000	179.520000	51.150000	18.000000	154.215569	153.915569	154.415569	4.011430	1.667169
-154.393997	19.262501	1039.916000	179.520000	51.150000	18.000000	154.122505	153.922505	154.422505	4.017881	0.784410
-153.295898	18.800900	1062.852000	179.520000	51.150000	18.000000	154.668452	154.468452	154.968452	4.052755	1.877129
-152.132401	18.481400	1083.847000	179.520000	51.150000	18.000000	154.655542	154.455542	154.855542	4.078181	2.509603
-153.290604	17.906200	1085.849000	179.520000	51.150000	18.000000	154.703042	154.503042	155.003042	4.035661	1.418342
-153.700806	17.297501	1096.658000	179.520000	51.150000	18.000000	155.673101	155.473101	155.973101	4.003054	1.767076
-154.691299	17.180099	1088.875000	179.520000	51.150000	18.000000	156.083439	155.983439	156.283439	3.986947	1.387894
-154.495895	18.401699	1060.860000	179.520000	51.150000	18.000000	155.079157	154.679157	155.479157	4.019107	1.180157
-156.465103	18.775000	1028.861000	179.520000	51.150000	18.000000	155.851554	155.651554	156.051554	3.998450	0.634120
-157.227295	18.984800	1014.875000	179.520000	51.150000	18.000000	155.491043	155.291043	155.691043	3.981464	-0.227355
-156.510101	19.477699	1010.866000	179.520000	51.150000	18.000000	155.724766	155.524766	155.924766	3.990268	0.862067
-156.932007	19.832701	996.866000	179.520000	51.150000	18.000000	155.275973	154.675973	155.975973	3.889734	0.273261
-153.503204	19.495199	1043.469000	179.520000	51.150000	18.000000	154.335582	154.035582	154.535582	4.030816	1.794590
-153.992294	18.797600	1055.563000	179.520000	51.150000	18.000000	154.411456	154.111456	154.611456	4.019638	1.108161
-154.030502	17.988400	1076.392000	179.520000	51.150000	18.000000	154.837704	154.337704	155.337704	4.035495	1.058937
-155.714996	18.000299	1057.584000	179.520000	51.150000	18.000000	156.831997	156.631997	157.131997	3.959310	1.787287
-156.167007	18.301001	1044.531000	179.520000	51.150000	18.000000	156.256897	156.156897	156.456897	3.991533	1.019533
-157.627594	20.346100	975.361000	179.520000	51.150000	18.000000	154.317195	153.817195	154.917195	3.853695	-0.965245
