-155.772995	19.079000	946.777000	-169.040000	52.000000	15.000000	168.100159	167.600159	168.700159	4.008084	2.535897
-157.931000	21.646000	861.789000	-169.040000	52.000000	15.000000	166.884074	166.384074	167.484074	3.943353	-0.012153
-155.996994	20.771000	898.783000	-169.040000	52.000000	15.000000	166.496329	165.996329	166.996329	3.979749	1.344443
-155.710999	20.046000	920.779000	-169.040000	52.000000	15.000000	166.662667	166.062667	167.262667	3.983424	1.522894
-159.401001	21.971001	844.786000	-169.040000	52.000000	15.000000	167.420863	166.720863	168.120863	3.988534	-1.012645
-156.658005	20.891001	891.760000	-169.040000	52.000000	15.000000	166.447725	165.847725	167.047725	3.939441	0.646157
-159.664993	22.122999	839.805000	-169.040000	52.000000	15.000000	169.029869	167.829869	170.129869	3.888898	0.344200
-156.755997	21.136000	883.760000	-169.040000	52.000000	15.000000	166.201070	165.801070	166.601070	3.946536	0.389639
-155.679398	21.205500	887.776000	-169.040000	52.000000	15.000000	166.256093	165.856093	166.656093	3.983440	1.613688
-154.482803	21.001900	903.761000	-169.040000	52.000000	15.000000	163.274673	162.774673	163.874673	4.044744	-0.216024
-153.982697	21.519699	890.779000	-169.040000	52.000000	15.000000	165.274195	164.974195	165.474195	4.014777	2.527060
-153.292099	20.892599	912.756000	-169.040000	52.000000	15.000000	164.392491	164.192491	164.692491	4.035805	2.050886
-153.902405	19.979099	932.780000	-169.040000	52.000000	15.000000	165.360066	165.160066	165.560066	4.021533	2.011662
-153.503204	19.495199	947.756000	-169.040000	52.000000	15.000000	166.070106	165.770106	166.370106	4.033557	2.908577
-153.992294	18.797600	962.780000	-169.040000	52.000000	15.000000	166.488111	166.088111	166.888111	4.025394	2.570898
-153.295898	18.800900	967.766000	-169.040000	52.000000	15.000000	166.092971	165.792971	166.292971	4.062795	2.844746
-152.132401	18.481400	984.763000	-169.040000	52.000000	15.000000	164.152181	163.952181	164.352181	4.030304	1.863922
-153.700806	17.297501	1004.763000	-169.040000	52.000000	15.000000	167.035505	166.435505	167.535505	4.026606	2.827827
-154.691299	17.180099	1003.767000	-169.040000	52.000000	15.000000	167.814583	167.414583	168.214583	4.006027	2.634099
-154.495895	18.401699	971.767000	-169.040000	52.000000	15.000000	166.267608	165.867608	166.667608	4.028095	1.712211
-154.797394	18.803101	958.780000	-169.040000	52.000000	15.000000	166.360557	166.060557	166.660557	4.018031	1.662100
-155.714996	18.000299	975.773000	-169.040000	52.000000	15.000000	168.570479	168.170479	168.870479	3.982296	2.684609
-156.808197	18.404200	957.769000	-169.040000	52.000000	15.000000	168.253579	168.053579	168.553579	4.006324	1.416520
-156.167007	18.301001	964.778000	-169.040000	52.000000	15.000000	168.365253	168.065253	168.665253	4.008110	2.135289
-157.227295	18.984800	938.786000	-169.040000	52.000000	15.000000	167.103664	166.803664	167.503664	3.992417	0.030487
-156.510101	19.477699	930.758000	-169.040000	52.000000	15.000000	168.026145	167.726145	168.326145	3.977966	1.857031
-156.932007	19.832701	917.757000	-169.040000	52.000000	15.000000	166.969991	166.569991	167.369991	3.973302	0.490646
-157.627594	20.346100	899.762000	-169.040000	52.000000	15.000000	166.916410	166.616410	167.116410	3.957924	-0.115832
