-155.772995	19.079000	1021.226000	-154.240000	56.160000	13.000000	182.702280	182.202280	183.102280	3.984052	1.287033
-157.931000	21.646000	947.193000	-154.240000	56.160000	13.000000	180.545260	179.345260	181.745260	3.907058	-3.072295
-155.996994	20.771000	973.199000	-154.240000	56.160000	13.000000	181.935720	181.535720	182.335720	3.917655	0.247223
-154.983002	19.601000	1004.195000	-154.240000	56.160000	13.000000	182.075028	181.775028	182.375028	3.983635	1.380411
-155.710999	20.046000	993.202000	-154.240000	56.160000	13.000000	181.844040	181.344040	182.244040	3.958664	0.454743
-159.401001	21.971001	944.204000	-154.240000	56.160000	13.000000	185.890783	184.790783	186.890783	3.767806	0.804099
-156.658005	20.891001	971.194000	-154.240000	56.160000	13.000000	183.109783	182.609783	183.609783	3.910593	0.780478
-157.270004	21.108999	965.220000	-154.240000	56.160000	13.000000	183.516812	183.116812	183.816812	3.893893	0.584010
-156.755997	21.136000	964.217000	-154.240000	56.160000	13.000000	183.186039	182.686039	183.786039	3.905964	0.747840
-154.617798	20.088900	990.181000	-154.240000	56.160000	13.000000	182.002606	181.802606	182.302606	3.982254	1.645214
-155.679398	21.205500	960.180000	-154.240000	56.160000	13.000000	181.541698	181.041698	181.941698	3.917117	0.143191
-154.994400	21.507000	951.193000	-154.240000	56.160000	13.000000	180.834296	180.534296	181.234296	3.939547	0.095469
-154.482803	21.001900	966.186000	-154.240000	56.160000	13.000000	180.293640	180.093640	180.593640	3.968393	0.058747
-153.982697	21.519699	951.193000	-154.240000	56.160000	13.000000	180.278896	180.078896	180.478896	3.988415	0.530900
-153.292099	20.892599	969.185000	-154.240000	56.160000	13.000000	179.066404	178.866404	179.366404	4.010799	-0.019553
-154.393997	19.262501	1014.197000	-154.240000	56.160000	13.000000	180.942137	180.742137	181.142137	3.989528	0.799224
-153.290604	17.906200	1051.182000	-154.240000	56.160000	13.000000	180.241006	179.941006	180.541006	4.015910	1.094767
-154.691299	17.180099	1071.203000	-154.240000	56.160000	13.000000	182.785408	182.185408	183.285408	3.962608	2.385826
-154.797394	18.803101	1026.198000	-154.240000	56.160000	13.000000	182.069561	181.769561	182.469561	3.988017	1.558031
-156.808197	18.404200	1041.199000	-154.240000	56.160000	13.000000	184.377250	184.177250	184.577250	3.944253	2.044179
-156.167007	18.301001	1043.185000	-154.240000	56.160000	13.000000	183.679978	183.379978	183.979978	3.955005	1.932602
-157.227295	18.984800	1025.180000	-154.240000	56.160000	13.000000	183.970631	183.570631	184.270631	3.911213	1.221978
-156.510101	19.477699	1010.187000	-154.240000	56.160000	13.000000	182.880719	182.480719	183.280719	3.943128	0.766485
-156.932007	19.832701	1000.181000	-154.240000	56.160000	13.000000	182.671454	182.371454	183.071454	3.909845	0.144306
-157.627594	20.346100	987.190000	-154.240000	56.160000	13.000000	183.821284	183.521284	184.121284	3.897827	0.604499
