-155.772995	19.079000	1697.204000	-111.650000	-23.870000	12.000000	313.473730	313.173730	313.673730	4.027325	0.314279
-155.996994	20.771000	1733.176000	-111.650000	-23.870000	12.000000	314.008200	313.708200	314.308200	4.003423	0.334925
-154.983002	19.601000	1692.162000	-111.650000	-23.870000	12.000000	314.596518	314.296518	314.796518	4.028667	0.674848
-156.658005	20.891001	1748.199000	-111.650000	-23.870000	12.000000	313.926767	313.726767	314.226767	3.978860	0.665472
-157.270004	21.108999	1764.197000	-111.650000	-23.870000	12.000000	313.767150	313.467150	313.967150	3.998233	0.843427
-154.617798	20.088900	1694.166000	-111.650000	-23.870000	12.000000	314.372662	314.072662	314.572662	4.032689	-0.004435
-155.679398	21.205500	1735.158000	-111.650000	-23.870000	12.000000	313.794934	313.494934	314.094934	4.010270	-0.266276
-154.482803	21.001900	1711.162000	-111.650000	-23.870000	12.000000	316.217585	316.017585	316.517585	3.999061	1.383096
-153.982697	21.519699	1712.170000	-111.650000	-23.870000	12.000000	316.710896	316.410896	316.910896	4.006531	1.313681
-153.902405	19.979099	1679.161000	-111.650000	-23.870000	12.000000	315.025544	314.825544	315.225544	4.040801	0.179755
-154.393997	19.262501	1673.225000	-111.650000	-23.870000	12.000000	314.161200	313.561200	314.861200	4.044719	-0.038074
-153.295898	18.800900	1645.169000	-111.650000	-23.870000	12.000000	315.123757	314.823757	315.523757	4.035348	0.331139
-152.132401	18.481400	1618.160000	-111.650000	-23.870000	12.000000	315.776841	315.576841	316.076841	4.087043	0.270105
-153.290604	17.906200	1629.177000	-111.650000	-23.870000	12.000000	314.081446	313.181446	314.981446	4.078222	-0.325942
-154.691299	17.180099	1640.180000	-111.650000	-23.870000	12.000000	313.683176	313.483176	313.783176	4.066771	0.585367
-154.030502	17.988400	1643.158000	-111.650000	-23.870000	12.000000	314.575750	314.275750	314.875750	4.052520	0.660212
-154.495895	18.401699	1660.162000	-111.650000	-23.870000	12.000000	314.266268	314.066268	314.566268	4.047411	0.500921
-156.808197	18.404200	1703.175000	-111.650000	-23.870000	12.000000	313.245675	313.045675	313.445675	4.023078	1.064513
-156.167007	18.301001	1689.178000	-111.650000	-23.870000	12.000000	313.428271	313.328271	313.628271	4.026979	0.858478
-156.465103	18.775000	1704.157000	-111.650000	-23.870000	12.000000	313.109185	312.909185	313.309185	4.028391	0.545872
-157.227295	18.984800	1722.186000	-111.650000	-23.870000	12.000000	313.232413	312.932413	313.432413	4.020952	1.096162
-156.932007	19.832701	1733.177000	-111.650000	-23.870000	12.000000	313.154974	312.954974	313.454974	4.010023	0.486205
-153.503204	19.495199	1661.700000	-111.650000	-23.870000	12.000000	314.335754	313.935754	314.735754	4.034049	-0.599700
-153.992294	18.797600	1658.813000	-111.650000	-23.870000	12.000000	315.182330	314.882330	315.582330	4.045815	0.891865
-153.700806	17.297501	1623.742000	-111.650000	-23.870000	12.000000	314.447041	314.247041	314.747041	4.068022	0.603382
-157.627594	20.346100	1756.753000	-111.650000	-23.870000	12.000000	312.483615	312.183615	312.883615	3.989952	0.086744
