-155.772995	19.079000	1593.022000	-113.690000	-21.000000	15.200000
-155.996994	20.771000	1630.001000	-113.690000	-21.000000	15.200000
-154.983002	19.601000	1588.031000	-113.690000	-21.000000	15.200000
-154.617798	20.088900	1589.991000	-113.690000	-21.000000	15.200000
-155.679398	21.205500	1631.876000	-113.690000	-21.000000	15.200000
-154.994400	21.507000	1625.201000	-113.690000	-21.000000	15.200000
-154.482803	21.001900	1606.003000	-113.690000	-21.000000	15.200000
-153.982697	21.519699	1607.999000	-113.690000	-21.000000	15.200000
-153.292099	20.892599	1582.770000	-113.690000	-21.000000	15.200000
-153.902405	19.979099	1575.072000	-113.690000	-21.000000	15.200000
-153.503204	19.495199	1557.937000	-113.690000	-21.000000	15.200000
-153.992294	18.797600	1553.967000	-113.690000	-21.000000	15.200000
-152.132401	18.481400	1514.106000	-113.690000	-21.000000	15.200000
-153.290604	17.906200	1525.093000	-113.690000	-21.000000	15.200000
-154.691299	17.180099	1537.015000	-113.690000	-21.000000	15.200000
-154.030502	17.988400	1539.928000	-113.690000	-21.000000	15.200000
-154.495895	18.401699	1556.056000	-113.690000	-21.000000	15.200000
-154.797394	18.803101	1569.285000	-113.690000	-21.000000	15.200000
-155.714996	18.000299	1572.232000	-113.690000	-21.000000	15.200000
-156.808197	18.404200	1600.828000	-113.690000	-21.000000	15.200000
-156.167007	18.301001	1587.015000	-113.690000	-21.000000	15.200000
-156.465103	18.775000	1601.313000	-113.690000	-21.000000	15.200000
-157.227295	18.984800	1620.022000	-113.690000	-21.000000	15.200000
-156.510101	19.477699	1615.147000	-113.690000	-21.000000	15.200000
-156.932007	19.832701	1630.002000	-113.690000	-21.000000	15.200000
