-155.772995	19.079000	1077.702000	-177.160000	-14.290000	15.000000	33.639160	33.439160	33.839160	3.987785	-0.143617
-157.931000	21.646000	1108.675000	-177.160000	-14.290000	15.000000	30.768024	29.768024	31.868024	3.913638	1.391044
-155.996994	20.771000	1114.675000	-177.160000	-14.290000	15.000000	31.731411	31.531411	32.031411	3.977108	-0.668927
-154.983002	19.601000	1101.698000	-177.160000	-14.290000	15.000000	34.245184	34.045184	34.445184	3.991380	-0.187682
-159.401001	21.971001	1090.703000	-177.160000	-14.290000	15.000000	33.876500	33.176500	34.576500	3.663472	6.638347
-156.658005	20.891001	1107.682000	-177.160000	-14.290000	15.000000	32.229153	31.729153	32.729153	3.977862	0.748542
-157.270004	21.108999	1104.695000	-177.160000	-14.290000	15.000000	31.201905	30.601905	31.801905	3.966032	0.645763
-154.617798	20.088900	1117.672000	-177.160000	-14.290000	15.000000	34.355579	34.155579	34.455579	3.991290	-0.209144
-155.679398	21.205500	1128.673000	-177.160000	-14.290000	15.000000	32.457210	32.257210	32.557210	3.981166	-0.076300
-154.482803	21.001900	1142.661000	-177.160000	-14.290000	15.000000	33.333294	32.733294	33.933294	3.969550	-0.811402
-153.982697	21.519699	1159.004000	-177.160000	-14.290000	15.000000	34.472647	33.972647	35.072647	3.993819	0.043180
-153.292099	20.892599	1155.669000	-177.160000	-14.290000	15.000000	34.889652	34.689652	35.089652	4.012351	-0.762965
-153.902405	19.979099	1126.664000	-177.160000	-14.290000	15.000000	35.589446	35.289446	35.789446	3.990943	0.075479
-153.503204	19.495199	1120.670000	-177.160000	-14.290000	15.000000	35.583892	35.283892	35.783892	3.998989	-0.738784
-154.393997	19.262501	1102.673000	-177.160000	-14.290000	15.000000	35.348340	35.148340	35.548340	3.991832	-0.045190
-153.992294	18.797600	1097.673000	-177.160000	-14.290000	15.000000	35.745523	35.645523	35.945523	3.989920	-0.463488
-153.295898	18.800900	1108.677000	-177.160000	-14.290000	15.000000	36.658882	36.458882	36.858882	3.997101	-0.394072
-152.132401	18.481400	1119.661000	-177.160000	-14.290000	15.000000	37.591015	37.491015	37.691015	4.048269	-1.069298
-153.700806	17.297501	1069.012000	-177.160000	-14.290000	15.000000	37.404238	37.304238	37.504238	4.000589	-0.248775
-154.691299	17.180099	1051.673000	-177.160000	-14.290000	15.000000	37.313484	37.113484	37.513484	4.032935	0.803689
-154.030502	17.988400	1078.660000	-177.160000	-14.290000	15.000000	36.050597	35.850597	36.250597	3.972744	-0.687695
-154.495895	18.401699	1081.680000	-177.160000	-14.290000	15.000000	36.006896	35.806896	36.206896	3.992875	0.141512
-155.714996	18.000299	1053.661000	-177.160000	-14.290000	15.000000	34.574112	34.474112	34.774112	3.984148	-0.031223
-156.808197	18.404200	1046.673000	-177.160000	-14.290000	15.000000	32.925653	32.825653	33.025653	3.971519	0.030617
-156.167007	18.301001	1053.665000	-177.160000	-14.290000	15.000000	33.733795	33.533795	33.833795	3.963842	-0.074043
-156.465103	18.775000	1059.669000	-177.160000	-14.290000	15.000000	33.339182	33.139182	33.639182	3.962531	0.246086
-157.227295	18.984800	1054.655000	-177.160000	-14.290000	15.000000	31.887175	31.787175	31.987175	3.982885	-0.060737
-156.510101	19.477699	1075.677000	-177.160000	-14.290000	15.000000	32.878881	32.678881	33.078881	3.982940	0.312725
-156.932007	19.832701	1078.673000	-177.160000	-14.290000	15.000000	32.752198	32.252198	33.252198	3.942447	0.966347
-157.627594	20.346100	1081.659000	-177.160000	-14.290000	15.000000	31.257091	30.657091	31.857091	3.939167	0.708658
