-155.996994	20.771000	1750.047000	145.330000	-5.200000	76.900000
-155.710999	20.046000	1753.042000	145.330000	-5.200000	76.900000
-156.658005	20.891001	1735.049000	145.330000	-5.200000	76.900000
-154.617798	20.088900	1780.023000	145.330000	-5.200000	76.900000
-155.679398	21.205500	1761.032000	145.330000	-5.200000	76.900000
-154.482803	21.001900	1792.027000	145.330000	-5.200000	76.900000
-153.982697	21.519699	1805.039000	145.330000	-5.200000	76.900000
-153.292099	20.892599	1818.029000	145.330000	-5.200000	76.900000
-153.503204	19.495199	1804.026000	145.330000	-5.200000	76.900000
-152.132401	18.481400	1828.037000	145.330000	-5.200000	76.900000
-153.700806	17.297501	1779.025000	145.330000	-5.200000	76.900000
-154.691299	17.180099	1753.050000	145.330000	-5.200000	76.900000
-155.714996	18.000299	1736.037000	145.330000	-5.200000	76.900000
-156.808197	18.404200	1713.021000	145.330000	-5.200000	76.900000
-156.167007	18.301001	1728.032000	145.330000	-5.200000	76.900000
-157.227295	18.984800	1707.031000	145.330000	-5.200000	76.900000
-156.510101	19.477699	1728.027000	145.330000	-5.200000	76.900000
-157.627594	20.346100	1706.028000	145.330000	-5.200000	76.900000
