-155.772995	19.079000	1504.246000	169.210000	-23.110000	12.000000	38.798590	38.598590	38.898590	3.980293	-1.737347
-157.931000	21.646000	1521.234000	169.210000	-23.110000	12.000000	41.590023	40.990023	42.290023	3.884972	4.066871
-155.996994	20.771000	1538.224000	169.210000	-23.110000	12.000000	38.070203	37.470203	38.670203	3.976746	-1.509957
-154.983002	19.601000	1529.224000	169.210000	-23.110000	12.000000	39.772957	39.572957	40.072957	3.987187	-1.183036
-156.658005	20.891001	1530.241000	169.210000	-23.110000	12.000000	37.196125	36.596125	37.696125	3.973631	-1.765314
-156.755997	21.136000	1534.256000	169.210000	-23.110000	12.000000	36.922249	36.322249	37.422249	3.969910	-1.847855
-154.617798	20.088900	1545.235000	169.210000	-23.110000	12.000000	39.199156	39.099156	39.399156	3.978521	-1.838953
-155.679398	21.205500	1552.229000	169.210000	-23.110000	12.000000	38.611300	38.111300	39.111300	3.983173	-1.049436
-154.994400	21.507000	1570.233000	169.210000	-23.110000	12.000000	38.867330	38.367330	39.467330	3.969191	-1.240451
-154.482803	21.001900	1567.226000	169.210000	-23.110000	12.000000	38.994593	38.794593	39.194593	3.984094	-1.754215
-153.982697	21.519699	1586.229000	169.210000	-23.110000	12.000000	39.211233	38.911233	39.611233	3.993206	-1.728002
-153.292099	20.892599	1584.233000	169.210000	-23.110000	12.000000	39.678878	39.478878	39.778878	4.011925	-2.088247
-153.902405	19.979099	1555.243000	169.210000	-23.110000	12.000000	40.295581	40.095581	40.395581	3.985726	-1.377545
-153.503204	19.495199	1551.225000	169.210000	-23.110000	12.000000	40.322155	40.222155	40.422155	3.992225	-1.891256
-156.808197	18.404200	1472.239000	169.210000	-23.110000	12.000000	38.311434	38.111434	38.511434	3.956911	-1.662778
-156.167007	18.301001	1481.232000	169.210000	-23.110000	12.000000	39.473713	39.273713	39.673713	3.973932	-1.098183
-156.465103	18.775000	1486.242000	169.210000	-23.110000	12.000000	39.724496	39.224496	40.324496	3.975416	-0.366931
-157.227295	18.984800	1478.230000	169.210000	-23.110000	12.000000	39.167505	38.367505	40.067505	3.952317	-0.167384
-156.510101	19.477699	1500.237000	169.210000	-23.110000	12.000000	39.326163	38.726163	39.926163	3.982483	-0.397911
-156.932007	19.832701	1501.239000	169.210000	-23.110000	12.000000	39.169469	38.569469	39.669469	3.965427	-0.028256
-157.627594	20.346100	1502.227000	169.210000	-23.110000	12.000000	37.044730	36.544730	37.544730	3.966147	-1.314116
