-155.772995	19.079000	2623.845000	-80.680000	-44.910000	17.000000	318.417891	318.117891	318.817891	3.997592	1.697484
-157.931000	21.646000	2715.828000	-80.680000	-44.910000	17.000000	321.627730	318.327730	324.827730	4.028525	5.685437
-155.996994	20.771000	2662.818000	-80.680000	-44.910000	17.000000	317.728804	317.228804	318.328804	3.962305	1.156092
-154.983002	19.601000	2620.806000	-80.680000	-44.910000	17.000000	318.020151	317.420151	318.620151	3.999815	1.089963
-159.401001	21.971001	2742.846000	-80.680000	-44.910000	17.000000	324.171629	322.171629	326.171629	4.072892	8.680651
-156.658005	20.891001	2677.800000	-80.680000	-44.910000	17.000000	318.262138	316.862138	319.562138	4.026484	1.892610
-157.270004	21.108999	2692.837000	-80.680000	-44.910000	17.000000	317.498723	316.098723	318.998723	4.054021	1.323149
-156.755997	21.136000	2684.836000	-80.680000	-44.910000	17.000000	318.865525	317.365525	320.265525	4.012855	2.540769
-155.679398	21.205500	2666.804000	-80.680000	-44.910000	17.000000	318.144576	317.844576	318.544576	3.956709	1.501171
-154.482803	21.001900	2642.803000	-80.680000	-44.910000	17.000000	319.721486	319.321486	320.021486	3.964297	2.699010
-153.982697	21.519699	2642.076000	-80.680000	-44.910000	17.000000	316.717053	316.417053	317.017053	3.964274	-0.438630
-153.503204	19.495199	2593.415000	-80.680000	-44.910000	17.000000	318.771711	318.271711	319.171711	4.022065	1.391433
-153.992294	18.797600	2586.512000	-80.680000	-44.910000	17.000000	318.058576	317.258576	318.858576	4.015843	0.808900
-153.290604	17.906200	2556.976000	-80.680000	-44.910000	17.000000	318.844688	318.244688	319.344688	4.063415	1.371186
-153.700806	17.297501	2551.600000	-80.680000	-44.910000	17.000000	318.244847	317.844847	318.644847	4.064356	0.885557
-154.030502	17.988400	2571.339000	-80.680000	-44.910000	17.000000	319.282433	318.582433	319.982433	4.021972	2.027517
-154.797394	18.803101	2600.903000	-80.680000	-44.910000	17.000000	318.703303	318.103303	319.203303	4.002716	1.691140
-156.932007	19.832701	2659.811000	-80.680000	-44.910000	17.000000	318.642463	317.842463	319.342463	4.014032	2.288886
-157.627594	20.346100	2682.315000	-80.680000	-44.910000	17.000000	318.625280	317.925280	319.425280	4.028706	2.500284
