-155.772995	19.079000	1407.046000	159.690000	-7.660000	28.000000
-155.996994	20.771000	1426.028000	159.690000	-7.660000	28.000000
-154.983002	19.601000	1432.042000	159.690000	-7.660000	28.000000
-156.658005	20.891001	1412.043000	159.690000	-7.660000	28.000000
-154.617798	20.088900	1447.067000	159.690000	-7.660000	28.000000
-155.679398	21.205500	1438.032000	159.690000	-7.660000	28.000000
-154.994400	21.507000	1457.128000	159.690000	-7.660000	28.000000
-154.482803	21.001900	1463.029000	159.690000	-7.660000	28.000000
-153.982697	21.519699	1481.106000	159.690000	-7.660000	28.000000
-153.292099	20.892599	1488.008000	159.690000	-7.660000	28.000000
-153.902405	19.979099	1461.092000	159.690000	-7.660000	28.000000
-153.503204	19.495199	1464.056000	159.690000	-7.660000	28.000000
-154.393997	19.262501	1441.040000	159.690000	-7.660000	28.000000
-153.992294	18.797600	1445.067000	159.690000	-7.660000	28.000000
-154.495895	18.401699	1428.089000	159.690000	-7.660000	28.000000
-154.797394	18.803101	1426.043000	159.690000	-7.660000	28.000000
-156.167007	18.301001	1388.106000	159.690000	-7.660000	28.000000
-156.465103	18.775000	1387.112000	159.690000	-7.660000	28.000000
-157.227295	18.984800	1372.033000	159.690000	-7.660000	28.000000
