-155.772995	19.079000	1380.911000	173.940000	-20.970000	15.000000	37.989852	37.589852	38.289852	3.992105	-0.055234
-155.996994	20.771000	1415.882000	173.940000	-20.970000	15.000000	35.636730	35.436730	35.836730	3.948862	-1.342789
-159.401001	21.971001	1378.911000	173.940000	-20.970000	15.000000	NaN	NaN	NaN	NaN	NaN
-156.658005	20.891001	1407.865000	173.940000	-20.970000	15.000000	39.505704	37.805704	41.205704	3.895698	3.222273
-155.679398	21.205500	1430.075000	173.940000	-20.970000	15.000000	36.304810	36.104810	36.504810	3.955384	-0.768484
-154.482803	21.001900	1445.869000	173.940000	-20.970000	15.000000	36.686834	36.086834	37.386834	3.922165	-1.609620
-153.503204	19.495199	1426.323000	173.940000	-20.970000	15.000000	38.503982	38.003982	39.003982	4.060286	-1.440987
-153.290604	17.906200	1398.080000	173.940000	-20.970000	15.000000	42.028724	41.628724	42.428724	4.093489	1.055173
-153.700806	17.297501	1379.207000	173.940000	-20.970000	15.000000	42.563946	42.263946	42.863946	4.101712	1.627673
-154.691299	17.180099	1358.878000	173.940000	-20.970000	15.000000	40.516621	40.416621	40.716621	4.089054	0.425796
-154.495895	18.401699	1386.888000	173.940000	-20.970000	15.000000	38.975533	38.675533	39.375533	3.993776	-0.629128
-157.227295	18.984800	1355.889000	173.940000	-20.970000	15.000000	36.425531	36.225531	36.625531	3.995953	-0.257010
-156.932007	19.832701	1378.999000	173.940000	-20.970000	15.000000	38.953686	37.553686	40.453686	3.890924	2.415340
-154.617798	20.088900	1421.603000	173.940000	-20.970000	15.000000	38.484296	38.084296	38.784296	3.992498	-0.135137
-153.992294	18.797600	1403.453000	173.940000	-20.970000	15.000000	38.923563	38.523563	39.323563	3.993745	-0.936093
-153.295898	18.800900	1415.389000	173.940000	-20.970000	15.000000	39.470027	38.870027	40.070027	4.037710	-1.021931
-156.808197	18.404200	1349.620000	173.940000	-20.970000	15.000000	37.511384	37.211384	37.811384	3.994952	0.111116
-156.510101	19.477699	1378.415000	173.940000	-20.970000	15.000000	36.349238	36.149238	36.649238	3.982472	-0.780529
