-155.772995	19.079000	1408.810000	167.690000	-17.420000	28.000000
-155.996994	20.771000	1438.815000	167.690000	-17.420000	28.000000
-159.401001	21.971001	1397.797000	167.690000	-17.420000	28.000000
-154.617798	20.088900	1450.806000	167.690000	-17.420000	28.000000
-155.679398	21.205500	1452.811000	167.690000	-17.420000	28.000000
-153.902405	19.979099	1460.808000	167.690000	-17.420000	28.000000
-153.503204	19.495199	1457.812000	167.690000	-17.420000	28.000000
-153.992294	18.797600	1435.794000	167.690000	-17.420000	28.000000
-153.295898	18.800900	1448.794000	167.690000	-17.420000	28.000000
-152.132401	18.481400	1465.795000	167.690000	-17.420000	28.000000
-153.290604	17.906200	1432.791000	167.690000	-17.420000	28.000000
-153.700806	17.297501	1414.808000	167.690000	-17.420000	28.000000
-154.691299	17.180099	1392.803000	167.690000	-17.420000	28.000000
-154.030502	17.988400	1419.799000	167.690000	-17.420000	28.000000
-154.495895	18.401699	1418.805000	167.690000	-17.420000	28.000000
-154.797394	18.803101	1420.804000	167.690000	-17.420000	28.000000
-155.714996	18.000299	1388.791000	167.690000	-17.420000	28.000000
-156.808197	18.404200	1375.791000	167.690000	-17.420000	28.000000
-156.167007	18.301001	1385.807000	167.690000	-17.420000	28.000000
