-155.772995	19.079000	967.802000	-168.470000	52.950000	60.000000	168.019892	167.619892	168.519892	3.960954	1.275805
-154.983002	19.601000	957.771000	-168.470000	52.950000	60.000000	166.945535	166.645535	167.345535	3.985761	1.145967
-154.617798	20.088900	945.764000	-168.470000	52.950000	60.000000	166.848216	166.548216	167.048216	3.982167	1.579712
-155.679398	21.205500	908.762000	-168.470000	52.950000	60.000000	166.875276	166.475276	167.275276	3.954470	0.962454
-154.482803	21.001900	923.763000	-168.470000	52.950000	60.000000	164.510266	163.910266	165.210266	3.944878	-0.277556
-153.982697	21.519699	911.768000	-168.470000	52.950000	60.000000	165.345732	164.945732	165.845732	3.976841	1.264020
-153.902405	19.979099	952.764000	-168.470000	52.950000	60.000000	166.858236	166.558236	167.158236	3.998612	2.240804
-153.503204	19.495199	968.773000	-168.470000	52.950000	60.000000	166.653340	166.353340	166.853340	3.997437	2.232280
-154.393997	19.262501	969.776000	-168.470000	52.950000	60.000000	166.858185	166.658185	167.158185	3.998753	1.506234
-152.132401	18.481400	1004.778000	-168.470000	52.950000	60.000000	166.612543	166.512543	166.812543	3.916138	3.071780
-154.797394	18.803101	980.763000	-168.470000	52.950000	60.000000	167.088951	166.688951	167.488951	3.985166	1.192865
-156.808197	18.404200	979.760000	-168.470000	52.950000	60.000000	168.621626	168.321626	168.821626	3.908796	0.661886
-156.167007	18.301001	986.778000	-168.470000	52.950000	60.000000	168.743807	168.443807	169.043807	3.948497	1.374961
-157.227295	18.984800	961.788000	-168.470000	52.950000	60.000000	168.985221	168.885221	169.185221	3.910886	0.781926
-156.510101	19.477699	952.758000	-168.470000	52.950000	60.000000	168.946076	168.646076	169.246076	3.966312	1.604791
-156.932007	19.832701	939.768000	-168.470000	52.950000	60.000000	168.395001	168.195001	168.695001	3.937868	0.743397
-157.627594	20.346100	921.757000	-168.470000	52.950000	60.000000	168.545840	168.345840	168.645840	3.923890	0.344628
