-155.679398	21.205500	947.438000	-177.930000	51.160000	30.000000	155.690011	155.490011	155.890011	3.974792	0.394278
-153.982697	21.519699	957.555000	-177.930000	51.160000	30.000000	155.055744	154.855744	155.255744	3.957140	1.386640
-153.503204	19.495199	1013.682000	-177.930000	51.160000	30.000000	156.273180	155.973180	156.573180	4.022055	1.774918
-152.132401	18.481400	1053.486000	-177.930000	51.160000	30.000000	156.486228	156.386228	156.586228	4.082426	2.480115
-153.700806	17.297501	1067.587000	-177.930000	51.160000	30.000000	156.648816	156.148816	157.148816	4.044933	0.813407
-154.030502	17.988400	1047.574000	-177.930000	51.160000	30.000000	156.053943	155.553943	156.553943	4.046357	0.314508
-156.465103	18.775000	1001.655000	-177.930000	51.160000	30.000000	157.329528	157.129528	157.529528	3.992326	-0.007131
-155.772995	19.079000	1002.255000	-177.930000	51.160000	30.000000	157.717885	157.217885	158.217885	3.976165	1.130124
-157.931000	21.646000	913.234000	-177.930000	51.160000	30.000000	154.100803	150.200803	158.000803	3.811988	-2.951629
-155.996994	20.771000	955.229000	-177.930000	51.160000	30.000000	156.078752	155.878752	156.378752	3.978238	0.248847
-154.983002	19.601000	997.257000	-177.930000	51.160000	30.000000	155.514681	154.914681	156.114681	4.001355	-0.125350
-159.401001	21.971001	881.257000	-177.930000	51.160000	30.000000	147.293711	143.293711	151.093711	3.882586	-10.968666
-156.658005	20.891001	945.210000	-177.930000	51.160000	30.000000	155.484953	154.684953	156.184953	3.865951	-0.854875
-157.270004	21.108999	933.249000	-177.930000	51.160000	30.000000	156.060676	154.860676	157.160676	3.835339	-0.700463
-154.617798	20.088900	987.954000	-177.930000	51.160000	30.000000	155.041622	154.741622	155.341622	4.000112	-0.017934
-154.482803	21.001900	967.215000	-177.930000	51.160000	30.000000	153.577248	153.177248	153.877248	3.979471	-0.827461
-153.292099	20.892599	981.915000	-177.930000	51.160000	30.000000	154.342525	154.142525	154.642525	4.004080	0.841741
-154.393997	19.262501	1011.277000	-177.930000	51.160000	30.000000	155.602860	155.302860	155.902860	4.005061	0.257860
-153.992294	18.797600	1025.807000	-177.930000	51.160000	30.000000	156.653269	156.253269	157.053269	4.006388	1.376117
-154.691299	17.180099	1061.229000	-177.930000	51.160000	30.000000	158.005603	157.705603	158.405603	4.004400	1.328703
-154.495895	18.401699	1032.235000	-177.930000	51.160000	30.000000	156.434745	156.034745	156.834745	4.007949	0.540244
-154.797394	18.803101	1019.332000	-177.930000	51.160000	30.000000	156.394490	155.894490	156.894490	3.997476	0.469223
-155.714996	18.000299	1029.179000	-177.930000	51.160000	30.000000	157.138147	156.938147	157.438147	3.989914	0.036893
-156.808197	18.404200	1006.993000	-177.930000	51.160000	30.000000	156.969806	156.769806	157.169806	3.996062	-0.851313
-156.167007	18.301001	1017.109000	-177.930000	51.160000	30.000000	157.599200	157.399200	157.799200	3.986564	0.272130
-157.227295	18.984800	988.215000	-177.930000	51.160000	30.000000	157.420448	157.220448	157.520448	3.983726	-0.467986
-156.510101	19.477699	983.749000	-177.930000	51.160000	30.000000	157.734450	157.434450	158.034450	3.971266	0.731244
-156.932007	19.832701	969.365000	-177.930000	51.160000	30.000000	156.525288	155.725288	157.225288	3.890842	-0.653630
-157.627594	20.346100	948.880000	-177.930000	51.160000	30.000000	156.930830	156.130830	157.730830	3.858313	-0.586701
