-155.772995	19.079000	1459.664000	170.500000	-22.010000	78.300000	39.484600	39.284600	39.584600	4.000252	-0.851275
-155.996994	20.771000	1492.636000	170.500000	-22.010000	78.300000	38.130446	38.030446	38.230446	3.995153	-1.199441
-154.983002	19.601000	1484.631000	170.500000	-22.010000	78.300000	40.168388	39.868388	40.468388	4.004092	-0.599440
-155.710999	20.046000	1481.640000	170.500000	-22.010000	78.300000	38.760834	38.560834	38.860834	3.995102	-1.160913
-156.658005	20.891001	1484.632000	170.500000	-22.010000	78.300000	37.541056	37.441056	37.641056	3.994565	-1.145647
-157.270004	21.108999	1479.657000	170.500000	-22.010000	78.300000	37.115061	37.015061	37.215061	3.987272	-0.920033
-154.617798	20.088900	1500.540000	170.500000	-22.010000	78.300000	39.895520	39.795520	40.095520	3.998339	-0.953285
-154.482803	21.001900	1522.625000	170.500000	-22.010000	78.300000	39.182374	38.982374	39.382374	3.989487	-1.358148
-153.982697	21.519699	1540.807000	170.500000	-22.010000	78.300000	40.102395	39.902395	40.302395	4.021866	-0.630864
-153.292099	20.892599	1539.635000	170.500000	-22.010000	78.300000	40.490014	40.390014	40.690014	4.024680	-1.107475
-153.902405	19.979099	1509.703000	170.500000	-22.010000	78.300000	40.207122	40.007122	40.407122	4.002786	-1.301658
-153.503204	19.495199	1506.425000	170.500000	-22.010000	78.300000	40.647691	40.547691	40.747691	4.003747	-1.426349
-154.393997	19.262501	1486.685000	170.500000	-22.010000	78.300000	40.564674	40.464674	40.764674	3.999898	-0.871445
-153.992294	18.797600	1483.481000	170.500000	-22.010000	78.300000	40.900952	40.700952	41.000952	3.997026	-1.102742
-153.295898	18.800900	1495.880000	170.500000	-22.010000	78.300000	41.602476	41.502476	41.702476	4.005676	-0.980885
-154.495895	18.401699	1466.667000	170.500000	-22.010000	78.300000	40.787443	40.687443	40.887443	3.998732	-0.987731
-154.797394	18.803101	1470.000000	170.500000	-22.010000	78.300000	40.386496	40.286496	40.486496	3.998947	-0.931050
-155.714996	18.000299	1437.638000	170.500000	-22.010000	78.300000	40.325258	40.225258	40.425258	4.000943	-0.604447
-156.808197	18.404200	1428.150000	170.500000	-22.010000	78.300000	38.983822	38.583822	39.283822	3.985750	-0.773264
-156.167007	18.301001	1435.632000	170.500000	-22.010000	78.300000	39.061996	38.961996	39.161996	3.978116	-1.317433
-156.465103	18.775000	1441.258000	170.500000	-22.010000	78.300000	38.899536	38.699536	38.999536	3.985037	-0.976710
-157.227295	18.984800	1432.642000	170.500000	-22.010000	78.300000	38.722452	38.422452	38.922452	3.973805	-0.365683
-156.510101	19.477699	1455.879000	170.500000	-22.010000	78.300000	38.490974	38.390974	38.590974	3.996763	-0.998197
-156.932007	19.832701	1456.308000	170.500000	-22.010000	78.300000	38.420538	38.320538	38.520538	3.983027	-0.519127
-157.627594	20.346100	1456.933000	170.500000	-22.010000	78.300000	37.274171	37.274171	37.374171	3.966432	-0.790417
