-155.772995	19.079000	1839.685000	141.980000	-5.450000	12.000000
-155.996994	20.771000	1843.699000	141.980000	-5.450000	12.000000
-155.710999	20.046000	1846.695000	141.980000	-5.450000	12.000000
-154.617798	20.088900	1874.683000	141.980000	-5.450000	12.000000
-154.482803	21.001900	1885.678000	141.980000	-5.450000	12.000000
-153.292099	20.892599	1911.698000	141.980000	-5.450000	12.000000
-153.503204	19.495199	1899.692000	141.980000	-5.450000	12.000000
-153.992294	18.797600	1882.693000	141.980000	-5.450000	12.000000
-152.132401	18.481400	1926.680000	141.980000	-5.450000	12.000000
-153.700806	17.297501	1878.697000	141.980000	-5.450000	12.000000
-154.691299	17.180099	1853.686000	141.980000	-5.450000	12.000000
-154.495895	18.401699	1867.674000	141.980000	-5.450000	12.000000
-154.797394	18.803101	1862.681000	141.980000	-5.450000	12.000000
-155.714996	18.000299	1833.698000	141.980000	-5.450000	12.000000
-156.808197	18.404200	1808.693000	141.980000	-5.450000	12.000000
-156.167007	18.301001	1824.688000	141.980000	-5.450000	12.000000
-157.227295	18.984800	1801.703000	141.980000	-5.450000	12.000000
-156.510101	19.477699	1822.685000	141.980000	-5.450000	12.000000
-157.627594	20.346100	1799.695000	141.980000	-5.450000	12.000000
