-155.772995	19.079000	1246.910000	-112.550000	45.370000	12.000000	222.578812	222.278812	222.778812	4.046054	-1.020740
-154.983002	19.601000	1221.865000	-112.550000	45.370000	12.000000	222.119792	221.719792	222.619792	4.044323	-1.554323
-154.617798	20.088900	1204.874000	-112.550000	45.370000	12.000000	221.651033	220.951033	222.451033	4.041615	-2.242999
-154.482803	21.001900	1185.869000	-112.550000	45.370000	12.000000	223.761124	223.361124	224.161124	4.058049	-0.778638
-153.982697	21.519699	1165.871000	-112.550000	45.370000	12.000000	222.309722	221.709722	222.909722	4.087523	-2.447808
-153.292099	20.892599	1167.884000	-112.550000	45.370000	12.000000	221.548446	220.548446	222.448446	4.109421	-2.436350
-153.503204	19.495199	1198.864000	-112.550000	45.370000	12.000000	221.723366	221.423366	222.023366	4.055718	-1.276569
-153.992294	18.797600	1221.885000	-112.550000	45.370000	12.000000	221.224039	221.024039	221.524039	4.044640	-1.469461
-153.295898	18.800900	1209.883000	-112.550000	45.370000	12.000000	220.816081	220.616081	221.016081	4.058920	-1.584563
-153.700806	17.297501	1247.874000	-112.550000	45.370000	12.000000	220.172365	220.072365	220.272365	4.015576	-1.346129
-154.030502	17.988400	1238.263000	-112.550000	45.370000	12.000000	221.771458	221.571458	221.971458	4.061425	-0.364945
-155.714996	18.000299	1267.862000	-112.550000	45.370000	12.000000	221.570082	221.370082	221.870082	4.010485	-1.258546
-156.808197	18.404200	1278.886000	-112.550000	45.370000	12.000000	222.127017	221.927017	222.427017	3.976795	-1.386856
-156.167007	18.301001	1269.873000	-112.550000	45.370000	12.000000	222.104004	221.804004	222.504004	4.031157	-1.102556
-156.465103	18.775000	1264.867000	-112.550000	45.370000	12.000000	222.155265	221.955265	222.455265	4.024394	-1.487868
-157.227295	18.984800	1274.871000	-112.550000	45.370000	12.000000	223.294909	222.994909	223.494909	3.994539	-0.765049
