-155.772995	19.079000	1547.655000	145.330000	12.960000	48.000000
-155.996994	20.771000	1540.629000	145.330000	12.960000	48.000000
-154.983002	19.601000	1567.613000	145.330000	12.960000	48.000000
-154.617798	20.088900	1576.517000	145.330000	12.960000	48.000000
-154.994400	21.507000	1563.610000	145.330000	12.960000	48.000000
-154.482803	21.001900	1579.617000	145.330000	12.960000	48.000000
-153.292099	20.892599	1608.609000	145.330000	12.960000	48.000000
-153.503204	19.495199	1605.387000	145.330000	12.960000	48.000000
-154.393997	19.262501	1582.679000	145.330000	12.960000	48.000000
-153.295898	18.800900	1611.895000	145.330000	12.960000	48.000000
-152.132401	18.481400	1641.779000	145.330000	12.960000	48.000000
-154.797394	18.803101	1572.789000	145.330000	12.960000	48.000000
-156.808197	18.404200	1521.624000	145.330000	12.960000	48.000000
-156.167007	18.301001	1537.618000	145.330000	12.960000	48.000000
-156.465103	18.775000	1529.322000	145.330000	12.960000	48.000000
-157.227295	18.984800	1509.632000	145.330000	12.960000	48.000000
-156.932007	19.832701	1516.254000	145.330000	12.960000	48.000000
-157.627594	20.346100	1497.633000	145.330000	12.960000	48.000000
