-157.931000	21.646000	1784.215000	-111.930000	-23.990000	12.000000	311.880785	311.280785	312.380785	3.895436	-1.079391
-155.996994	20.771000	1729.215000	-111.930000	-23.990000	12.000000	313.660421	313.260421	313.960421	3.973799	-0.308621
-154.983002	19.601000	1688.240000	-111.930000	-23.990000	12.000000	314.357392	314.157392	314.657392	4.021313	0.136147
-156.658005	20.891001	1744.240000	-111.930000	-23.990000	12.000000	313.575528	313.175528	313.875528	3.967039	0.020721
-156.755997	21.136000	1751.233000	-111.930000	-23.990000	12.000000	313.704423	313.404423	314.004423	3.967285	0.125551
-155.679398	21.205500	1731.212000	-111.930000	-23.990000	12.000000	313.347214	313.047214	313.747214	3.973408	-1.010754
-154.482803	21.001900	1707.201000	-111.930000	-23.990000	12.000000	315.976130	315.776130	316.276130	4.006742	0.840752
-153.982697	21.519699	1707.203000	-111.930000	-23.990000	12.000000	315.669964	315.469964	315.769964	3.999488	-0.029604
-153.290604	17.906200	1624.200000	-111.930000	-23.990000	12.000000	314.856524	314.556524	315.256524	4.054919	0.142498
-154.691299	17.180099	1636.216000	-111.930000	-23.990000	12.000000	313.653335	313.453335	313.853335	4.045267	0.254328
-154.495895	18.401699	1655.206000	-111.930000	-23.990000	12.000000	314.233502	313.733502	314.733502	4.033985	0.166437
-154.797394	18.803101	1669.210000	-111.930000	-23.990000	12.000000	314.137721	313.937721	314.437721	4.021207	0.114023
-156.808197	18.404200	1699.208000	-111.930000	-23.990000	12.000000	313.401324	313.201324	313.601324	4.020446	0.927230
-156.465103	18.775000	1700.213000	-111.930000	-23.990000	12.000000	313.365415	313.165415	313.565415	4.006987	0.507866
-157.227295	18.984800	1718.205000	-111.930000	-23.990000	12.000000	313.484294	313.284294	313.784294	3.997061	1.056579
-156.510101	19.477699	1715.199000	-111.930000	-23.990000	12.000000	312.718986	312.418986	313.018986	3.990155	-0.390538
-156.932007	19.832701	1730.219000	-111.930000	-23.990000	12.000000	312.505730	312.005730	312.905730	3.973405	-0.455623
-154.617798	20.088900	1690.013000	-111.930000	-23.990000	12.000000	313.933680	313.633680	314.233680	4.016757	-0.744171
-153.992294	18.797600	1653.902000	-111.930000	-23.990000	12.000000	314.550787	314.250787	314.750787	4.032484	-0.043201
-153.700806	17.297501	1619.970000	-111.930000	-23.990000	12.000000	314.122024	313.822024	314.422024	4.063813	-0.026846
-154.030502	17.988400	1639.725000	-111.930000	-23.990000	12.000000	314.746723	314.346723	315.246723	4.033397	0.527526
-156.167007	18.301001	1685.898000	-111.930000	-23.990000	12.000000	312.887416	312.687416	313.087416	4.020545	0.022286
-157.627594	20.346100	1752.722000	-111.930000	-23.990000	12.000000	312.829543	312.529543	313.129543	3.968052	0.142450
