-155.772995	19.079000	1021.226000	-154.240000	56.160000	13.000000
-157.931000	21.646000	947.193000	-154.240000	56.160000	13.000000
-155.996994	20.771000	973.199000	-154.240000	56.160000	13.000000
-154.983002	19.601000	1004.195000	-154.240000	56.160000	13.000000
-155.710999	20.046000	993.202000	-154.240000	56.160000	13.000000
-159.401001	21.971001	944.204000	-154.240000	56.160000	13.000000
-156.658005	20.891001	971.194000	-154.240000	56.160000	13.000000
-157.270004	21.108999	965.220000	-154.240000	56.160000	13.000000
-156.755997	21.136000	964.217000	-154.240000	56.160000	13.000000
-154.617798	20.088900	990.181000	-154.240000	56.160000	13.000000
-155.679398	21.205500	960.180000	-154.240000	56.160000	13.000000
-154.994400	21.507000	951.193000	-154.240000	56.160000	13.000000
-154.482803	21.001900	966.186000	-154.240000	56.160000	13.000000
-153.982697	21.519699	951.193000	-154.240000	56.160000	13.000000
-153.292099	20.892599	969.185000	-154.240000	56.160000	13.000000
-154.393997	19.262501	1014.197000	-154.240000	56.160000	13.000000
-153.290604	17.906200	1051.182000	-154.240000	56.160000	13.000000
-154.691299	17.180099	1071.203000	-154.240000	56.160000	13.000000
-154.797394	18.803101	1026.198000	-154.240000	56.160000	13.000000
-156.808197	18.404200	1041.199000	-154.240000	56.160000	13.000000
-156.167007	18.301001	1043.185000	-154.240000	56.160000	13.000000
-157.227295	18.984800	1025.180000	-154.240000	56.160000	13.000000
-156.510101	19.477699	1010.187000	-154.240000	56.160000	13.000000
-156.932007	19.832701	1000.181000	-154.240000	56.160000	13.000000
-157.627594	20.346100	987.190000	-154.240000	56.160000	13.000000
