-155.772995	19.079000	1408.810000	167.690000	-17.420000	28.000000	44.318357	44.118357	44.518357	4.028692	-2.476567
-155.996994	20.771000	1438.815000	167.690000	-17.420000	28.000000	42.676235	42.576235	42.776235	4.009088	-2.962720
-159.401001	21.971001	1397.797000	167.690000	-17.420000	28.000000	NaN	NaN	NaN	NaN	NaN
-154.617798	20.088900	1450.806000	167.690000	-17.420000	28.000000	43.923390	43.523390	44.323390	4.023388	-3.261903
-155.679398	21.205500	1452.811000	167.690000	-17.420000	28.000000	43.145761	42.945761	43.345761	3.998197	-2.527452
-153.902405	19.979099	1460.808000	167.690000	-17.420000	28.000000	45.494168	45.194168	45.694168	4.028367	-2.340929
-153.503204	19.495199	1457.812000	167.690000	-17.420000	28.000000	45.758579	45.258579	46.258579	4.044739	-2.670475
-153.992294	18.797600	1435.794000	167.690000	-17.420000	28.000000	45.929444	45.529444	46.229444	4.027677	-2.503509
-153.295898	18.800900	1448.794000	167.690000	-17.420000	28.000000	46.374635	45.774635	46.874635	4.043280	-2.614686
-152.132401	18.481400	1465.795000	167.690000	-17.420000	28.000000	48.073847	47.773847	48.273847	4.060314	-2.008005
-153.290604	17.906200	1432.791000	167.690000	-17.420000	28.000000	47.333612	47.133612	47.633612	4.048808	-2.180796
-153.700806	17.297501	1414.808000	167.690000	-17.420000	28.000000	48.799918	48.499918	48.999918	4.065449	-0.755010
-154.691299	17.180099	1392.803000	167.690000	-17.420000	28.000000	47.319550	47.119550	47.619550	4.050470	-1.514380
-154.030502	17.988400	1419.799000	167.690000	-17.420000	28.000000	46.370288	46.070288	46.770288	4.028867	-2.507067
-154.495895	18.401699	1418.805000	167.690000	-17.420000	28.000000	45.702212	45.402212	46.002212	4.027534	-2.553390
-154.797394	18.803101	1420.804000	167.690000	-17.420000	28.000000	45.478095	45.178095	45.878095	4.028803	-2.294148
-155.714996	18.000299	1388.791000	167.690000	-17.420000	28.000000	45.086232	44.786232	45.486232	4.029331	-2.401416
-156.808197	18.404200	1375.791000	167.690000	-17.420000	28.000000	44.479952	44.279952	44.679952	3.989369	-1.831068
-156.167007	18.301001	1385.807000	167.690000	-17.420000	28.000000	44.821602	44.521602	45.121602	4.025673	-2.102020
