-157.931000	21.646000	1507.916000	153.150000	-4.800000	61.000000
-155.996994	20.771000	1546.887000	153.150000	-4.800000	61.000000
-154.983002	19.601000	1560.870000	153.150000	-4.800000	61.000000
-159.401001	21.971001	1470.916000	153.150000	-4.800000	61.000000
-156.658005	20.891001	1531.874000	153.150000	-4.800000	61.000000
-157.270004	21.108999	1517.909000	153.150000	-4.800000	61.000000
-156.755997	21.136000	1530.906000	153.150000	-4.800000	61.000000
-155.679398	21.205500	1558.301000	153.150000	-4.800000	61.000000
-154.482803	21.001900	1586.873000	153.150000	-4.800000	61.000000
-153.982697	21.519699	1602.146000	153.150000	-4.800000	61.000000
-153.292099	20.892599	1612.908000	153.150000	-4.800000	61.000000
-153.902405	19.979099	1590.968000	153.150000	-4.800000	61.000000
-152.132401	18.481400	1615.095000	153.150000	-4.800000	61.000000
-156.510101	19.477699	1522.288000	153.150000	-4.800000	61.000000
-156.932007	19.832701	1515.259000	153.150000	-4.800000	61.000000
-154.617798	20.088900	1574.693000	153.150000	-4.800000	61.000000
-157.627594	20.346100	1502.385000	153.150000	-4.800000	61.000000
