-157.931000	21.646000	1698.138000	138.420000	10.420000	12.000000
-155.996994	20.771000	1747.137000	138.420000	10.420000	12.000000
-154.983002	19.601000	1774.119000	138.420000	10.420000	12.000000
-156.658005	20.891001	1730.124000	138.420000	10.420000	12.000000
-157.270004	21.108999	1712.159000	138.420000	10.420000	12.000000
-159.664993	22.122999	1653.150000	138.420000	10.420000	12.000000
-154.617798	20.088900	1782.820000	138.420000	10.420000	12.000000
-155.679398	21.205500	1756.232000	138.420000	10.420000	12.000000
-154.482803	21.001900	1789.123000	138.420000	10.420000	12.000000
-153.982697	21.519699	1798.503000	138.420000	10.420000	12.000000
-153.292099	20.892599	1816.633000	138.420000	10.420000	12.000000
-153.902405	19.979099	1801.231000	138.420000	10.420000	12.000000
-153.503204	19.495199	1811.507000	138.420000	10.420000	12.000000
-154.393997	19.262501	1789.137000	138.420000	10.420000	12.000000
-153.992294	18.797600	1799.651000	138.420000	10.420000	12.000000
-154.495895	18.401699	1786.138000	138.420000	10.420000	12.000000
-154.797394	18.803101	1778.679000	138.420000	10.420000	12.000000
-156.808197	18.404200	1725.716000	138.420000	10.420000	12.000000
-157.227295	18.984800	1715.123000	138.420000	10.420000	12.000000
-156.510101	19.477699	1734.729000	138.420000	10.420000	12.000000
-157.627594	20.346100	1704.127000	138.420000	10.420000	12.000000
