-155.772995	19.079000	1004.959000	-178.300000	51.080000	27.000000	157.815077	157.415077	158.315077	3.998675	1.619252
-155.996994	20.771000	958.932000	-178.300000	51.080000	27.000000	155.858111	155.458111	156.358111	3.996163	0.433943
-154.983002	19.601000	999.955000	-178.300000	51.080000	27.000000	155.412707	154.912707	156.012707	4.014070	0.162706
-155.710999	20.046000	981.936000	-178.300000	51.080000	27.000000	156.755828	155.755828	157.755828	4.004921	1.152237
-159.401001	21.971001	890.960000	-178.300000	51.080000	27.000000	154.133678	153.233678	155.033678	4.038764	-3.687193
-156.658005	20.891001	948.933000	-178.300000	51.080000	27.000000	155.858015	155.258015	156.358015	3.954349	-0.070204
-157.270004	21.108999	936.952000	-178.300000	51.080000	27.000000	156.426770	155.726770	157.126770	3.937219	0.083560
-154.617798	20.088900	990.821000	-178.300000	51.080000	27.000000	155.137958	154.837958	155.437958	4.011098	0.469038
-154.994400	21.507000	950.286000	-178.300000	51.080000	27.000000	155.528407	155.228407	155.828407	3.989631	1.408431
-154.482803	21.001900	969.919000	-178.300000	51.080000	27.000000	153.966379	153.666379	154.266379	4.010913	-0.042618
-153.902405	19.979099	1000.925000	-178.300000	51.080000	27.000000	155.394936	155.194936	155.594936	4.021164	1.240585
-154.393997	19.262501	1013.981000	-178.300000	51.080000	27.000000	155.908178	155.508178	156.208178	4.021457	0.946829
-153.295898	18.800900	1036.197000	-178.300000	51.080000	27.000000	156.989135	156.689135	157.189135	4.047376	2.638070
-153.290604	17.906200	1059.050000	-178.300000	51.080000	27.000000	157.001913	156.701913	157.301913	4.046470	2.167913
-153.700806	17.297501	1071.181000	-178.300000	51.080000	27.000000	156.375409	155.975409	156.775409	4.018996	0.907197
-154.691299	17.180099	1063.918000	-178.300000	51.080000	27.000000	157.826820	157.426820	158.126820	4.037985	1.522585
-154.495895	18.401699	1034.960000	-178.300000	51.080000	27.000000	156.546816	156.046816	156.946816	4.023300	1.031242
-154.797394	18.803101	1022.102000	-178.300000	51.080000	27.000000	156.300978	155.700978	156.900978	4.008081	0.759207
-155.714996	18.000299	1032.403000	-178.300000	51.080000	27.000000	157.645628	157.345628	157.945628	4.007662	0.928594
-156.808197	18.404200	1009.381000	-178.300000	51.080000	27.000000	156.266431	156.066431	156.466431	4.013023	-1.160826
-156.167007	18.301001	1020.368000	-178.300000	51.080000	27.000000	158.100976	157.800976	158.300976	4.005048	1.163013
-157.627594	20.346100	951.259000	-178.300000	51.080000	27.000000	156.002326	155.702326	156.302326	3.953123	-1.100985
-155.679398	21.205500	950.568000	-178.300000	51.080000	27.000000	155.767612	155.267612	156.167612	3.993408	0.878419
-153.503204	19.495199	1016.691000	-178.300000	51.080000	27.000000	156.483032	156.283032	156.783032	4.027454	2.363487
-153.992294	18.797600	1029.754000	-178.300000	51.080000	27.000000	156.065457	155.765457	156.365457	4.023684	1.166264
-154.030502	17.988400	1050.648000	-178.300000	51.080000	27.000000	155.872675	155.272675	156.472675	4.051239	0.506581
-156.465103	18.775000	1004.622000	-178.300000	51.080000	27.000000	157.524863	157.324863	157.724863	4.009894	0.582559
