-155.772995	19.079000	1075.728000	-177.100000	-14.260000	12.000000
-155.996994	20.771000	1112.701000	-177.100000	-14.260000	12.000000
-154.983002	19.601000	1099.720000	-177.100000	-14.260000	12.000000
-159.401001	21.971001	1088.729000	-177.100000	-14.260000	12.000000
-156.658005	20.891001	1106.710000	-177.100000	-14.260000	12.000000
-157.270004	21.108999	1103.721000	-177.100000	-14.260000	12.000000
-154.617798	20.088900	1116.698000	-177.100000	-14.260000	12.000000
-155.679398	21.205500	1126.700000	-177.100000	-14.260000	12.000000
-154.482803	21.001900	1140.687000	-177.100000	-14.260000	12.000000
-153.982697	21.519699	1157.705000	-177.100000	-14.260000	12.000000
-153.292099	20.892599	1153.696000	-177.100000	-14.260000	12.000000
-153.902405	19.979099	1124.690000	-177.100000	-14.260000	12.000000
-153.503204	19.495199	1118.696000	-177.100000	-14.260000	12.000000
-154.393997	19.262501	1100.700000	-177.100000	-14.260000	12.000000
-153.992294	18.797600	1096.700000	-177.100000	-14.260000	12.000000
-153.295898	18.800900	1106.703000	-177.100000	-14.260000	12.000000
-152.132401	18.481400	1117.687000	-177.100000	-14.260000	12.000000
-153.290604	17.906200	1086.696000	-177.100000	-14.260000	12.000000
-153.700806	17.297501	1067.689000	-177.100000	-14.260000	12.000000
-154.691299	17.180099	1049.699000	-177.100000	-14.260000	12.000000
-154.030502	17.988400	1077.687000	-177.100000	-14.260000	12.000000
-154.495895	18.401699	1079.681000	-177.100000	-14.260000	12.000000
-154.797394	18.803101	1083.680000	-177.100000	-14.260000	12.000000
-155.714996	18.000299	1052.687000	-177.100000	-14.260000	12.000000
-156.808197	18.404200	1044.698000	-177.100000	-14.260000	12.000000
-156.167007	18.301001	1051.691000	-177.100000	-14.260000	12.000000
-156.465103	18.775000	1057.695000	-177.100000	-14.260000	12.000000
-157.227295	18.984800	1052.681000	-177.100000	-14.260000	12.000000
-156.510101	19.477699	1073.704000	-177.100000	-14.260000	12.000000
-156.932007	19.832701	1076.700000	-177.100000	-14.260000	12.000000
-157.627594	20.346100	1080.685000	-177.100000	-14.260000	12.000000
