-155.772995	19.079000	2076.273000	-135.910000	-54.570000	15.000000
-155.996994	20.771000	2124.296000	-135.910000	-54.570000	15.000000
-155.710999	20.046000	2102.292000	-135.910000	-54.570000	15.000000
-156.658005	20.891001	2129.303000	-135.910000	-54.570000	15.000000
-156.755997	21.136000	2136.307000	-135.910000	-54.570000	15.000000
-154.617798	20.088900	2098.277000	-135.910000	-54.570000	15.000000
-155.679398	21.205500	2134.287000	-135.910000	-54.570000	15.000000
-154.482803	21.001900	2126.275000	-135.910000	-54.570000	15.000000
-153.982697	21.519699	2134.280000	-135.910000	-54.570000	15.000000
-153.902405	19.979099	2092.281000	-135.910000	-54.570000	15.000000
-153.503204	19.495199	2078.289000	-135.910000	-54.570000	15.000000
-153.992294	18.797600	2060.275000	-135.910000	-54.570000	15.000000
-153.295898	18.800900	2058.293000	-135.910000	-54.570000	15.000000
-152.132401	18.481400	2046.293000	-135.910000	-54.570000	15.000000
-153.290604	17.906200	2034.284000	-135.910000	-54.570000	15.000000
-153.700806	17.297501	2019.273000	-135.910000	-54.570000	15.000000
-154.691299	17.180099	2019.291000	-135.910000	-54.570000	15.000000
-154.030502	17.988400	2038.271000	-135.910000	-54.570000	15.000000
-154.495895	18.401699	2051.291000	-135.910000	-54.570000	15.000000
-154.797394	18.803101	2064.290000	-135.910000	-54.570000	15.000000
-156.808197	18.404200	2060.275000	-135.910000	-54.570000	15.000000
-156.167007	18.301001	2055.283000	-135.910000	-54.570000	15.000000
-157.227295	18.984800	2077.274000	-135.910000	-54.570000	15.000000
-156.510101	19.477699	2089.275000	-135.910000	-54.570000	15.000000
-157.627594	20.346100	2116.293000	-135.910000	-54.570000	15.000000
