-155.772995	19.079000	1407.046000	159.690000	-7.660000	28.000000	61.027525	60.827525	61.327525	4.013346	-1.795492
-155.996994	20.771000	1426.028000	159.690000	-7.660000	28.000000	58.895448	58.695448	59.095448	4.018816	-2.591290
-154.983002	19.601000	1432.042000	159.690000	-7.660000	28.000000	61.268310	60.968310	61.468310	4.012942	-1.717901
-156.658005	20.891001	1412.043000	159.690000	-7.660000	28.000000	59.182660	59.082660	59.382660	4.008527	-1.751582
-154.617798	20.088900	1447.067000	159.690000	-7.660000	28.000000	61.217854	60.917854	61.417854	4.012746	-1.679193
-155.679398	21.205500	1438.032000	159.690000	-7.660000	28.000000	59.991873	59.891873	60.091873	4.010748	-1.422665
-154.994400	21.507000	1457.128000	159.690000	-7.660000	28.000000	60.640559	60.440559	60.840559	4.014076	-1.052847
-154.482803	21.001900	1463.029000	159.690000	-7.660000	28.000000	59.976316	59.676316	60.376316	4.032589	-2.402515
-153.982697	21.519699	1481.106000	159.690000	-7.660000	28.000000	60.175050	59.875050	60.375050	4.025094	-2.206769
-153.292099	20.892599	1488.008000	159.690000	-7.660000	28.000000	61.526231	61.226231	61.826231	4.022719	-1.721070
-153.902405	19.979099	1461.092000	159.690000	-7.660000	28.000000	61.019768	60.619768	61.419768	4.032832	-2.423772
-153.503204	19.495199	1464.056000	159.690000	-7.660000	28.000000	61.467145	61.267145	61.667145	4.042479	-2.556607
-154.393997	19.262501	1441.040000	159.690000	-7.660000	28.000000	61.664465	61.564465	61.864465	4.014613	-1.941860
-153.992294	18.797600	1445.067000	159.690000	-7.660000	28.000000	62.999337	62.899337	63.199337	4.006755	-1.183343
-154.495895	18.401699	1428.089000	159.690000	-7.660000	28.000000	62.786310	62.686310	62.886310	4.008720	-1.349614
-154.797394	18.803101	1426.043000	159.690000	-7.660000	28.000000	62.070394	61.870394	62.270394	4.011966	-1.591195
-156.167007	18.301001	1388.106000	159.690000	-7.660000	28.000000	61.800612	61.500612	62.000612	4.019228	-1.319252
-156.465103	18.775000	1387.112000	159.690000	-7.660000	28.000000	60.888737	60.588737	61.088737	4.022779	-1.685265
-157.227295	18.984800	1372.033000	159.690000	-7.660000	28.000000	60.511736	60.111736	60.811736	3.998559	-1.384078
