-155.772995	19.079000	1585.323000	143.920000	52.850000	15.000000	143.582357	142.882357	144.282357	4.002012	2.253491
-155.996994	20.771000	1543.297000	143.920000	52.850000	15.000000	141.699837	141.399837	141.999837	4.009852	1.046936
-154.983002	19.601000	1585.288000	143.920000	52.850000	15.000000	142.301248	141.901248	142.701248	4.022074	1.297659
-156.658005	20.891001	1530.296000	143.920000	52.850000	15.000000	141.688004	141.388004	142.088004	3.999461	0.992981
-157.270004	21.108999	1515.317000	143.920000	52.850000	15.000000	141.759567	141.359567	142.059567	4.003049	1.070249
-156.755997	21.136000	1522.316000	143.920000	52.850000	15.000000	141.684758	141.184758	142.184758	3.989777	1.084081
-155.679398	21.205500	1538.724000	143.920000	52.850000	15.000000	141.687504	141.487504	141.887504	4.004259	1.267014
-154.482803	21.001900	1563.284000	143.920000	52.850000	15.000000	141.006038	140.706038	141.306038	4.015761	0.648467
-153.982697	21.519699	1558.550000	143.920000	52.850000	15.000000	142.177466	141.877466	142.377466	4.011196	2.098059
-153.295898	18.800900	1627.676000	143.920000	52.850000	15.000000	144.232913	143.632913	144.832913	4.034029	3.134995
-152.132401	18.481400	1652.500000	143.920000	52.850000	15.000000	145.668250	145.368250	146.068250	4.034393	4.589394
-154.691299	17.180099	1643.309000	143.920000	52.850000	15.000000	144.021770	143.621770	144.421770	3.988512	2.124450
-154.797394	18.803101	1606.454000	143.920000	52.850000	15.000000	142.832733	142.232733	143.532733	4.021987	1.536355
-156.808197	18.404200	1581.410000	143.920000	52.850000	15.000000	141.597228	141.397228	141.797228	3.992030	-0.168449
-156.465103	18.775000	1579.347000	143.920000	52.850000	15.000000	142.418639	142.118639	142.718639	4.009140	0.858945
-157.227295	18.984800	1562.280000	143.920000	52.850000	15.000000	141.939166	141.739166	142.139166	3.995541	0.339737
-156.510101	19.477699	1563.689000	143.920000	52.850000	15.000000	142.833747	142.533747	143.233747	4.012589	1.555489
-156.932007	19.832701	1549.683000	143.920000	52.850000	15.000000	142.939235	142.439235	143.439235	4.014946	1.744005
-153.992294	18.797600	1618.000000	143.920000	52.850000	15.000000	142.936951	142.536951	143.236951	4.026964	1.748497
-153.290604	17.906200	1649.277000	143.920000	52.850000	15.000000	143.680574	142.680574	144.580574	4.009782	2.248673
-153.700806	17.297501	1657.111000	143.920000	52.850000	15.000000	144.974359	144.274359	145.674359	3.942514	3.264775
-154.030502	17.988400	1636.832000	143.920000	52.850000	15.000000	143.261809	142.161809	144.261809	4.020441	1.760559
-155.714996	18.000299	1608.003000	143.920000	52.850000	15.000000	142.026551	141.626551	142.426551	4.028989	0.279801
-156.167007	18.301001	1593.951000	143.920000	52.850000	15.000000	141.905054	141.605054	142.205054	4.012219	0.203781
-157.627594	20.346100	1526.783000	143.920000	52.850000	15.000000	142.365848	142.065848	142.665848	4.004629	1.280961
