-155.772995	19.079000	1380.911000	173.940000	-20.970000	15.000000
-155.996994	20.771000	1415.882000	173.940000	-20.970000	15.000000
-159.401001	21.971001	1378.911000	173.940000	-20.970000	15.000000
-156.658005	20.891001	1407.865000	173.940000	-20.970000	15.000000
-155.679398	21.205500	1430.075000	173.940000	-20.970000	15.000000
-154.482803	21.001900	1445.869000	173.940000	-20.970000	15.000000
-153.503204	19.495199	1426.323000	173.940000	-20.970000	15.000000
-153.290604	17.906200	1398.080000	173.940000	-20.970000	15.000000
-153.700806	17.297501	1379.207000	173.940000	-20.970000	15.000000
-154.691299	17.180099	1358.878000	173.940000	-20.970000	15.000000
-154.495895	18.401699	1386.888000	173.940000	-20.970000	15.000000
-157.227295	18.984800	1355.889000	173.940000	-20.970000	15.000000
-156.932007	19.832701	1378.999000	173.940000	-20.970000	15.000000
-154.617798	20.088900	1421.603000	173.940000	-20.970000	15.000000
-153.992294	18.797600	1403.453000	173.940000	-20.970000	15.000000
-153.295898	18.800900	1415.389000	173.940000	-20.970000	15.000000
-156.808197	18.404200	1349.620000	173.940000	-20.970000	15.000000
-156.510101	19.477699	1378.415000	173.940000	-20.970000	15.000000
