-155.772995	19.079000	1484.628000	146.410000	43.900000	107.200000
-155.996994	20.771000	1448.636000	146.410000	43.900000	107.200000
-155.710999	20.046000	1468.634000	146.410000	43.900000	107.200000
-156.658005	20.891001	1433.632000	146.410000	43.900000	107.200000
-156.755997	21.136000	1426.614000	146.410000	43.900000	107.200000
-155.679398	21.205500	1445.648000	146.410000	43.900000	107.200000
-153.902405	19.979099	1502.727000	146.410000	43.900000	107.200000
-153.503204	19.495199	1518.945000	146.410000	43.900000	107.200000
-153.992294	18.797600	1525.100000	146.410000	43.900000	107.200000
-153.295898	18.800900	1537.229000	146.410000	43.900000	107.200000
-153.290604	17.906200	1553.855000	146.410000	43.900000	107.200000
-153.700806	17.297501	1556.591000	146.410000	43.900000	107.200000
-154.691299	17.180099	1538.629000	146.410000	43.900000	107.200000
-154.030502	17.988400	1538.809000	146.410000	43.900000	107.200000
-154.495895	18.401699	1522.625000	146.410000	43.900000	107.200000
-154.797394	18.803101	1508.812000	146.410000	43.900000	107.200000
-155.714996	18.000299	1503.791000	146.410000	43.900000	107.200000
-156.808197	18.404200	1474.088000	146.410000	43.900000	107.200000
-156.167007	18.301001	1489.707000	146.410000	43.900000	107.200000
-157.227295	18.984800	1455.612000	146.410000	43.900000	107.200000
-156.510101	19.477699	1462.265000	146.410000	43.900000	107.200000
-156.932007	19.832701	1447.546000	146.410000	43.900000	107.200000
-157.627594	20.346100	1423.424000	146.410000	43.900000	107.200000
