-155.772995	19.079000	1381.269000	173.920000	-21.080000	15.000000	38.251534	37.951534	38.651534	4.027942	0.277013
-154.983002	19.601000	1406.242000	173.920000	-21.080000	15.000000	38.092740	37.592740	38.592740	4.027293	-0.361120
-154.617798	20.088900	1422.235000	173.920000	-21.080000	15.000000	38.747890	38.347890	39.147890	4.020490	0.198254
-154.482803	21.001900	1446.228000	173.920000	-21.080000	15.000000	34.152442	33.252442	34.952442	4.032288	-4.076264
-153.982697	21.519699	1462.574000	173.920000	-21.080000	15.000000	38.608379	37.808379	39.508379	3.999036	0.164269
-153.902405	19.979099	1430.331000	173.920000	-21.080000	15.000000	40.203626	39.403626	40.903626	4.010774	0.939138
-153.503204	19.495199	1426.680000	173.920000	-21.080000	15.000000	39.565859	38.865859	40.265859	4.026686	-0.306301
-154.393997	19.262501	1407.291000	173.920000	-21.080000	15.000000	40.024522	39.424522	40.624522	4.012118	0.849472
-152.132401	18.481400	1431.504000	173.920000	-21.080000	15.000000	43.662210	43.462210	43.962210	4.021911	2.042889
-153.290604	17.906200	1398.438000	173.920000	-21.080000	15.000000	41.986736	41.786736	42.286736	4.044586	1.090465
-153.700806	17.297501	1379.562000	173.920000	-21.080000	15.000000	42.820506	42.520506	43.020506	4.045690	1.962583
-154.691299	17.180099	1359.236000	173.920000	-21.080000	15.000000	41.373122	41.073122	41.673122	4.039648	1.359597
-154.495895	18.401699	1387.246000	173.920000	-21.080000	15.000000	39.935063	39.335063	40.635063	4.017958	0.404738
-154.797394	18.803101	1390.255000	173.920000	-21.080000	15.000000	40.316575	39.616575	41.116575	4.006464	1.278164
-155.714996	18.000299	1358.236000	173.920000	-21.080000	15.000000	40.286948	39.586948	40.886948	4.052182	1.686741
-156.167007	18.301001	1358.240000	173.920000	-21.080000	15.000000	37.794435	37.394435	38.194435	4.008111	-0.211557
-153.292099	20.892599	1459.898000	173.920000	-21.080000	15.000000	39.631198	38.631198	40.631198	3.994796	0.259119
-153.992294	18.797600	1403.810000	173.920000	-21.080000	15.000000	39.683911	38.983911	40.383911	4.024196	-0.101790
-153.295898	18.800900	1416.748000	173.920000	-21.080000	15.000000	41.030216	40.630216	41.430216	4.015190	0.613196
