-155.772995	19.079000	1353.351000	154.330000	46.850000	46.000000	139.770225	139.370225	140.070225	4.006037	3.570892
-155.996994	20.771000	1313.357000	154.330000	46.850000	46.000000	137.691965	137.291965	138.091965	3.990297	2.483963
-155.710999	20.046000	1334.354000	154.330000	46.850000	46.000000	138.319548	137.619548	138.919548	4.009152	2.726181
-159.401001	21.971001	1228.347000	154.330000	46.850000	46.000000	137.241921	136.141921	138.441921	3.982873	1.924360
-156.658005	20.891001	1299.341000	154.330000	46.850000	46.000000	137.672706	137.272706	138.072706	3.976577	2.374754
-159.664993	22.122999	1221.346000	154.330000	46.850000	46.000000	137.337520	135.637520	138.837520	3.984444	2.050885
-156.755997	21.136000	1292.333000	154.330000	46.850000	46.000000	137.525811	137.125811	137.925811	3.974083	2.363054
-154.617798	20.088900	1351.341000	154.330000	46.850000	46.000000	137.906811	137.606811	138.206811	4.027193	2.605605
-155.679398	21.205500	1309.346000	154.330000	46.850000	46.000000	137.993004	137.593004	138.293004	3.977330	3.141760
-154.482803	21.001900	1337.335000	154.330000	46.850000	46.000000	135.030809	134.530809	135.530809	4.027986	0.324452
-153.982697	21.519699	1333.347000	154.330000	46.850000	46.000000	137.102351	136.902351	137.302351	4.010448	2.829179
-153.292099	20.892599	1358.340000	154.330000	46.850000	46.000000	137.199193	136.999193	137.499193	4.052688	2.678253
-153.902405	19.979099	1365.353000	154.330000	46.850000	46.000000	138.779980	138.479980	139.179980	4.035324	3.576447
-153.503204	19.495199	1382.345000	154.330000	46.850000	46.000000	138.975648	138.675648	139.375648	4.063219	3.575845
-153.992294	18.797600	1389.340000	154.330000	46.850000	46.000000	138.537656	138.037656	139.037656	4.041282	2.620958
-153.295898	18.800900	1400.354000	154.330000	46.850000	46.000000	139.123526	138.723526	139.423526	4.091552	3.371459
-152.132401	18.481400	1425.331000	154.330000	46.850000	46.000000	140.499392	140.299392	140.799392	4.135384	4.826936
-153.290604	17.906200	1419.345000	154.330000	46.850000	46.000000	139.915852	139.515852	140.415852	4.094170	3.666132
-153.700806	17.297501	1425.331000	154.330000	46.850000	46.000000	141.211851	140.911851	141.611851	4.086473	4.530277
-154.691299	17.180099	1410.349000	154.330000	46.850000	46.000000	139.796764	139.496764	139.996764	4.047387	2.795078
-154.030502	17.988400	1405.345000	154.330000	46.850000	46.000000	139.495386	138.995386	139.895386	4.065493	3.111269
-154.495895	18.401699	1389.341000	154.330000	46.850000	46.000000	139.739789	139.239789	140.239789	4.039353	3.472912
-154.797394	18.803101	1375.331000	154.330000	46.850000	46.000000	139.146458	138.746458	139.546458	4.023670	3.035506
-157.227295	18.984800	1328.345000	154.330000	46.850000	46.000000	138.183506	137.983506	138.383506	3.986663	1.524850
-156.510101	19.477699	1331.344000	154.330000	46.850000	46.000000	138.770900	138.470900	138.970900	4.005713	2.616616
-156.932007	19.832701	1316.354000	154.330000	46.850000	46.000000	138.224874	137.924874	138.624874	3.971498	2.176307
-157.627594	20.346100	1293.345000	154.330000	46.850000	46.000000	137.678454	137.278454	137.978454	3.970985	1.764938
