-155.772995	19.079000	1029.895000	179.520000	51.150000	18.000000
-155.996994	20.771000	983.867000	179.520000	51.150000	18.000000
-159.401001	21.971001	909.895000	179.520000	51.150000	18.000000
-156.658005	20.891001	973.888000	179.520000	51.150000	18.000000
-156.755997	21.136000	965.885000	179.520000	51.150000	18.000000
-155.679398	21.205500	976.283000	179.520000	51.150000	18.000000
-154.482803	21.001900	996.854000	179.520000	51.150000	18.000000
-153.982697	21.519699	988.849000	179.520000	51.150000	18.000000
-153.292099	20.892599	1012.867000	179.520000	51.150000	18.000000
-153.902405	19.979099	1026.870000	179.520000	51.150000	18.000000
-154.393997	19.262501	1039.916000	179.520000	51.150000	18.000000
-153.295898	18.800900	1062.852000	179.520000	51.150000	18.000000
-152.132401	18.481400	1083.847000	179.520000	51.150000	18.000000
-153.290604	17.906200	1085.849000	179.520000	51.150000	18.000000
-153.700806	17.297501	1096.658000	179.520000	51.150000	18.000000
-154.691299	17.180099	1088.875000	179.520000	51.150000	18.000000
-154.495895	18.401699	1060.860000	179.520000	51.150000	18.000000
-156.465103	18.775000	1028.861000	179.520000	51.150000	18.000000
-157.227295	18.984800	1014.875000	179.520000	51.150000	18.000000
-156.510101	19.477699	1010.866000	179.520000	51.150000	18.000000
-156.932007	19.832701	996.866000	179.520000	51.150000	18.000000
-153.503204	19.495199	1043.469000	179.520000	51.150000	18.000000
-153.992294	18.797600	1055.563000	179.520000	51.150000	18.000000
-154.030502	17.988400	1076.392000	179.520000	51.150000	18.000000
-155.714996	18.000299	1057.584000	179.520000	51.150000	18.000000
-156.167007	18.301001	1044.531000	179.520000	51.150000	18.000000
-157.627594	20.346100	975.361000	179.520000	51.150000	18.000000
