-155.772995	19.079000	1695.216000	146.180000	-3.330000	14.000000	77.198205	76.898205	77.398205	4.033355	2.237724
-155.996994	20.771000	1700.189000	146.180000	-3.330000	14.000000	76.277560	76.177560	76.477560	4.028570	2.312334
-154.983002	19.601000	1719.181000	146.180000	-3.330000	14.000000	76.544618	76.044618	77.144618	4.040595	1.490005
-155.710999	20.046000	1703.192000	146.180000	-3.330000	14.000000	76.153766	75.953766	76.453766	4.032026	1.671680
-154.617798	20.088900	1731.094000	146.180000	-3.330000	14.000000	76.312918	76.112918	76.612918	4.039154	1.334510
-154.482803	21.001900	1740.176000	146.180000	-3.330000	14.000000	76.259583	76.159583	76.459583	4.020555	1.669740
-153.292099	20.892599	1768.188000	146.180000	-3.330000	14.000000	77.501189	77.401189	77.701189	4.094833	2.288554
-153.902405	19.979099	1748.180000	146.180000	-3.330000	14.000000	76.925316	76.625316	77.225316	4.046751	1.559570
-153.503204	19.495199	1754.977000	146.180000	-3.330000	14.000000	77.454398	77.154398	77.654398	4.053903	1.671687
-154.393997	19.262501	1732.238000	146.180000	-3.330000	14.000000	77.873471	77.173471	78.573471	4.052556	2.377667
-153.992294	18.797600	1739.033000	146.180000	-3.330000	14.000000	78.285833	77.985833	78.485833	4.052578	2.378477
-153.295898	18.800900	1756.181000	146.180000	-3.330000	14.000000	77.660226	77.460226	77.860226	4.057245	1.449747
-152.132401	18.481400	1783.328000	146.180000	-3.330000	14.000000	78.391568	78.191568	78.591568	4.133952	1.532249
-154.495895	18.401699	1723.219000	146.180000	-3.330000	14.000000	77.387386	77.187386	77.587386	4.049320	1.501698
-154.797394	18.803101	1718.552000	146.180000	-3.330000	14.000000	77.867963	77.667963	78.167963	4.048060	2.320723
-155.714996	18.000299	1689.615000	146.180000	-3.330000	14.000000	77.004828	76.904828	77.204828	4.016861	1.444219
-156.808197	18.404200	1665.176000	146.180000	-3.330000	14.000000	77.852385	77.552385	78.152385	4.018462	3.002462
-156.167007	18.301001	1680.184000	146.180000	-3.330000	14.000000	77.047760	76.847760	77.247760	4.021807	1.850248
-156.465103	18.775000	1676.185000	146.180000	-3.330000	14.000000	77.438615	77.138615	77.738615	4.028033	2.634387
-157.227295	18.984800	1658.195000	146.180000	-3.330000	14.000000	77.084709	76.484709	77.584709	4.014817	2.752228
-156.510101	19.477699	1678.432000	146.180000	-3.330000	14.000000	76.848458	76.448458	77.248458	4.026626	2.446255
-156.932007	19.832701	1669.861000	146.180000	-3.330000	14.000000	77.032150	76.732150	77.332150	4.010938	3.025350
-157.627594	20.346100	1656.186000	146.180000	-3.330000	14.000000	75.852960	75.752960	76.052960	3.998448	2.472380
