-155.772995	19.079000	1585.323000	143.920000	52.850000	15.000000
-155.996994	20.771000	1543.297000	143.920000	52.850000	15.000000
-154.983002	19.601000	1585.288000	143.920000	52.850000	15.000000
-156.658005	20.891001	1530.296000	143.920000	52.850000	15.000000
-157.270004	21.108999	1515.317000	143.920000	52.850000	15.000000
-156.755997	21.136000	1522.316000	143.920000	52.850000	15.000000
-155.679398	21.205500	1538.724000	143.920000	52.850000	15.000000
-154.482803	21.001900	1563.284000	143.920000	52.850000	15.000000
-153.982697	21.519699	1558.550000	143.920000	52.850000	15.000000
-153.295898	18.800900	1627.676000	143.920000	52.850000	15.000000
-152.132401	18.481400	1652.500000	143.920000	52.850000	15.000000
-154.691299	17.180099	1643.309000	143.920000	52.850000	15.000000
-154.797394	18.803101	1606.454000	143.920000	52.850000	15.000000
-156.808197	18.404200	1581.410000	143.920000	52.850000	15.000000
-156.465103	18.775000	1579.347000	143.920000	52.850000	15.000000
-157.227295	18.984800	1562.280000	143.920000	52.850000	15.000000
-156.510101	19.477699	1563.689000	143.920000	52.850000	15.000000
-156.932007	19.832701	1549.683000	143.920000	52.850000	15.000000
-153.992294	18.797600	1618.000000	143.920000	52.850000	15.000000
-153.290604	17.906200	1649.277000	143.920000	52.850000	15.000000
-153.700806	17.297501	1657.111000	143.920000	52.850000	15.000000
-154.030502	17.988400	1636.832000	143.920000	52.850000	15.000000
-155.714996	18.000299	1608.003000	143.920000	52.850000	15.000000
-156.167007	18.301001	1593.951000	143.920000	52.850000	15.000000
-157.627594	20.346100	1526.783000	143.920000	52.850000	15.000000
