-155.772995	19.079000	2150.685000	-80.950000	-1.530000	16.000000
-154.983002	19.601000	2132.675000	-80.950000	-1.530000	16.000000
-154.393997	19.262501	2115.728000	-80.950000	-1.530000	16.000000
-153.992294	18.797600	2102.698000	-80.950000	-1.530000	16.000000
-153.295898	18.800900	2085.677000	-80.950000	-1.530000	16.000000
-152.132401	18.481400	2054.737000	-80.950000	-1.530000	16.000000
-154.691299	17.180099	2113.689000	-80.950000	-1.530000	16.000000
-154.030502	17.988400	2099.696000	-80.950000	-1.530000	16.000000
-154.495895	18.401699	2113.725000	-80.950000	-1.530000	16.000000
-155.714996	18.000299	2143.758000	-80.950000	-1.530000	16.000000
-156.808197	18.404200	2173.687000	-80.950000	-1.530000	16.000000
-156.167007	18.301001	2156.751000	-80.950000	-1.530000	16.000000
-156.465103	18.775000	2166.666000	-80.950000	-1.530000	16.000000
-157.227295	18.984800	2187.664000	-80.950000	-1.530000	16.000000
-156.510101	19.477699	2171.736000	-80.950000	-1.530000	16.000000
-156.932007	19.832701	2183.706000	-80.950000	-1.530000	16.000000
