-155.772995	19.079000	1381.269000	173.920000	-21.080000	15.000000
-154.983002	19.601000	1406.242000	173.920000	-21.080000	15.000000
-154.617798	20.088900	1422.235000	173.920000	-21.080000	15.000000
-154.482803	21.001900	1446.228000	173.920000	-21.080000	15.000000
-153.982697	21.519699	1462.574000	173.920000	-21.080000	15.000000
-153.902405	19.979099	1430.331000	173.920000	-21.080000	15.000000
-153.503204	19.495199	1426.680000	173.920000	-21.080000	15.000000
-154.393997	19.262501	1407.291000	173.920000	-21.080000	15.000000
-152.132401	18.481400	1431.504000	173.920000	-21.080000	15.000000
-153.290604	17.906200	1398.438000	173.920000	-21.080000	15.000000
-153.700806	17.297501	1379.562000	173.920000	-21.080000	15.000000
-154.691299	17.180099	1359.236000	173.920000	-21.080000	15.000000
-154.495895	18.401699	1387.246000	173.920000	-21.080000	15.000000
-154.797394	18.803101	1390.255000	173.920000	-21.080000	15.000000
-155.714996	18.000299	1358.236000	173.920000	-21.080000	15.000000
-156.167007	18.301001	1358.240000	173.920000	-21.080000	15.000000
-153.292099	20.892599	1459.898000	173.920000	-21.080000	15.000000
-153.992294	18.797600	1403.810000	173.920000	-21.080000	15.000000
-153.295898	18.800900	1416.748000	173.920000	-21.080000	15.000000
