-153.982697	21.519699	1600.359000	153.630000	-5.430000	38.000000
-153.992294	18.797600	1571.358000	153.630000	-5.430000	38.000000
-155.772995	19.079000	1531.939000	153.630000	-5.430000	38.000000
-155.996994	20.771000	1544.947000	153.630000	-5.430000	38.000000
-155.710999	20.046000	1544.943000	153.630000	-5.430000	38.000000
-159.401001	21.971001	1475.936000	153.630000	-5.430000	38.000000
-156.658005	20.891001	1529.967000	153.630000	-5.430000	38.000000
-159.664993	22.122999	1470.940000	153.630000	-5.430000	38.000000
-156.755997	21.136000	1529.924000	153.630000	-5.430000	38.000000
-154.617798	20.088900	1571.558000	153.630000	-5.430000	38.000000
-154.482803	21.001900	1585.924000	153.630000	-5.430000	38.000000
-153.503204	19.495199	1590.940000	153.630000	-5.430000	38.000000
-153.295898	18.800900	1587.589000	153.630000	-5.430000	38.000000
-152.132401	18.481400	1611.271000	153.630000	-5.430000	38.000000
-153.700806	17.297501	1562.708000	153.630000	-5.430000	38.000000
-154.691299	17.180099	1537.941000	153.630000	-5.430000	38.000000
-154.030502	17.988400	1561.939000	153.630000	-5.430000	38.000000
-154.495895	18.401699	1554.930000	153.630000	-5.430000	38.000000
-154.797394	18.803101	1551.674000	153.630000	-5.430000	38.000000
-155.714996	18.000299	1521.931000	153.630000	-5.430000	38.000000
-156.808197	18.404200	1499.251000	153.630000	-5.430000	38.000000
-156.167007	18.301001	1513.938000	153.630000	-5.430000	38.000000
-157.227295	18.984800	1495.941000	153.630000	-5.430000	38.000000
-156.932007	19.832701	1512.752000	153.630000	-5.430000	38.000000
-157.627594	20.346100	1500.805000	153.630000	-5.430000	38.000000
