-155.772995	19.079000	1077.702000	-177.160000	-14.290000	15.000000
-157.931000	21.646000	1108.675000	-177.160000	-14.290000	15.000000
-155.996994	20.771000	1114.675000	-177.160000	-14.290000	15.000000
-154.983002	19.601000	1101.698000	-177.160000	-14.290000	15.000000
-159.401001	21.971001	1090.703000	-177.160000	-14.290000	15.000000
-156.658005	20.891001	1107.682000	-177.160000	-14.290000	15.000000
-157.270004	21.108999	1104.695000	-177.160000	-14.290000	15.000000
-154.617798	20.088900	1117.672000	-177.160000	-14.290000	15.000000
-155.679398	21.205500	1128.673000	-177.160000	-14.290000	15.000000
-154.482803	21.001900	1142.661000	-177.160000	-14.290000	15.000000
-153.982697	21.519699	1159.004000	-177.160000	-14.290000	15.000000
-153.292099	20.892599	1155.669000	-177.160000	-14.290000	15.000000
-153.902405	19.979099	1126.664000	-177.160000	-14.290000	15.000000
-153.503204	19.495199	1120.670000	-177.160000	-14.290000	15.000000
-154.393997	19.262501	1102.673000	-177.160000	-14.290000	15.000000
-153.992294	18.797600	1097.673000	-177.160000	-14.290000	15.000000
-153.295898	18.800900	1108.677000	-177.160000	-14.290000	15.000000
-152.132401	18.481400	1119.661000	-177.160000	-14.290000	15.000000
-153.700806	17.297501	1069.012000	-177.160000	-14.290000	15.000000
-154.691299	17.180099	1051.673000	-177.160000	-14.290000	15.000000
-154.030502	17.988400	1078.660000	-177.160000	-14.290000	15.000000
-154.495895	18.401699	1081.680000	-177.160000	-14.290000	15.000000
-155.714996	18.000299	1053.661000	-177.160000	-14.290000	15.000000
-156.808197	18.404200	1046.673000	-177.160000	-14.290000	15.000000
-156.167007	18.301001	1053.665000	-177.160000	-14.290000	15.000000
-156.465103	18.775000	1059.669000	-177.160000	-14.290000	15.000000
-157.227295	18.984800	1054.655000	-177.160000	-14.290000	15.000000
-156.510101	19.477699	1075.677000	-177.160000	-14.290000	15.000000
-156.932007	19.832701	1078.673000	-177.160000	-14.290000	15.000000
-157.627594	20.346100	1081.659000	-177.160000	-14.290000	15.000000
