-157.931000	21.646000	1784.215000	-111.930000	-23.990000	12.000000
-155.996994	20.771000	1729.215000	-111.930000	-23.990000	12.000000
-154.983002	19.601000	1688.240000	-111.930000	-23.990000	12.000000
-156.658005	20.891001	1744.240000	-111.930000	-23.990000	12.000000
-156.755997	21.136000	1751.233000	-111.930000	-23.990000	12.000000
-155.679398	21.205500	1731.212000	-111.930000	-23.990000	12.000000
-154.482803	21.001900	1707.201000	-111.930000	-23.990000	12.000000
-153.982697	21.519699	1707.203000	-111.930000	-23.990000	12.000000
-153.290604	17.906200	1624.200000	-111.930000	-23.990000	12.000000
-154.691299	17.180099	1636.216000	-111.930000	-23.990000	12.000000
-154.495895	18.401699	1655.206000	-111.930000	-23.990000	12.000000
-154.797394	18.803101	1669.210000	-111.930000	-23.990000	12.000000
-156.808197	18.404200	1699.208000	-111.930000	-23.990000	12.000000
-156.465103	18.775000	1700.213000	-111.930000	-23.990000	12.000000
-157.227295	18.984800	1718.205000	-111.930000	-23.990000	12.000000
-156.510101	19.477699	1715.199000	-111.930000	-23.990000	12.000000
-156.932007	19.832701	1730.219000	-111.930000	-23.990000	12.000000
-154.617798	20.088900	1690.013000	-111.930000	-23.990000	12.000000
-153.992294	18.797600	1653.902000	-111.930000	-23.990000	12.000000
-153.700806	17.297501	1619.970000	-111.930000	-23.990000	12.000000
-154.030502	17.988400	1639.725000	-111.930000	-23.990000	12.000000
-156.167007	18.301001	1685.898000	-111.930000	-23.990000	12.000000
-157.627594	20.346100	1752.722000	-111.930000	-23.990000	12.000000
