-157.931000	21.646000	1292.634000	-107.380000	18.890000	16.000000
-155.996994	20.771000	1244.622000	-107.380000	18.890000	16.000000
-156.658005	20.891001	1261.633000	-107.380000	18.890000	16.000000
-157.270004	21.108999	1276.642000	-107.380000	18.890000	16.000000
-156.755997	21.136000	1263.643000	-107.380000	18.890000	16.000000
-155.679398	21.205500	1234.611000	-107.380000	18.890000	16.000000
-154.482803	21.001900	1206.608000	-107.380000	18.890000	16.000000
-153.982697	21.519699	1192.621000	-107.380000	18.890000	16.000000
-153.292099	20.892599	1175.613000	-107.380000	18.890000	16.000000
-153.992294	18.797600	1202.616000	-107.380000	18.890000	16.000000
-153.295898	18.800900	1185.609000	-107.380000	18.890000	16.000000
-152.132401	18.481400	1156.616000	-107.380000	18.890000	16.000000
-153.290604	17.906200	1187.613000	-107.380000	18.890000	16.000000
-153.700806	17.297501	1199.607000	-107.380000	18.890000	16.000000
-154.691299	17.180099	1225.612000	-107.380000	18.890000	16.000000
-154.030502	17.988400	1206.603000	-107.380000	18.890000	16.000000
-156.932007	19.832701	1273.613000	-107.380000	18.890000	16.000000
-157.627594	20.346100	1289.605000	-107.380000	18.890000	16.000000
