-155.772995	19.079000	1839.685000	141.980000	-5.450000	12.000000	76.196609	75.596609	76.796609	4.034745	1.513490
-155.996994	20.771000	1843.699000	141.980000	-5.450000	12.000000	76.852884	76.652884	77.052884	4.016292	2.992887
-155.710999	20.046000	1846.695000	141.980000	-5.450000	12.000000	76.394807	76.094807	76.694807	4.020919	2.096194
-154.617798	20.088900	1874.683000	141.980000	-5.450000	12.000000	76.047703	75.747703	76.447703	4.045170	1.274390
-154.482803	21.001900	1885.678000	141.980000	-5.450000	12.000000	74.931006	74.331006	75.531006	4.001776	0.461441
-153.292099	20.892599	1911.698000	141.980000	-5.450000	12.000000	77.859406	77.459406	78.359406	4.101624	2.804869
-153.503204	19.495199	1899.692000	141.980000	-5.450000	12.000000	76.458520	75.758520	77.158520	4.065348	0.962507
-153.992294	18.797600	1882.693000	141.980000	-5.450000	12.000000	77.163165	76.663165	77.663165	4.065014	1.599579
-152.132401	18.481400	1926.680000	141.980000	-5.450000	12.000000	77.451699	77.051699	77.851699	4.108941	1.002658
-153.700806	17.297501	1878.697000	141.980000	-5.450000	12.000000	75.211214	74.911214	75.511214	4.064082	-1.073716
-154.691299	17.180099	1853.686000	141.980000	-5.450000	12.000000	76.288361	76.088361	76.588361	4.046563	0.345028
-154.495895	18.401699	1867.674000	141.980000	-5.450000	12.000000	77.449598	76.949598	77.849598	4.065993	1.935888
-154.797394	18.803101	1862.681000	141.980000	-5.450000	12.000000	77.148838	76.548838	77.748838	4.052386	1.927856
-155.714996	18.000299	1833.698000	141.980000	-5.450000	12.000000	77.053634	76.753634	77.453634	4.035726	1.879007
-156.808197	18.404200	1808.693000	141.980000	-5.450000	12.000000	76.625848	76.225848	77.125848	4.059102	2.096814
-156.167007	18.301001	1824.688000	141.980000	-5.450000	12.000000	77.012653	76.512653	77.512653	4.020518	2.161115
-157.227295	18.984800	1801.703000	141.980000	-5.450000	12.000000	76.389075	75.989075	76.789075	4.025604	2.308668
-156.510101	19.477699	1822.685000	141.980000	-5.450000	12.000000	76.070325	75.670325	76.470325	3.992848	1.888337
-157.627594	20.346100	1799.695000	141.980000	-5.450000	12.000000	76.126099	75.926099	76.326099	3.960943	2.849922
