-155.772995	19.079000	1537.448000	153.600000	-5.810000	28.000000
-157.931000	21.646000	1512.469000	153.600000	-5.810000	28.000000
-155.996994	20.771000	1550.455000	153.600000	-5.810000	28.000000
-154.983002	19.601000	1562.467000	153.600000	-5.810000	28.000000
-155.710999	20.046000	1549.452000	153.600000	-5.810000	28.000000
-159.401001	21.971001	1481.454000	153.600000	-5.810000	28.000000
-156.658005	20.891001	1535.455000	153.600000	-5.810000	28.000000
-159.664993	22.122999	1476.430000	153.600000	-5.810000	28.000000
-156.755997	21.136000	1535.433000	153.600000	-5.810000	28.000000
-155.679398	21.205500	1562.487000	153.600000	-5.810000	28.000000
-154.482803	21.001900	1590.434000	153.600000	-5.810000	28.000000
-153.982697	21.519699	1604.829000	153.600000	-5.810000	28.000000
-153.292099	20.892599	1615.857000	153.600000	-5.810000	28.000000
-153.503204	19.495199	1595.780000	153.600000	-5.810000	28.000000
-152.132401	18.481400	1616.749000	153.600000	-5.810000	28.000000
-153.700806	17.297501	1567.453000	153.600000	-5.810000	28.000000
-154.691299	17.180099	1542.455000	153.600000	-5.810000	28.000000
-154.495895	18.401699	1559.445000	153.600000	-5.810000	28.000000
-154.797394	18.803101	1557.730000	153.600000	-5.810000	28.000000
-156.167007	18.301001	1518.506000	153.600000	-5.810000	28.000000
-157.227295	18.984800	1500.449000	153.600000	-5.810000	28.000000
-156.932007	19.832701	1517.389000	153.600000	-5.810000	28.000000
-153.992294	18.797600	1575.931000	153.600000	-5.810000	28.000000
-153.295898	18.800900	1592.037000	153.600000	-5.810000	28.000000
-156.808197	18.404200	1503.940000	153.600000	-5.810000	28.000000
-156.510101	19.477699	1524.071000	153.600000	-5.810000	28.000000
-157.627594	20.346100	1506.228000	153.600000	-5.810000	28.000000
