-155.772995	19.079000	1631.740000	148.610000	-3.170000	13.000000	75.473130	74.973130	75.973130	4.017030	1.491595
-155.996994	20.771000	1637.745000	148.610000	-3.170000	13.000000	73.914195	73.614195	74.114195	4.007463	1.013444
-155.710999	20.046000	1639.740000	148.610000	-3.170000	13.000000	73.911320	73.611320	74.211320	4.013739	0.453036
-156.658005	20.891001	1622.751000	148.610000	-3.170000	13.000000	73.066198	72.766198	73.266198	4.010563	0.579619
-154.617798	20.088900	1667.723000	148.610000	-3.170000	13.000000	74.396658	73.996658	74.796658	4.013629	0.419938
-155.679398	21.205500	1648.725000	148.610000	-3.170000	13.000000	74.133734	73.933734	74.333734	4.006870	1.312365
-154.482803	21.001900	1679.725000	148.610000	-3.170000	13.000000	71.830387	71.130387	72.430387	3.977832	-1.718325
-153.982697	21.519699	1692.739000	148.610000	-3.170000	13.000000	75.013691	74.713691	75.313691	4.041041	1.485567
-153.292099	20.892599	1705.741000	148.610000	-3.170000	13.000000	75.202468	74.802468	75.602468	4.035543	1.000902
-153.902405	19.979099	1684.721000	148.610000	-3.170000	13.000000	74.928061	74.528061	75.328061	4.016129	0.543784
-153.503204	19.495199	1691.724000	148.610000	-3.170000	13.000000	75.975050	75.475050	76.475050	4.017755	1.143040
-153.992294	18.797600	1673.731000	148.610000	-3.170000	13.000000	75.408320	75.208320	75.708320	4.019450	0.428530
-153.295898	18.800900	1690.739000	148.610000	-3.170000	13.000000	74.798217	74.498217	75.098217	4.045188	-0.498401
-154.495895	18.401699	1657.725000	148.610000	-3.170000	13.000000	74.906098	74.706098	75.206098	4.021904	-0.060749
-154.797394	18.803101	1653.034000	148.610000	-3.170000	13.000000	74.771789	74.471789	74.971789	4.012611	0.169026
-156.808197	18.404200	1599.906000	148.610000	-3.170000	13.000000	74.915594	74.715594	75.115594	4.017706	1.035148
-156.167007	18.301001	1614.733000	148.610000	-3.170000	13.000000	74.429073	74.229073	74.629073	3.989756	0.181350
-157.227295	18.984800	1593.726000	148.610000	-3.170000	13.000000	74.324740	74.124740	74.624740	4.024953	1.000243
-156.932007	19.832701	1606.721000	148.610000	-3.170000	13.000000	73.762397	73.262397	74.262397	3.985790	0.797706
-157.627594	20.346100	1593.673000	148.610000	-3.170000	13.000000	73.154190	72.854190	73.454190	3.958358	0.857419
-156.510101	19.477699	1615.484000	148.610000	-3.170000	13.000000	73.996831	73.496831	74.396831	4.007962	0.609651
