-155.772995	19.079000	1246.910000	-112.550000	45.370000	12.000000
-154.983002	19.601000	1221.865000	-112.550000	45.370000	12.000000
-154.617798	20.088900	1204.874000	-112.550000	45.370000	12.000000
-154.482803	21.001900	1185.869000	-112.550000	45.370000	12.000000
-153.982697	21.519699	1165.871000	-112.550000	45.370000	12.000000
-153.292099	20.892599	1167.884000	-112.550000	45.370000	12.000000
-153.503204	19.495199	1198.864000	-112.550000	45.370000	12.000000
-153.992294	18.797600	1221.885000	-112.550000	45.370000	12.000000
-153.295898	18.800900	1209.883000	-112.550000	45.370000	12.000000
-153.700806	17.297501	1247.874000	-112.550000	45.370000	12.000000
-154.030502	17.988400	1238.263000	-112.550000	45.370000	12.000000
-155.714996	18.000299	1267.862000	-112.550000	45.370000	12.000000
-156.808197	18.404200	1278.886000	-112.550000	45.370000	12.000000
-156.167007	18.301001	1269.873000	-112.550000	45.370000	12.000000
-156.465103	18.775000	1264.867000	-112.550000	45.370000	12.000000
-157.227295	18.984800	1274.871000	-112.550000	45.370000	12.000000
