-155.772995	19.079000	1037.256000	-131.410000	51.400000	12.000000	205.841603	205.741603	206.041603	3.998144	0.877888
-157.931000	21.646000	998.225000	-131.410000	51.400000	12.000000	207.370544	206.670544	207.970544	3.941955	-0.785974
-155.996994	20.771000	997.229000	-131.410000	51.400000	12.000000	206.774545	206.574545	206.974545	3.986302	0.660372
-154.983002	19.601000	1014.239000	-131.410000	51.400000	12.000000	205.284051	205.084051	205.584051	4.003529	0.662154
-159.401001	21.971001	1004.257000	-131.410000	51.400000	12.000000	205.151538	204.851538	205.551538	4.057038	-4.295647
-156.658005	20.891001	1002.212000	-131.410000	51.400000	12.000000	206.801258	206.501258	207.201258	3.969317	0.093945
-157.270004	21.108999	1004.251000	-131.410000	51.400000	12.000000	207.427388	207.027388	207.927388	3.950371	0.112718
-156.755997	21.136000	997.248000	-131.410000	51.400000	12.000000	207.026519	206.626519	207.426519	3.952949	0.091801
-154.617798	20.088900	998.219000	-131.410000	51.400000	12.000000	205.400559	205.100559	205.600559	4.002047	0.802204
-155.679398	21.205500	982.215000	-131.410000	51.400000	12.000000	206.446641	206.246641	206.646641	3.978073	0.322390
-154.482803	21.001900	975.216000	-131.410000	51.400000	12.000000	205.459722	205.059722	205.959722	3.992019	0.441411
-153.982697	21.519699	955.479000	-131.410000	51.400000	12.000000	205.803941	205.603941	206.003941	4.011893	0.895781
-153.292099	20.892599	964.289000	-131.410000	51.400000	12.000000	204.022620	203.822620	204.222620	4.033610	0.081013
-153.902405	19.979099	993.307000	-131.410000	51.400000	12.000000	204.784409	204.584409	204.984409	4.001348	0.842759
-153.992294	18.797600	1023.940000	-131.410000	51.400000	12.000000	204.419182	204.219182	204.719182	4.004250	1.041564
-153.295898	18.800900	1017.602000	-131.410000	51.400000	12.000000	202.913888	202.613888	203.113888	4.019114	0.114588
-152.132401	18.481400	1015.429000	-131.410000	51.400000	12.000000	199.809251	199.709251	199.909251	4.081901	-1.837127
-153.290604	17.906200	1040.382000	-131.410000	51.400000	12.000000	202.239418	202.039418	202.439418	4.013323	-0.104515
-153.700806	17.297501	1059.065000	-131.410000	51.400000	12.000000	203.450249	203.150249	203.650249	4.015180	1.064381
-154.691299	17.180099	1072.212000	-131.410000	51.400000	12.000000	204.374227	204.174227	204.674227	4.024141	1.247852
-154.030502	17.988400	1044.773000	-131.410000	51.400000	12.000000	204.250800	203.950800	204.550800	4.029532	1.256658
-154.495895	18.401699	1039.247000	-131.410000	51.400000	12.000000	204.680051	204.380051	204.980051	4.004129	1.096948
-154.797394	18.803101	1032.438000	-131.410000	51.400000	12.000000	204.874603	204.674603	205.174603	4.002142	0.837197
-155.714996	18.000299	1062.924000	-131.410000	51.400000	12.000000	205.230537	204.930537	205.430537	3.983911	0.886990
-156.808197	18.404200	1066.360000	-131.410000	51.400000	12.000000	206.814341	206.714341	206.814341	3.954619	1.417493
-156.167007	18.301001	1061.872000	-131.410000	51.400000	12.000000	206.159245	205.959245	206.359245	3.977901	1.307790
-156.465103	18.775000	1053.263000	-131.410000	51.400000	12.000000	206.496851	206.396851	206.696851	3.973022	1.161205
-157.227295	18.984800	1056.222000	-131.410000	51.400000	12.000000	206.795150	206.695150	206.895150	3.966278	0.764262
-156.510101	19.477699	1036.215000	-131.410000	51.400000	12.000000	206.953634	206.753634	207.253634	3.981736	1.192865
-156.932007	19.832701	1032.228000	-131.410000	51.400000	12.000000	206.797153	206.397153	207.197153	3.954883	0.508632
-157.627594	20.346100	1027.234000	-131.410000	51.400000	12.000000	207.241387	206.841387	207.541387	3.959564	0.122137
