-153.982697	21.519699	1600.359000	153.630000	-5.430000	38.000000	67.284346	66.884346	67.684346	3.999252	-1.198705
-153.992294	18.797600	1571.358000	153.630000	-5.430000	38.000000	67.200558	66.900558	67.500558	4.048391	-2.901275
-155.772995	19.079000	1531.939000	153.630000	-5.430000	38.000000	66.875043	66.475043	67.175043	4.007362	-2.078986
-155.996994	20.771000	1544.947000	153.630000	-5.430000	38.000000	66.077791	65.777791	66.377791	3.990671	-1.674937
-155.710999	20.046000	1544.943000	153.630000	-5.430000	38.000000	65.410581	65.010581	65.910581	3.992982	-2.964501
-159.401001	21.971001	1475.936000	153.630000	-5.430000	38.000000	66.071390	65.671390	66.471390	3.974220	1.238399
-156.658005	20.891001	1529.967000	153.630000	-5.430000	38.000000	66.757456	66.457456	67.157456	3.919148	-0.523212
-159.664993	22.122999	1470.940000	153.630000	-5.430000	38.000000	66.470096	65.870096	66.970096	4.021654	1.915715
-156.755997	21.136000	1529.924000	153.630000	-5.430000	38.000000	66.940081	66.640081	67.340081	3.930382	-0.125311
-154.617798	20.088900	1571.558000	153.630000	-5.430000	38.000000	65.710944	65.210944	66.210944	4.007105	-3.260883
-154.482803	21.001900	1585.924000	153.630000	-5.430000	38.000000	64.452314	63.952314	65.052314	3.932717	-4.046321
-153.503204	19.495199	1590.940000	153.630000	-5.430000	38.000000	66.909216	66.409216	67.409216	4.076446	-3.033721
-153.295898	18.800900	1587.589000	153.630000	-5.430000	38.000000	66.861150	66.561150	67.161150	4.091001	-3.605875
-152.132401	18.481400	1611.271000	153.630000	-5.430000	38.000000	66.942629	66.642629	67.242629	4.129544	-4.309546
-153.700806	17.297501	1562.708000	153.630000	-5.430000	38.000000	68.200288	68.000288	68.400288	4.067833	-2.975532
-154.691299	17.180099	1537.941000	153.630000	-5.430000	38.000000	68.262760	68.062760	68.462760	4.068463	-2.487619
-154.030502	17.988400	1561.939000	153.630000	-5.430000	38.000000	67.196311	66.896311	67.496311	4.036333	-3.383508
-154.495895	18.401699	1554.930000	153.630000	-5.430000	38.000000	67.051460	66.851460	67.351460	4.047412	-3.027497
-154.797394	18.803101	1551.674000	153.630000	-5.430000	38.000000	67.180519	66.880519	67.480519	4.025925	-2.485801
-155.714996	18.000299	1521.931000	153.630000	-5.430000	38.000000	68.025515	67.725515	68.225515	4.043461	-1.658051
-156.808197	18.404200	1499.251000	153.630000	-5.430000	38.000000	66.812650	66.612650	67.112650	4.020315	-2.002709
-156.167007	18.301001	1513.938000	153.630000	-5.430000	38.000000	67.398003	67.098003	67.598003	4.004373	-1.842405
-157.227295	18.984800	1495.941000	153.630000	-5.430000	38.000000	66.568003	66.168003	66.868003	4.021594	-1.619774
-156.932007	19.832701	1512.752000	153.630000	-5.430000	38.000000	66.430396	65.730396	67.130396	3.922711	-1.368950
-157.627594	20.346100	1500.805000	153.630000	-5.430000	38.000000	66.240777	65.740777	66.740777	3.875720	-0.803922
