-155.772995	19.079000	1243.551000	-107.380000	18.890000	16.000000
-154.983002	19.601000	1220.547000	-107.380000	18.890000	16.000000
-154.617798	20.088900	1208.509000	-107.380000	18.890000	16.000000
-153.902405	19.979099	1191.505000	-107.380000	18.890000	16.000000
-153.503204	19.495199	1183.512000	-107.380000	18.890000	16.000000
-154.393997	19.262501	1207.521000	-107.380000	18.890000	16.000000
-153.295898	18.800900	1181.509000	-107.380000	18.890000	16.000000
-152.132401	18.481400	1152.516000	-107.380000	18.890000	16.000000
-154.495895	18.401699	1213.512000	-107.380000	18.890000	16.000000
-154.797394	18.803101	1219.504000	-107.380000	18.890000	16.000000
-155.714996	18.000299	1246.523000	-107.380000	18.890000	16.000000
-156.808197	18.404200	1272.511000	-107.380000	18.890000	16.000000
-156.167007	18.301001	1256.516000	-107.380000	18.890000	16.000000
-156.465103	18.775000	1262.506000	-107.380000	18.890000	16.000000
-157.227295	18.984800	1281.516000	-107.380000	18.890000	16.000000
-156.510101	19.477699	1260.528000	-107.380000	18.890000	16.000000
-156.932007	19.832701	1270.513000	-107.380000	18.890000	16.000000
