-155.772995	19.079000	1560.459000	142.050000	38.240000	37.000000
-154.983002	19.601000	1571.429000	142.050000	38.240000	37.000000
-153.982697	21.519699	1558.423000	142.050000	38.240000	37.000000
-153.292099	20.892599	1582.421000	142.050000	38.240000	37.000000
-154.393997	19.262501	1589.432000	142.050000	38.240000	37.000000
-153.992294	18.797600	1604.435000	142.050000	38.240000	37.000000
-153.295898	18.800900	1619.428000	142.050000	38.240000	37.000000
-152.132401	18.481400	1649.428000	142.050000	38.240000	37.000000
-153.290604	17.906200	1632.434000	142.050000	38.240000	37.000000
-153.700806	17.297501	1630.423000	142.050000	38.240000	37.000000
-154.030502	17.988400	1614.413000	142.050000	38.240000	37.000000
-154.495895	18.401699	1598.435000	142.050000	38.240000	37.000000
-154.797394	18.803101	1586.418000	142.050000	38.240000	37.000000
-155.714996	18.000299	1574.432000	142.050000	38.240000	37.000000
-156.808197	18.404200	1544.424000	142.050000	38.240000	37.000000
-156.167007	18.301001	1560.434000	142.050000	38.240000	37.000000
-157.227295	18.984800	1527.412000	142.050000	38.240000	37.000000
-156.510101	19.477699	1537.431000	142.050000	38.240000	37.000000
-156.932007	19.832701	1523.416000	142.050000	38.240000	37.000000
-157.627594	20.346100	1500.418000	142.050000	38.240000	37.000000
