-155.772995	19.079000	900.021000	-126.760000	40.640000	16.200000	221.056972	220.956972	221.156972	4.002015	-1.658363
-157.931000	21.646000	886.010000	-126.760000	40.640000	16.200000	224.171510	223.671510	224.771510	4.004648	-2.857697
-155.996994	20.771000	868.995000	-126.760000	40.640000	16.200000	222.729220	222.629220	222.829220	3.993743	-1.999419
-154.983002	19.601000	875.995000	-126.760000	40.640000	16.200000	220.995176	220.895176	221.095176	4.003908	-1.676485
-159.401001	21.971001	902.023000	-126.760000	40.640000	16.200000	222.108645	221.708645	222.608645	4.107990	-6.169712
-156.658005	20.891001	879.002000	-126.760000	40.640000	16.200000	223.414628	223.014628	223.714628	4.009376	-1.914919
-157.270004	21.108999	885.014000	-126.760000	40.640000	16.200000	223.454893	223.054893	223.754893	4.006690	-2.535034
-156.755997	21.136000	875.012000	-126.760000	40.640000	16.200000	223.064410	222.864410	223.364410	3.998232	-2.611296
-154.617798	20.088900	858.995000	-126.760000	40.640000	16.200000	221.146453	221.046453	221.246453	4.003459	-1.777887
-155.679398	21.205500	853.973000	-126.760000	40.640000	16.200000	222.513486	222.313486	222.713486	3.984581	-2.485961
-154.482803	21.001900	838.980000	-126.760000	40.640000	16.200000	222.685931	222.285931	222.985931	4.015037	-1.176792
-153.982697	21.519699	818.979000	-126.760000	40.640000	16.200000	222.333756	222.133756	222.433756	4.032303	-1.751643
-153.292099	20.892599	819.977000	-126.760000	40.640000	16.200000	220.932859	220.732859	221.132859	4.037821	-1.841721
-153.902405	19.979099	848.998000	-126.760000	40.640000	16.200000	220.647295	220.447295	220.747295	4.006090	-1.581831
-153.503204	19.495199	852.989000	-126.760000	40.640000	16.200000	219.579132	219.479132	219.679132	4.014629	-1.784034
-154.393997	19.262501	872.993000	-126.760000	40.640000	16.200000	220.086629	219.986629	220.186629	4.003509	-1.754923
-153.992294	18.797600	875.985000	-126.760000	40.640000	16.200000	219.465447	219.365447	219.565447	4.004481	-1.555142
-153.295898	18.800900	864.983000	-126.760000	40.640000	16.200000	218.319509	218.219509	218.519509	4.020885	-2.120978
-152.132401	18.481400	852.978000	-126.760000	40.640000	16.200000	216.993608	216.893608	216.993608	4.041136	-2.087160
-153.290604	17.906200	883.978000	-126.760000	40.640000	16.200000	217.722930	217.622930	217.822930	4.009513	-1.787712
-153.700806	17.297501	903.988000	-126.760000	40.640000	16.200000	217.566801	217.466801	217.666801	3.995912	-1.688112
-154.691299	17.180099	921.997000	-126.760000	40.640000	16.200000	219.059369	218.959369	219.159369	4.018188	-0.899324
-154.030502	17.988400	893.985000	-126.760000	40.640000	16.200000	218.930038	218.830038	219.030038	4.012574	-1.287546
-154.495895	18.401699	891.985000	-126.760000	40.640000	16.200000	220.153381	219.853381	220.353381	4.006505	-0.865664
-154.797394	18.803101	888.977000	-126.760000	40.640000	16.200000	220.246237	220.146237	220.446237	4.005106	-1.429655
-155.714996	18.000299	921.997000	-126.760000	40.640000	16.200000	220.162106	220.062106	220.262106	3.991871	-1.405036
-156.808197	18.404200	932.975000	-126.760000	40.640000	16.200000	221.432231	221.332231	221.532231	3.964260	-1.347175
-156.167007	18.301001	923.994000	-126.760000	40.640000	16.200000	220.601473	220.401473	220.701473	3.993224	-1.606857
-156.465103	18.775000	918.981000	-126.760000	40.640000	16.200000	221.356900	221.156900	221.456900	3.992817	-1.552408
-157.227295	18.984800	927.991000	-126.760000	40.640000	16.200000	222.262478	222.162478	222.262478	3.959712	-1.403249
-156.510101	19.477699	904.999000	-126.760000	40.640000	16.200000	222.091350	221.991350	222.191350	3.999860	-1.584365
-156.932007	19.832701	904.982000	-126.760000	40.640000	16.200000	222.067531	221.767531	222.367531	3.995330	-2.284405
-157.627594	20.346100	906.996000	-126.760000	40.640000	16.200000	223.178152	222.778152	223.578152	4.003140	-2.200384
