-155.772995	19.079000	1353.351000	154.330000	46.850000	46.000000
-155.996994	20.771000	1313.357000	154.330000	46.850000	46.000000
-155.710999	20.046000	1334.354000	154.330000	46.850000	46.000000
-159.401001	21.971001	1228.347000	154.330000	46.850000	46.000000
-156.658005	20.891001	1299.341000	154.330000	46.850000	46.000000
-159.664993	22.122999	1221.346000	154.330000	46.850000	46.000000
-156.755997	21.136000	1292.333000	154.330000	46.850000	46.000000
-154.617798	20.088900	1351.341000	154.330000	46.850000	46.000000
-155.679398	21.205500	1309.346000	154.330000	46.850000	46.000000
-154.482803	21.001900	1337.335000	154.330000	46.850000	46.000000
-153.982697	21.519699	1333.347000	154.330000	46.850000	46.000000
-153.292099	20.892599	1358.340000	154.330000	46.850000	46.000000
-153.902405	19.979099	1365.353000	154.330000	46.850000	46.000000
-153.503204	19.495199	1382.345000	154.330000	46.850000	46.000000
-153.992294	18.797600	1389.340000	154.330000	46.850000	46.000000
-153.295898	18.800900	1400.354000	154.330000	46.850000	46.000000
-152.132401	18.481400	1425.331000	154.330000	46.850000	46.000000
-153.290604	17.906200	1419.345000	154.330000	46.850000	46.000000
-153.700806	17.297501	1425.331000	154.330000	46.850000	46.000000
-154.691299	17.180099	1410.349000	154.330000	46.850000	46.000000
-154.030502	17.988400	1405.345000	154.330000	46.850000	46.000000
-154.495895	18.401699	1389.341000	154.330000	46.850000	46.000000
-154.797394	18.803101	1375.331000	154.330000	46.850000	46.000000
-157.227295	18.984800	1328.345000	154.330000	46.850000	46.000000
-156.510101	19.477699	1331.344000	154.330000	46.850000	46.000000
-156.932007	19.832701	1316.354000	154.330000	46.850000	46.000000
-157.627594	20.346100	1293.345000	154.330000	46.850000	46.000000
