-155.772995	19.079000	1359.137000	167.600000	60.510000	12.000000	152.925247	151.225247	154.525247	4.022126	-4.122283
-155.996994	20.771000	1314.128000	167.600000	60.510000	12.000000	156.689100	156.089100	157.289100	3.943203	0.143240
-155.710999	20.046000	1337.123000	167.600000	60.510000	12.000000	154.745607	152.545607	156.945607	3.935551	-1.938092
-159.401001	21.971001	1245.112000	167.600000	60.510000	12.000000	155.797009	154.697009	156.897009	3.982538	-1.873908
-156.658005	20.891001	1304.119000	167.600000	60.510000	12.000000	156.199270	155.299270	156.999270	3.923793	-0.595420
-157.270004	21.108999	1292.142000	167.600000	60.510000	12.000000	155.704238	155.004238	156.304238	3.948414	-1.286386
-159.664993	22.122999	1241.101000	167.600000	60.510000	12.000000	156.036615	155.636615	156.536615	3.980882	-1.705310
-156.755997	21.136000	1297.134000	167.600000	60.510000	12.000000	155.782011	155.082011	156.482011	3.939561	-0.965774
-158.903000	21.298401	1271.175000	167.600000	60.510000	12.000000	157.553887	156.653887	158.453887	3.887928	-0.129604
-160.047501	19.823400	1295.148000	167.600000	60.510000	12.000000	156.691991	155.991991	157.291991	3.973161	-2.070389
-162.025604	19.986300	1271.128000	167.600000	60.510000	12.000000	158.319605	157.719605	158.919605	4.012631	-1.379027
-161.314896	21.956301	1228.126000	167.600000	60.510000	12.000000	157.252865	156.752865	157.852865	3.994247	-1.380878
-161.095001	23.997200	1178.126000	167.600000	60.510000	12.000000	156.273195	155.573195	156.973195	4.040108	-1.442669
-158.933105	24.573799	1186.174000	167.600000	60.510000	12.000000	155.056407	154.356407	155.756407	4.041392	-1.325528
-155.765305	26.776699	1165.240000	167.600000	60.510000	12.000000	NaN	NaN	NaN	NaN	NaN
-156.964600	24.312099	1213.168000	167.600000	60.510000	12.000000	155.018439	154.418439	155.518439	3.991830	-0.544880
-158.185394	22.620199	1243.108000	167.600000	60.510000	12.000000	156.068765	155.568765	156.468765	3.955047	-0.766094
-155.636200	22.299900	1278.115000	167.600000	60.510000	12.000000	156.416370	156.116370	156.716370	3.926635	0.612764
