-155.772995	19.079000	1995.571000	-85.340000	1.480000	13.700000
-155.996994	20.771000	2006.563000	-85.340000	1.480000	13.700000
-155.710999	20.046000	1996.559000	-85.340000	1.480000	13.700000
-156.658005	20.891001	2024.555000	-85.340000	1.480000	13.700000
-157.270004	21.108999	2041.577000	-85.340000	1.480000	13.700000
-159.664993	22.122999	2105.543000	-85.340000	1.480000	13.700000
-156.755997	21.136000	2027.577000	-85.340000	1.480000	13.700000
-158.903000	21.298401	2085.618000	-85.340000	1.480000	13.700000
-160.047501	19.823400	2107.555000	-85.340000	1.480000	13.700000
-162.025604	19.986300	2157.549000	-85.340000	1.480000	13.700000
-161.314896	21.956301	2146.492000	-85.340000	1.480000	13.700000
-161.095001	23.997200	2144.556000	-85.340000	1.480000	13.700000
-152.981201	18.301800	1919.607000	-85.340000	1.480000	13.700000
-150.914993	18.914200	1870.668000	-85.340000	1.480000	13.700000
-153.868195	17.315399	1938.608000	-85.340000	1.480000	13.700000
-158.760193	18.564699	2069.562000	-85.340000	1.480000	13.700000
-158.179504	20.377800	2062.586000	-85.340000	1.480000	13.700000
