-155.996994	20.771000	1082.814000	-173.440000	-15.240000	53.400000	28.022001	26.922001	29.022001	3.995921	1.208323
-155.710999	20.046000	1068.809000	-173.440000	-15.240000	53.400000	30.315722	29.015722	31.615722	4.052173	2.713752
-156.658005	20.891001	1072.800000	-173.440000	-15.240000	53.400000	24.473713	21.473713	27.673713	3.906291	-1.376378
-157.270004	21.108999	1075.828000	-173.440000	-15.240000	53.400000	25.319026	24.219026	26.419026	4.003872	0.422918
-158.903000	21.298401	1063.810000	-173.440000	-15.240000	53.400000	21.704960	20.804960	22.604960	3.967153	-0.813304
-162.025604	19.986300	1001.807000	-173.440000	-15.240000	53.400000	NaN	NaN	NaN	NaN	NaN
-161.095001	23.997200	1115.816000	-173.440000	-15.240000	53.400000	NaN	NaN	NaN	NaN	NaN
-156.964600	24.312099	1159.837000	-173.440000	-15.240000	53.400000	24.103513	23.903513	24.403513	4.022251	0.305809
-158.185394	22.620199	1104.790000	-173.440000	-15.240000	53.400000	22.166180	21.566180	22.766180	3.981727	-0.744067
-155.636200	22.299900	1124.192000	-173.440000	-15.240000	53.400000	27.029394	26.129394	27.829394	3.986199	0.532931
-154.251801	21.168699	1113.816000	-173.440000	-15.240000	53.400000	30.456797	28.956797	32.056797	3.934131	1.545577
-149.000900	16.989000	1094.790000	-173.440000	-15.240000	53.400000	NaN	NaN	NaN	NaN	NaN
-157.859100	14.659600	910.921000	-173.440000	-15.240000	53.400000	NaN	NaN	NaN	NaN	NaN
-160.047501	19.823400	1014.745000	-173.440000	-15.240000	53.400000	20.995904	20.995904	21.095904	3.993581	-0.564114
-161.314896	21.956301	1059.590000	-173.440000	-15.240000	53.400000	18.112959	18.012959	18.212959	3.989187	-0.652059
-155.765305	26.776699	1234.420000	-173.440000	-15.240000	53.400000	NaN	NaN	NaN	NaN	NaN
-152.765793	25.592800	1237.317000	-173.440000	-15.240000	53.400000	NaN	NaN	NaN	NaN	NaN
-151.637604	16.737801	1048.420000	-173.440000	-15.240000	53.400000	NaN	NaN	NaN	NaN	NaN
-158.179504	20.377800	1047.746000	-173.440000	-15.240000	53.400000	24.171941	22.871941	25.471941	4.008097	0.177320
