-155.772995	19.079000	1505.055000	155.420000	-7.010000	45.600000	66.220073	65.520073	66.820073	4.023846	-0.005766
-155.996994	20.771000	1520.056000	155.420000	-7.010000	45.600000	65.231436	63.931436	66.531436	3.900973	0.223994
-155.710999	20.046000	1519.051000	155.420000	-7.010000	45.600000	67.070276	65.670276	68.370276	3.881939	1.426930
-156.658005	20.891001	1501.070000	155.420000	-7.010000	45.600000	69.677058	66.377058	72.877058	3.962275	5.165628
-157.270004	21.108999	1493.070000	155.420000	-7.010000	45.600000	64.630839	63.630839	65.730839	4.015533	0.656055
-156.755997	21.136000	1505.070000	155.420000	-7.010000	45.600000	65.557942	64.357942	66.857942	3.991994	1.265954
-160.047501	19.823400	1412.912000	155.420000	-7.010000	45.600000	64.016307	63.516307	64.416307	4.051687	1.021627
-149.000900	16.989000	1645.206000	155.420000	-7.010000	45.600000	NaN	NaN	NaN	NaN	NaN
-151.637604	16.737801	1578.036000	155.420000	-7.010000	45.600000	NaN	NaN	NaN	NaN	NaN
-153.868195	17.315399	1530.048000	155.420000	-7.010000	45.600000	67.051276	66.651276	67.451276	4.082445	-1.385877
-156.387695	17.614901	1473.031000	155.420000	-7.010000	45.600000	65.190407	64.790407	65.490407	4.016757	-1.644756
-156.206604	16.162001	1462.055000	155.420000	-7.010000	45.600000	66.844455	66.444455	67.144455	4.087253	-1.089610
-158.982498	15.574000	1389.055000	155.420000	-7.010000	45.600000	66.527573	66.527573	66.527573	4.092961	-0.266129
-161.367599	17.746901	1357.762000	155.420000	-7.010000	45.600000	63.596928	63.396928	63.796928	4.101549	-0.045093
-158.760193	18.564699	1428.043000	155.420000	-7.010000	45.600000	64.840222	64.240222	65.440222	4.082902	0.104267
-158.179504	20.377800	1462.878000	155.420000	-7.010000	45.600000	65.081531	63.681531	66.381531	4.019463	1.221447
