-155.772995	19.079000	2072.104000	-133.950000	-54.010000	12.000000	350.018680	349.218680	350.818680	4.018730	3.061567
-155.996994	20.771000	2119.084000	-133.950000	-54.010000	12.000000	350.701035	349.801035	351.601035	4.018503	3.777092
-159.401001	21.971001	2167.063000	-133.950000	-54.010000	12.000000	349.354255	348.854255	349.954255	3.994253	4.257409
-156.658005	20.891001	2126.059000	-133.950000	-54.010000	12.000000	350.812791	350.012791	351.612791	4.008000	4.253407
-159.664993	22.122999	2172.092000	-133.950000	-54.010000	12.000000	349.653579	349.153579	350.053579	3.996329	4.693462
-158.903000	21.298401	2145.208000	-133.950000	-54.010000	12.000000	350.035676	349.535676	350.535676	4.025783	4.700101
-160.047501	19.823400	2112.072000	-133.950000	-54.010000	12.000000	347.285397	347.085397	347.585397	4.016240	2.659722
-158.933105	24.573799	2236.228000	-133.950000	-54.010000	12.000000	350.246882	350.046882	350.346882	3.988032	4.780786
-155.765305	26.776699	2280.745000	-133.950000	-54.010000	12.000000	NaN	NaN	NaN	NaN	NaN
-156.964600	24.312099	2221.070000	-133.950000	-54.010000	12.000000	349.742637	348.042637	351.442637	4.037881	3.200993
-158.185394	22.620199	2179.087000	-133.950000	-54.010000	12.000000	350.328352	350.028352	350.628352	3.970222	4.532815
-155.636200	22.299900	2159.062000	-133.950000	-54.010000	12.000000	350.785734	350.285734	351.385734	3.935137	3.585357
-154.251801	21.168699	2120.067000	-133.950000	-54.010000	12.000000	348.121066	347.521066	348.721066	4.069680	0.190565
-152.981201	18.301800	2038.128000	-133.950000	-54.010000	12.000000	349.925454	348.925454	350.825454	4.051540	1.416022
-150.914993	18.914200	2044.787000	-133.950000	-54.010000	12.000000	350.743501	350.043501	351.443501	4.070995	0.999803
-149.000900	16.989000	1986.315000	-133.950000	-54.010000	12.000000	NaN	NaN	NaN	NaN	NaN
-151.637604	16.737801	1988.709000	-133.950000	-54.010000	12.000000	350.622608	350.222608	351.122608	4.060718	1.421161
-151.686600	14.689100	1933.979000	-133.950000	-54.010000	12.000000	NaN	NaN	NaN	NaN	NaN
-153.967499	14.731300	1946.086000	-133.950000	-54.010000	12.000000	349.283685	348.783685	349.683685	4.122206	1.579180
-153.868195	17.315399	2014.171000	-133.950000	-54.010000	12.000000	349.854592	349.154592	350.554592	4.031786	1.916296
-156.206604	16.162001	1994.064000	-133.950000	-54.010000	12.000000	349.704661	349.304661	350.204661	4.028468	3.184423
-157.859100	14.659600	1961.353000	-133.950000	-54.010000	12.000000	NaN	NaN	NaN	NaN	NaN
-157.700806	16.348400	2006.692000	-133.950000	-54.010000	12.000000	349.095176	347.995176	350.195176	4.054078	3.405887
-158.760193	18.564699	2071.091000	-133.950000	-54.010000	12.000000	349.856762	349.356762	350.256762	4.053218	4.602961
-158.179504	20.377800	2116.732000	-133.950000	-54.010000	12.000000	350.269830	349.669830	350.769830	4.020152	4.585000
