-155.996994	20.771000	1610.544000	151.360000	-5.990000	38.000000	71.803803	71.603803	72.003803	4.056469	3.315367
-159.401001	21.971001	1535.528000	151.360000	-5.990000	38.000000	73.714413	72.314413	75.214413	4.026102	7.988417
-156.658005	20.891001	1595.553000	151.360000	-5.990000	38.000000	72.102214	71.102214	73.002214	4.004744	4.062128
-157.270004	21.108999	1582.558000	151.360000	-5.990000	38.000000	71.706511	70.806511	72.606511	4.005330	4.152592
-159.664993	22.122999	1534.564000	151.360000	-5.990000	38.000000	68.624290	67.924290	69.324290	4.010986	3.161103
-156.755997	21.136000	1595.558000	151.360000	-5.990000	38.000000	72.192786	71.092786	73.292786	4.012745	4.353417
-158.903000	21.298401	1545.526000	151.360000	-5.990000	38.000000	69.984667	68.384667	71.584667	3.997642	3.529699
-160.047501	19.823400	1502.526000	151.360000	-5.990000	38.000000	70.815546	69.515546	72.015546	4.030710	4.115464
-162.025604	19.986300	1456.536000	151.360000	-5.990000	38.000000	69.190271	66.090271	72.190271	4.119917	3.833248
-155.765305	26.776699	1677.538000	151.360000	-5.990000	38.000000	NaN	NaN	NaN	NaN	NaN
-158.185394	22.620199	1574.545000	151.360000	-5.990000	38.000000	69.353967	68.753967	69.953967	3.981350	3.255621
-155.636200	22.299900	1632.530000	151.360000	-5.990000	38.000000	71.187771	70.987771	71.387771	4.057142	3.356297
-152.981201	18.301800	1656.538000	151.360000	-5.990000	38.000000	NaN	NaN	NaN	NaN	NaN
-150.914993	18.914200	1711.520000	151.360000	-5.990000	38.000000	NaN	NaN	NaN	NaN	NaN
-149.000900	16.989000	1741.535000	151.360000	-5.990000	38.000000	NaN	NaN	NaN	NaN	NaN
-153.868195	17.315399	1625.540000	151.360000	-5.990000	38.000000	NaN	NaN	NaN	NaN	NaN
-157.700806	16.348400	1523.518000	151.360000	-5.990000	38.000000	NaN	NaN	NaN	NaN	NaN
-158.179504	20.377800	1553.528000	151.360000	-5.990000	38.000000	71.525614	70.825614	72.125614	4.003803	4.063559
