-155.772995	19.079000	1359.137000	167.600000	60.510000	12.000000
-155.996994	20.771000	1314.128000	167.600000	60.510000	12.000000
-155.710999	20.046000	1337.123000	167.600000	60.510000	12.000000
-159.401001	21.971001	1245.112000	167.600000	60.510000	12.000000
-156.658005	20.891001	1304.119000	167.600000	60.510000	12.000000
-157.270004	21.108999	1292.142000	167.600000	60.510000	12.000000
-159.664993	22.122999	1241.101000	167.600000	60.510000	12.000000
-156.755997	21.136000	1297.134000	167.600000	60.510000	12.000000
-158.903000	21.298401	1271.175000	167.600000	60.510000	12.000000
-160.047501	19.823400	1295.148000	167.600000	60.510000	12.000000
-162.025604	19.986300	1271.128000	167.600000	60.510000	12.000000
-161.314896	21.956301	1228.126000	167.600000	60.510000	12.000000
-161.095001	23.997200	1178.126000	167.600000	60.510000	12.000000
-158.933105	24.573799	1186.174000	167.600000	60.510000	12.000000
-155.765305	26.776699	1165.240000	167.600000	60.510000	12.000000
-156.964600	24.312099	1213.168000	167.600000	60.510000	12.000000
-158.185394	22.620199	1243.108000	167.600000	60.510000	12.000000
-155.636200	22.299900	1278.115000	167.600000	60.510000	12.000000
