-155.996994	20.771000	1527.205000	154.770000	-6.410000	55.600000	68.693249	67.893249	69.393249	4.048498	2.656003
-159.401001	21.971001	1460.225000	154.770000	-6.410000	55.600000	64.580491	64.180491	64.980491	4.054448	1.543744
-156.658005	20.891001	1512.226000	154.770000	-6.410000	55.600000	67.351434	66.951434	67.651434	4.046605	1.801473
-159.664993	22.122999	1456.197000	154.770000	-6.410000	55.600000	64.071589	63.571589	64.571589	4.044012	1.319778
-161.314896	21.956301	1416.187000	154.770000	-6.410000	55.600000	65.956639	64.556639	67.456639	4.114329	4.261836
-158.185394	22.620199	1495.191000	154.770000	-6.410000	55.600000	65.789673	65.489673	66.089673	4.074571	2.345454
-154.251801	21.168699	1572.196000	154.770000	-6.410000	55.600000	NaN	NaN	NaN	NaN	NaN
-150.914993	18.914200	1625.201000	154.770000	-6.410000	55.600000	NaN	NaN	NaN	NaN	NaN
-149.000900	16.989000	1653.202000	154.770000	-6.410000	55.600000	NaN	NaN	NaN	NaN	NaN
-151.686600	14.689100	1569.187000	154.770000	-6.410000	55.600000	NaN	NaN	NaN	NaN	NaN
-153.868195	17.315399	1538.190000	154.770000	-6.410000	55.600000	NaN	NaN	NaN	NaN	NaN
-156.206604	16.162001	1470.187000	154.770000	-6.410000	55.600000	67.932038	66.332038	69.632038	4.090257	-1.026445
-157.859100	14.659600	1415.187000	154.770000	-6.410000	55.600000	68.882983	67.782983	69.882983	4.049966	-0.276390
-157.700806	16.348400	1437.185000	154.770000	-6.410000	55.600000	65.554654	63.754654	67.254654	4.049972	-2.455845
-158.982498	15.574000	1396.208000	154.770000	-6.410000	55.600000	68.080077	65.980077	70.180077	4.049157	0.219438
-158.179504	20.377800	1470.197000	154.770000	-6.410000	55.600000	66.190506	65.890506	66.490506	4.006332	1.270912
