-155.996994	20.771000	1082.814000	-173.440000	-15.240000	53.400000
-155.710999	20.046000	1068.809000	-173.440000	-15.240000	53.400000
-156.658005	20.891001	1072.800000	-173.440000	-15.240000	53.400000
-157.270004	21.108999	1075.828000	-173.440000	-15.240000	53.400000
-158.903000	21.298401	1063.810000	-173.440000	-15.240000	53.400000
-162.025604	19.986300	1001.807000	-173.440000	-15.240000	53.400000
-161.095001	23.997200	1115.816000	-173.440000	-15.240000	53.400000
-156.964600	24.312099	1159.837000	-173.440000	-15.240000	53.400000
-158.185394	22.620199	1104.790000	-173.440000	-15.240000	53.400000
-155.636200	22.299900	1124.192000	-173.440000	-15.240000	53.400000
-154.251801	21.168699	1113.816000	-173.440000	-15.240000	53.400000
-149.000900	16.989000	1094.790000	-173.440000	-15.240000	53.400000
-157.859100	14.659600	910.921000	-173.440000	-15.240000	53.400000
-160.047501	19.823400	1014.745000	-173.440000	-15.240000	53.400000
-161.314896	21.956301	1059.590000	-173.440000	-15.240000	53.400000
-155.765305	26.776699	1234.420000	-173.440000	-15.240000	53.400000
-152.765793	25.592800	1237.317000	-173.440000	-15.240000	53.400000
-151.637604	16.737801	1048.420000	-173.440000	-15.240000	53.400000
-158.179504	20.377800	1047.746000	-173.440000	-15.240000	53.400000
