-155.772995	19.079000	1591.357000	151.600000	-6.060000	53.400000	67.922922	67.522922	68.322922	4.036150	-1.474851
-155.996994	20.771000	1604.359000	151.600000	-6.060000	53.400000	68.968331	67.368331	70.568331	4.020159	0.688587
-157.270004	21.108999	1576.374000	151.600000	-6.060000	53.400000	68.165054	67.565054	68.765054	4.006304	0.825312
-159.664993	22.122999	1529.355000	151.600000	-6.060000	53.400000	61.070998	57.670998	65.570998	3.647528	-4.166124
-161.095001	23.997200	1526.356000	151.600000	-6.060000	53.400000	NaN	NaN	NaN	NaN	NaN
-155.636200	22.299900	1626.336000	151.600000	-6.060000	53.400000	71.353311	71.153311	71.453311	4.036133	3.733854
-154.251801	21.168699	1650.357000	151.600000	-6.060000	53.400000	67.028493	65.728493	68.228493	4.010451	-2.010575
-152.981201	18.301800	1650.353000	151.600000	-6.060000	53.400000	68.620436	68.220436	69.120436	4.094358	-2.658032
-150.914993	18.914200	1705.347000	151.600000	-6.060000	53.400000	NaN	NaN	NaN	NaN	NaN
-149.000900	16.989000	1734.342000	151.600000	-6.060000	53.400000	NaN	NaN	NaN	NaN	NaN
-153.967499	14.731300	1594.339000	151.600000	-6.060000	53.400000	NaN	NaN	NaN	NaN	NaN
-156.206604	16.162001	1551.361000	151.600000	-6.060000	53.400000	69.331391	68.931391	69.631391	4.053869	-1.632967
-157.700806	16.348400	1517.342000	151.600000	-6.060000	53.400000	68.738693	67.938693	69.638693	4.059527	-1.359170
-158.760193	18.564699	1514.359000	151.600000	-6.060000	53.400000	66.865309	66.465309	67.165309	4.061799	-1.202442
-158.179504	20.377800	1547.344000	151.600000	-6.060000	53.400000	68.180198	67.380198	69.080198	4.029749	0.933464
-158.982498	15.574000	1477.333000	151.600000	-6.060000	53.400000	68.117141	67.717141	68.517141	4.054220	-1.849519
