-155.772995	19.079000	1177.048000	-173.390000	-20.740000	12.000000	25.202437	24.802437	25.502437	3.994218	0.873761
-155.996994	20.771000	1218.041000	-173.390000	-20.740000	12.000000	24.643621	23.943621	25.243621	3.987439	1.295037
-155.710999	20.046000	1202.036000	-173.390000	-20.740000	12.000000	24.408057	24.008057	24.808057	3.996909	0.415181
-156.658005	20.891001	1214.033000	-173.390000	-20.740000	12.000000	24.669652	24.069652	25.269652	3.954145	2.176269
-157.270004	21.108999	1212.055000	-173.390000	-20.740000	12.000000	24.000786	23.700786	24.300786	3.956448	2.344072
-159.664993	22.122999	1214.037000	-173.390000	-20.740000	12.000000	21.539873	21.439873	21.639873	4.105894	3.221243
-156.755997	21.136000	1219.046000	-173.390000	-20.740000	12.000000	24.317305	23.817305	24.817305	3.952299	2.037990
-162.025604	19.986300	1139.025000	-173.390000	-20.740000	12.000000	NaN	NaN	NaN	NaN	NaN
-154.251801	21.168699	1247.030000	-173.390000	-20.740000	12.000000	25.800169	25.700169	26.000169	3.944181	0.522626
-152.981201	18.301800	1190.083000	-173.390000	-20.740000	12.000000	28.038835	27.838835	28.138835	4.000475	-0.034340
-150.914993	18.914200	1231.132000	-173.390000	-20.740000	12.000000	31.250432	30.950432	31.650432	4.037052	1.085632
-149.000900	16.989000	1214.096000	-173.390000	-20.740000	12.000000	NaN	NaN	NaN	NaN	NaN
-151.637604	16.737801	1169.990000	-173.390000	-20.740000	12.000000	31.273596	30.873596	31.673596	4.050511	0.811917
-151.686600	14.689100	1122.138000	-173.390000	-20.740000	12.000000	NaN	NaN	NaN	NaN	NaN
-153.868195	17.315399	1155.085000	-173.390000	-20.740000	12.000000	27.419364	27.219364	27.619364	4.064075	-0.076813
-156.387695	17.614901	1134.106000	-173.390000	-20.740000	12.000000	25.405670	24.705670	26.205670	4.019286	1.194560
-156.206604	16.162001	1100.028000	-173.390000	-20.740000	12.000000	26.165562	25.665562	26.665562	4.056179	1.029005
-157.859100	14.659600	1044.093000	-173.390000	-20.740000	12.000000	25.862872	25.362872	26.362872	4.055736	2.169975
-157.700806	16.348400	1088.109000	-173.390000	-20.740000	12.000000	25.626348	24.826348	26.426348	4.063727	2.538048
-158.982498	15.574000	1054.044000	-173.390000	-20.740000	12.000000	24.300989	24.000989	24.600989	4.077835	2.586906
-158.760193	18.564699	1131.035000	-173.390000	-20.740000	12.000000	24.236215	23.636215	24.736215	3.997499	3.496505
-152.765793	25.592800	1371.899000	-173.390000	-20.740000	12.000000	NaN	NaN	NaN	NaN	NaN
-155.636200	22.299900	1260.874000	-173.390000	-20.740000	12.000000	24.129950	23.629950	24.529950	3.939495	0.938168
