-155.772995	19.079000	1343.343000	154.680000	46.400000	12.000000
-155.996994	20.771000	1304.324000	154.680000	46.400000	12.000000
-159.401001	21.971001	1219.302000	154.680000	46.400000	12.000000
-156.658005	20.891001	1290.346000	154.680000	46.400000	12.000000
-159.664993	22.122999	1211.317000	154.680000	46.400000	12.000000
-158.903000	21.298401	1242.443000	154.680000	46.400000	12.000000
-161.095001	23.997200	1148.331000	154.680000	46.400000	12.000000
-158.933105	24.573799	1175.462000	154.680000	46.400000	12.000000
-156.964600	24.312099	1215.315000	154.680000	46.400000	12.000000
-155.636200	22.299900	1278.308000	154.680000	46.400000	12.000000
-152.981201	18.301800	1407.320000	154.680000	46.400000	12.000000
-150.914993	18.914200	1429.307000	154.680000	46.400000	12.000000
-151.686600	14.689100	1503.311000	154.680000	46.400000	12.000000
-153.967499	14.731300	1461.329000	154.680000	46.400000	12.000000
-153.868195	17.315399	1412.310000	154.680000	46.400000	12.000000
-157.859100	14.659600	1391.577000	154.680000	46.400000	12.000000
-158.982498	15.574000	1352.330000	154.680000	46.400000	12.000000
-158.179504	20.377800	1273.302000	154.680000	46.400000	12.000000
