-155.772995	19.079000	1340.016000	155.080000	46.940000	12.000000	139.126333	138.526333	139.626333	3.948192	2.610065
-155.996994	20.771000	1299.997000	155.080000	46.940000	12.000000	138.448031	137.948031	138.848031	3.954124	2.931353
-159.401001	21.971001	1216.003000	155.080000	46.940000	12.000000	138.037951	137.537951	138.537951	3.975190	2.372481
-156.658005	20.891001	1287.021000	155.080000	46.940000	12.000000	137.636281	137.036281	138.236281	3.992919	2.021742
-159.664993	22.122999	1208.988000	155.080000	46.940000	12.000000	138.936794	138.336794	139.536794	3.980478	3.299387
-158.903000	21.298401	1238.990000	155.080000	46.940000	12.000000	138.432603	138.032603	138.832603	3.997049	2.444977
-161.095001	23.997200	1144.987000	155.080000	46.940000	12.000000	137.464151	136.964151	137.964151	4.001141	2.807441
-158.933105	24.573799	1170.984000	155.080000	46.940000	12.000000	136.103824	135.703824	136.503824	3.985113	2.530050
-155.765305	26.776699	1188.977000	155.080000	46.940000	12.000000	NaN	NaN	NaN	NaN	NaN
-152.765793	25.592800	1267.989000	155.080000	46.940000	12.000000	NaN	NaN	NaN	NaN	NaN
-156.964600	24.312099	1211.985000	155.080000	46.940000	12.000000	133.287623	132.887623	133.587623	4.021775	0.000780
-158.185394	22.620199	1222.981000	155.080000	46.940000	12.000000	137.441662	136.741662	138.041662	3.985385	2.599474
-155.636200	22.299900	1274.973000	155.080000	46.940000	12.000000	136.840064	136.540064	137.140064	4.005494	2.427689
-154.251801	21.168699	1321.990000	155.080000	46.940000	12.000000	138.306314	138.206314	138.506314	4.015251	3.471955
-150.914993	18.914200	1424.988000	155.080000	46.940000	12.000000	NaN	NaN	NaN	NaN	NaN
-149.000900	16.989000	1496.992000	155.080000	46.940000	12.000000	NaN	NaN	NaN	NaN	NaN
-151.637604	16.737801	1457.971000	155.080000	46.940000	12.000000	139.208614	138.508614	139.908614	4.049665	2.442465
-151.686600	14.689100	1499.971000	155.080000	46.940000	12.000000	NaN	NaN	NaN	NaN	NaN
-153.967499	14.731300	1458.999000	155.080000	46.940000	12.000000	NaN	NaN	NaN	NaN	NaN
-157.859100	14.659600	1390.976000	155.080000	46.940000	12.000000	NaN	NaN	NaN	NaN	NaN
-157.700806	16.348400	1360.972000	155.080000	46.940000	12.000000	134.461628	134.361628	134.561628	4.005641	-4.246069
-158.982498	15.574000	1352.001000	155.080000	46.940000	12.000000	135.559257	135.459257	135.659257	4.015768	-4.033487
-158.760193	18.564699	1297.983000	155.080000	46.940000	12.000000	138.392946	137.392946	139.492946	4.086039	0.648326
-158.179504	20.377800	1269.991000	155.080000	46.940000	12.000000	138.341760	137.941760	138.641760	3.981050	1.950297
