-155.772995	19.079000	1363.011000	153.640000	46.380000	12.800000
-155.996994	20.771000	1323.992000	153.640000	46.380000	12.800000
-154.983002	19.601000	1365.970000	153.640000	46.380000	12.800000
-159.401001	21.971001	1239.011000	153.640000	46.380000	12.800000
-156.658005	20.891001	1310.002000	153.640000	46.380000	12.800000
-159.664993	22.122999	1230.973000	153.640000	46.380000	12.800000
-156.755997	21.136000	1303.006000	153.640000	46.380000	12.800000
-158.903000	21.298401	1261.968000	153.640000	46.380000	12.800000
-161.095001	23.997200	1167.984000	153.640000	46.380000	12.800000
-158.185394	22.620199	1246.983000	153.640000	46.380000	12.800000
-155.636200	22.299900	1298.981000	153.640000	46.380000	12.800000
-152.981201	18.301800	1427.037000	153.640000	46.380000	12.800000
-153.967499	14.731300	1480.968000	153.640000	46.380000	12.800000
-156.206604	16.162001	1411.985000	153.640000	46.380000	12.800000
-157.700806	16.348400	1380.984000	153.640000	46.380000	12.800000
-158.982498	15.574000	1370.981000	153.640000	46.380000	12.800000
-161.367599	17.746901	1286.976000	153.640000	46.380000	12.800000
-158.760193	18.564699	1319.996000	153.640000	46.380000	12.800000
-158.179504	20.377800	1292.983000	153.640000	46.380000	12.800000
-150.914993	18.914200	1449.508000	153.640000	46.380000	12.800000
