-155.996994	20.771000	1329.090000	153.290000	46.350000	19.800000	137.436029	137.236029	137.736029	3.953746	3.125347
-159.401001	21.971001	1244.082000	153.290000	46.350000	19.800000	136.498998	136.098998	136.898998	3.989579	2.151983
-156.658005	20.891001	1315.079000	153.290000	46.350000	19.800000	137.901429	137.801429	138.101429	3.941517	3.514582
-161.095001	23.997200	1173.089000	153.290000	46.350000	19.800000	135.048310	134.448310	135.648310	4.009839	1.759730
-158.933105	24.573799	1201.089000	153.290000	46.350000	19.800000	133.974083	133.574083	134.374083	4.009685	1.673344
-152.765793	25.592800	1298.075000	153.290000	46.350000	19.800000	NaN	NaN	NaN	NaN	NaN
-158.185394	22.620199	1252.080000	153.290000	46.350000	19.800000	136.045281	134.945281	137.045281	3.988944	2.469246
-154.251801	21.168699	1352.089000	153.290000	46.350000	19.800000	NaN	NaN	NaN	NaN	NaN
-150.914993	18.914200	1455.087000	153.290000	46.350000	19.800000	NaN	NaN	NaN	NaN	NaN
-151.686600	14.689100	1529.045000	153.290000	46.350000	19.800000	NaN	NaN	NaN	NaN	NaN
-153.967499	14.731300	1485.091000	153.290000	46.350000	19.800000	NaN	NaN	NaN	NaN	NaN
-156.206604	16.162001	1417.066000	153.290000	46.350000	19.800000	133.732050	133.232050	134.232050	4.139462	-3.346924
-157.859100	14.659600	1415.374000	153.290000	46.350000	19.800000	135.530510	135.330510	135.830510	4.033913	-2.852399
-158.982498	15.574000	1376.086000	153.290000	46.350000	19.800000	134.191115	133.491115	134.891115	4.125241	-4.063537
-161.367599	17.746901	1291.542000	153.290000	46.350000	19.800000	NaN	NaN	NaN	NaN	NaN
-155.765305	26.776699	1219.858000	153.290000	46.350000	19.800000	NaN	NaN	NaN	NaN	NaN
-157.700806	16.348400	1385.736000	153.290000	46.350000	19.800000	134.026209	133.526209	134.426209	4.053049	-3.387634
