-155.772995	19.079000	1332.884000	156.870000	49.580000	35.600000
-155.996994	20.771000	1290.885000	156.870000	49.580000	35.600000
-155.710999	20.046000	1312.880000	156.870000	49.580000	35.600000
-157.270004	21.108999	1262.899000	156.870000	49.580000	35.600000
-158.903000	21.298401	1233.972000	156.870000	49.580000	35.600000
-161.095001	23.997200	1137.877000	156.870000	49.580000	35.600000
-156.964600	24.312099	1199.897000	156.870000	49.580000	35.600000
-158.185394	22.620199	1214.870000	156.870000	49.580000	35.600000
-152.981201	18.301800	1392.929000	156.870000	49.580000	35.600000
-150.914993	18.914200	1414.271000	156.870000	49.580000	35.600000
-149.000900	16.989000	1485.024000	156.870000	49.580000	35.600000
-153.868195	17.315399	1401.950000	156.870000	49.580000	35.600000
-156.387695	17.614901	1353.160000	156.870000	49.580000	35.600000
-157.700806	16.348400	1359.213000	156.870000	49.580000	35.600000
-158.982498	15.574000	1353.889000	156.870000	49.580000	35.600000
-151.686600	14.689100	1491.364000	156.870000	49.580000	35.600000
-161.367599	17.746901	1270.619000	156.870000	49.580000	35.600000
-158.179504	20.377800	1264.732000	156.870000	49.580000	35.600000
