-155.772995	19.079000	1368.846000	168.640000	61.480000	12.000000
-157.931000	21.646000	1279.817000	168.640000	61.480000	12.000000
-155.996994	20.771000	1321.829000	168.640000	61.480000	12.000000
-154.983002	19.601000	1362.832000	168.640000	61.480000	12.000000
-159.401001	21.971001	1257.846000	168.640000	61.480000	12.000000
-157.270004	21.108999	1300.843000	168.640000	61.480000	12.000000
-159.664993	22.122999	1250.849000	168.640000	61.480000	12.000000
-161.314896	21.956301	1239.808000	168.640000	61.480000	12.000000
-161.095001	23.997200	1188.808000	168.640000	61.480000	12.000000
-158.933105	24.573799	1194.809000	168.640000	61.480000	12.000000
-155.765305	26.776699	1170.822000	168.640000	61.480000	12.000000
-152.765793	25.592800	1230.810000	168.640000	61.480000	12.000000
-156.964600	24.312099	1220.835000	168.640000	61.480000	12.000000
-158.185394	22.620199	1251.832000	168.640000	61.480000	12.000000
-154.251801	21.168699	1328.833000	168.640000	61.480000	12.000000
-150.914993	18.914200	1419.266000	168.640000	61.480000	12.000000
-149.000900	16.989000	1486.808000	168.640000	61.480000	12.000000
-151.637604	16.737801	1465.827000	168.640000	61.480000	12.000000
-151.686600	14.689100	1518.827000	168.640000	61.480000	12.000000
-153.868195	17.315399	1431.896000	168.640000	61.480000	12.000000
-156.387695	17.614901	1398.816000	168.640000	61.480000	12.000000
-156.206604	16.162001	1436.826000	168.640000	61.480000	12.000000
-157.859100	14.659600	1457.828000	168.640000	61.480000	12.000000
-157.700806	16.348400	1417.203000	168.640000	61.480000	12.000000
-158.179504	20.377800	1309.817000	168.640000	61.480000	12.000000
