-155.772995	19.079000	1995.571000	-85.340000	1.480000	13.700000	277.385484	276.785484	278.085484	4.016419	2.227509
-155.996994	20.771000	2006.563000	-85.340000	1.480000	13.700000	276.643663	276.243663	277.043663	3.899733	0.996281
-155.710999	20.046000	1996.559000	-85.340000	1.480000	13.700000	276.309154	275.509154	277.109154	3.954347	0.798253
-156.658005	20.891001	2024.555000	-85.340000	1.480000	13.700000	278.306637	277.606637	278.906637	3.998601	2.874508
-157.270004	21.108999	2041.577000	-85.340000	1.480000	13.700000	278.678531	278.178531	279.278531	4.011557	3.413572
-159.664993	22.122999	2105.543000	-85.340000	1.480000	13.700000	277.030617	276.230617	277.830617	4.096525	2.410034
-156.755997	21.136000	2027.577000	-85.340000	1.480000	13.700000	277.753804	277.153804	278.453804	3.991476	2.280861
-158.903000	21.298401	2085.618000	-85.340000	1.480000	13.700000	279.437556	277.737556	281.037556	4.021276	4.746406
-160.047501	19.823400	2107.555000	-85.340000	1.480000	13.700000	277.229367	276.729367	277.729367	4.100596	3.366206
-162.025604	19.986300	2157.549000	-85.340000	1.480000	13.700000	276.578801	276.178801	276.978801	4.109648	3.377236
-161.314896	21.956301	2146.492000	-85.340000	1.480000	13.700000	276.141421	274.741421	277.541421	4.243107	2.211470
-161.095001	23.997200	2144.556000	-85.340000	1.480000	13.700000	NaN	NaN	NaN	NaN	NaN
-152.981201	18.301800	1919.607000	-85.340000	1.480000	13.700000	279.631538	278.531538	280.831538	4.075136	3.771094
-150.914993	18.914200	1870.668000	-85.340000	1.480000	13.700000	NaN	NaN	NaN	NaN	NaN
-153.868195	17.315399	1938.608000	-85.340000	1.480000	13.700000	NaN	NaN	NaN	NaN	NaN
-158.760193	18.564699	2069.562000	-85.340000	1.480000	13.700000	278.012185	277.712185	278.412185	4.005814	4.051695
-158.179504	20.377800	2062.586000	-85.340000	1.480000	13.700000	277.539693	276.639693	278.339693	4.010618	2.841867
