-155.996994	20.771000	1319.344000	153.730000	46.140000	12.000000	136.838998	136.738998	137.038998	3.972494	2.700364
-159.401001	21.971001	1234.323000	153.730000	46.140000	12.000000	136.600108	136.300108	136.900108	3.987275	2.418184
-156.658005	20.891001	1305.356000	153.730000	46.140000	12.000000	136.604836	136.304836	137.004836	3.989591	2.387650
-160.047501	19.823400	1267.321000	153.730000	46.140000	12.000000	134.432696	131.332696	137.932696	3.862792	-1.437954
-161.095001	23.997200	1163.346000	153.730000	46.140000	12.000000	134.934918	134.334918	135.534918	4.011670	1.824268
-158.933105	24.573799	1191.465000	153.730000	46.140000	12.000000	133.849026	133.449026	134.249026	4.011542	1.745402
-158.185394	22.620199	1242.339000	153.730000	46.140000	12.000000	135.737283	134.937283	136.637283	3.995365	2.340357
-155.636200	22.299900	1294.852000	153.730000	46.140000	12.000000	135.824494	135.624494	136.124494	3.968164	2.778356
-154.251801	21.168699	1342.345000	153.730000	46.140000	12.000000	136.146385	135.946385	136.346385	4.032160	2.639801
-152.981201	18.301800	1422.388000	153.730000	46.140000	12.000000	NaN	NaN	NaN	NaN	NaN
-150.914993	18.914200	1445.897000	153.730000	46.140000	12.000000	NaN	NaN	NaN	NaN	NaN
-149.000900	16.989000	1518.533000	153.730000	46.140000	12.000000	NaN	NaN	NaN	NaN	NaN
-156.387695	17.614901	1377.739000	153.730000	46.140000	12.000000	135.637609	133.237609	138.237609	3.985505	-0.539969
-157.859100	14.659600	1404.560000	153.730000	46.140000	12.000000	NaN	NaN	NaN	NaN	NaN
-157.700806	16.348400	1375.820000	153.730000	46.140000	12.000000	132.765957	132.465957	133.065957	4.098446	-4.526006
-158.982498	15.574000	1365.331000	153.730000	46.140000	12.000000	133.040017	132.440017	133.740017	4.111825	-5.107616
-161.367599	17.746901	1280.949000	153.730000	46.140000	12.000000	133.561638	133.261638	133.961638	4.133781	-4.116628
-158.760193	18.564699	1315.330000	153.730000	46.140000	12.000000	134.528993	132.828993	136.328993	4.067804	-1.762394
