-155.996994	20.771000	1546.688000	152.890000	-4.300000	47.300000
-155.710999	20.046000	1547.683000	152.890000	-4.300000	47.300000
-156.658005	20.891001	1527.691000	152.890000	-4.300000	47.300000
-157.270004	21.108999	1518.701000	152.890000	-4.300000	47.300000
-159.664993	22.122999	1470.683000	152.890000	-4.300000	47.300000
-156.755997	21.136000	1531.699000	152.890000	-4.300000	47.300000
-158.903000	21.298401	1480.676000	152.890000	-4.300000	47.300000
-160.047501	19.823400	1438.680000	152.890000	-4.300000	47.300000
-161.095001	23.997200	1466.666000	152.890000	-4.300000	47.300000
-155.636200	22.299900	1568.667000	152.890000	-4.300000	47.300000
-152.981201	18.301800	1594.679000	152.890000	-4.300000	47.300000
-150.914993	18.914200	1649.683000	152.890000	-4.300000	47.300000
-151.637604	16.737801	1612.674000	152.890000	-4.300000	47.300000
-156.206604	16.162001	1496.686000	152.890000	-4.300000	47.300000
-157.700806	16.348400	1461.673000	152.890000	-4.300000	47.300000
-158.982498	15.574000	1422.689000	152.890000	-4.300000	47.300000
-158.179504	20.377800	1489.676000	152.890000	-4.300000	47.300000
