-155.996994	20.771000	1323.739000	153.660000	46.440000	12.000000	136.638836	136.038836	137.338836	3.965980	2.125846
-154.983002	19.601000	1365.755000	153.660000	46.440000	12.000000	137.352268	136.652268	138.052268	4.008727	2.348793
-159.664993	22.122999	1230.721000	153.660000	46.440000	12.000000	137.214376	136.814376	137.514376	3.995170	2.679542
-156.755997	21.136000	1302.753000	153.660000	46.440000	12.000000	136.758329	136.258329	137.258329	3.970938	2.301769
-160.047501	19.823400	1271.737000	153.660000	46.440000	12.000000	139.040437	138.940437	139.240437	4.021154	2.797865
-161.314896	21.956301	1205.725000	153.660000	46.440000	12.000000	138.530517	138.430517	138.730517	4.026228	3.384638
-158.933105	24.573799	1194.854000	153.660000	46.440000	12.000000	NaN	NaN	NaN	NaN	NaN
-158.185394	22.620199	1245.716000	153.660000	46.440000	12.000000	137.162145	136.362145	137.962145	3.973435	3.373782
-155.636200	22.299900	1298.385000	153.660000	46.440000	12.000000	136.235038	136.035038	136.535038	3.942976	2.804534
-154.251801	21.168699	1345.723000	153.660000	46.440000	12.000000	137.541846	137.341846	137.741846	4.013699	3.660959
-152.981201	18.301800	1426.734000	153.660000	46.440000	12.000000	140.001446	139.801446	140.101446	4.051383	4.696752
-150.914993	18.914200	1448.720000	153.660000	46.440000	12.000000	NaN	NaN	NaN	NaN	NaN
-151.686600	14.689100	1522.728000	153.660000	46.440000	12.000000	NaN	NaN	NaN	NaN	NaN
-156.387695	17.614901	1381.101000	153.660000	46.440000	12.000000	136.814248	135.414248	138.414248	4.083629	0.283245
-156.206604	16.162001	1411.733000	153.660000	46.440000	12.000000	NaN	NaN	NaN	NaN	NaN
-157.700806	16.348400	1380.174000	153.660000	46.440000	12.000000	133.937187	133.637187	134.237187	4.140186	-3.700344
-158.760193	18.564699	1319.733000	153.660000	46.440000	12.000000	138.321418	137.221418	139.421418	4.103286	1.668496
-158.179504	20.377800	1292.511000	153.660000	46.440000	12.000000	137.673806	137.473806	137.973806	3.962034	2.349852
