-155.772995	19.079000	1332.884000	156.870000	49.580000	35.600000	142.515914	141.015914	144.115914	4.004585	2.145707
-155.996994	20.771000	1290.885000	156.870000	49.580000	35.600000	141.760187	141.060187	142.460187	3.996266	2.311812
-155.710999	20.046000	1312.880000	156.870000	49.580000	35.600000	140.121272	138.721272	141.421272	4.045567	0.328380
-157.270004	21.108999	1262.899000	156.870000	49.580000	35.600000	143.105815	142.105815	144.105815	3.935610	3.460872
-158.903000	21.298401	1233.972000	156.870000	49.580000	35.600000	144.369634	143.569634	145.169634	3.968551	4.287061
-161.095001	23.997200	1137.877000	156.870000	49.580000	35.600000	NaN	NaN	NaN	NaN	NaN
-156.964600	24.312099	1199.897000	156.870000	49.580000	35.600000	NaN	NaN	NaN	NaN	NaN
-158.185394	22.620199	1214.870000	156.870000	49.580000	35.600000	141.124032	140.324032	141.824032	3.974162	2.160235
-152.981201	18.301800	1392.929000	156.870000	49.580000	35.600000	142.201350	140.601350	143.801350	4.054020	2.243862
-150.914993	18.914200	1414.271000	156.870000	49.580000	35.600000	NaN	NaN	NaN	NaN	NaN
-149.000900	16.989000	1485.024000	156.870000	49.580000	35.600000	NaN	NaN	NaN	NaN	NaN
-153.868195	17.315399	1401.950000	156.870000	49.580000	35.600000	143.152691	140.752691	145.452691	4.005718	2.422683
-156.387695	17.614901	1353.160000	156.870000	49.580000	35.600000	141.145866	140.645866	141.645866	3.967034	-0.236790
-157.700806	16.348400	1359.213000	156.870000	49.580000	35.600000	NaN	NaN	NaN	NaN	NaN
-158.982498	15.574000	1353.889000	156.870000	49.580000	35.600000	NaN	NaN	NaN	NaN	NaN
-151.686600	14.689100	1491.364000	156.870000	49.580000	35.600000	NaN	NaN	NaN	NaN	NaN
-161.367599	17.746901	1270.619000	156.870000	49.580000	35.600000	NaN	NaN	NaN	NaN	NaN
-158.179504	20.377800	1264.732000	156.870000	49.580000	35.600000	142.466398	141.966398	143.066398	3.952067	2.058437
