-159.664993	22.122999	1300.548000	149.520000	45.370000	104.800000	131.750133	130.950133	132.450133	4.053363	-0.354352
-156.755997	21.136000	1372.576000	149.520000	45.370000	104.800000	136.704498	136.504498	136.804498	3.975605	4.484818
-160.047501	19.823400	1336.513000	149.520000	45.370000	104.800000	132.449190	131.749190	133.149190	4.002645	-1.262062
-162.025604	19.986300	1294.543000	149.520000	45.370000	104.800000	132.131953	131.431953	132.831953	4.028791	-1.969176
-161.314896	21.956301	1273.387000	149.520000	45.370000	104.800000	130.934479	129.234479	132.634479	4.034275	-1.637295
-155.765305	26.776699	1289.063000	149.520000	45.370000	104.800000	NaN	NaN	NaN	NaN	NaN
-155.636200	22.299900	1369.073000	149.520000	45.370000	104.800000	NaN	NaN	NaN	NaN	NaN
-152.981201	18.301800	1496.605000	149.520000	45.370000	104.800000	NaN	NaN	NaN	NaN	NaN
-150.914993	18.914200	1519.542000	149.520000	45.370000	104.800000	NaN	NaN	NaN	NaN	NaN
-149.000900	16.989000	1591.550000	149.520000	45.370000	104.800000	NaN	NaN	NaN	NaN	NaN
-151.686600	14.689100	1591.554000	149.520000	45.370000	104.800000	NaN	NaN	NaN	NaN	NaN
-153.967499	14.731300	1545.548000	149.520000	45.370000	104.800000	130.800356	130.600356	130.900356	4.127797	-4.384182
-153.868195	17.315399	1502.615000	149.520000	45.370000	104.800000	130.980262	128.480262	133.480262	4.144164	-2.912644
-156.387695	17.614901	1447.558000	149.520000	45.370000	104.800000	129.690895	129.590895	129.790895	4.115949	-4.522470
-156.206604	16.162001	1476.544000	149.520000	45.370000	104.800000	131.132479	130.732479	131.532479	4.105442	-3.818576
-157.859100	14.659600	1472.553000	149.520000	45.370000	104.800000	133.450030	133.350030	133.550030	3.957255	-2.671927
-157.700806	16.348400	1443.556000	149.520000	45.370000	104.800000	131.537588	131.037588	132.137588	4.007252	-3.658421
-158.982498	15.574000	1432.554000	149.520000	45.370000	104.800000	132.932627	132.632627	133.232627	3.968363	-3.006345
-158.179504	20.377800	1362.524000	149.520000	45.370000	104.800000	136.518876	135.118876	137.918876	3.970632	3.564183
