-155.772995	19.079000	1340.016000	155.080000	46.940000	12.000000
-155.996994	20.771000	1299.997000	155.080000	46.940000	12.000000
-159.401001	21.971001	1216.003000	155.080000	46.940000	12.000000
-156.658005	20.891001	1287.021000	155.080000	46.940000	12.000000
-159.664993	22.122999	1208.988000	155.080000	46.940000	12.000000
-158.903000	21.298401	1238.990000	155.080000	46.940000	12.000000
-161.095001	23.997200	1144.987000	155.080000	46.940000	12.000000
-158.933105	24.573799	1170.984000	155.080000	46.940000	12.000000
-155.765305	26.776699	1188.977000	155.080000	46.940000	12.000000
-152.765793	25.592800	1267.989000	155.080000	46.940000	12.000000
-156.964600	24.312099	1211.985000	155.080000	46.940000	12.000000
-158.185394	22.620199	1222.981000	155.080000	46.940000	12.000000
-155.636200	22.299900	1274.973000	155.080000	46.940000	12.000000
-154.251801	21.168699	1321.990000	155.080000	46.940000	12.000000
-150.914993	18.914200	1424.988000	155.080000	46.940000	12.000000
-149.000900	16.989000	1496.992000	155.080000	46.940000	12.000000
-151.637604	16.737801	1457.971000	155.080000	46.940000	12.000000
-151.686600	14.689100	1499.971000	155.080000	46.940000	12.000000
-153.967499	14.731300	1458.999000	155.080000	46.940000	12.000000
-157.859100	14.659600	1390.976000	155.080000	46.940000	12.000000
-157.700806	16.348400	1360.972000	155.080000	46.940000	12.000000
-158.982498	15.574000	1352.001000	155.080000	46.940000	12.000000
-158.760193	18.564699	1297.983000	155.080000	46.940000	12.000000
-158.179504	20.377800	1269.991000	155.080000	46.940000	12.000000
