-155.772995	19.079000	1177.048000	-173.390000	-20.740000	12.000000
-155.996994	20.771000	1218.041000	-173.390000	-20.740000	12.000000
-155.710999	20.046000	1202.036000	-173.390000	-20.740000	12.000000
-156.658005	20.891001	1214.033000	-173.390000	-20.740000	12.000000
-157.270004	21.108999	1212.055000	-173.390000	-20.740000	12.000000
-159.664993	22.122999	1214.037000	-173.390000	-20.740000	12.000000
-156.755997	21.136000	1219.046000	-173.390000	-20.740000	12.000000
-162.025604	19.986300	1139.025000	-173.390000	-20.740000	12.000000
-154.251801	21.168699	1247.030000	-173.390000	-20.740000	12.000000
-152.981201	18.301800	1190.083000	-173.390000	-20.740000	12.000000
-150.914993	18.914200	1231.132000	-173.390000	-20.740000	12.000000
-149.000900	16.989000	1214.096000	-173.390000	-20.740000	12.000000
-151.637604	16.737801	1169.990000	-173.390000	-20.740000	12.000000
-151.686600	14.689100	1122.138000	-173.390000	-20.740000	12.000000
-153.868195	17.315399	1155.085000	-173.390000	-20.740000	12.000000
-156.387695	17.614901	1134.106000	-173.390000	-20.740000	12.000000
-156.206604	16.162001	1100.028000	-173.390000	-20.740000	12.000000
-157.859100	14.659600	1044.093000	-173.390000	-20.740000	12.000000
-157.700806	16.348400	1088.109000	-173.390000	-20.740000	12.000000
-158.982498	15.574000	1054.044000	-173.390000	-20.740000	12.000000
-158.760193	18.564699	1131.035000	-173.390000	-20.740000	12.000000
-152.765793	25.592800	1371.899000	-173.390000	-20.740000	12.000000
-155.636200	22.299900	1260.874000	-173.390000	-20.740000	12.000000
