-155.772995	19.079000	1353.025000	154.560000	47.220000	22.900000	137.885198	136.985198	138.785198	4.060960	1.156767
-155.996994	20.771000	1314.005000	154.560000	47.220000	22.900000	137.522977	136.922977	138.122977	3.970528	1.775886
-159.401001	21.971001	1228.982000	154.560000	47.220000	22.900000	138.815606	138.315606	139.215606	3.970763	2.928382
-156.658005	20.891001	1300.028000	154.560000	47.220000	22.900000	137.610742	137.010742	138.110742	3.974089	1.768786
-159.664993	22.122999	1220.999000	154.560000	47.220000	22.900000	138.815247	138.215247	139.415247	3.970670	2.955980
-158.903000	21.298401	1251.997000	154.560000	47.220000	22.900000	138.404457	138.104457	138.804457	3.984069	2.200148
-160.047501	19.823400	1263.988000	154.560000	47.220000	22.900000	141.210696	140.810696	141.610696	4.042286	3.654491
-161.314896	21.956301	1197.358000	154.560000	47.220000	22.900000	140.074190	139.974190	140.174190	3.992211	3.565937
-161.095001	23.997200	1157.984000	154.560000	47.220000	22.900000	138.460345	138.260345	138.560345	4.000645	3.565930
-158.185394	22.620199	1235.991000	154.560000	47.220000	22.900000	138.530805	138.030805	138.930805	3.939814	3.449343
-155.636200	22.299900	1287.992000	154.560000	47.220000	22.900000	137.132017	136.832017	137.432017	3.953322	2.468004
-154.251801	21.168699	1335.004000	154.560000	47.220000	22.900000	138.489107	138.389107	138.589107	4.041461	3.408682
-152.981201	18.301800	1416.050000	154.560000	47.220000	22.900000	139.780461	139.080461	140.380461	4.072133	3.311647
-151.686600	14.689100	1512.991000	154.560000	47.220000	22.900000	NaN	NaN	NaN	NaN	NaN
-153.967499	14.731300	1472.009000	154.560000	47.220000	22.900000	139.802308	139.702308	139.902308	3.995900	1.221979
-156.387695	17.614901	1372.474000	154.560000	47.220000	22.900000	137.658764	136.258764	139.058764	4.061204	-0.095724
-156.206604	16.162001	1402.989000	154.560000	47.220000	22.900000	137.350926	136.250926	138.350926	4.088425	-1.153452
-157.700806	16.348400	1373.997000	154.560000	47.220000	22.900000	137.889895	136.989895	138.789895	4.117181	-0.986190
-158.760193	18.564699	1310.987000	154.560000	47.220000	22.900000	138.737198	138.337198	139.237198	4.036921	0.808128
-158.179504	20.377800	1282.982000	154.560000	47.220000	22.900000	138.406240	138.006240	138.806240	3.962528	1.804303
-151.637604	16.737801	1470.732000	154.560000	47.220000	22.900000	138.556039	137.956039	139.056039	4.062017	1.575590
