-155.772995	19.079000	3037.608000	92.570000	6.310000	12.000000	101.133550	99.833550	102.433550	4.103968	-2.483159
-155.996994	20.771000	3025.598000	92.570000	6.310000	12.000000	100.360932	99.460932	101.260932	3.978156	-3.690755
-157.270004	21.108999	2990.613000	92.570000	6.310000	12.000000	101.014993	100.014993	102.014993	3.975953	-2.595038
-159.664993	22.122999	2922.609000	92.570000	6.310000	12.000000	102.420824	101.920824	102.920824	3.939005	-0.435249
-156.755997	21.136000	3003.611000	92.570000	6.310000	12.000000	103.269012	101.869012	104.669012	3.992833	-0.567618
-160.047501	19.823400	2924.592000	92.570000	6.310000	12.000000	100.413640	98.913640	101.813640	3.962894	-1.729151
-162.025604	19.986300	2874.582000	92.570000	6.310000	12.000000	NaN	NaN	NaN	NaN	NaN
-161.095001	23.997200	2875.580000	92.570000	6.310000	12.000000	NaN	NaN	NaN	NaN	NaN
-158.933105	24.573799	2924.597000	92.570000	6.310000	12.000000	104.104495	103.804495	104.304495	4.064011	0.329492
-156.964600	24.312099	2973.573000	92.570000	6.310000	12.000000	NaN	NaN	NaN	NaN	NaN
-152.981201	18.301800	3113.591000	92.570000	6.310000	12.000000	102.552393	102.452393	102.552393	4.019404	-1.919438
-150.914993	18.914200	3162.594000	92.570000	6.310000	12.000000	NaN	NaN	NaN	NaN	NaN
-151.686600	14.689100	3172.588000	92.570000	6.310000	12.000000	NaN	NaN	NaN	NaN	NaN
-153.967499	14.731300	3115.583000	92.570000	6.310000	12.000000	NaN	NaN	NaN	NaN	NaN
-153.868195	17.315399	3096.576000	92.570000	6.310000	12.000000	106.694128	104.694128	108.694128	4.034732	2.929794
-156.387695	17.614901	3031.581000	92.570000	6.310000	12.000000	100.772575	99.972575	101.572575	4.119850	-2.144454
-157.859100	14.659600	3018.595000	92.570000	6.310000	12.000000	NaN	NaN	NaN	NaN	NaN
-158.982498	15.574000	2983.588000	92.570000	6.310000	12.000000	NaN	NaN	NaN	NaN	NaN
-158.760193	18.564699	2966.597000	92.570000	6.310000	12.000000	102.919317	101.419317	104.319317	4.041828	0.609080
