-155.772995	19.079000	1606.694000	150.710000	-5.420000	15.000000	69.822265	69.222265	70.422265	4.032431	-0.722238
-155.996994	20.771000	1617.696000	150.710000	-5.420000	15.000000	69.468548	68.968548	69.968548	3.921988	0.027597
-155.710999	20.046000	1618.691000	150.710000	-5.420000	15.000000	68.875348	67.375348	70.475348	4.003695	-1.139461
-157.270004	21.108999	1588.709000	150.710000	-5.420000	15.000000	70.293499	69.793499	70.793499	3.983826	1.771469
-156.755997	21.136000	1601.709000	150.710000	-5.420000	15.000000	70.170122	69.670122	70.770122	3.963268	1.368635
-158.903000	21.298401	1550.770000	150.710000	-5.420000	15.000000	69.701764	69.501764	69.901764	3.982060	2.258534
-160.047501	19.823400	1508.608000	150.710000	-5.420000	15.000000	68.861800	68.561800	69.261800	4.021072	1.161294
-162.025604	19.986300	1462.697000	150.710000	-5.420000	15.000000	NaN	NaN	NaN	NaN	NaN
-154.251801	21.168699	1663.685000	150.710000	-5.420000	15.000000	68.588580	67.888580	69.288580	3.993321	-1.589296
-152.981201	18.301800	1665.737000	150.710000	-5.420000	15.000000	69.858266	69.658266	69.958266	4.137810	-2.520686
-150.914993	18.914200	1720.981000	150.710000	-5.420000	15.000000	NaN	NaN	NaN	NaN	NaN
-151.686600	14.689100	1669.046000	150.710000	-5.420000	15.000000	NaN	NaN	NaN	NaN	NaN
-153.868195	17.315399	1635.753000	150.710000	-5.420000	15.000000	70.851596	70.451596	71.251596	4.125479	-1.655151
-156.387695	17.614901	1576.899000	150.710000	-5.420000	15.000000	69.133475	68.433475	69.933475	4.115809	-1.974187
-156.206604	16.162001	1568.670000	150.710000	-5.420000	15.000000	70.844197	70.444197	71.144197	4.103911	-1.250021
-157.859100	14.659600	1514.814000	150.710000	-5.420000	15.000000	71.684837	71.384837	72.084837	4.081516	-0.611762
-157.700806	16.348400	1533.936000	150.710000	-5.420000	15.000000	70.087783	69.287783	70.887783	4.107834	-1.166385
-158.982498	15.574000	1494.678000	150.710000	-5.420000	15.000000	70.698994	69.998994	71.498994	4.080876	-0.439937
-158.179504	20.377800	1559.602000	150.710000	-5.420000	15.000000	69.732765	69.032765	70.332765	3.968685	1.293335
