-155.772995	19.079000	954.403000	-169.190000	52.210000	29.700000
-155.996994	20.771000	907.395000	-169.190000	52.210000	29.700000
-155.710999	20.046000	929.390000	-169.190000	52.210000	29.700000
-156.658005	20.891001	900.387000	-169.190000	52.210000	29.700000
-157.270004	21.108999	890.409000	-169.190000	52.210000	29.700000
-159.664993	22.122999	847.387000	-169.190000	52.210000	29.700000
-156.755997	21.136000	892.401000	-169.190000	52.210000	29.700000
-158.903000	21.298401	876.446000	-169.190000	52.210000	29.700000
-160.047501	19.823400	908.402000	-169.190000	52.210000	29.700000
-162.025604	19.986300	893.372000	-169.190000	52.210000	29.700000
-161.314896	21.956301	843.360000	-169.190000	52.210000	29.700000
-161.095001	23.997200	789.374000	-169.190000	52.210000	29.700000
-158.933105	24.573799	785.447000	-169.190000	52.210000	29.700000
-155.765305	26.776699	747.583000	-169.190000	52.210000	29.700000
-152.765793	25.592800	802.302000	-169.190000	52.210000	29.700000
-156.964600	24.312099	804.432000	-169.190000	52.210000	29.700000
-158.185394	22.620199	842.393000	-169.190000	52.210000	29.700000
-155.636200	22.299900	867.290000	-169.190000	52.210000	29.700000
-154.251801	21.168699	906.392000	-169.190000	52.210000	29.700000
-149.000900	16.989000	1057.444000	-169.190000	52.210000	29.700000
-151.637604	16.737801	1042.391000	-169.190000	52.210000	29.700000
-151.686600	14.689100	1095.463000	-169.190000	52.210000	29.700000
-153.967499	14.731300	1081.384000	-169.190000	52.210000	29.700000
-153.868195	17.315399	1012.438000	-169.190000	52.210000	29.700000
-156.206604	16.162001	1029.383000	-169.190000	52.210000	29.700000
-161.367599	17.746901	957.374000	-169.190000	52.210000	29.700000
