-155.996994	20.771000	968.894000	-179.120000	51.040000	28.000000	154.614154	153.514154	155.814154	3.993291	-0.069003
-155.710999	20.046000	991.888000	-179.120000	51.040000	28.000000	155.128124	153.628124	156.628124	4.072003	0.252645
-159.401001	21.971001	895.869000	-179.120000	51.040000	28.000000	152.800477	149.300477	156.400477	3.926861	-4.193594
-156.658005	20.891001	962.911000	-179.120000	51.040000	28.000000	152.399242	149.799242	154.899242	3.943145	-2.773141
-157.270004	21.108999	946.908000	-179.120000	51.040000	28.000000	153.852359	152.852359	154.752359	3.918562	-1.719983
-159.664993	22.122999	894.887000	-179.120000	51.040000	28.000000	155.207529	153.807529	156.707529	3.910676	-1.945700
-160.047501	19.823400	948.821000	-179.120000	51.040000	28.000000	157.561503	156.261503	158.761503	3.941056	-1.248333
-161.314896	21.956301	881.664000	-179.120000	51.040000	28.000000	158.668235	157.268235	160.168235	3.992313	-0.196111
-161.095001	23.997200	830.891000	-179.120000	51.040000	28.000000	155.843824	154.043824	157.543824	4.031272	-1.547387
-158.933105	24.573799	839.971000	-179.120000	51.040000	28.000000	152.837958	150.937958	154.837958	4.042067	-1.991958
-155.765305	26.776699	823.512000	-179.120000	51.040000	28.000000	NaN	NaN	NaN	NaN	NaN
-152.765793	25.592800	889.387000	-179.120000	51.040000	28.000000	NaN	NaN	NaN	NaN	NaN
-158.185394	22.620199	897.886000	-179.120000	51.040000	28.000000	153.717572	152.517572	154.817572	3.929710	-1.734733
-155.636200	22.299900	934.882000	-179.120000	51.040000	28.000000	153.606829	152.806829	154.306829	3.914056	0.195811
-154.251801	21.168699	978.894000	-179.120000	51.040000	28.000000	154.289807	153.389807	155.289807	4.064593	1.282978
-152.981201	18.301800	1062.937000	-179.120000	51.040000	28.000000	157.247333	156.347333	158.047333	4.072622	3.526426
-151.637604	16.737801	1115.889000	-179.120000	51.040000	28.000000	157.736820	157.536820	157.936820	4.073703	4.157964
-151.686600	14.689100	1167.203000	-179.120000	51.040000	28.000000	NaN	NaN	NaN	NaN	NaN
-153.868195	17.315399	1079.951000	-179.120000	51.040000	28.000000	154.636309	152.336309	156.736309	4.179960	-0.281586
-156.387695	17.614901	1044.075000	-179.120000	51.040000	28.000000	154.752930	154.152930	155.452930	4.027912	-2.000298
-156.206604	16.162001	1081.871000	-179.120000	51.040000	28.000000	153.904452	153.304452	154.604452	4.112447	-3.409888
-157.859100	14.659600	1100.002000	-179.120000	51.040000	28.000000	155.284185	155.284185	155.384185	4.071321	-4.034035
-157.700806	16.348400	1060.106000	-179.120000	51.040000	28.000000	154.502686	154.302686	154.702686	4.085513	-3.945431
-158.982498	15.574000	1064.880000	-179.120000	51.040000	28.000000	155.578855	155.478855	155.578855	4.085904	-4.289943
-158.760193	18.564699	993.879000	-179.120000	51.040000	28.000000	155.004061	154.304061	155.604061	4.077094	-3.286039
-158.179504	20.377800	954.822000	-179.120000	51.040000	28.000000	154.841377	153.941377	155.741377	3.895894	-1.963292
