-155.996994	20.771000	1610.544000	151.360000	-5.990000	38.000000
-159.401001	21.971001	1535.528000	151.360000	-5.990000	38.000000
-156.658005	20.891001	1595.553000	151.360000	-5.990000	38.000000
-157.270004	21.108999	1582.558000	151.360000	-5.990000	38.000000
-159.664993	22.122999	1534.564000	151.360000	-5.990000	38.000000
-156.755997	21.136000	1595.558000	151.360000	-5.990000	38.000000
-158.903000	21.298401	1545.526000	151.360000	-5.990000	38.000000
-160.047501	19.823400	1502.526000	151.360000	-5.990000	38.000000
-162.025604	19.986300	1456.536000	151.360000	-5.990000	38.000000
-155.765305	26.776699	1677.538000	151.360000	-5.990000	38.000000
-158.185394	22.620199	1574.545000	151.360000	-5.990000	38.000000
-155.636200	22.299900	1632.530000	151.360000	-5.990000	38.000000
-152.981201	18.301800	1656.538000	151.360000	-5.990000	38.000000
-150.914993	18.914200	1711.520000	151.360000	-5.990000	38.000000
-149.000900	16.989000	1741.535000	151.360000	-5.990000	38.000000
-153.868195	17.315399	1625.540000	151.360000	-5.990000	38.000000
-157.700806	16.348400	1523.518000	151.360000	-5.990000	38.000000
-158.179504	20.377800	1553.528000	151.360000	-5.990000	38.000000
