-155.772995	19.079000	954.403000	-169.190000	52.210000	29.700000	167.575265	166.675265	168.375265	4.037626	2.019041
-155.996994	20.771000	907.395000	-169.190000	52.210000	29.700000	166.673492	166.073492	167.173492	3.909587	1.526958
-155.710999	20.046000	929.390000	-169.190000	52.210000	29.700000	167.140757	166.140757	168.240757	3.945552	2.005262
-156.658005	20.891001	900.387000	-169.190000	52.210000	29.700000	167.018303	166.218303	167.818303	3.885455	1.229926
-157.270004	21.108999	890.409000	-169.190000	52.210000	29.700000	166.649765	165.949765	167.349765	3.937204	0.296156
-159.664993	22.122999	847.387000	-169.190000	52.210000	29.700000	167.068462	166.668462	167.368462	3.985667	-1.567029
-156.755997	21.136000	892.401000	-169.190000	52.210000	29.700000	166.671202	166.171202	167.171202	3.928156	0.873328
-158.903000	21.298401	876.446000	-169.190000	52.210000	29.700000	168.458694	167.558694	169.358694	3.869737	0.402806
-160.047501	19.823400	908.402000	-169.190000	52.210000	29.700000	167.541580	167.041580	168.041580	4.008188	-2.205690
-162.025604	19.986300	893.372000	-169.190000	52.210000	29.700000	169.871256	169.471256	170.171256	4.005781	-1.997376
-161.314896	21.956301	843.360000	-169.190000	52.210000	29.700000	168.755214	168.255214	169.355214	3.987388	-1.823746
-161.095001	23.997200	789.374000	-169.190000	52.210000	29.700000	168.953271	168.853271	169.053271	4.032103	-0.755992
-158.933105	24.573799	785.447000	-169.190000	52.210000	29.700000	166.504259	166.204259	166.804259	4.014409	-0.370249
-155.765305	26.776699	747.583000	-169.190000	52.210000	29.700000	NaN	NaN	NaN	NaN	NaN
-152.765793	25.592800	802.302000	-169.190000	52.210000	29.700000	NaN	NaN	NaN	NaN	NaN
-156.964600	24.312099	804.432000	-169.190000	52.210000	29.700000	164.760327	164.360327	165.260327	3.986353	0.081832
-158.185394	22.620199	842.393000	-169.190000	52.210000	29.700000	166.556667	166.156667	166.956667	3.938453	-0.228476
-155.636200	22.299900	867.290000	-169.190000	52.210000	29.700000	165.712498	165.412498	166.012498	3.925695	1.583128
-154.251801	21.168699	906.392000	-169.190000	52.210000	29.700000	166.003175	165.803175	166.203175	3.946092	2.804543
-149.000900	16.989000	1057.444000	-169.190000	52.210000	29.700000	NaN	NaN	NaN	NaN	NaN
-151.637604	16.737801	1042.391000	-169.190000	52.210000	29.700000	164.183639	163.583639	164.783639	4.074933	1.615900
-151.686600	14.689100	1095.463000	-169.190000	52.210000	29.700000	NaN	NaN	NaN	NaN	NaN
-153.967499	14.731300	1081.384000	-169.190000	52.210000	29.700000	167.714851	167.114851	168.314851	4.042261	2.400080
-153.868195	17.315399	1012.438000	-169.190000	52.210000	29.700000	166.172069	165.872069	166.572069	4.054318	1.807219
-156.206604	16.162001	1029.383000	-169.190000	52.210000	29.700000	167.833052	167.433052	168.133052	4.055670	0.906896
-161.367599	17.746901	957.374000	-169.190000	52.210000	29.700000	NaN	NaN	NaN	NaN	NaN
