-155.772995	19.079000	1505.055000	155.420000	-7.010000	45.600000
-155.996994	20.771000	1520.056000	155.420000	-7.010000	45.600000
-155.710999	20.046000	1519.051000	155.420000	-7.010000	45.600000
-156.658005	20.891001	1501.070000	155.420000	-7.010000	45.600000
-157.270004	21.108999	1493.070000	155.420000	-7.010000	45.600000
-156.755997	21.136000	1505.070000	155.420000	-7.010000	45.600000
-160.047501	19.823400	1412.912000	155.420000	-7.010000	45.600000
-149.000900	16.989000	1645.206000	155.420000	-7.010000	45.600000
-151.637604	16.737801	1578.036000	155.420000	-7.010000	45.600000
-153.868195	17.315399	1530.048000	155.420000	-7.010000	45.600000
-156.387695	17.614901	1473.031000	155.420000	-7.010000	45.600000
-156.206604	16.162001	1462.055000	155.420000	-7.010000	45.600000
-158.982498	15.574000	1389.055000	155.420000	-7.010000	45.600000
-161.367599	17.746901	1357.762000	155.420000	-7.010000	45.600000
-158.760193	18.564699	1428.043000	155.420000	-7.010000	45.600000
-158.179504	20.377800	1462.878000	155.420000	-7.010000	45.600000
