-155.772995	19.079000	1343.343000	154.680000	46.400000	12.000000	138.810349	137.610349	140.010349	4.009638	3.089266
-155.996994	20.771000	1304.324000	154.680000	46.400000	12.000000	137.608868	137.108868	138.108868	3.960217	2.900930
-159.401001	21.971001	1219.302000	154.680000	46.400000	12.000000	136.732683	136.532683	137.032683	3.976184	1.924656
-156.658005	20.891001	1290.346000	154.680000	46.400000	12.000000	137.686141	137.086141	138.286141	3.959832	2.888515
-159.664993	22.122999	1211.317000	154.680000	46.400000	12.000000	136.525320	136.225320	136.825320	3.974698	1.749921
-158.903000	21.298401	1242.443000	154.680000	46.400000	12.000000	138.944003	138.344003	139.544003	3.927591	3.802193
-161.095001	23.997200	1148.331000	154.680000	46.400000	12.000000	135.902870	135.902870	136.002870	3.988500	2.144015
-158.933105	24.573799	1175.462000	154.680000	46.400000	12.000000	134.971984	134.771984	135.171984	4.005954	2.270709
-156.964600	24.312099	1215.315000	154.680000	46.400000	12.000000	NaN	NaN	NaN	NaN	NaN
-155.636200	22.299900	1278.308000	154.680000	46.400000	12.000000	137.088439	136.688439	137.488439	4.000871	3.490425
-152.981201	18.301800	1407.320000	154.680000	46.400000	12.000000	139.351834	138.351834	140.251834	4.046653	3.868160
-150.914993	18.914200	1429.307000	154.680000	46.400000	12.000000	NaN	NaN	NaN	NaN	NaN
-151.686600	14.689100	1503.311000	154.680000	46.400000	12.000000	NaN	NaN	NaN	NaN	NaN
-153.967499	14.731300	1461.329000	154.680000	46.400000	12.000000	NaN	NaN	NaN	NaN	NaN
-153.868195	17.315399	1412.310000	154.680000	46.400000	12.000000	136.910949	135.410949	138.410949	4.114792	0.658757
-157.859100	14.659600	1391.577000	154.680000	46.400000	12.000000	NaN	NaN	NaN	NaN	NaN
-158.982498	15.574000	1352.330000	154.680000	46.400000	12.000000	NaN	NaN	NaN	NaN	NaN
-158.179504	20.377800	1273.302000	154.680000	46.400000	12.000000	137.975966	137.575966	138.375966	3.970266	2.414619
