-155.772995	19.079000	971.347000	-173.870000	51.490000	19.800000
-155.996994	20.771000	924.327000	-173.870000	51.490000	19.800000
-154.983002	19.601000	964.343000	-173.870000	51.490000	19.800000
-159.401001	21.971001	863.325000	-173.870000	51.490000	19.800000
-156.658005	20.891001	915.337000	-173.870000	51.490000	19.800000
-159.664993	22.122999	857.309000	-173.870000	51.490000	19.800000
-158.903000	21.298401	885.425000	-173.870000	51.490000	19.800000
-161.314896	21.956301	848.320000	-173.870000	51.490000	19.800000
-161.095001	23.997200	795.315000	-173.870000	51.490000	19.800000
-158.933105	24.573799	798.438000	-173.870000	51.490000	19.800000
-155.765305	26.776699	771.458000	-173.870000	51.490000	19.800000
-152.765793	25.592800	831.328000	-173.870000	51.490000	19.800000
-156.964600	24.312099	822.332000	-173.870000	51.490000	19.800000
-158.185394	22.620199	856.334000	-173.870000	51.490000	19.800000
-152.981201	18.301800	1014.372000	-173.870000	51.490000	19.800000
-150.914993	18.914200	1018.803000	-173.870000	51.490000	19.800000
-149.000900	16.989000	1086.493000	-173.870000	51.490000	19.800000
-151.637604	16.737801	1066.447000	-173.870000	51.490000	19.800000
-151.686600	14.689100	1118.326000	-173.870000	51.490000	19.800000
-153.967499	14.731300	1099.305000	-173.870000	51.490000	19.800000
-153.868195	17.315399	1033.399000	-173.870000	51.490000	19.800000
-156.206604	16.162001	1042.323000	-173.870000	51.490000	19.800000
-157.859100	14.659600	1065.515000	-173.870000	51.490000	19.800000
-157.700806	16.348400	1023.310000	-173.870000	51.490000	19.800000
-158.982498	15.574000	1032.321000	-173.870000	51.490000	19.800000
-161.367599	17.746901	959.319000	-173.870000	51.490000	19.800000
-158.760193	18.564699	957.328000	-173.870000	51.490000	19.800000
-158.179504	20.377800	915.319000	-173.870000	51.490000	19.800000
