-155.996994	20.771000	1326.810000	153.450000	46.290000	12.800000
-154.983002	19.601000	1368.834000	153.450000	46.290000	12.800000
-159.664993	22.122999	1233.796000	153.450000	46.290000	12.800000
-156.755997	21.136000	1305.825000	153.450000	46.290000	12.800000
-160.047501	19.823400	1274.804000	153.450000	46.290000	12.800000
-158.933105	24.573799	1197.802000	153.450000	46.290000	12.800000
-158.185394	22.620199	1248.786000	153.450000	46.290000	12.800000
-155.636200	22.299900	1301.807000	153.450000	46.290000	12.800000
-154.251801	21.168699	1348.793000	153.450000	46.290000	12.800000
-152.981201	18.301800	1429.804000	153.450000	46.290000	12.800000
-150.914993	18.914200	1451.798000	153.450000	46.290000	12.800000
-149.000900	16.989000	1523.787000	153.450000	46.290000	12.800000
-151.686600	14.689100	1525.807000	153.450000	46.290000	12.800000
-153.967499	14.731300	1482.787000	153.450000	46.290000	12.800000
-156.387695	17.614901	1384.802000	153.450000	46.290000	12.800000
-156.206604	16.162001	1413.803000	153.450000	46.290000	12.800000
-157.700806	16.348400	1382.802000	153.450000	46.290000	12.800000
-158.760193	18.564699	1321.790000	153.450000	46.290000	12.800000
