-155.996994	20.771000	1323.739000	153.660000	46.440000	12.000000
-154.983002	19.601000	1365.755000	153.660000	46.440000	12.000000
-159.664993	22.122999	1230.721000	153.660000	46.440000	12.000000
-156.755997	21.136000	1302.753000	153.660000	46.440000	12.000000
-160.047501	19.823400	1271.737000	153.660000	46.440000	12.000000
-161.314896	21.956301	1205.725000	153.660000	46.440000	12.000000
-158.933105	24.573799	1194.854000	153.660000	46.440000	12.000000
-158.185394	22.620199	1245.716000	153.660000	46.440000	12.000000
-155.636200	22.299900	1298.385000	153.660000	46.440000	12.000000
-154.251801	21.168699	1345.723000	153.660000	46.440000	12.000000
-152.981201	18.301800	1426.734000	153.660000	46.440000	12.000000
-150.914993	18.914200	1448.720000	153.660000	46.440000	12.000000
-151.686600	14.689100	1522.728000	153.660000	46.440000	12.000000
-156.387695	17.614901	1381.101000	153.660000	46.440000	12.000000
-156.206604	16.162001	1411.733000	153.660000	46.440000	12.000000
-157.700806	16.348400	1380.174000	153.660000	46.440000	12.000000
-158.760193	18.564699	1319.733000	153.660000	46.440000	12.000000
-158.179504	20.377800	1292.511000	153.660000	46.440000	12.000000
