-155.772995	19.079000	1600.191000	151.260000	-6.090000	31.500000	67.739298	67.339298	68.139298	4.003002	-1.809140
-155.996994	20.771000	1613.174000	151.260000	-6.090000	31.500000	67.390039	67.090039	67.690039	3.877795	-1.052276
-154.983002	19.601000	1626.167000	151.260000	-6.090000	31.500000	67.269632	66.269632	68.369632	3.955011	-2.398965
-156.658005	20.891001	1598.188000	151.260000	-6.090000	31.500000	67.188547	66.588547	67.688547	3.893844	-0.806237
-156.755997	21.136000	1598.187000	151.260000	-6.090000	31.500000	67.379588	66.879588	67.779588	3.915095	-0.415424
-158.903000	21.298401	1547.281000	151.260000	-6.090000	31.500000	69.171585	69.071585	69.271585	3.997245	2.758798
-160.047501	19.823400	1504.971000	151.260000	-6.090000	31.500000	68.599119	68.099119	69.099119	4.010204	1.945207
-149.000900	16.989000	1743.364000	151.260000	-6.090000	31.500000	NaN	NaN	NaN	NaN	NaN
-151.637604	16.737801	1676.099000	151.260000	-6.090000	31.500000	72.285473	71.785473	72.685473	4.128248	-0.596783
-151.686600	14.689100	1658.887000	151.260000	-6.090000	31.500000	NaN	NaN	NaN	NaN	NaN
-153.967499	14.731300	1602.149000	151.260000	-6.090000	31.500000	71.747321	71.547321	71.947321	4.136767	-1.244794
-153.868195	17.315399	1627.252000	151.260000	-6.090000	31.500000	68.797368	68.097368	69.497368	4.100262	-2.736480
-156.387695	17.614901	1569.577000	151.260000	-6.090000	31.500000	67.332031	66.532031	68.232031	4.084187	-2.773737
-156.206604	16.162001	1560.162000	151.260000	-6.090000	31.500000	69.240652	68.940652	69.540652	4.094620	-1.855953
-157.859100	14.659600	1505.393000	151.260000	-6.090000	31.500000	70.142286	69.842286	70.342286	4.066518	-1.138590
-157.700806	16.348400	1525.659000	151.260000	-6.090000	31.500000	68.654670	68.054670	69.254670	4.084117	-1.582906
-158.982498	15.574000	1486.158000	151.260000	-6.090000	31.500000	68.435865	68.235865	68.635865	4.057192	-1.670422
-161.367599	17.746901	1451.771000	151.260000	-6.090000	31.500000	NaN	NaN	NaN	NaN	NaN
-158.179504	20.377800	1555.909000	151.260000	-6.090000	31.500000	67.410632	66.610632	68.210632	3.976371	-0.005484
