-155.772995	19.079000	1363.011000	153.640000	46.380000	12.800000	136.464700	135.464700	137.364700	4.059413	1.037716
-155.996994	20.771000	1323.992000	153.640000	46.380000	12.800000	137.169080	136.969080	137.369080	3.968082	2.738860
-154.983002	19.601000	1365.970000	153.640000	46.380000	12.800000	137.685362	137.085362	138.285362	4.004523	2.762761
-159.401001	21.971001	1239.011000	153.640000	46.380000	12.800000	137.148523	136.848523	137.548523	3.975557	2.665344
-156.658005	20.891001	1310.002000	153.640000	46.380000	12.800000	136.537643	136.337643	136.837643	3.980083	2.027804
-159.664993	22.122999	1230.973000	153.640000	46.380000	12.800000	136.737778	136.337778	137.137778	3.979046	2.290373
-156.755997	21.136000	1303.006000	153.640000	46.380000	12.800000	136.587088	136.387088	136.787088	3.978430	2.214165
-158.903000	21.298401	1261.968000	153.640000	46.380000	12.800000	137.563734	137.163734	137.863734	3.985438	2.745678
-161.095001	23.997200	1167.984000	153.640000	46.380000	12.800000	136.504393	136.104393	136.804393	3.992102	3.076213
-158.185394	22.620199	1246.983000	153.640000	46.380000	12.800000	136.886818	136.686818	137.086818	3.967331	3.184945
-155.636200	22.299900	1298.981000	153.640000	46.380000	12.800000	136.363648	136.263648	136.463648	3.966577	3.017010
-152.981201	18.301800	1427.037000	153.640000	46.380000	12.800000	139.538575	139.138575	139.938575	4.023690	4.312118
-153.967499	14.731300	1480.968000	153.640000	46.380000	12.800000	NaN	NaN	NaN	NaN	NaN
-156.206604	16.162001	1411.985000	153.640000	46.380000	12.800000	135.270327	134.570327	135.970327	4.034818	-1.944744
-157.700806	16.348400	1380.984000	153.640000	46.380000	12.800000	133.471701	132.771701	134.271701	4.129974	-4.086297
-158.982498	15.574000	1370.981000	153.640000	46.380000	12.800000	134.143313	133.843313	134.343313	4.152589	-4.265210
-161.367599	17.746901	1286.976000	153.640000	46.380000	12.800000	NaN	NaN	NaN	NaN	NaN
-158.760193	18.564699	1319.996000	153.640000	46.380000	12.800000	136.851486	135.751486	138.051486	4.092428	0.281129
-158.179504	20.377800	1292.983000	153.640000	46.380000	12.800000	137.401852	137.301852	137.601852	3.979053	2.161929
-150.914993	18.914200	1449.508000	153.640000	46.380000	12.800000	NaN	NaN	NaN	NaN	NaN
