-155.996994	20.771000	1319.344000	153.730000	46.140000	12.000000
-159.401001	21.971001	1234.323000	153.730000	46.140000	12.000000
-156.658005	20.891001	1305.356000	153.730000	46.140000	12.000000
-160.047501	19.823400	1267.321000	153.730000	46.140000	12.000000
-161.095001	23.997200	1163.346000	153.730000	46.140000	12.000000
-158.933105	24.573799	1191.465000	153.730000	46.140000	12.000000
-158.185394	22.620199	1242.339000	153.730000	46.140000	12.000000
-155.636200	22.299900	1294.852000	153.730000	46.140000	12.000000
-154.251801	21.168699	1342.345000	153.730000	46.140000	12.000000
-152.981201	18.301800	1422.388000	153.730000	46.140000	12.000000
-150.914993	18.914200	1445.897000	153.730000	46.140000	12.000000
-149.000900	16.989000	1518.533000	153.730000	46.140000	12.000000
-156.387695	17.614901	1377.739000	153.730000	46.140000	12.000000
-157.859100	14.659600	1404.560000	153.730000	46.140000	12.000000
-157.700806	16.348400	1375.820000	153.730000	46.140000	12.000000
-158.982498	15.574000	1365.331000	153.730000	46.140000	12.000000
-161.367599	17.746901	1280.949000	153.730000	46.140000	12.000000
-158.760193	18.564699	1315.330000	153.730000	46.140000	12.000000
