-155.772995	19.079000	1672.461000	148.740000	-6.320000	47.400000
-155.996994	20.771000	1682.440000	148.740000	-6.320000	47.400000
-156.658005	20.891001	1667.453000	148.740000	-6.320000	47.400000
-159.664993	22.122999	1605.432000	148.740000	-6.320000	47.400000
-156.755997	21.136000	1667.454000	148.740000	-6.320000	47.400000
-158.903000	21.298401	1615.433000	148.740000	-6.320000	47.400000
-160.047501	19.823400	1574.429000	148.740000	-6.320000	47.400000
-161.314896	21.956301	1565.431000	148.740000	-6.320000	47.400000
-155.636200	22.299900	1703.438000	148.740000	-6.320000	47.400000
-154.251801	21.168699	1728.442000	148.740000	-6.320000	47.400000
-152.981201	18.301800	1730.434000	148.740000	-6.320000	47.400000
-150.914993	18.914200	1785.432000	148.740000	-6.320000	47.400000
-151.686600	14.689100	1731.433000	148.740000	-6.320000	47.400000
-153.967499	14.731300	1674.444000	148.740000	-6.320000	47.400000
-153.868195	17.315399	1700.425000	148.740000	-6.320000	47.400000
-156.206604	16.162001	1632.425000	148.740000	-6.320000	47.400000
-157.859100	14.659600	1578.437000	148.740000	-6.320000	47.400000
-157.700806	16.348400	1598.421000	148.740000	-6.320000	47.400000
-158.982498	15.574000	1558.416000	148.740000	-6.320000	47.400000
-158.760193	18.564699	1593.417000	148.740000	-6.320000	47.400000
-158.179504	20.377800	1625.426000	148.740000	-6.320000	47.400000
