-159.401001	21.971001	2314.494000	-122.410000	-56.180000	12.000000	344.183018	343.583018	344.783018	3.968185	3.854588
-159.664993	22.122999	2320.525000	-122.410000	-56.180000	12.000000	344.103116	343.603116	344.603116	3.967672	3.891667
-156.755997	21.136000	2274.517000	-122.410000	-56.180000	12.000000	344.649095	343.849095	345.449095	3.969724	3.110606
-158.903000	21.298401	2292.484000	-122.410000	-56.180000	12.000000	343.695176	343.095176	344.395176	3.995804	3.160162
-161.314896	21.956301	2329.500000	-122.410000	-56.180000	12.000000	342.703412	342.403412	343.003412	3.825253	3.252575
-158.933105	24.573799	2381.499000	-122.410000	-56.180000	12.000000	343.862300	343.362300	344.362300	3.973843	3.244831
-155.765305	26.776699	2415.495000	-122.410000	-56.180000	12.000000	NaN	NaN	NaN	NaN	NaN
-152.765793	25.592800	2364.501000	-122.410000	-56.180000	12.000000	NaN	NaN	NaN	NaN	NaN
-156.964600	24.312099	2360.503000	-122.410000	-56.180000	12.000000	342.676471	341.776471	343.676471	4.035385	1.133829
-158.185394	22.620199	2324.482000	-122.410000	-56.180000	12.000000	344.165772	343.465772	344.765772	3.969128	3.248665
-155.636200	22.299900	2296.489000	-122.410000	-56.180000	12.000000	344.310705	343.710705	344.910705	3.935258	2.191284
-154.251801	21.168699	2255.507000	-122.410000	-56.180000	12.000000	342.202668	341.502668	342.802668	4.077097	-0.543831
-152.981201	18.301800	2171.498000	-122.410000	-56.180000	12.000000	NaN	NaN	NaN	NaN	NaN
-150.914993	18.914200	2175.498000	-122.410000	-56.180000	12.000000	NaN	NaN	NaN	NaN	NaN
-151.686600	14.689100	2067.491000	-122.410000	-56.180000	12.000000	NaN	NaN	NaN	NaN	NaN
-153.967499	14.731300	2083.479000	-122.410000	-56.180000	12.000000	NaN	NaN	NaN	NaN	NaN
-156.387695	17.614901	2176.493000	-122.410000	-56.180000	12.000000	342.553586	342.353586	342.753586	4.126106	1.019267
-156.206604	16.162001	2137.495000	-122.410000	-56.180000	12.000000	342.351520	342.051520	342.651520	4.112062	0.825236
-157.700806	16.348400	2154.497000	-122.410000	-56.180000	12.000000	341.524999	341.224999	341.724999	4.134603	0.692326
-158.760193	18.564699	2219.480000	-122.410000	-56.180000	12.000000	343.901924	343.101924	344.701924	4.044820	3.427563
