-155.996994	20.771000	968.894000	-179.120000	51.040000	28.000000
-155.710999	20.046000	991.888000	-179.120000	51.040000	28.000000
-159.401001	21.971001	895.869000	-179.120000	51.040000	28.000000
-156.658005	20.891001	962.911000	-179.120000	51.040000	28.000000
-157.270004	21.108999	946.908000	-179.120000	51.040000	28.000000
-159.664993	22.122999	894.887000	-179.120000	51.040000	28.000000
-160.047501	19.823400	948.821000	-179.120000	51.040000	28.000000
-161.314896	21.956301	881.664000	-179.120000	51.040000	28.000000
-161.095001	23.997200	830.891000	-179.120000	51.040000	28.000000
-158.933105	24.573799	839.971000	-179.120000	51.040000	28.000000
-155.765305	26.776699	823.512000	-179.120000	51.040000	28.000000
-152.765793	25.592800	889.387000	-179.120000	51.040000	28.000000
-158.185394	22.620199	897.886000	-179.120000	51.040000	28.000000
-155.636200	22.299900	934.882000	-179.120000	51.040000	28.000000
-154.251801	21.168699	978.894000	-179.120000	51.040000	28.000000
-152.981201	18.301800	1062.937000	-179.120000	51.040000	28.000000
-151.637604	16.737801	1115.889000	-179.120000	51.040000	28.000000
-151.686600	14.689100	1167.203000	-179.120000	51.040000	28.000000
-153.868195	17.315399	1079.951000	-179.120000	51.040000	28.000000
-156.387695	17.614901	1044.075000	-179.120000	51.040000	28.000000
-156.206604	16.162001	1081.871000	-179.120000	51.040000	28.000000
-157.859100	14.659600	1100.002000	-179.120000	51.040000	28.000000
-157.700806	16.348400	1060.106000	-179.120000	51.040000	28.000000
-158.982498	15.574000	1064.880000	-179.120000	51.040000	28.000000
-158.760193	18.564699	993.879000	-179.120000	51.040000	28.000000
-158.179504	20.377800	954.822000	-179.120000	51.040000	28.000000
