-155.996994	20.771000	1546.688000	152.890000	-4.300000	47.300000	72.349035	70.549035	74.149035	4.037142	2.972384
-155.710999	20.046000	1547.683000	152.890000	-4.300000	47.300000	71.781059	69.481059	74.281059	4.206591	1.783896
-156.658005	20.891001	1527.691000	152.890000	-4.300000	47.300000	68.447371	64.647371	72.547371	3.953298	-0.468268
-157.270004	21.108999	1518.701000	152.890000	-4.300000	47.300000	70.447356	69.047356	71.747356	4.032373	2.035964
-159.664993	22.122999	1470.683000	152.890000	-4.300000	47.300000	66.335964	64.235964	68.535964	4.125161	0.100397
-156.755997	21.136000	1531.699000	152.890000	-4.300000	47.300000	70.730060	69.030060	72.530060	4.031302	2.029331
-158.903000	21.298401	1480.676000	152.890000	-4.300000	47.300000	68.825326	67.625326	70.125326	4.037702	1.541625
-160.047501	19.823400	1438.680000	152.890000	-4.300000	47.300000	69.917229	69.817229	69.917229	4.007817	2.317029
-161.095001	23.997200	1466.666000	152.890000	-4.300000	47.300000	NaN	NaN	NaN	NaN	NaN
-155.636200	22.299900	1568.667000	152.890000	-4.300000	47.300000	70.680721	69.680721	71.580721	4.026596	2.038171
-152.981201	18.301800	1594.679000	152.890000	-4.300000	47.300000	69.439097	69.339097	69.539097	4.137543	-3.067556
-150.914993	18.914200	1649.683000	152.890000	-4.300000	47.300000	NaN	NaN	NaN	NaN	NaN
-151.637604	16.737801	1612.674000	152.890000	-4.300000	47.300000	NaN	NaN	NaN	NaN	NaN
-156.206604	16.162001	1496.686000	152.890000	-4.300000	47.300000	NaN	NaN	NaN	NaN	NaN
-157.700806	16.348400	1461.673000	152.890000	-4.300000	47.300000	NaN	NaN	NaN	NaN	NaN
-158.982498	15.574000	1422.689000	152.890000	-4.300000	47.300000	NaN	NaN	NaN	NaN	NaN
-158.179504	20.377800	1489.676000	152.890000	-4.300000	47.300000	70.897304	69.897304	71.997304	4.039205	2.546836
