-155.772995	19.079000	1339.522000	155.140000	47.110000	31.300000	137.323746	136.523746	138.123746	4.015946	0.575165
-155.996994	20.771000	1299.502000	155.140000	47.110000	31.300000	137.753226	137.253226	138.153226	3.958543	1.998847
-156.658005	20.891001	1285.525000	155.140000	47.110000	31.300000	138.144346	137.944346	138.344346	3.933356	2.290179
-160.047501	19.823400	1250.485000	155.140000	47.110000	31.300000	137.774191	136.074191	139.474191	4.052474	0.163459
-161.314896	21.956301	1184.479000	155.140000	47.110000	31.300000	140.534623	140.234623	140.934623	4.012701	3.978127
-161.095001	23.997200	1144.480000	155.140000	47.110000	31.300000	138.103964	137.103964	139.103964	4.012270	3.184995
-158.933105	24.573799	1170.639000	155.140000	47.110000	31.300000	135.537301	135.537301	135.537301	4.039059	1.705704
-155.765305	26.776699	1187.480000	155.140000	47.110000	31.300000	NaN	NaN	NaN	NaN	NaN
-152.765793	25.592800	1265.495000	155.140000	47.110000	31.300000	NaN	NaN	NaN	NaN	NaN
-156.964600	24.312099	1210.492000	155.140000	47.110000	31.300000	133.911632	133.211632	134.711632	4.061162	0.373762
-158.185394	22.620199	1222.486000	155.140000	47.110000	31.300000	137.863056	137.363056	138.463056	4.003101	2.771904
-155.636200	22.299900	1273.489000	155.140000	47.110000	31.300000	137.450288	137.150288	137.850288	3.999758	2.796591
-150.914993	18.914200	1423.482000	155.140000	47.110000	31.300000	NaN	NaN	NaN	NaN	NaN
-149.000900	16.989000	1495.494000	155.140000	47.110000	31.300000	NaN	NaN	NaN	NaN	NaN
-153.967499	14.731300	1458.507000	155.140000	47.110000	31.300000	NaN	NaN	NaN	NaN	NaN
-153.868195	17.315399	1408.486000	155.140000	47.110000	31.300000	136.966118	136.766118	137.066118	4.092662	-0.275940
-156.387695	17.614901	1358.496000	155.140000	47.110000	31.300000	138.608438	137.908438	139.408438	4.050183	0.816358
-156.206604	16.162001	1390.486000	155.140000	47.110000	31.300000	137.505964	137.105964	137.905964	4.075091	-1.045292
-157.859100	14.659600	1391.478000	155.140000	47.110000	31.300000	138.138199	137.738199	138.438199	4.051947	-1.772916
-157.700806	16.348400	1360.494000	155.140000	47.110000	31.300000	137.053613	136.553613	137.453613	4.123670	-1.881759
-158.982498	15.574000	1352.509000	155.140000	47.110000	31.300000	136.951561	136.551561	137.351561	4.132081	-2.868335
-161.367599	17.746901	1268.478000	155.140000	47.110000	31.300000	137.603070	137.203070	137.903070	4.142200	-1.837106
-158.760193	18.564699	1298.484000	155.140000	47.110000	31.300000	138.297937	137.197937	139.297937	4.074580	0.316687
-158.179504	20.377800	1269.479000	155.140000	47.110000	31.300000	139.152979	138.852979	139.352979	3.950040	2.520058
