-155.772995	19.079000	1352.936000	154.330000	46.710000	13.500000
-158.903000	21.298401	1251.909000	154.330000	46.710000	13.500000
-160.047501	19.823400	1263.900000	154.330000	46.710000	13.500000
-161.095001	23.997200	1157.895000	154.330000	46.710000	13.500000
-158.933105	24.573799	1184.903000	154.330000	46.710000	13.500000
-155.765305	26.776699	1202.893000	154.330000	46.710000	13.500000
-152.765793	25.592800	1280.912000	154.330000	46.710000	13.500000
-156.964600	24.312099	1224.905000	154.330000	46.710000	13.500000
-155.636200	22.299900	1288.905000	154.330000	46.710000	13.500000
-154.251801	21.168699	1335.916000	154.330000	46.710000	13.500000
-152.981201	18.301800	1416.912000	154.330000	46.710000	13.500000
-150.914993	18.914200	1438.896000	154.330000	46.710000	13.500000
-149.000900	16.989000	1509.909000	154.330000	46.710000	13.500000
-151.637604	16.737801	1471.894000	154.330000	46.710000	13.500000
-153.967499	14.731300	1471.920000	154.330000	46.710000	13.500000
-153.868195	17.315399	1421.900000	154.330000	46.710000	13.500000
-158.179504	20.377800	1283.895000	154.330000	46.710000	13.500000
