-155.772995	19.079000	1591.357000	151.600000	-6.060000	53.400000
-155.996994	20.771000	1604.359000	151.600000	-6.060000	53.400000
-157.270004	21.108999	1576.374000	151.600000	-6.060000	53.400000
-159.664993	22.122999	1529.355000	151.600000	-6.060000	53.400000
-161.095001	23.997200	1526.356000	151.600000	-6.060000	53.400000
-155.636200	22.299900	1626.336000	151.600000	-6.060000	53.400000
-154.251801	21.168699	1650.357000	151.600000	-6.060000	53.400000
-152.981201	18.301800	1650.353000	151.600000	-6.060000	53.400000
-150.914993	18.914200	1705.347000	151.600000	-6.060000	53.400000
-149.000900	16.989000	1734.342000	151.600000	-6.060000	53.400000
-153.967499	14.731300	1594.339000	151.600000	-6.060000	53.400000
-156.206604	16.162001	1551.361000	151.600000	-6.060000	53.400000
-157.700806	16.348400	1517.342000	151.600000	-6.060000	53.400000
-158.760193	18.564699	1514.359000	151.600000	-6.060000	53.400000
-158.179504	20.377800	1547.344000	151.600000	-6.060000	53.400000
-158.982498	15.574000	1477.333000	151.600000	-6.060000	53.400000
