-155.772995	19.079000	1672.461000	148.740000	-6.320000	47.400000	69.461790	68.561790	70.361790	4.058195	-1.156816
-155.996994	20.771000	1682.440000	148.740000	-6.320000	47.400000	71.850220	71.150220	72.650220	4.025683	2.251113
-156.658005	20.891001	1667.453000	148.740000	-6.320000	47.400000	71.070753	70.370753	71.670753	4.002078	1.894394
-159.664993	22.122999	1605.432000	148.740000	-6.320000	47.400000	69.615134	69.215134	70.015134	4.029900	2.857129
-156.755997	21.136000	1667.454000	148.740000	-6.320000	47.400000	70.469064	69.869064	71.169064	3.998581	1.478257
-158.903000	21.298401	1615.433000	148.740000	-6.320000	47.400000	70.033185	69.533185	70.633185	4.023133	2.350140
-160.047501	19.823400	1574.429000	148.740000	-6.320000	47.400000	69.871647	69.471647	70.271647	4.055592	1.979033
-161.314896	21.956301	1565.431000	148.740000	-6.320000	47.400000	67.765568	67.765568	67.765568	4.115507	1.924248
-155.636200	22.299900	1703.438000	148.740000	-6.320000	47.400000	73.151377	72.851377	73.351377	4.043107	4.145269
-154.251801	21.168699	1728.442000	148.740000	-6.320000	47.400000	68.460560	67.260560	69.760560	4.096759	-1.863631
-152.981201	18.301800	1730.434000	148.740000	-6.320000	47.400000	69.657249	69.557249	69.857249	4.168476	-2.716487
-150.914993	18.914200	1785.432000	148.740000	-6.320000	47.400000	NaN	NaN	NaN	NaN	NaN
-151.686600	14.689100	1731.433000	148.740000	-6.320000	47.400000	NaN	NaN	NaN	NaN	NaN
-153.967499	14.731300	1674.444000	148.740000	-6.320000	47.400000	71.129786	70.929786	71.229786	4.075651	-2.666621
-153.868195	17.315399	1700.425000	148.740000	-6.320000	47.400000	69.533632	69.233632	69.933632	4.128833	-2.933824
-156.206604	16.162001	1632.425000	148.740000	-6.320000	47.400000	69.112726	68.712726	69.512726	4.090942	-2.919475
-157.859100	14.659600	1578.437000	148.740000	-6.320000	47.400000	71.022095	70.222095	71.722095	4.073822	-1.159988
-157.700806	16.348400	1598.421000	148.740000	-6.320000	47.400000	69.973225	69.073225	70.873225	4.074362	-1.251753
-158.982498	15.574000	1558.416000	148.740000	-6.320000	47.400000	69.772923	69.172923	70.372923	4.074604	-1.317886
-158.760193	18.564699	1593.417000	148.740000	-6.320000	47.400000	69.495785	68.995785	69.995785	3.968358	0.134133
-158.179504	20.377800	1625.426000	148.740000	-6.320000	47.400000	70.631366	70.031366	71.231366	4.014218	2.011286
