-155.772995	19.079000	927.380000	-168.190000	51.450000	12.000000
-155.996994	20.771000	879.403000	-168.190000	51.450000	12.000000
-155.710999	20.046000	901.398000	-168.190000	51.450000	12.000000
-159.401001	21.971001	826.404000	-168.190000	51.450000	12.000000
-156.658005	20.891001	872.410000	-168.190000	51.450000	12.000000
-156.755997	21.136000	864.416000	-168.190000	51.450000	12.000000
-154.617798	20.088900	905.390000	-168.190000	51.450000	12.000000
-154.482803	21.001900	886.382000	-168.190000	51.450000	12.000000
-153.902405	19.979099	912.391000	-168.190000	51.450000	12.000000
-153.992294	18.797600	943.379000	-168.190000	51.450000	12.000000
-152.132401	18.481400	965.389000	-168.190000	51.450000	12.000000
-153.290604	17.906200	971.400000	-168.190000	51.450000	12.000000
-154.691299	17.180099	985.381000	-168.190000	51.450000	12.000000
-154.030502	17.988400	965.388000	-168.190000	51.450000	12.000000
-154.495895	18.401699	952.373000	-168.190000	51.450000	12.000000
-154.797394	18.803101	939.387000	-168.190000	51.450000	12.000000
-155.714996	18.000299	956.385000	-168.190000	51.450000	12.000000
-156.808197	18.404200	938.380000	-168.190000	51.450000	12.000000
-157.227295	18.984800	921.403000	-168.190000	51.450000	12.000000
-156.510101	19.477699	911.385000	-168.190000	51.450000	12.000000
