-155.772995	19.079000	1600.191000	151.260000	-6.090000	31.500000
-155.996994	20.771000	1613.174000	151.260000	-6.090000	31.500000
-154.983002	19.601000	1626.167000	151.260000	-6.090000	31.500000
-156.658005	20.891001	1598.188000	151.260000	-6.090000	31.500000
-156.755997	21.136000	1598.187000	151.260000	-6.090000	31.500000
-158.903000	21.298401	1547.281000	151.260000	-6.090000	31.500000
-160.047501	19.823400	1504.971000	151.260000	-6.090000	31.500000
-149.000900	16.989000	1743.364000	151.260000	-6.090000	31.500000
-151.637604	16.737801	1676.099000	151.260000	-6.090000	31.500000
-151.686600	14.689100	1658.887000	151.260000	-6.090000	31.500000
-153.967499	14.731300	1602.149000	151.260000	-6.090000	31.500000
-153.868195	17.315399	1627.252000	151.260000	-6.090000	31.500000
-156.387695	17.614901	1569.577000	151.260000	-6.090000	31.500000
-156.206604	16.162001	1560.162000	151.260000	-6.090000	31.500000
-157.859100	14.659600	1505.393000	151.260000	-6.090000	31.500000
-157.700806	16.348400	1525.659000	151.260000	-6.090000	31.500000
-158.982498	15.574000	1486.158000	151.260000	-6.090000	31.500000
-161.367599	17.746901	1451.771000	151.260000	-6.090000	31.500000
-158.179504	20.377800	1555.909000	151.260000	-6.090000	31.500000
