-155.772995	19.079000	971.347000	-173.870000	51.490000	19.800000	159.551922	158.451922	160.551922	4.046208	-0.944163
-155.996994	20.771000	924.327000	-173.870000	51.490000	19.800000	159.490299	159.290299	159.690299	3.963335	-0.384559
-154.983002	19.601000	964.343000	-173.870000	51.490000	19.800000	158.830185	157.530185	160.130185	4.053286	-0.685269
-159.401001	21.971001	863.325000	-173.870000	51.490000	19.800000	161.642009	161.342009	161.842009	3.968987	-1.078090
-156.658005	20.891001	915.337000	-173.870000	51.490000	19.800000	159.067481	158.867481	159.267481	4.015247	-1.386467
-159.664993	22.122999	857.309000	-173.870000	51.490000	19.800000	162.003786	161.703786	162.303786	3.966072	-0.925751
-158.903000	21.298401	885.425000	-173.870000	51.490000	19.800000	161.087153	160.687153	161.587153	4.029402	-1.430657
-161.314896	21.956301	848.320000	-173.870000	51.490000	19.800000	163.226576	163.126576	163.326576	3.951239	-1.583125
-161.095001	23.997200	795.315000	-173.870000	51.490000	19.800000	162.032651	161.932651	162.132651	3.952320	-1.570786
-158.933105	24.573799	798.438000	-173.870000	51.490000	19.800000	159.827261	159.227261	160.427261	3.941047	-0.994866
-155.765305	26.776699	771.458000	-173.870000	51.490000	19.800000	NaN	NaN	NaN	NaN	NaN
-152.765793	25.592800	831.328000	-173.870000	51.490000	19.800000	NaN	NaN	NaN	NaN	NaN
-156.964600	24.312099	822.332000	-173.870000	51.490000	19.800000	158.911612	158.411612	159.411612	4.018578	0.069101
-158.185394	22.620199	856.334000	-173.870000	51.490000	19.800000	160.106403	159.906403	160.306403	3.965295	-0.997028
-152.981201	18.301800	1014.372000	-173.870000	51.490000	19.800000	160.223842	159.523842	160.923842	4.071553	1.840916
-150.914993	18.914200	1018.803000	-173.870000	51.490000	19.800000	157.040705	156.940705	157.040705	4.090632	0.695233
-149.000900	16.989000	1086.493000	-173.870000	51.490000	19.800000	NaN	NaN	NaN	NaN	NaN
-151.637604	16.737801	1066.447000	-173.870000	51.490000	19.800000	159.735608	159.235608	160.235608	4.087551	1.726784
-151.686600	14.689100	1118.326000	-173.870000	51.490000	19.800000	NaN	NaN	NaN	NaN	NaN
-153.967499	14.731300	1099.305000	-173.870000	51.490000	19.800000	162.643605	161.843605	163.543605	4.056955	1.866131
-153.868195	17.315399	1033.399000	-173.870000	51.490000	19.800000	160.505429	159.605429	161.505429	4.078672	0.898289
-156.206604	16.162001	1042.323000	-173.870000	51.490000	19.800000	159.669428	158.969428	160.269428	4.063180	-2.473472
-157.859100	14.659600	1065.515000	-173.870000	51.490000	19.800000	160.616896	160.416896	160.716896	4.057883	-3.549641
-157.700806	16.348400	1023.310000	-173.870000	51.490000	19.800000	159.918380	159.518380	160.218380	4.075943	-3.505896
-158.982498	15.574000	1032.321000	-173.870000	51.490000	19.800000	161.806163	161.206163	162.306163	4.120819	-3.077490
-161.367599	17.746901	959.319000	-173.870000	51.490000	19.800000	NaN	NaN	NaN	NaN	NaN
-158.760193	18.564699	957.328000	-173.870000	51.490000	19.800000	161.592793	161.292793	161.892793	4.078612	-1.977143
-158.179504	20.377800	915.319000	-173.870000	51.490000	19.800000	160.914373	160.614373	161.114373	4.012745	-1.295979
