-155.772995	19.079000	1353.025000	154.560000	47.220000	22.900000
-155.996994	20.771000	1314.005000	154.560000	47.220000	22.900000
-159.401001	21.971001	1228.982000	154.560000	47.220000	22.900000
-156.658005	20.891001	1300.028000	154.560000	47.220000	22.900000
-159.664993	22.122999	1220.999000	154.560000	47.220000	22.900000
-158.903000	21.298401	1251.997000	154.560000	47.220000	22.900000
-160.047501	19.823400	1263.988000	154.560000	47.220000	22.900000
-161.314896	21.956301	1197.358000	154.560000	47.220000	22.900000
-161.095001	23.997200	1157.984000	154.560000	47.220000	22.900000
-158.185394	22.620199	1235.991000	154.560000	47.220000	22.900000
-155.636200	22.299900	1287.992000	154.560000	47.220000	22.900000
-154.251801	21.168699	1335.004000	154.560000	47.220000	22.900000
-152.981201	18.301800	1416.050000	154.560000	47.220000	22.900000
-151.686600	14.689100	1512.991000	154.560000	47.220000	22.900000
-153.967499	14.731300	1472.009000	154.560000	47.220000	22.900000
-156.387695	17.614901	1372.474000	154.560000	47.220000	22.900000
-156.206604	16.162001	1402.989000	154.560000	47.220000	22.900000
-157.700806	16.348400	1373.997000	154.560000	47.220000	22.900000
-158.760193	18.564699	1310.987000	154.560000	47.220000	22.900000
-158.179504	20.377800	1282.982000	154.560000	47.220000	22.900000
-151.637604	16.737801	1470.732000	154.560000	47.220000	22.900000
