-155.772995	19.079000	1521.580000	-104.850000	-4.540000	17.100000
-155.996994	20.771000	1544.560000	-104.850000	-4.540000	17.100000
-159.401001	21.971001	1639.570000	-104.850000	-4.540000	17.100000
-156.658005	20.891001	1562.536000	-104.850000	-4.540000	17.100000
-159.664993	22.122999	1647.553000	-104.850000	-4.540000	17.100000
-160.047501	19.823400	1631.539000	-104.850000	-4.540000	17.100000
-161.314896	21.956301	1684.549000	-104.850000	-4.540000	17.100000
-161.095001	23.997200	1694.551000	-104.850000	-4.540000	17.100000
-158.933105	24.573799	1650.549000	-104.850000	-4.540000	17.100000
-156.964600	24.312099	1603.549000	-104.850000	-4.540000	17.100000
-158.185394	22.620199	1613.545000	-104.850000	-4.540000	17.100000
-155.636200	22.299900	1550.536000	-104.850000	-4.540000	17.100000
-154.251801	21.168699	1505.555000	-104.850000	-4.540000	17.100000
-152.981201	18.301800	1447.554000	-104.850000	-4.540000	17.100000
-150.914993	18.914200	1403.554000	-104.850000	-4.540000	17.100000
-149.000900	16.989000	1338.556000	-104.850000	-4.540000	17.100000
-151.637604	16.737801	1398.559000	-104.850000	-4.540000	17.100000
-151.686600	14.689100	1380.536000	-104.850000	-4.540000	17.100000
-153.967499	14.731300	1437.563000	-104.850000	-4.540000	17.100000
-153.868195	17.315399	1456.546000	-104.850000	-4.540000	17.100000
-156.387695	17.614901	1521.537000	-104.850000	-4.540000	17.100000
-156.206604	16.162001	1504.544000	-104.850000	-4.540000	17.100000
-157.859100	14.659600	1534.541000	-104.850000	-4.540000	17.100000
-157.700806	16.348400	1542.538000	-104.850000	-4.540000	17.100000
-158.982498	15.574000	1567.565000	-104.850000	-4.540000	17.100000
-161.367599	17.746901	1643.550000	-104.850000	-4.540000	17.100000
-158.760193	18.564699	1587.546000	-104.850000	-4.540000	17.100000
-158.179504	20.377800	1593.556000	-104.850000	-4.540000	17.100000
