-159.401001	21.971001	2314.494000	-122.410000	-56.180000	12.000000
-159.664993	22.122999	2320.525000	-122.410000	-56.180000	12.000000
-156.755997	21.136000	2274.517000	-122.410000	-56.180000	12.000000
-158.903000	21.298401	2292.484000	-122.410000	-56.180000	12.000000
-161.314896	21.956301	2329.500000	-122.410000	-56.180000	12.000000
-158.933105	24.573799	2381.499000	-122.410000	-56.180000	12.000000
-155.765305	26.776699	2415.495000	-122.410000	-56.180000	12.000000
-152.765793	25.592800	2364.501000	-122.410000	-56.180000	12.000000
-156.964600	24.312099	2360.503000	-122.410000	-56.180000	12.000000
-158.185394	22.620199	2324.482000	-122.410000	-56.180000	12.000000
-155.636200	22.299900	2296.489000	-122.410000	-56.180000	12.000000
-154.251801	21.168699	2255.507000	-122.410000	-56.180000	12.000000
-152.981201	18.301800	2171.498000	-122.410000	-56.180000	12.000000
-150.914993	18.914200	2175.498000	-122.410000	-56.180000	12.000000
-151.686600	14.689100	2067.491000	-122.410000	-56.180000	12.000000
-153.967499	14.731300	2083.479000	-122.410000	-56.180000	12.000000
-156.387695	17.614901	2176.493000	-122.410000	-56.180000	12.000000
-156.206604	16.162001	2137.495000	-122.410000	-56.180000	12.000000
-157.700806	16.348400	2154.497000	-122.410000	-56.180000	12.000000
-158.760193	18.564699	2219.480000	-122.410000	-56.180000	12.000000
