-155.772995	19.079000	1352.936000	154.330000	46.710000	13.500000	139.154089	138.654089	139.654089	4.014372	3.132126
-158.903000	21.298401	1251.909000	154.330000	46.710000	13.500000	138.510503	138.410503	138.710503	3.935266	3.055282
-160.047501	19.823400	1263.900000	154.330000	46.710000	13.500000	NaN	NaN	NaN	NaN	NaN
-161.095001	23.997200	1157.895000	154.330000	46.710000	13.500000	NaN	NaN	NaN	NaN	NaN
-158.933105	24.573799	1184.903000	154.330000	46.710000	13.500000	NaN	NaN	NaN	NaN	NaN
-155.765305	26.776699	1202.893000	154.330000	46.710000	13.500000	NaN	NaN	NaN	NaN	NaN
-152.765793	25.592800	1280.912000	154.330000	46.710000	13.500000	NaN	NaN	NaN	NaN	NaN
-156.964600	24.312099	1224.905000	154.330000	46.710000	13.500000	132.591711	131.391711	133.791711	4.012485	-0.206959
-155.636200	22.299900	1288.905000	154.330000	46.710000	13.500000	136.464445	136.364445	136.664445	4.003418	2.530771
-154.251801	21.168699	1335.916000	154.330000	46.710000	13.500000	137.650664	137.650664	137.650664	4.029792	3.280870
-152.981201	18.301800	1416.912000	154.330000	46.710000	13.500000	139.287220	138.787220	139.787220	4.056579	3.500416
-150.914993	18.914200	1438.896000	154.330000	46.710000	13.500000	139.069664	138.869664	139.269664	4.128367	4.053017
-149.000900	16.989000	1509.909000	154.330000	46.710000	13.500000	NaN	NaN	NaN	NaN	NaN
-151.637604	16.737801	1471.894000	154.330000	46.710000	13.500000	138.992628	137.892628	139.992628	4.173819	2.676168
-153.967499	14.731300	1471.920000	154.330000	46.710000	13.500000	NaN	NaN	NaN	NaN	NaN
-153.868195	17.315399	1421.900000	154.330000	46.710000	13.500000	137.938206	137.238206	138.638206	4.104303	1.395276
-158.179504	20.377800	1283.895000	154.330000	46.710000	13.500000	138.732703	138.532703	138.832703	3.978288	2.865604
