-159.664993	22.122999	1300.548000	149.520000	45.370000	104.800000
-156.755997	21.136000	1372.576000	149.520000	45.370000	104.800000
-160.047501	19.823400	1336.513000	149.520000	45.370000	104.800000
-162.025604	19.986300	1294.543000	149.520000	45.370000	104.800000
-161.314896	21.956301	1273.387000	149.520000	45.370000	104.800000
-155.765305	26.776699	1289.063000	149.520000	45.370000	104.800000
-155.636200	22.299900	1369.073000	149.520000	45.370000	104.800000
-152.981201	18.301800	1496.605000	149.520000	45.370000	104.800000
-150.914993	18.914200	1519.542000	149.520000	45.370000	104.800000
-149.000900	16.989000	1591.550000	149.520000	45.370000	104.800000
-151.686600	14.689100	1591.554000	149.520000	45.370000	104.800000
-153.967499	14.731300	1545.548000	149.520000	45.370000	104.800000
-153.868195	17.315399	1502.615000	149.520000	45.370000	104.800000
-156.387695	17.614901	1447.558000	149.520000	45.370000	104.800000
-156.206604	16.162001	1476.544000	149.520000	45.370000	104.800000
-157.859100	14.659600	1472.553000	149.520000	45.370000	104.800000
-157.700806	16.348400	1443.556000	149.520000	45.370000	104.800000
-158.982498	15.574000	1432.554000	149.520000	45.370000	104.800000
-158.179504	20.377800	1362.524000	149.520000	45.370000	104.800000
