-155.996994	20.771000	1526.174000	154.810000	-6.430000	56.500000
-159.401001	21.971001	1455.158000	154.810000	-6.430000	56.500000
-156.658005	20.891001	1508.174000	154.810000	-6.430000	56.500000
-159.664993	22.122999	1455.188000	154.810000	-6.430000	56.500000
-160.047501	19.823400	1419.163000	154.810000	-6.430000	56.500000
-161.314896	21.956301	1415.147000	154.810000	-6.430000	56.500000
-158.185394	22.620199	1495.165000	154.810000	-6.430000	56.500000
-154.251801	21.168699	1571.152000	154.810000	-6.430000	56.500000
-152.981201	18.301800	1569.217000	154.810000	-6.430000	56.500000
-150.914993	18.914200	1623.402000	154.810000	-6.430000	56.500000
-149.000900	16.989000	1652.167000	154.810000	-6.430000	56.500000
-153.868195	17.315399	1537.153000	154.810000	-6.430000	56.500000
-156.206604	16.162001	1470.153000	154.810000	-6.430000	56.500000
-157.859100	14.659600	1415.273000	154.810000	-6.430000	56.500000
-157.700806	16.348400	1435.362000	154.810000	-6.430000	56.500000
-158.982498	15.574000	1396.163000	154.810000	-6.430000	56.500000
-158.179504	20.377800	1469.118000	154.810000	-6.430000	56.500000
