-155.772995	19.079000	1353.666000	154.620000	47.520000	27.900000
-155.996994	20.771000	1313.644000	154.620000	47.520000	27.900000
-159.401001	21.971001	1229.644000	154.620000	47.520000	27.900000
-156.658005	20.891001	1300.619000	154.620000	47.520000	27.900000
-159.664993	22.122999	1221.636000	154.620000	47.520000	27.900000
-161.314896	21.956301	1198.621000	154.620000	47.520000	27.900000
-158.185394	22.620199	1236.631000	154.620000	47.520000	27.900000
-155.636200	22.299900	1287.635000	154.620000	47.520000	27.900000
-152.981201	18.301800	1416.639000	154.620000	47.520000	27.900000
-151.637604	16.737801	1471.641000	154.620000	47.520000	27.900000
-151.686600	14.689100	1512.637000	154.620000	47.520000	27.900000
-153.967499	14.731300	1472.647000	154.620000	47.520000	27.900000
-153.868195	17.315399	1422.631000	154.620000	47.520000	27.900000
-156.206604	16.162001	1403.627000	154.620000	47.520000	27.900000
-157.859100	14.659600	1405.630000	154.620000	47.520000	27.900000
-157.700806	16.348400	1374.633000	154.620000	47.520000	27.900000
-158.982498	15.574000	1366.649000	154.620000	47.520000	27.900000
-158.760193	18.564699	1311.635000	154.620000	47.520000	27.900000
-158.179504	20.377800	1283.633000	154.620000	47.520000	27.900000
