-155.996994	20.771000	1326.810000	153.450000	46.290000	12.800000	137.024159	136.324159	137.724159	3.960737	2.754891
-154.983002	19.601000	1368.834000	153.450000	46.290000	12.800000	137.945631	137.345631	138.645631	4.022659	3.180907
-159.664993	22.122999	1233.796000	153.450000	46.290000	12.800000	137.175806	136.775806	137.575806	3.980537	2.903652
-156.755997	21.136000	1305.825000	153.450000	46.290000	12.800000	136.338726	135.738726	137.038726	3.981615	2.129595
-160.047501	19.823400	1274.804000	153.450000	46.290000	12.800000	NaN	NaN	NaN	NaN	NaN
-158.933105	24.573799	1197.802000	153.450000	46.290000	12.800000	NaN	NaN	NaN	NaN	NaN
-158.185394	22.620199	1248.786000	153.450000	46.290000	12.800000	135.930853	134.430853	137.430853	3.974771	2.397772
-155.636200	22.299900	1301.807000	153.450000	46.290000	12.800000	136.018702	135.518702	136.518702	3.948657	2.830582
-154.251801	21.168699	1348.793000	153.450000	46.290000	12.800000	137.535244	137.435244	137.735244	4.019244	3.890085
-152.981201	18.301800	1429.804000	153.450000	46.290000	12.800000	140.007528	139.807528	140.107528	4.051147	4.932758
-150.914993	18.914200	1451.798000	153.450000	46.290000	12.800000	NaN	NaN	NaN	NaN	NaN
-149.000900	16.989000	1523.787000	153.450000	46.290000	12.800000	NaN	NaN	NaN	NaN	NaN
-151.686600	14.689100	1525.807000	153.450000	46.290000	12.800000	NaN	NaN	NaN	NaN	NaN
-153.967499	14.731300	1482.787000	153.450000	46.290000	12.800000	NaN	NaN	NaN	NaN	NaN
-156.387695	17.614901	1384.802000	153.450000	46.290000	12.800000	136.305929	134.205929	138.605929	4.063619	0.018671
-156.206604	16.162001	1413.803000	153.450000	46.290000	12.800000	132.330642	131.030642	133.530642	4.155442	-4.720929
-157.700806	16.348400	1382.802000	153.450000	46.290000	12.800000	133.426260	132.826260	134.126260	4.122254	-3.963055
-158.760193	18.564699	1321.790000	153.450000	46.290000	12.800000	137.198391	135.798391	138.498391	4.082122	0.800485
