-155.772995	19.079000	1353.666000	154.620000	47.520000	27.900000	137.087848	136.087848	138.187848	4.052171	-0.035269
-155.996994	20.771000	1313.644000	154.620000	47.520000	27.900000	138.539441	138.039441	139.039441	3.934221	2.387660
-159.401001	21.971001	1229.644000	154.620000	47.520000	27.900000	139.261076	138.161076	140.361076	3.962450	2.950311
-156.658005	20.891001	1300.619000	154.620000	47.520000	27.900000	137.331801	136.731801	138.031801	3.964210	1.082269
-159.664993	22.122999	1221.636000	154.620000	47.520000	27.900000	139.363567	138.063567	140.663567	3.959093	3.078805
-161.314896	21.956301	1198.621000	154.620000	47.520000	27.900000	139.130628	137.530628	140.530628	4.168910	2.192261
-158.185394	22.620199	1236.631000	154.620000	47.520000	27.900000	138.674505	138.274505	139.074505	3.950441	3.169700
-155.636200	22.299900	1287.635000	154.620000	47.520000	27.900000	137.757922	137.357922	138.157922	3.926043	2.681923
-152.981201	18.301800	1416.639000	154.620000	47.520000	27.900000	139.663379	139.363379	139.863379	4.071365	2.811365
-151.637604	16.737801	1471.641000	154.620000	47.520000	27.900000	138.422077	138.022077	138.722077	4.123572	1.068874
-151.686600	14.689100	1512.637000	154.620000	47.520000	27.900000	NaN	NaN	NaN	NaN	NaN
-153.967499	14.731300	1472.647000	154.620000	47.520000	27.900000	139.265856	138.665856	139.765856	4.084703	0.316968
-153.868195	17.315399	1422.631000	154.620000	47.520000	27.900000	137.310194	136.310194	138.410194	4.108691	-0.294592
-156.206604	16.162001	1403.627000	154.620000	47.520000	27.900000	137.534367	137.234367	137.834367	4.068277	-1.349918
-157.859100	14.659600	1405.630000	154.620000	47.520000	27.900000	138.846530	138.246530	139.446530	4.077850	-1.366548
-157.700806	16.348400	1374.633000	154.620000	47.520000	27.900000	137.181442	136.181442	138.281442	4.105293	-2.078568
-158.982498	15.574000	1366.649000	154.620000	47.520000	27.900000	137.667272	137.167272	138.167272	4.098685	-2.457223
-158.760193	18.564699	1311.635000	154.620000	47.520000	27.900000	138.450980	137.650980	139.350980	4.093624	0.122460
-158.179504	20.377800	1283.633000	154.620000	47.520000	27.900000	138.631621	138.331621	138.931621	3.962910	1.620521
