-155.996994	20.771000	1527.205000	154.770000	-6.410000	55.600000
-159.401001	21.971001	1460.225000	154.770000	-6.410000	55.600000
-156.658005	20.891001	1512.226000	154.770000	-6.410000	55.600000
-159.664993	22.122999	1456.197000	154.770000	-6.410000	55.600000
-161.314896	21.956301	1416.187000	154.770000	-6.410000	55.600000
-158.185394	22.620199	1495.191000	154.770000	-6.410000	55.600000
-154.251801	21.168699	1572.196000	154.770000	-6.410000	55.600000
-150.914993	18.914200	1625.201000	154.770000	-6.410000	55.600000
-149.000900	16.989000	1653.202000	154.770000	-6.410000	55.600000
-151.686600	14.689100	1569.187000	154.770000	-6.410000	55.600000
-153.868195	17.315399	1538.190000	154.770000	-6.410000	55.600000
-156.206604	16.162001	1470.187000	154.770000	-6.410000	55.600000
-157.859100	14.659600	1415.187000	154.770000	-6.410000	55.600000
-157.700806	16.348400	1437.185000	154.770000	-6.410000	55.600000
-158.982498	15.574000	1396.208000	154.770000	-6.410000	55.600000
-158.179504	20.377800	1470.197000	154.770000	-6.410000	55.600000
