-155.772995	19.079000	1339.522000	155.140000	47.110000	31.300000
-155.996994	20.771000	1299.502000	155.140000	47.110000	31.300000
-156.658005	20.891001	1285.525000	155.140000	47.110000	31.300000
-160.047501	19.823400	1250.485000	155.140000	47.110000	31.300000
-161.314896	21.956301	1184.479000	155.140000	47.110000	31.300000
-161.095001	23.997200	1144.480000	155.140000	47.110000	31.300000
-158.933105	24.573799	1170.639000	155.140000	47.110000	31.300000
-155.765305	26.776699	1187.480000	155.140000	47.110000	31.300000
-152.765793	25.592800	1265.495000	155.140000	47.110000	31.300000
-156.964600	24.312099	1210.492000	155.140000	47.110000	31.300000
-158.185394	22.620199	1222.486000	155.140000	47.110000	31.300000
-155.636200	22.299900	1273.489000	155.140000	47.110000	31.300000
-150.914993	18.914200	1423.482000	155.140000	47.110000	31.300000
-149.000900	16.989000	1495.494000	155.140000	47.110000	31.300000
-153.967499	14.731300	1458.507000	155.140000	47.110000	31.300000
-153.868195	17.315399	1408.486000	155.140000	47.110000	31.300000
-156.387695	17.614901	1358.496000	155.140000	47.110000	31.300000
-156.206604	16.162001	1390.486000	155.140000	47.110000	31.300000
-157.859100	14.659600	1391.478000	155.140000	47.110000	31.300000
-157.700806	16.348400	1360.494000	155.140000	47.110000	31.300000
-158.982498	15.574000	1352.509000	155.140000	47.110000	31.300000
-161.367599	17.746901	1268.478000	155.140000	47.110000	31.300000
-158.760193	18.564699	1298.484000	155.140000	47.110000	31.300000
-158.179504	20.377800	1269.479000	155.140000	47.110000	31.300000
