-155.772995	19.079000	927.380000	-168.190000	51.450000	12.000000	168.383871	167.583871	169.183871	4.026652	2.316310
-155.996994	20.771000	879.403000	-168.190000	51.450000	12.000000	166.800059	166.000059	167.700059	4.046326	1.130938
-155.710999	20.046000	901.398000	-168.190000	51.450000	12.000000	167.151061	166.351061	168.051061	4.040452	1.507863
-159.401001	21.971001	826.404000	-168.190000	51.450000	12.000000	NaN	NaN	NaN	NaN	NaN
-156.658005	20.891001	872.410000	-168.190000	51.450000	12.000000	166.476824	165.676824	167.276824	3.984381	0.129449
-156.755997	21.136000	864.416000	-168.190000	51.450000	12.000000	166.535953	165.735953	167.335953	3.987531	0.173549
-154.617798	20.088900	905.390000	-168.190000	51.450000	12.000000	166.809347	166.309347	167.309347	4.022337	2.335521
-154.482803	21.001900	886.382000	-168.190000	51.450000	12.000000	160.824198	159.924198	161.724198	4.161912	-3.120412
-153.902405	19.979099	912.391000	-168.190000	51.450000	12.000000	166.585382	166.085382	167.085382	4.011337	2.806350
-153.992294	18.797600	943.379000	-168.190000	51.450000	12.000000	166.911955	166.211955	167.611955	4.050375	2.560091
-152.132401	18.481400	965.389000	-168.190000	51.450000	12.000000	164.416753	164.116753	164.816753	3.963718	1.762505
-153.290604	17.906200	971.400000	-168.190000	51.450000	12.000000	168.119172	167.419172	168.819172	3.971916	4.113672
-154.691299	17.180099	985.381000	-168.190000	51.450000	12.000000	168.951862	168.351862	169.451862	3.951488	3.312532
-154.030502	17.988400	965.388000	-168.190000	51.450000	12.000000	166.450337	165.850337	167.050337	4.079481	1.751046
-154.495895	18.401699	952.373000	-168.190000	51.450000	12.000000	166.505669	165.905669	167.205669	4.069964	1.496994
-154.797394	18.803101	939.387000	-168.190000	51.450000	12.000000	166.710435	166.110435	167.310435	4.039822	1.546885
-155.714996	18.000299	956.385000	-168.190000	51.450000	12.000000	169.044430	168.744430	169.344430	3.993352	2.660768
-156.808197	18.404200	938.380000	-168.190000	51.450000	12.000000	168.365641	168.065641	168.565641	3.999449	0.988289
-157.227295	18.984800	921.403000	-168.190000	51.450000	12.000000	169.435064	169.235064	169.735064	3.988964	1.802526
-156.510101	19.477699	911.385000	-168.190000	51.450000	12.000000	167.737878	167.237878	168.237878	4.028464	1.035142
