-155.996994	20.771000	1329.090000	153.290000	46.350000	19.800000
-159.401001	21.971001	1244.082000	153.290000	46.350000	19.800000
-156.658005	20.891001	1315.079000	153.290000	46.350000	19.800000
-161.095001	23.997200	1173.089000	153.290000	46.350000	19.800000
-158.933105	24.573799	1201.089000	153.290000	46.350000	19.800000
-152.765793	25.592800	1298.075000	153.290000	46.350000	19.800000
-158.185394	22.620199	1252.080000	153.290000	46.350000	19.800000
-154.251801	21.168699	1352.089000	153.290000	46.350000	19.800000
-150.914993	18.914200	1455.087000	153.290000	46.350000	19.800000
-151.686600	14.689100	1529.045000	153.290000	46.350000	19.800000
-153.967499	14.731300	1485.091000	153.290000	46.350000	19.800000
-156.206604	16.162001	1417.066000	153.290000	46.350000	19.800000
-157.859100	14.659600	1415.374000	153.290000	46.350000	19.800000
-158.982498	15.574000	1376.086000	153.290000	46.350000	19.800000
-161.367599	17.746901	1291.542000	153.290000	46.350000	19.800000
-155.765305	26.776699	1219.858000	153.290000	46.350000	19.800000
-157.700806	16.348400	1385.736000	153.290000	46.350000	19.800000
