-155.772995	19.079000	1368.846000	168.640000	61.480000	12.000000	157.252881	155.952881	158.452881	4.018726	-1.194038
-157.931000	21.646000	1279.817000	168.640000	61.480000	12.000000	157.828706	157.728706	158.028706	3.984863	-0.728034
-155.996994	20.771000	1321.829000	168.640000	61.480000	12.000000	157.074008	156.674008	157.474008	3.970820	-0.911587
-154.983002	19.601000	1362.832000	168.640000	61.480000	12.000000	156.579638	155.979638	157.179638	3.998258	-1.359789
-159.401001	21.971001	1257.846000	168.640000	61.480000	12.000000	158.745680	158.245680	159.145680	3.984900	-0.396003
-157.270004	21.108999	1300.843000	168.640000	61.480000	12.000000	158.309487	157.809487	158.809487	3.932822	-0.129963
-159.664993	22.122999	1250.849000	168.640000	61.480000	12.000000	158.392272	158.192272	158.592272	3.991747	-0.824382
-161.314896	21.956301	1239.808000	168.640000	61.480000	12.000000	159.409541	159.209541	159.509541	3.985808	-0.690374
-161.095001	23.997200	1188.808000	168.640000	61.480000	12.000000	158.508392	158.308392	158.708392	3.989894	-0.736367
-158.933105	24.573799	1194.809000	168.640000	61.480000	12.000000	157.301816	157.001816	157.501816	3.989603	-0.628131
-155.765305	26.776699	1170.822000	168.640000	61.480000	12.000000	NaN	NaN	NaN	NaN	NaN
-152.765793	25.592800	1230.810000	168.640000	61.480000	12.000000	NaN	NaN	NaN	NaN	NaN
-156.964600	24.312099	1220.835000	168.640000	61.480000	12.000000	156.638178	156.438178	156.738178	4.009564	-0.461996
-158.185394	22.620199	1251.832000	168.640000	61.480000	12.000000	157.834136	157.634136	158.134136	3.981801	-0.490396
-154.251801	21.168699	1328.833000	168.640000	61.480000	12.000000	157.529599	157.529599	157.529599	3.918842	0.432299
-150.914993	18.914200	1419.266000	168.640000	61.480000	12.000000	NaN	NaN	NaN	NaN	NaN
-149.000900	16.989000	1486.808000	168.640000	61.480000	12.000000	NaN	NaN	NaN	NaN	NaN
-151.637604	16.737801	1465.827000	168.640000	61.480000	12.000000	158.187938	156.987938	159.387938	4.086797	0.715308
-151.686600	14.689100	1518.827000	168.640000	61.480000	12.000000	NaN	NaN	NaN	NaN	NaN
-153.868195	17.315399	1431.896000	168.640000	61.480000	12.000000	157.114190	155.714190	158.414190	4.179941	-1.072318
-156.387695	17.614901	1398.816000	168.640000	61.480000	12.000000	157.459781	156.859781	158.059781	4.045628	-1.703295
-156.206604	16.162001	1436.826000	168.640000	61.480000	12.000000	157.210971	157.110971	157.410971	4.127493	-2.288620
-157.859100	14.659600	1457.828000	168.640000	61.480000	12.000000	NaN	NaN	NaN	NaN	NaN
-157.700806	16.348400	1417.203000	168.640000	61.480000	12.000000	157.651644	157.551644	157.651644	4.120950	-2.453702
-158.179504	20.377800	1309.817000	168.640000	61.480000	12.000000	157.157307	156.757307	157.657307	3.995892	-1.948810
