-155.772995	19.079000	1521.580000	-104.850000	-4.540000	17.100000	291.649445	291.049445	292.249445	4.046712	1.744660
-155.996994	20.771000	1544.560000	-104.850000	-4.540000	17.100000	291.878827	290.978827	292.678827	4.012693	1.021591
-159.401001	21.971001	1639.570000	-104.850000	-4.540000	17.100000	289.312537	287.412537	291.112537	4.069841	-0.321832
-156.658005	20.891001	1562.536000	-104.850000	-4.540000	17.100000	292.051483	290.751483	293.451483	3.972198	1.499590
-159.664993	22.122999	1647.553000	-104.850000	-4.540000	17.100000	289.183295	287.183295	291.183295	4.068537	-0.387689
-160.047501	19.823400	1631.539000	-104.850000	-4.540000	17.100000	292.327347	292.127347	292.527347	4.033447	4.235755
-161.314896	21.956301	1684.549000	-104.850000	-4.540000	17.100000	287.928368	286.128368	289.728368	4.028963	-0.652165
-161.095001	23.997200	1694.551000	-104.850000	-4.540000	17.100000	286.398123	285.298123	287.498123	4.109292	-3.352146
-158.933105	24.573799	1650.549000	-104.850000	-4.540000	17.100000	289.707219	288.907219	290.507219	4.147757	-1.617757
-156.964600	24.312099	1603.549000	-104.850000	-4.540000	17.100000	294.301282	293.801282	294.701282	4.088299	1.908581
-158.185394	22.620199	1613.545000	-104.850000	-4.540000	17.100000	289.173932	288.173932	290.173932	4.046497	-1.517149
-155.636200	22.299900	1550.536000	-104.850000	-4.540000	17.100000	291.436871	290.936871	292.036871	4.021625	-0.583796
-154.251801	21.168699	1505.555000	-104.850000	-4.540000	17.100000	291.052658	290.352658	291.652658	4.004914	-1.094268
-152.981201	18.301800	1447.554000	-104.850000	-4.540000	17.100000	291.689935	290.189935	293.189935	4.092825	0.749061
-150.914993	18.914200	1403.554000	-104.850000	-4.540000	17.100000	292.537015	291.837015	293.237015	4.095282	-0.080982
-149.000900	16.989000	1338.556000	-104.850000	-4.540000	17.100000	NaN	NaN	NaN	NaN	NaN
-151.637604	16.737801	1398.559000	-104.850000	-4.540000	17.100000	291.305831	290.805831	291.805831	4.133719	0.755205
-151.686600	14.689100	1380.536000	-104.850000	-4.540000	17.100000	NaN	NaN	NaN	NaN	NaN
-153.967499	14.731300	1437.563000	-104.850000	-4.540000	17.100000	287.548126	287.248126	287.848126	4.141847	-0.285097
-153.868195	17.315399	1456.546000	-104.850000	-4.540000	17.100000	290.161531	288.761531	291.661531	4.110555	0.414562
-156.387695	17.614901	1521.537000	-104.850000	-4.540000	17.100000	290.537016	290.037016	290.937016	4.069890	1.911075
-156.206604	16.162001	1504.544000	-104.850000	-4.540000	17.100000	288.420944	287.820944	288.920944	4.115216	0.666085
-157.859100	14.659600	1534.541000	-104.850000	-4.540000	17.100000	284.412036	284.112036	284.812036	4.262997	-1.591805
-157.700806	16.348400	1542.538000	-104.850000	-4.540000	17.100000	287.614660	287.014660	288.314660	4.144352	0.451296
-158.982498	15.574000	1567.565000	-104.850000	-4.540000	17.100000	287.405659	286.705659	288.005659	4.166656	1.312679
-161.367599	17.746901	1643.550000	-104.850000	-4.540000	17.100000	288.802857	288.202857	289.402857	4.141856	2.509876
-158.760193	18.564699	1587.546000	-104.850000	-4.540000	17.100000	290.567509	289.967509	291.167509	4.097290	2.551813
-158.179504	20.377800	1593.556000	-104.850000	-4.540000	17.100000	290.701372	289.701372	291.601372	4.002210	1.305848
