-155.996994	20.771000	1526.174000	154.810000	-6.430000	56.500000	67.862943	65.562943	70.262943	4.025855	1.871234
-159.401001	21.971001	1455.158000	154.810000	-6.430000	56.500000	67.146947	64.346947	70.046947	4.152822	4.158609
-156.658005	20.891001	1508.174000	154.810000	-6.430000	56.500000	64.220499	61.820499	66.820499	3.854330	-1.283415
-159.664993	22.122999	1455.188000	154.810000	-6.430000	56.500000	62.937798	61.637798	64.337798	4.074839	0.234639
-160.047501	19.823400	1419.163000	154.810000	-6.430000	56.500000	66.134871	65.034871	67.234871	4.150097	2.101077
-161.314896	21.956301	1415.147000	154.810000	-6.430000	56.500000	62.521083	60.721083	64.221083	4.058385	0.876225
-158.185394	22.620199	1495.165000	154.810000	-6.430000	56.500000	63.557451	62.357451	64.657451	3.957904	0.160887
-154.251801	21.168699	1571.152000	154.810000	-6.430000	56.500000	65.109294	64.009294	66.209294	3.871235	-1.699423
-152.981201	18.301800	1569.217000	154.810000	-6.430000	56.500000	67.109021	66.509021	67.709021	4.139434	-2.139260
-150.914993	18.914200	1623.402000	154.810000	-6.430000	56.500000	NaN	NaN	NaN	NaN	NaN
-149.000900	16.989000	1652.167000	154.810000	-6.430000	56.500000	NaN	NaN	NaN	NaN	NaN
-153.868195	17.315399	1537.153000	154.810000	-6.430000	56.500000	NaN	NaN	NaN	NaN	NaN
-156.206604	16.162001	1470.153000	154.810000	-6.430000	56.500000	70.401503	69.201503	71.501503	4.103514	1.486821
-157.859100	14.659600	1415.273000	154.810000	-6.430000	56.500000	70.150871	70.150871	70.250871	4.067357	1.035860
-157.700806	16.348400	1435.362000	154.810000	-6.430000	56.500000	68.822575	68.722575	68.922575	4.067701	0.857138
-158.982498	15.574000	1396.163000	154.810000	-6.430000	56.500000	68.946667	68.746667	69.146667	4.067175	1.131800
-158.179504	20.377800	1469.118000	154.810000	-6.430000	56.500000	67.158014	65.858014	68.458014	4.040637	2.285432
