-155.772995	19.079000	2072.104000	-133.950000	-54.010000	12.000000
-155.996994	20.771000	2119.084000	-133.950000	-54.010000	12.000000
-159.401001	21.971001	2167.063000	-133.950000	-54.010000	12.000000
-156.658005	20.891001	2126.059000	-133.950000	-54.010000	12.000000
-159.664993	22.122999	2172.092000	-133.950000	-54.010000	12.000000
-158.903000	21.298401	2145.208000	-133.950000	-54.010000	12.000000
-160.047501	19.823400	2112.072000	-133.950000	-54.010000	12.000000
-158.933105	24.573799	2236.228000	-133.950000	-54.010000	12.000000
-155.765305	26.776699	2280.745000	-133.950000	-54.010000	12.000000
-156.964600	24.312099	2221.070000	-133.950000	-54.010000	12.000000
-158.185394	22.620199	2179.087000	-133.950000	-54.010000	12.000000
-155.636200	22.299900	2159.062000	-133.950000	-54.010000	12.000000
-154.251801	21.168699	2120.067000	-133.950000	-54.010000	12.000000
-152.981201	18.301800	2038.128000	-133.950000	-54.010000	12.000000
-150.914993	18.914200	2044.787000	-133.950000	-54.010000	12.000000
-149.000900	16.989000	1986.315000	-133.950000	-54.010000	12.000000
-151.637604	16.737801	1988.709000	-133.950000	-54.010000	12.000000
-151.686600	14.689100	1933.979000	-133.950000	-54.010000	12.000000
-153.967499	14.731300	1946.086000	-133.950000	-54.010000	12.000000
-153.868195	17.315399	2014.171000	-133.950000	-54.010000	12.000000
-156.206604	16.162001	1994.064000	-133.950000	-54.010000	12.000000
-157.859100	14.659600	1961.353000	-133.950000	-54.010000	12.000000
-157.700806	16.348400	2006.692000	-133.950000	-54.010000	12.000000
-158.760193	18.564699	2071.091000	-133.950000	-54.010000	12.000000
-158.179504	20.377800	2116.732000	-133.950000	-54.010000	12.000000
