-155.772995	19.079000	1606.694000	150.710000	-5.420000	15.000000
-155.996994	20.771000	1617.696000	150.710000	-5.420000	15.000000
-155.710999	20.046000	1618.691000	150.710000	-5.420000	15.000000
-157.270004	21.108999	1588.709000	150.710000	-5.420000	15.000000
-156.755997	21.136000	1601.709000	150.710000	-5.420000	15.000000
-158.903000	21.298401	1550.770000	150.710000	-5.420000	15.000000
-160.047501	19.823400	1508.608000	150.710000	-5.420000	15.000000
-162.025604	19.986300	1462.697000	150.710000	-5.420000	15.000000
-154.251801	21.168699	1663.685000	150.710000	-5.420000	15.000000
-152.981201	18.301800	1665.737000	150.710000	-5.420000	15.000000
-150.914993	18.914200	1720.981000	150.710000	-5.420000	15.000000
-151.686600	14.689100	1669.046000	150.710000	-5.420000	15.000000
-153.868195	17.315399	1635.753000	150.710000	-5.420000	15.000000
-156.387695	17.614901	1576.899000	150.710000	-5.420000	15.000000
-156.206604	16.162001	1568.670000	150.710000	-5.420000	15.000000
-157.859100	14.659600	1514.814000	150.710000	-5.420000	15.000000
-157.700806	16.348400	1533.936000	150.710000	-5.420000	15.000000
-158.982498	15.574000	1494.678000	150.710000	-5.420000	15.000000
-158.179504	20.377800	1559.602000	150.710000	-5.420000	15.000000
