-155.996994	20.771000	1311.361000	155.180000	48.190000	33.500000	138.238844	137.738844	138.638844	3.965508	1.071467
-156.658005	20.891001	1297.381000	155.180000	48.190000	33.500000	138.144857	137.944857	138.444857	3.995227	0.869458
-159.664993	22.122999	1220.380000	155.180000	48.190000	33.500000	139.553043	139.053043	139.953043	3.985446	2.186006
-158.903000	21.298401	1250.353000	155.180000	48.190000	33.500000	139.302213	139.002213	139.602213	4.006873	1.618500
-160.047501	19.823400	1263.353000	155.180000	48.190000	33.500000	141.997541	141.497541	142.497541	4.045413	2.967815
-161.314896	21.956301	1196.246000	155.180000	48.190000	33.500000	140.449385	140.449385	140.549385	3.979985	2.404973
-161.095001	23.997200	1156.346000	155.180000	48.190000	33.500000	139.086230	138.886230	139.286230	3.971159	2.620306
-158.185394	22.620199	1234.356000	155.180000	48.190000	33.500000	138.843478	138.543478	139.143478	3.974847	2.274428
-151.686600	14.689100	1510.355000	155.180000	48.190000	33.500000	NaN	NaN	NaN	NaN	NaN
-153.967499	14.731300	1471.351000	155.180000	48.190000	33.500000	NaN	NaN	NaN	NaN	NaN
-156.206604	16.162001	1403.348000	155.180000	48.190000	33.500000	138.466783	138.166783	138.766783	4.069991	-1.397041
-157.859100	14.659600	1406.346000	155.180000	48.190000	33.500000	140.079642	140.079642	140.179642	3.995248	-1.116796
-157.700806	16.348400	1373.345000	155.180000	48.190000	33.500000	138.939667	138.239667	139.539667	4.074424	-1.318010
-158.982498	15.574000	1367.350000	155.180000	48.190000	33.500000	139.232114	139.032114	139.532114	4.065038	-1.896284
-158.760193	18.564699	1310.363000	155.180000	48.190000	33.500000	140.663014	139.663014	141.663014	4.154936	1.302453
-158.179504	20.377800	1281.358000	155.180000	48.190000	33.500000	139.463847	138.863847	140.063847	4.001703	1.410254
