-155.772995	19.079000	1329.516000	155.690000	47.060000	18.200000
-155.996994	20.771000	1289.495000	155.690000	47.060000	18.200000
-159.664993	22.122999	1197.511000	155.690000	47.060000	18.200000
-156.755997	21.136000	1268.509000	155.690000	47.060000	18.200000
-160.047501	19.823400	1240.475000	155.690000	47.060000	18.200000
-161.314896	21.956301	1174.481000	155.690000	47.060000	18.200000
-161.095001	23.997200	1134.489000	155.690000	47.060000	18.200000
-158.933105	24.573799	1160.481000	155.690000	47.060000	18.200000
-158.185394	22.620199	1212.473000	155.690000	47.060000	18.200000
-150.914993	18.914200	1415.482000	155.690000	47.060000	18.200000
-153.967499	14.731300	1448.493000	155.690000	47.060000	18.200000
-156.206604	16.162001	1380.499000	155.690000	47.060000	18.200000
-157.700806	16.348400	1350.472000	155.690000	47.060000	18.200000
-158.982498	15.574000	1342.481000	155.690000	47.060000	18.200000
-158.760193	18.564699	1288.483000	155.690000	47.060000	18.200000
-158.179504	20.377800	1260.483000	155.690000	47.060000	18.200000
