-155.772995	19.079000	1495.919000	155.900000	-7.230000	49.200000
-155.996994	20.771000	1510.899000	155.900000	-7.230000	49.200000
-156.658005	20.891001	1495.921000	155.900000	-7.230000	49.200000
-159.664993	22.122999	1440.897000	155.900000	-7.230000	49.200000
-156.755997	21.136000	1495.915000	155.900000	-7.230000	49.200000
-161.314896	21.956301	1400.875000	155.900000	-7.230000	49.200000
-156.964600	24.312099	1525.897000	155.900000	-7.230000	49.200000
-158.185394	22.620199	1480.897000	155.900000	-7.230000	49.200000
-154.251801	21.168699	1555.892000	155.900000	-7.230000	49.200000
-150.914993	18.914200	1606.881000	155.900000	-7.230000	49.200000
-153.967499	14.731300	1493.888000	155.900000	-7.230000	49.200000
-156.387695	17.614901	1462.877000	155.900000	-7.230000	49.200000
-156.206604	16.162001	1451.881000	155.900000	-7.230000	49.200000
-157.859100	14.659600	1396.878000	155.900000	-7.230000	49.200000
-157.700806	16.348400	1417.882000	155.900000	-7.230000	49.200000
-158.982498	15.574000	1378.882000	155.900000	-7.230000	49.200000
-158.760193	18.564699	1418.903000	155.900000	-7.230000	49.200000
-158.179504	20.377800	1453.886000	155.900000	-7.230000	49.200000
-160.047501	19.823400	1403.442000	155.900000	-7.230000	49.200000
-151.637604	16.737801	1567.535000	155.900000	-7.230000	49.200000
-151.686600	14.689100	1549.391000	155.900000	-7.230000	49.200000
