-159.664993	22.122999	1435.266000	156.320000	-7.420000	51.000000
-158.903000	21.298401	1441.236000	156.320000	-7.420000	51.000000
-160.047501	19.823400	1397.223000	156.320000	-7.420000	51.000000
-161.314896	21.956301	1395.229000	156.320000	-7.420000	51.000000
-161.095001	23.997200	1428.232000	156.320000	-7.420000	51.000000
-155.765305	26.776699	1579.240000	156.320000	-7.420000	51.000000
-156.964600	24.312099	1520.202000	156.320000	-7.420000	51.000000
-158.185394	22.620199	1474.225000	156.320000	-7.420000	51.000000
-149.000900	16.989000	1626.236000	156.320000	-7.420000	51.000000
-151.637604	16.737801	1560.225000	156.320000	-7.420000	51.000000
-151.686600	14.689100	1541.236000	156.320000	-7.420000	51.000000
-153.967499	14.731300	1485.236000	156.320000	-7.420000	51.000000
-156.206604	16.162001	1444.234000	156.320000	-7.420000	51.000000
-157.700806	16.348400	1411.237000	156.320000	-7.420000	51.000000
-158.982498	15.574000	1371.237000	156.320000	-7.420000	51.000000
-158.179504	20.377800	1447.232000	156.320000	-7.420000	51.000000
