-155.772995	19.079000	2186.618000	-123.850000	-55.610000	12.000000
-155.996994	20.771000	2235.598000	-123.850000	-55.610000	12.000000
-156.658005	20.891001	2244.616000	-123.850000	-55.610000	12.000000
-159.664993	22.122999	2296.617000	-123.850000	-55.610000	12.000000
-161.095001	23.997200	2358.597000	-123.850000	-55.610000	12.000000
-158.933105	24.573799	2358.796000	-123.850000	-55.610000	12.000000
-156.964600	24.312099	2338.551000	-123.850000	-55.610000	12.000000
-158.185394	22.620199	2301.576000	-123.850000	-55.610000	12.000000
-155.636200	22.299900	2274.554000	-123.850000	-55.610000	12.000000
-154.251801	21.168699	2233.580000	-123.850000	-55.610000	12.000000
-153.967499	14.731300	2060.588000	-123.850000	-55.610000	12.000000
-156.206604	16.162001	2114.584000	-123.850000	-55.610000	12.000000
-157.859100	14.659600	2088.004000	-123.850000	-55.610000	12.000000
-158.982498	15.574000	2119.588000	-123.850000	-55.610000	12.000000
-161.367599	17.746901	2197.784000	-123.850000	-55.610000	12.000000
-158.760193	18.564699	2196.588000	-123.850000	-55.610000	12.000000
-158.179504	20.377800	2240.001000	-123.850000	-55.610000	12.000000
-155.765305	26.776699	2393.168000	-123.850000	-55.610000	12.000000
-152.765793	25.592800	2342.212000	-123.850000	-55.610000	12.000000
-151.637604	16.737801	2099.377000	-123.850000	-55.610000	12.000000
