-155.772995	19.079000	1316.576000	156.390000	47.030000	28.000000	137.912121	137.212121	138.712121	4.024227	0.903668
-155.996994	20.771000	1276.554000	156.390000	47.030000	28.000000	138.331326	137.931326	138.631326	3.977487	2.338784
-156.658005	20.891001	1263.560000	156.390000	47.030000	28.000000	137.732321	137.132321	138.432321	3.968702	1.627977
-159.664993	22.122999	1184.569000	156.390000	47.030000	28.000000	137.792579	137.492579	138.192579	3.961074	1.606563
-156.755997	21.136000	1256.567000	156.390000	47.030000	28.000000	137.586933	137.086933	137.986933	3.981890	1.619149
-161.095001	23.997200	1121.548000	156.390000	47.030000	28.000000	136.943610	136.643610	137.243610	4.027684	1.726189
-158.933105	24.573799	1147.716000	156.390000	47.030000	28.000000	135.525925	135.225925	135.825925	4.012468	1.460079
-156.964600	24.312099	1188.528000	156.390000	47.030000	28.000000	134.467832	133.767832	135.167832	3.979007	0.734918
-158.185394	22.620199	1199.532000	156.390000	47.030000	28.000000	137.060844	136.260844	137.760844	3.979749	1.715445
-154.251801	21.168699	1298.555000	156.390000	47.030000	28.000000	138.353996	138.253996	138.453996	4.008363	3.088896
-151.637604	16.737801	1433.885000	156.390000	47.030000	28.000000	139.028742	138.428742	139.628742	4.156932	1.830602
-151.686600	14.689100	1475.625000	156.390000	47.030000	28.000000	NaN	NaN	NaN	NaN	NaN
-153.967499	14.731300	1435.552000	156.390000	47.030000	28.000000	139.537144	139.037144	140.037144	4.111853	0.636349
-153.868195	17.315399	1385.650000	156.390000	47.030000	28.000000	137.337745	136.437745	138.237745	4.146912	-0.151472
-156.206604	16.162001	1367.556000	156.390000	47.030000	28.000000	137.819353	137.519353	138.219353	4.091126	-1.040865
-157.859100	14.659600	1368.868000	156.390000	47.030000	28.000000	NaN	NaN	NaN	NaN	NaN
-158.760193	18.564699	1274.543000	156.390000	47.030000	28.000000	138.840755	138.440755	139.140755	4.048861	0.527714
-160.047501	19.823400	1227.234000	156.390000	47.030000	28.000000	140.732547	139.932547	141.432547	4.030461	2.778322
-155.636200	22.299900	1251.241000	156.390000	47.030000	28.000000	137.307641	136.907641	137.707641	4.002962	2.449382
-156.387695	17.614901	1336.151000	156.390000	47.030000	28.000000	138.516622	137.416622	139.616622	4.025432	0.431000
-157.700806	16.348400	1337.280000	156.390000	47.030000	28.000000	137.090372	136.790372	137.390372	4.077281	-2.182803
-158.179504	20.377800	1247.116000	156.390000	47.030000	28.000000	138.871934	138.571934	139.171934	3.958209	1.947182
