-155.996994	20.771000	957.046000	-155.890000	55.370000	22.100000
-159.401001	21.971001	927.051000	-155.890000	55.370000	22.100000
-156.658005	20.891001	955.033000	-155.890000	55.370000	22.100000
-159.664993	22.122999	923.039000	-155.890000	55.370000	22.100000
-158.903000	21.298401	945.030000	-155.890000	55.370000	22.100000
-160.047501	19.823400	987.038000	-155.890000	55.370000	22.100000
-161.314896	21.956301	931.035000	-155.890000	55.370000	22.100000
-161.095001	23.997200	873.046000	-155.890000	55.370000	22.100000
-158.933105	24.573799	853.203000	-155.890000	55.370000	22.100000
-155.765305	26.776699	790.040000	-155.890000	55.370000	22.100000
-152.765793	25.592800	825.287000	-155.890000	55.370000	22.100000
-156.964600	24.312099	859.022000	-155.890000	55.370000	22.100000
-158.185394	22.620199	907.025000	-155.890000	55.370000	22.100000
-154.251801	21.168699	945.024000	-155.890000	55.370000	22.100000
-150.914993	18.914200	1013.033000	-155.890000	55.370000	22.100000
-149.000900	16.989000	1071.034000	-155.890000	55.370000	22.100000
-151.637604	16.737801	1070.430000	-155.890000	55.370000	22.100000
-151.686600	14.689100	1126.037000	-155.890000	55.370000	22.100000
-153.868195	17.315399	1051.041000	-155.890000	55.370000	22.100000
-156.206604	16.162001	1085.051000	-155.890000	55.370000	22.100000
-157.859100	14.659600	1127.028000	-155.890000	55.370000	22.100000
-158.982498	15.574000	1100.034000	-155.890000	55.370000	22.100000
-158.760193	18.564699	1020.026000	-155.890000	55.370000	22.100000
-155.636200	22.299900	914.805000	-155.890000	55.370000	22.100000
-156.387695	17.614901	1045.628000	-155.890000	55.370000	22.100000
-157.700806	16.348400	1080.750000	-155.890000	55.370000	22.100000
-158.179504	20.377800	969.625000	-155.890000	55.370000	22.100000
