-155.772995	19.079000	1491.376000	156.550000	-7.940000	25.800000	64.097339	64.097339	64.097339	3.979147	-0.450607
-158.903000	21.298401	1443.520000	156.550000	-7.940000	25.800000	NaN	NaN	NaN	NaN	NaN
-158.933105	24.573799	1483.553000	156.550000	-7.940000	25.800000	NaN	NaN	NaN	NaN	NaN
-152.765793	25.592800	1631.333000	156.550000	-7.940000	25.800000	NaN	NaN	NaN	NaN	NaN
-156.964600	24.312099	1523.308000	156.550000	-7.940000	25.800000	NaN	NaN	NaN	NaN	NaN
-155.636200	22.299900	1532.328000	156.550000	-7.940000	25.800000	NaN	NaN	NaN	NaN	NaN
-149.000900	16.989000	1627.696000	156.550000	-7.940000	25.800000	NaN	NaN	NaN	NaN	NaN
-151.637604	16.737801	1561.148000	156.550000	-7.940000	25.800000	70.005988	69.805988	70.305988	4.106674	1.632216
-151.686600	14.689100	1541.754000	156.550000	-7.940000	25.800000	NaN	NaN	NaN	NaN	NaN
-153.967499	14.731300	1485.346000	156.550000	-7.940000	25.800000	68.869137	68.169137	69.569137	4.117897	0.410875
-156.387695	17.614901	1459.132000	156.550000	-7.940000	25.800000	64.935452	64.535452	65.335452	4.010938	-0.212798
-156.206604	16.162001	1446.342000	156.550000	-7.940000	25.800000	65.386965	64.986965	65.786965	4.065509	-0.872372
-157.859100	14.659600	1390.759000	156.550000	-7.940000	25.800000	67.126945	66.626945	67.526945	4.084174	0.722455
-157.700806	16.348400	1413.302000	156.550000	-7.940000	25.800000	65.423575	65.123575	65.823575	4.060791	0.175807
-158.982498	15.574000	1373.348000	156.550000	-7.940000	25.800000	64.862475	64.662475	65.162475	4.080111	-0.184298
-161.367599	17.746901	1344.545000	156.550000	-7.940000	25.800000	NaN	NaN	NaN	NaN	NaN
-158.760193	18.564699	1414.359000	156.550000	-7.940000	25.800000	63.907542	63.407542	64.407542	4.057397	0.922033
