-155.996994	20.771000	957.046000	-155.890000	55.370000	22.100000	180.776179	180.476179	181.176179	3.972804	0.669065
-159.401001	21.971001	927.051000	-155.890000	55.370000	22.100000	183.105718	182.905718	183.405718	3.977561	-0.509154
-156.658005	20.891001	955.033000	-155.890000	55.370000	22.100000	180.567374	180.067374	181.067374	4.006706	-0.203549
-159.664993	22.122999	923.039000	-155.890000	55.370000	22.100000	183.466943	183.266943	183.666943	3.976134	-0.433773
-158.903000	21.298401	945.030000	-155.890000	55.370000	22.100000	183.005254	182.905254	183.205254	4.012964	-0.045314
-160.047501	19.823400	987.038000	-155.890000	55.370000	22.100000	183.514335	183.414335	183.514335	4.035964	-0.535706
-161.314896	21.956301	931.035000	-155.890000	55.370000	22.100000	185.402714	185.202714	185.602714	3.980102	-0.159921
-161.095001	23.997200	873.046000	-155.890000	55.370000	22.100000	185.098638	184.998638	185.098638	3.945729	-0.546492
-158.933105	24.573799	853.203000	-155.890000	55.370000	22.100000	182.797973	182.697973	182.997973	3.951391	-0.572089
-155.765305	26.776699	790.040000	-155.890000	55.370000	22.100000	NaN	NaN	NaN	NaN	NaN
-152.765793	25.592800	825.287000	-155.890000	55.370000	22.100000	NaN	NaN	NaN	NaN	NaN
-156.964600	24.312099	859.022000	-155.890000	55.370000	22.100000	180.897902	180.697902	180.997902	3.986840	-0.285594
-158.185394	22.620199	907.025000	-155.890000	55.370000	22.100000	182.213963	182.113963	182.313963	3.968737	-0.194495
-154.251801	21.168699	945.024000	-155.890000	55.370000	22.100000	180.783138	180.683138	180.983138	4.038347	2.438264
-150.914993	18.914200	1013.033000	-155.890000	55.370000	22.100000	NaN	NaN	NaN	NaN	NaN
-149.000900	16.989000	1071.034000	-155.890000	55.370000	22.100000	NaN	NaN	NaN	NaN	NaN
-151.637604	16.737801	1070.430000	-155.890000	55.370000	22.100000	175.188757	175.088757	175.288757	4.077138	-0.952864
-151.686600	14.689100	1126.037000	-155.890000	55.370000	22.100000	NaN	NaN	NaN	NaN	NaN
-153.868195	17.315399	1051.041000	-155.890000	55.370000	22.100000	180.169970	178.969970	181.269970	3.966305	2.032508
-156.206604	16.162001	1085.051000	-155.890000	55.370000	22.100000	179.981048	178.481048	181.681048	4.007202	-0.303638
-157.859100	14.659600	1127.028000	-155.890000	55.370000	22.100000	178.919721	177.319721	180.619721	3.971303	-2.794878
-158.982498	15.574000	1100.034000	-155.890000	55.370000	22.100000	179.450118	178.350118	180.450118	4.096957	-3.291204
-158.760193	18.564699	1020.026000	-155.890000	55.370000	22.100000	181.737583	181.137583	182.337583	4.070362	-0.980794
-155.636200	22.299900	914.805000	-155.890000	55.370000	22.100000	180.069669	179.769669	180.369669	3.992783	0.333948
-156.387695	17.614901	1045.628000	-155.890000	55.370000	22.100000	181.474713	180.274713	182.674713	4.009452	1.012784
-157.700806	16.348400	1080.750000	-155.890000	55.370000	22.100000	179.958911	178.658911	181.258911	4.073071	-1.674655
-158.179504	20.377800	969.625000	-155.890000	55.370000	22.100000	182.140252	181.940252	182.340252	4.012869	-0.126182
