-155.772995	19.079000	1495.919000	155.900000	-7.230000	49.200000	65.756980	65.356980	66.156980	3.983476	0.054552
-155.996994	20.771000	1510.899000	155.900000	-7.230000	49.200000	64.766838	64.066838	65.566838	3.940561	0.292136
-156.658005	20.891001	1495.921000	155.900000	-7.230000	49.200000	65.305041	65.005041	65.505041	3.996841	1.332527
-159.664993	22.122999	1440.897000	155.900000	-7.230000	49.200000	62.638724	62.538724	62.738724	4.005829	1.535768
-156.755997	21.136000	1495.915000	155.900000	-7.230000	49.200000	66.085074	65.485074	66.585074	4.038435	2.333826
-161.314896	21.956301	1400.875000	155.900000	-7.230000	49.200000	61.966658	61.866658	61.966658	3.998071	1.960462
-156.964600	24.312099	1525.897000	155.900000	-7.230000	49.200000	NaN	NaN	NaN	NaN	NaN
-158.185394	22.620199	1480.897000	155.900000	-7.230000	49.200000	64.109424	63.409424	64.909424	4.074153	2.281137
-154.251801	21.168699	1555.892000	155.900000	-7.230000	49.200000	66.067529	65.167529	66.867529	3.981216	0.742644
-150.914993	18.914200	1606.881000	155.900000	-7.230000	49.200000	NaN	NaN	NaN	NaN	NaN
-153.967499	14.731300	1493.888000	155.900000	-7.230000	49.200000	71.913334	71.713334	72.113334	4.166226	2.329832
-156.387695	17.614901	1462.877000	155.900000	-7.230000	49.200000	64.620038	63.920038	65.420038	4.037747	-1.693473
-156.206604	16.162001	1451.881000	155.900000	-7.230000	49.200000	67.276902	66.576902	67.976902	4.036774	-0.145102
-157.859100	14.659600	1396.878000	155.900000	-7.230000	49.200000	68.667190	68.567190	68.667190	4.104892	1.072257
-157.700806	16.348400	1417.882000	155.900000	-7.230000	49.200000	66.248847	65.848847	66.648847	4.114209	-0.186390
-158.982498	15.574000	1378.882000	155.900000	-7.230000	49.200000	66.025821	65.625821	66.525821	4.102814	-0.231782
-158.760193	18.564699	1418.903000	155.900000	-7.230000	49.200000	63.941046	63.541046	64.341046	4.033891	-0.246105
-158.179504	20.377800	1453.886000	155.900000	-7.230000	49.200000	64.691040	64.391040	64.891040	4.001397	1.381528
-160.047501	19.823400	1403.442000	155.900000	-7.230000	49.200000	64.101940	64.001940	64.301940	3.997613	1.674027
-151.637604	16.737801	1567.535000	155.900000	-7.230000	49.200000	69.688495	67.288495	71.888495	4.158614	0.219084
-151.686600	14.689100	1549.391000	155.900000	-7.230000	49.200000	NaN	NaN	NaN	NaN	NaN
