-155.996994	20.771000	1311.361000	155.180000	48.190000	33.500000
-156.658005	20.891001	1297.381000	155.180000	48.190000	33.500000
-159.664993	22.122999	1220.380000	155.180000	48.190000	33.500000
-158.903000	21.298401	1250.353000	155.180000	48.190000	33.500000
-160.047501	19.823400	1263.353000	155.180000	48.190000	33.500000
-161.314896	21.956301	1196.246000	155.180000	48.190000	33.500000
-161.095001	23.997200	1156.346000	155.180000	48.190000	33.500000
-158.185394	22.620199	1234.356000	155.180000	48.190000	33.500000
-151.686600	14.689100	1510.355000	155.180000	48.190000	33.500000
-153.967499	14.731300	1471.351000	155.180000	48.190000	33.500000
-156.206604	16.162001	1403.348000	155.180000	48.190000	33.500000
-157.859100	14.659600	1406.346000	155.180000	48.190000	33.500000
-157.700806	16.348400	1373.345000	155.180000	48.190000	33.500000
-158.982498	15.574000	1367.350000	155.180000	48.190000	33.500000
-158.760193	18.564699	1310.363000	155.180000	48.190000	33.500000
-158.179504	20.377800	1281.358000	155.180000	48.190000	33.500000
