-155.772995	19.079000	1316.576000	156.390000	47.030000	28.000000
-155.996994	20.771000	1276.554000	156.390000	47.030000	28.000000
-156.658005	20.891001	1263.560000	156.390000	47.030000	28.000000
-159.664993	22.122999	1184.569000	156.390000	47.030000	28.000000
-156.755997	21.136000	1256.567000	156.390000	47.030000	28.000000
-161.095001	23.997200	1121.548000	156.390000	47.030000	28.000000
-158.933105	24.573799	1147.716000	156.390000	47.030000	28.000000
-156.964600	24.312099	1188.528000	156.390000	47.030000	28.000000
-158.185394	22.620199	1199.532000	156.390000	47.030000	28.000000
-154.251801	21.168699	1298.555000	156.390000	47.030000	28.000000
-151.637604	16.737801	1433.885000	156.390000	47.030000	28.000000
-151.686600	14.689100	1475.625000	156.390000	47.030000	28.000000
-153.967499	14.731300	1435.552000	156.390000	47.030000	28.000000
-153.868195	17.315399	1385.650000	156.390000	47.030000	28.000000
-156.206604	16.162001	1367.556000	156.390000	47.030000	28.000000
-157.859100	14.659600	1368.868000	156.390000	47.030000	28.000000
-158.760193	18.564699	1274.543000	156.390000	47.030000	28.000000
-160.047501	19.823400	1227.234000	156.390000	47.030000	28.000000
-155.636200	22.299900	1251.241000	156.390000	47.030000	28.000000
-156.387695	17.614901	1336.151000	156.390000	47.030000	28.000000
-157.700806	16.348400	1337.280000	156.390000	47.030000	28.000000
-158.179504	20.377800	1247.116000	156.390000	47.030000	28.000000
