-155.772995	19.079000	1329.516000	155.690000	47.060000	18.200000	137.287847	136.287847	138.387847	4.032459	0.446864
-155.996994	20.771000	1289.495000	155.690000	47.060000	18.200000	138.912049	138.912049	139.012049	3.945527	3.075433
-159.664993	22.122999	1197.511000	155.690000	47.060000	18.200000	138.741708	138.241708	139.241708	3.991662	2.746229
-156.755997	21.136000	1268.509000	155.690000	47.060000	18.200000	138.262029	138.062029	138.462029	3.953317	2.455971
-160.047501	19.823400	1240.475000	155.690000	47.060000	18.200000	140.667309	140.067309	141.167309	4.013250	2.928471
-161.314896	21.956301	1174.481000	155.690000	47.060000	18.200000	140.729728	140.429728	141.029728	4.017486	4.047533
-161.095001	23.997200	1134.489000	155.690000	47.060000	18.200000	138.086400	137.186400	138.886400	4.024653	3.061049
-158.933105	24.573799	1160.481000	155.690000	47.060000	18.200000	135.997962	135.797962	136.097962	4.024641	2.087762
-158.185394	22.620199	1212.473000	155.690000	47.060000	18.200000	138.628936	138.228936	139.128936	3.981055	3.449495
-150.914993	18.914200	1415.482000	155.690000	47.060000	18.200000	NaN	NaN	NaN	NaN	NaN
-153.967499	14.731300	1448.493000	155.690000	47.060000	18.200000	NaN	NaN	NaN	NaN	NaN
-156.206604	16.162001	1380.499000	155.690000	47.060000	18.200000	137.382102	136.782102	138.082102	4.062923	-1.284120
-157.700806	16.348400	1350.472000	155.690000	47.060000	18.200000	136.239523	135.739523	136.739523	4.131835	-2.823226
-158.982498	15.574000	1342.481000	155.690000	47.060000	18.200000	136.948583	136.848583	137.148583	4.130978	-3.015105
-158.760193	18.564699	1288.483000	155.690000	47.060000	18.200000	139.185228	137.985228	140.385228	4.146333	1.080211
-158.179504	20.377800	1260.483000	155.690000	47.060000	18.200000	139.429164	139.129164	139.829164	3.955405	2.690582
