-155.996994	20.771000	1510.822000	155.820000	-7.150000	53.400000	65.353918	64.753918	65.853918	3.890959	0.745069
-156.658005	20.891001	1495.844000	155.820000	-7.150000	53.400000	65.693718	65.293718	65.993718	3.964763	1.585969
-161.314896	21.956301	1401.716000	155.820000	-7.150000	53.400000	NaN	NaN	NaN	NaN	NaN
-158.185394	22.620199	1480.799000	155.820000	-7.150000	53.400000	63.800250	63.500250	64.100250	4.028329	1.834731
-150.914993	18.914200	1606.814000	155.820000	-7.150000	53.400000	NaN	NaN	NaN	NaN	NaN
-149.000900	16.989000	1635.815000	155.820000	-7.150000	53.400000	NaN	NaN	NaN	NaN	NaN
-151.637604	16.737801	1568.598000	155.820000	-7.150000	53.400000	70.667075	70.167075	71.167075	4.103898	1.071190
-151.686600	14.689100	1549.806000	155.820000	-7.150000	53.400000	NaN	NaN	NaN	NaN	NaN
-153.967499	14.731300	1493.813000	155.820000	-7.150000	53.400000	70.698872	70.598872	70.798872	4.132972	0.985752
-156.387695	17.614901	1463.603000	155.820000	-7.150000	53.400000	65.510673	64.810673	66.110673	4.032853	-0.937660
-156.206604	16.162001	1452.808000	155.820000	-7.150000	53.400000	68.167968	67.867968	68.467968	4.078271	0.611688
-157.859100	14.659600	1397.803000	155.820000	-7.150000	53.400000	69.563929	69.063929	69.963929	4.058972	1.831728
-157.700806	16.348400	1418.774000	155.820000	-7.150000	53.400000	66.844081	66.444081	67.244081	4.074488	0.271499
-158.982498	15.574000	1378.813000	155.820000	-7.150000	53.400000	65.825408	65.325408	66.325408	4.061893	-0.572046
-161.367599	17.746901	1348.805000	155.820000	-7.150000	53.400000	NaN	NaN	NaN	NaN	NaN
-158.760193	18.564699	1418.813000	155.820000	-7.150000	53.400000	63.937578	63.737578	64.137578	4.075204	-0.388933
-158.179504	20.377800	1453.800000	155.820000	-7.150000	53.400000	65.184232	65.084232	65.384232	3.961585	1.736819
