-155.772995	19.079000	1444.299000	-177.400000	-29.540000	56.100000	22.393785	22.293785	22.593785	3.966411	-1.310777
-155.996994	20.771000	1486.280000	-177.400000	-29.540000	56.100000	23.120977	22.720977	23.520977	4.013328	0.128913
-156.658005	20.891001	1483.300000	-177.400000	-29.540000	56.100000	22.362070	21.662070	23.062070	4.013778	0.047821
-156.755997	21.136000	1488.293000	-177.400000	-29.540000	56.100000	21.843761	21.343761	22.343761	3.984786	-0.308105
-158.903000	21.298401	1471.274000	-177.400000	-29.540000	56.100000	21.167591	20.967591	21.367591	4.027463	1.184510
-155.765305	26.776699	1642.258000	-177.400000	-29.540000	56.100000	NaN	NaN	NaN	NaN	NaN
-152.765793	25.592800	1638.270000	-177.400000	-29.540000	56.100000	NaN	NaN	NaN	NaN	NaN
-156.964600	24.312099	1569.274000	-177.400000	-29.540000	56.100000	20.012170	18.112170	21.912170	4.017990	-1.143482
-158.185394	22.620199	1512.262000	-177.400000	-29.540000	56.100000	21.574655	21.174655	21.974655	3.969135	1.203231
-154.251801	21.168699	1513.265000	-177.400000	-29.540000	56.100000	22.848208	22.748208	22.948208	4.003898	-1.704658
-157.859100	14.659600	1311.615000	-177.400000	-29.540000	56.100000	NaN	NaN	NaN	NaN	NaN
-158.982498	15.574000	1323.261000	-177.400000	-29.540000	56.100000	22.080407	21.980407	22.080407	4.021935	0.545324
-158.760193	18.564699	1402.273000	-177.400000	-29.540000	56.100000	21.026300	20.626300	21.526300	4.013345	0.169254
-158.179504	20.377800	1455.259000	-177.400000	-29.540000	56.100000	20.555216	20.055216	21.055216	4.000066	-0.390778
-155.636200	22.299900	1528.814000	-177.400000	-29.540000	56.100000	22.570827	22.170827	22.970827	3.980935	-0.353565
-157.700806	16.348400	1356.052000	-177.400000	-29.540000	56.100000	23.006403	23.006403	23.006403	4.027562	0.381267
