-155.772995	19.079000	1491.376000	156.550000	-7.940000	25.800000
-158.903000	21.298401	1443.520000	156.550000	-7.940000	25.800000
-158.933105	24.573799	1483.553000	156.550000	-7.940000	25.800000
-152.765793	25.592800	1631.333000	156.550000	-7.940000	25.800000
-156.964600	24.312099	1523.308000	156.550000	-7.940000	25.800000
-155.636200	22.299900	1532.328000	156.550000	-7.940000	25.800000
-149.000900	16.989000	1627.696000	156.550000	-7.940000	25.800000
-151.637604	16.737801	1561.148000	156.550000	-7.940000	25.800000
-151.686600	14.689100	1541.754000	156.550000	-7.940000	25.800000
-153.967499	14.731300	1485.346000	156.550000	-7.940000	25.800000
-156.387695	17.614901	1459.132000	156.550000	-7.940000	25.800000
-156.206604	16.162001	1446.342000	156.550000	-7.940000	25.800000
-157.859100	14.659600	1390.759000	156.550000	-7.940000	25.800000
-157.700806	16.348400	1413.302000	156.550000	-7.940000	25.800000
-158.982498	15.574000	1373.348000	156.550000	-7.940000	25.800000
-161.367599	17.746901	1344.545000	156.550000	-7.940000	25.800000
-158.760193	18.564699	1414.359000	156.550000	-7.940000	25.800000
