-160.047501	19.823400	1351.297000	148.180000	43.970000	58.000000
-161.314896	21.956301	1288.295000	148.180000	43.970000	58.000000
-161.095001	23.997200	1256.306000	148.180000	43.970000	58.000000
-155.765305	26.776699	1312.299000	148.180000	43.970000	58.000000
-152.765793	25.592800	1391.309000	148.180000	43.970000	58.000000
-156.964600	24.312099	1329.299000	148.180000	43.970000	58.000000
-150.914993	18.914200	1542.302000	148.180000	43.970000	58.000000
-151.637604	16.737801	1573.292000	148.180000	43.970000	58.000000
-151.686600	14.689100	1607.292000	148.180000	43.970000	58.000000
-153.967499	14.731300	1560.308000	148.180000	43.970000	58.000000
-156.387695	17.614901	1463.313000	148.180000	43.970000	58.000000
-156.206604	16.162001	1490.307000	148.180000	43.970000	58.000000
-157.859100	14.659600	1483.292000	148.180000	43.970000	58.000000
-157.700806	16.348400	1457.295000	148.180000	43.970000	58.000000
-158.982498	15.574000	1443.315000	148.180000	43.970000	58.000000
-158.760193	18.564699	1398.294000	148.180000	43.970000	58.000000
