-155.772995	19.079000	1444.299000	-177.400000	-29.540000	56.100000
-155.996994	20.771000	1486.280000	-177.400000	-29.540000	56.100000
-156.658005	20.891001	1483.300000	-177.400000	-29.540000	56.100000
-156.755997	21.136000	1488.293000	-177.400000	-29.540000	56.100000
-158.903000	21.298401	1471.274000	-177.400000	-29.540000	56.100000
-155.765305	26.776699	1642.258000	-177.400000	-29.540000	56.100000
-152.765793	25.592800	1638.270000	-177.400000	-29.540000	56.100000
-156.964600	24.312099	1569.274000	-177.400000	-29.540000	56.100000
-158.185394	22.620199	1512.262000	-177.400000	-29.540000	56.100000
-154.251801	21.168699	1513.265000	-177.400000	-29.540000	56.100000
-157.859100	14.659600	1311.615000	-177.400000	-29.540000	56.100000
-158.982498	15.574000	1323.261000	-177.400000	-29.540000	56.100000
-158.760193	18.564699	1402.273000	-177.400000	-29.540000	56.100000
-158.179504	20.377800	1455.259000	-177.400000	-29.540000	56.100000
-155.636200	22.299900	1528.814000	-177.400000	-29.540000	56.100000
-157.700806	16.348400	1356.052000	-177.400000	-29.540000	56.100000
