-160.047501	19.823400	1351.297000	148.180000	43.970000	58.000000	NaN	NaN	NaN	NaN	NaN
-161.314896	21.956301	1288.295000	148.180000	43.970000	58.000000	NaN	NaN	NaN	NaN	NaN
-161.095001	23.997200	1256.306000	148.180000	43.970000	58.000000	NaN	NaN	NaN	NaN	NaN
-155.765305	26.776699	1312.299000	148.180000	43.970000	58.000000	NaN	NaN	NaN	NaN	NaN
-152.765793	25.592800	1391.309000	148.180000	43.970000	58.000000	NaN	NaN	NaN	NaN	NaN
-156.964600	24.312099	1329.299000	148.180000	43.970000	58.000000	NaN	NaN	NaN	NaN	NaN
-150.914993	18.914200	1542.302000	148.180000	43.970000	58.000000	NaN	NaN	NaN	NaN	NaN
-151.637604	16.737801	1573.292000	148.180000	43.970000	58.000000	130.243170	127.243170	133.743170	3.738569	-1.734987
-151.686600	14.689100	1607.292000	148.180000	43.970000	58.000000	NaN	NaN	NaN	NaN	NaN
-153.967499	14.731300	1560.308000	148.180000	43.970000	58.000000	129.714836	129.714836	129.714836	4.089880	-3.577576
-156.387695	17.614901	1463.313000	148.180000	43.970000	58.000000	126.658129	126.058129	127.258129	4.089494	-5.583144
-156.206604	16.162001	1490.307000	148.180000	43.970000	58.000000	128.438645	127.838645	129.038645	4.102970	-4.553516
-157.859100	14.659600	1483.292000	148.180000	43.970000	58.000000	130.233472	129.633472	130.733472	4.010570	-3.894845
-157.700806	16.348400	1457.295000	148.180000	43.970000	58.000000	128.285690	127.785690	128.785690	4.072082	-4.908026
-158.982498	15.574000	1443.315000	148.180000	43.970000	58.000000	128.453034	127.953034	128.953034	4.062752	-5.453462
-158.760193	18.564699	1398.294000	148.180000	43.970000	58.000000	126.486820	126.286820	126.686820	4.065308	-5.650684
