-155.772995	19.079000	1340.301000	154.800000	46.170000	12.000000
-155.996994	20.771000	1301.283000	154.800000	46.170000	12.000000
-156.658005	20.891001	1287.285000	154.800000	46.170000	12.000000
-156.755997	21.136000	1280.297000	154.800000	46.170000	12.000000
-158.903000	21.298401	1239.420000	154.800000	46.170000	12.000000
-160.047501	19.823400	1250.263000	154.800000	46.170000	12.000000
-161.314896	21.956301	1184.446000	154.800000	46.170000	12.000000
-158.933105	24.573799	1171.444000	154.800000	46.170000	12.000000
-158.185394	22.620199	1223.262000	154.800000	46.170000	12.000000
-155.636200	22.299900	1275.274000	154.800000	46.170000	12.000000
-154.251801	21.168699	1322.283000	154.800000	46.170000	12.000000
-150.914993	18.914200	1426.267000	154.800000	46.170000	12.000000
-149.000900	16.989000	1497.550000	154.800000	46.170000	12.000000
-151.637604	16.737801	1457.618000	154.800000	46.170000	12.000000
-151.686600	14.689100	1500.352000	154.800000	46.170000	12.000000
-153.967499	14.731300	1458.281000	154.800000	46.170000	12.000000
-153.868195	17.315399	1409.378000	154.800000	46.170000	12.000000
-156.387695	17.614901	1359.280000	154.800000	46.170000	12.000000
-156.206604	16.162001	1390.285000	154.800000	46.170000	12.000000
-157.700806	16.348400	1359.257000	154.800000	46.170000	12.000000
-158.760193	18.564699	1298.272000	154.800000	46.170000	12.000000
-158.179504	20.377800	1270.271000	154.800000	46.170000	12.000000
