-159.664993	22.122999	1435.266000	156.320000	-7.420000	51.000000	61.980041	61.580041	62.380041	4.043480	1.376981
-158.903000	21.298401	1441.236000	156.320000	-7.420000	51.000000	63.123187	62.623187	63.723187	4.043816	1.418278
-160.047501	19.823400	1397.223000	156.320000	-7.420000	51.000000	63.735356	63.435356	63.935356	4.037750	1.804548
-161.314896	21.956301	1395.229000	156.320000	-7.420000	51.000000	61.289617	60.889617	61.589617	4.044738	1.797139
-161.095001	23.997200	1428.232000	156.320000	-7.420000	51.000000	59.689935	59.389935	59.989935	4.034089	1.419631
-155.765305	26.776699	1579.240000	156.320000	-7.420000	51.000000	NaN	NaN	NaN	NaN	NaN
-156.964600	24.312099	1520.202000	156.320000	-7.420000	51.000000	NaN	NaN	NaN	NaN	NaN
-158.185394	22.620199	1474.225000	156.320000	-7.420000	51.000000	63.367110	62.567110	64.167110	4.133206	2.027969
-149.000900	16.989000	1626.236000	156.320000	-7.420000	51.000000	NaN	NaN	NaN	NaN	NaN
-151.637604	16.737801	1560.225000	156.320000	-7.420000	51.000000	70.307212	70.107212	70.507212	4.143512	1.255822
-151.686600	14.689100	1541.236000	156.320000	-7.420000	51.000000	NaN	NaN	NaN	NaN	NaN
-153.967499	14.731300	1485.236000	156.320000	-7.420000	51.000000	70.611747	70.611747	70.611747	4.125485	1.452145
-156.206604	16.162001	1444.234000	156.320000	-7.420000	51.000000	68.151227	67.151227	69.151227	4.110643	1.178363
-157.700806	16.348400	1411.237000	156.320000	-7.420000	51.000000	NaN	NaN	NaN	NaN	NaN
-158.982498	15.574000	1371.237000	156.320000	-7.420000	51.000000	NaN	NaN	NaN	NaN	NaN
-158.179504	20.377800	1447.232000	156.320000	-7.420000	51.000000	64.445511	64.145511	64.645511	4.058946	1.618734
