-155.772995	19.079000	1364.546000	153.540000	46.500000	18.800000
-155.996994	20.771000	1325.527000	153.540000	46.500000	18.800000
-156.658005	20.891001	1311.518000	153.540000	46.500000	18.800000
-159.664993	22.122999	1232.503000	153.540000	46.500000	18.800000
-156.755997	21.136000	1304.538000	153.540000	46.500000	18.800000
-158.903000	21.298401	1262.673000	153.540000	46.500000	18.800000
-161.095001	23.997200	1169.531000	153.540000	46.500000	18.800000
-155.765305	26.776699	1215.686000	153.540000	46.500000	18.800000
-152.765793	25.592800	1293.509000	153.540000	46.500000	18.800000
-158.185394	22.620199	1247.511000	153.540000	46.500000	18.800000
-155.636200	22.299900	1300.513000	153.540000	46.500000	18.800000
-154.251801	21.168699	1347.502000	153.540000	46.500000	18.800000
-150.914993	18.914200	1450.517000	153.540000	46.500000	18.800000
-153.967499	14.731300	1482.523000	153.540000	46.500000	18.800000
-153.868195	17.315399	1433.503000	153.540000	46.500000	18.800000
-156.206604	16.162001	1413.525000	153.540000	46.500000	18.800000
-157.700806	16.348400	1382.522000	153.540000	46.500000	18.800000
-158.982498	15.574000	1372.505000	153.540000	46.500000	18.800000
-158.179504	20.377800	1294.516000	153.540000	46.500000	18.800000
