-155.772995	19.079000	1340.301000	154.800000	46.170000	12.000000	137.524610	136.724610	138.424610	4.033713	2.064697
-155.996994	20.771000	1301.283000	154.800000	46.170000	12.000000	137.411525	136.811525	138.011525	3.981389	2.975109
-156.658005	20.891001	1287.285000	154.800000	46.170000	12.000000	137.686499	137.086499	138.286499	3.969827	3.161150
-156.755997	21.136000	1280.297000	154.800000	46.170000	12.000000	137.533980	137.033980	138.033980	3.970062	3.148566
-158.903000	21.298401	1239.420000	154.800000	46.170000	12.000000	138.136661	137.736661	138.536661	3.990707	3.269394
-160.047501	19.823400	1250.263000	154.800000	46.170000	12.000000	139.475132	139.275132	139.575132	4.040395	3.217642
-161.314896	21.956301	1184.446000	154.800000	46.170000	12.000000	139.351977	138.951977	139.851977	4.020137	4.209957
-158.933105	24.573799	1171.444000	154.800000	46.170000	12.000000	NaN	NaN	NaN	NaN	NaN
-158.185394	22.620199	1223.262000	154.800000	46.170000	12.000000	138.131404	137.431404	138.831404	3.960192	4.420712
-155.636200	22.299900	1275.274000	154.800000	46.170000	12.000000	137.181557	136.881557	137.481557	3.951555	3.864708
-154.251801	21.168699	1322.283000	154.800000	46.170000	12.000000	138.491725	138.491725	138.591725	4.019765	4.723212
-150.914993	18.914200	1426.267000	154.800000	46.170000	12.000000	NaN	NaN	NaN	NaN	NaN
-149.000900	16.989000	1497.550000	154.800000	46.170000	12.000000	NaN	NaN	NaN	NaN	NaN
-151.637604	16.737801	1457.618000	154.800000	46.170000	12.000000	138.807966	138.207966	139.407966	4.122214	3.034902
-151.686600	14.689100	1500.352000	154.800000	46.170000	12.000000	NaN	NaN	NaN	NaN	NaN
-153.967499	14.731300	1458.281000	154.800000	46.170000	12.000000	138.376025	137.676025	139.176025	4.092761	0.965248
-153.868195	17.315399	1409.378000	154.800000	46.170000	12.000000	136.439789	135.439789	137.439789	4.162804	0.439554
-156.387695	17.614901	1359.280000	154.800000	46.170000	12.000000	137.531101	136.431101	138.731101	4.059941	1.011550
-156.206604	16.162001	1390.285000	154.800000	46.170000	12.000000	137.164452	136.664452	137.564452	4.095565	-0.138983
-157.700806	16.348400	1359.257000	154.800000	46.170000	12.000000	135.082834	134.882834	135.282834	4.139452	-2.587768
-158.760193	18.564699	1298.272000	154.800000	46.170000	12.000000	138.855235	138.355235	139.455235	4.063582	2.188201
-158.179504	20.377800	1270.271000	154.800000	46.170000	12.000000	138.176720	137.876720	138.476720	3.953449	2.883780
