-155.772995	19.079000	2186.618000	-123.850000	-55.610000	12.000000	343.146147	341.946147	344.446147	3.984544	0.833041
-155.996994	20.771000	2235.598000	-123.850000	-55.610000	12.000000	344.664453	343.964453	345.264453	3.891491	2.373920
-156.658005	20.891001	2244.616000	-123.850000	-55.610000	12.000000	344.806807	343.806807	345.806807	3.954056	2.836031
-159.664993	22.122999	2296.617000	-123.850000	-55.610000	12.000000	345.933245	345.333245	346.533245	3.931152	5.364021
-161.095001	23.997200	2358.597000	-123.850000	-55.610000	12.000000	343.725061	343.125061	344.425061	3.939920	3.773487
-158.933105	24.573799	2358.796000	-123.850000	-55.610000	12.000000	344.680973	344.180973	345.280973	3.943784	3.683539
-156.964600	24.312099	2338.551000	-123.850000	-55.610000	12.000000	343.302770	341.702770	344.802770	4.052167	1.354035
-158.185394	22.620199	2301.576000	-123.850000	-55.610000	12.000000	344.598266	343.898266	345.298266	3.963872	3.299827
-155.636200	22.299900	2274.554000	-123.850000	-55.610000	12.000000	344.654418	344.254418	345.054418	3.930926	2.118621
-154.251801	21.168699	2233.580000	-123.850000	-55.610000	12.000000	344.359240	344.059240	344.659240	3.851416	1.180723
-153.967499	14.731300	2060.588000	-123.850000	-55.610000	12.000000	NaN	NaN	NaN	NaN	NaN
-156.206604	16.162001	2114.584000	-123.850000	-55.610000	12.000000	343.728686	343.328686	344.228686	4.113413	1.818364
-157.859100	14.659600	2088.004000	-123.850000	-55.610000	12.000000	NaN	NaN	NaN	NaN	NaN
-158.982498	15.574000	2119.588000	-123.850000	-55.610000	12.000000	342.839322	341.939322	343.639322	4.023470	2.318634
-161.367599	17.746901	2197.784000	-123.850000	-55.610000	12.000000	NaN	NaN	NaN	NaN	NaN
-158.760193	18.564699	2196.588000	-123.850000	-55.610000	12.000000	342.154007	341.554007	342.854007	3.957013	1.325102
-158.179504	20.377800	2240.001000	-123.850000	-55.610000	12.000000	344.076505	343.576505	344.676505	3.959088	2.870864
-155.765305	26.776699	2393.168000	-123.850000	-55.610000	12.000000	NaN	NaN	NaN	NaN	NaN
-152.765793	25.592800	2342.212000	-123.850000	-55.610000	12.000000	NaN	NaN	NaN	NaN	NaN
-151.637604	16.737801	2099.377000	-123.850000	-55.610000	12.000000	NaN	NaN	NaN	NaN	NaN
