-155.772995	19.079000	1364.546000	153.540000	46.500000	18.800000	137.174679	135.874679	138.574679	4.046779	1.620834
-155.996994	20.771000	1325.527000	153.540000	46.500000	18.800000	137.485196	137.085196	137.885196	3.940789	2.922301
-156.658005	20.891001	1311.518000	153.540000	46.500000	18.800000	137.754677	137.254677	138.254677	3.943971	3.112109
-159.664993	22.122999	1232.503000	153.540000	46.500000	18.800000	137.361593	136.661593	137.961593	3.970968	2.778643
-156.755997	21.136000	1304.538000	153.540000	46.500000	18.800000	137.505104	137.005104	137.905104	3.946924	2.998593
-158.903000	21.298401	1262.673000	153.540000	46.500000	18.800000	137.783765	137.483765	137.983765	3.929269	2.833002
-161.095001	23.997200	1169.531000	153.540000	46.500000	18.800000	NaN	NaN	NaN	NaN	NaN
-155.765305	26.776699	1215.686000	153.540000	46.500000	18.800000	NaN	NaN	NaN	NaN	NaN
-152.765793	25.592800	1293.509000	153.540000	46.500000	18.800000	NaN	NaN	NaN	NaN	NaN
-158.185394	22.620199	1247.511000	153.540000	46.500000	18.800000	137.711666	137.011666	138.511666	3.945874	3.871276
-155.636200	22.299900	1300.513000	153.540000	46.500000	18.800000	136.085116	135.885116	136.385116	3.951118	2.599961
-154.251801	21.168699	1347.502000	153.540000	46.500000	18.800000	137.589895	137.489895	137.589895	4.009852	3.655538
-150.914993	18.914200	1450.517000	153.540000	46.500000	18.800000	NaN	NaN	NaN	NaN	NaN
-153.967499	14.731300	1482.523000	153.540000	46.500000	18.800000	NaN	NaN	NaN	NaN	NaN
-153.868195	17.315399	1433.503000	153.540000	46.500000	18.800000	135.285690	135.285690	135.285690	4.070164	-0.806853
-156.206604	16.162001	1413.525000	153.540000	46.500000	18.800000	135.670852	135.070852	136.370852	4.036795	-1.660919
-157.700806	16.348400	1382.522000	153.540000	46.500000	18.800000	NaN	NaN	NaN	NaN	NaN
-158.982498	15.574000	1372.505000	153.540000	46.500000	18.800000	NaN	NaN	NaN	NaN	NaN
-158.179504	20.377800	1294.516000	153.540000	46.500000	18.800000	137.817915	137.617915	137.917915	3.943346	2.448315
