-155.996994	20.771000	1510.822000	155.820000	-7.150000	53.400000
-156.658005	20.891001	1495.844000	155.820000	-7.150000	53.400000
-161.314896	21.956301	1401.716000	155.820000	-7.150000	53.400000
-158.185394	22.620199	1480.799000	155.820000	-7.150000	53.400000
-150.914993	18.914200	1606.814000	155.820000	-7.150000	53.400000
-149.000900	16.989000	1635.815000	155.820000	-7.150000	53.400000
-151.637604	16.737801	1568.598000	155.820000	-7.150000	53.400000
-151.686600	14.689100	1549.806000	155.820000	-7.150000	53.400000
-153.967499	14.731300	1493.813000	155.820000	-7.150000	53.400000
-156.387695	17.614901	1463.603000	155.820000	-7.150000	53.400000
-156.206604	16.162001	1452.808000	155.820000	-7.150000	53.400000
-157.859100	14.659600	1397.803000	155.820000	-7.150000	53.400000
-157.700806	16.348400	1418.774000	155.820000	-7.150000	53.400000
-158.982498	15.574000	1378.813000	155.820000	-7.150000	53.400000
-161.367599	17.746901	1348.805000	155.820000	-7.150000	53.400000
-158.760193	18.564699	1418.813000	155.820000	-7.150000	53.400000
-158.179504	20.377800	1453.800000	155.820000	-7.150000	53.400000
