-154.994400	21.507000	2355.146000	122.230000	-5.520000	12.000000
-153.982697	21.519699	2381.079000	122.230000	-5.520000	12.000000
-153.295898	18.800900	2386.107000	122.230000	-5.520000	12.000000
-155.714996	18.000299	2318.170000	122.230000	-5.520000	12.000000
-156.465103	18.775000	2303.238000	122.230000	-5.520000	12.000000
-156.510101	19.477699	2306.095000	122.230000	-5.520000	12.000000
-157.627594	20.346100	2282.116000	122.230000	-5.520000	12.000000
-154.617798	20.088900	2359.960000	122.230000	-5.520000	12.000000
-155.679398	21.205500	2336.859000	122.230000	-5.520000	12.000000
-153.292099	20.892599	2395.766000	122.230000	-5.520000	12.000000
-153.503204	19.495199	2384.914000	122.230000	-5.520000	12.000000
-153.992294	18.797600	2367.941000	122.230000	-5.520000	12.000000
-153.290604	17.906200	2381.052000	122.230000	-5.520000	12.000000
-154.030502	17.988400	2361.907000	122.230000	-5.520000	12.000000
-156.808197	18.404200	2290.823000	122.230000	-5.520000	12.000000
-156.932007	19.832701	2296.888000	122.230000	-5.520000	12.000000
