-155.772995	19.079000	1621.162000	148.610000	-3.170000	13.000000
-155.996994	20.771000	1631.167000	148.610000	-3.170000	13.000000
-155.710999	20.046000	1632.162000	148.610000	-3.170000	13.000000
-159.401001	21.971001	1556.168000	148.610000	-3.170000	13.000000
-156.658005	20.891001	1615.173000	148.610000	-3.170000	13.000000
-159.664993	22.122999	1551.172000	148.610000	-3.170000	13.000000
-156.755997	21.136000	1614.181000	148.610000	-3.170000	13.000000
-154.617798	20.088900	1660.144000	148.610000	-3.170000	13.000000
-155.679398	21.205500	1643.147000	148.610000	-3.170000	13.000000
-154.482803	21.001900	1673.146000	148.610000	-3.170000	13.000000
-153.982697	21.519699	1686.161000	148.610000	-3.170000	13.000000
-153.992294	18.797600	1662.153000	148.610000	-3.170000	13.000000
-152.132401	18.481400	1705.165000	148.610000	-3.170000	13.000000
-153.290604	17.906200	1673.146000	148.610000	-3.170000	13.000000
-153.700806	17.297501	1657.165000	148.610000	-3.170000	13.000000
-154.691299	17.180099	1632.163000	148.610000	-3.170000	13.000000
-154.030502	17.988400	1655.157000	148.610000	-3.170000	13.000000
-154.495895	18.401699	1647.146000	148.610000	-3.170000	13.000000
-154.797394	18.803101	1642.456000	148.610000	-3.170000	13.000000
-155.714996	18.000299	1612.155000	148.610000	-3.170000	13.000000
-156.808197	18.404200	1588.327000	148.610000	-3.170000	13.000000
-157.227295	18.984800	1583.147000	148.610000	-3.170000	13.000000
-156.932007	19.832701	1598.142000	148.610000	-3.170000	13.000000
-157.627594	20.346100	1585.096000	148.610000	-3.170000	13.000000
