-155.772995	19.079000	1550.447000	144.810000	13.860000	159.400000
-157.931000	21.646000	1491.436000	144.810000	13.860000	159.400000
-155.996994	20.771000	1544.426000	144.810000	13.860000	159.400000
-154.983002	19.601000	1570.439000	144.810000	13.860000	159.400000
-156.755997	21.136000	1524.458000	144.810000	13.860000	159.400000
-154.617798	20.088900	1578.450000	144.810000	13.860000	159.400000
-155.679398	21.205500	1551.441000	144.810000	13.860000	159.400000
-154.994400	21.507000	1568.435000	144.810000	13.860000	159.400000
-153.982697	21.519699	1590.520000	144.810000	13.860000	159.400000
-153.902405	19.979099	1600.494000	144.810000	13.860000	159.400000
-153.992294	18.797600	1593.444000	144.810000	13.860000	159.400000
-152.132401	18.481400	1635.435000	144.810000	13.860000	159.400000
-153.700806	17.297501	1597.426000	144.810000	13.860000	159.400000
-154.691299	17.180099	1576.440000	144.810000	13.860000	159.400000
-154.030502	17.988400	1587.431000	144.810000	13.860000	159.400000
-156.808197	18.404200	1524.423000	144.810000	13.860000	159.400000
-156.465103	18.775000	1532.435000	144.810000	13.860000	159.400000
-157.227295	18.984800	1513.428000	144.810000	13.860000	159.400000
-156.510101	19.477699	1532.519000	144.810000	13.860000	159.400000
-157.627594	20.346100	1502.430000	144.810000	13.860000	159.400000
