-157.931000	21.646000	1490.283000	153.190000	-4.530000	54.000000	69.784866	69.484866	70.084866	3.744602	2.556596
-155.996994	20.771000	1532.274000	153.190000	-4.530000	54.000000	68.392444	67.992444	68.892444	3.868516	-0.567144
-154.983002	19.601000	1545.271000	153.190000	-4.530000	54.000000	68.312730	67.712730	68.912730	3.961892	-1.955809
-156.658005	20.891001	1517.289000	153.190000	-4.530000	54.000000	67.985333	67.485333	68.485333	3.848251	-0.509267
-154.617798	20.088900	1560.289000	153.190000	-4.530000	54.000000	67.202108	66.502108	68.002108	3.932653	-2.964331
-155.679398	21.205500	1544.290000	153.190000	-4.530000	54.000000	68.532506	68.132506	68.832506	3.867798	-0.340053
-154.482803	21.001900	1571.275000	153.190000	-4.530000	54.000000	69.532100	69.132100	69.932100	3.915214	-0.154378
-153.992294	18.797600	1561.277000	153.190000	-4.530000	54.000000	69.589217	69.089217	70.089217	3.991925	-1.706415
-152.132401	18.481400	1602.287000	153.190000	-4.530000	54.000000	68.892968	68.492968	69.292968	4.099009	-3.532576
-153.700806	17.297501	1552.150000	153.190000	-4.530000	54.000000	68.194210	67.694210	68.694210	4.018710	-4.177997
-154.691299	17.180099	1528.278000	153.190000	-4.530000	54.000000	70.080331	69.580331	70.580331	4.004239	-1.879726
-154.797394	18.803101	1542.276000	153.190000	-4.530000	54.000000	69.987101	69.287101	70.587101	3.991143	-0.882889
-155.714996	18.000299	1512.281000	153.190000	-4.530000	54.000000	70.960038	70.360038	71.660038	3.969133	0.057044
-156.808197	18.404200	1487.208000	153.190000	-4.530000	54.000000	68.768973	68.368973	69.168973	3.921884	-1.278318
-157.227295	18.984800	1482.290000	153.190000	-4.530000	54.000000	69.328421	68.928421	69.828421	3.872030	-0.093494
-156.510101	19.477699	1506.279000	153.190000	-4.530000	54.000000	69.453546	68.853546	70.153546	3.879695	-0.045177
-156.932007	19.832701	1498.276000	153.190000	-4.530000	54.000000	69.275416	68.775416	69.875416	3.880639	0.251442
-157.627594	20.346100	1486.267000	153.190000	-4.530000	54.000000	68.596090	68.196090	68.996090	3.852621	0.321564
