-155.772995	19.079000	1510.048000	153.950000	-5.200000	83.600000	67.684206	67.184206	68.184206	4.060727	-1.338012
-157.931000	21.646000	1486.035000	153.950000	-5.200000	83.600000	65.029195	64.929195	65.229195	3.965675	-1.012228
-155.996994	20.771000	1522.028000	153.950000	-5.200000	83.600000	66.577059	66.477059	66.677059	4.024199	-1.227026
-154.983002	19.601000	1534.003000	153.950000	-5.200000	83.600000	67.215786	66.915786	67.515786	4.036599	-1.916200
-159.401001	21.971001	1455.029000	153.950000	-5.200000	83.600000	63.358539	63.158539	63.658539	3.873838	-1.502562
-156.658005	20.891001	1508.032000	153.950000	-5.200000	83.600000	66.155303	66.055303	66.355303	3.968444	-1.173551
-157.270004	21.108999	1496.040000	153.950000	-5.200000	83.600000	65.537196	65.337196	65.737196	3.964593	-1.273649
-159.664993	22.122999	1451.027000	153.950000	-5.200000	83.600000	62.755791	62.255791	63.155791	3.849845	-1.824172
-154.617798	20.088900	1547.693000	153.950000	-5.200000	83.600000	67.115169	66.915169	67.215169	4.036060	-1.918332
-155.679398	21.205500	1534.012000	153.950000	-5.200000	83.600000	66.726334	66.626334	66.826334	4.029817	-0.994259
-153.992294	18.797600	1548.520000	153.950000	-5.200000	83.600000	68.212171	67.912171	68.612171	4.059556	-1.964994
-153.700806	17.297501	1540.083000	153.950000	-5.200000	83.600000	68.020314	67.820314	68.220314	4.084400	-3.245636
-154.691299	17.180099	1516.005000	153.950000	-5.200000	83.600000	68.983470	68.783470	69.183470	4.069102	-1.856094
-154.030502	17.988400	1539.017000	153.950000	-5.200000	83.600000	67.512427	67.012427	68.012427	4.033192	-3.150272
-154.495895	18.401699	1533.020000	153.950000	-5.200000	83.600000	68.565137	68.365137	68.865137	4.067969	-1.591712
-154.797394	18.803101	1530.433000	153.950000	-5.200000	83.600000	68.491805	67.991805	68.891805	4.061705	-1.247859
-155.714996	18.000299	1500.006000	153.950000	-5.200000	83.600000	68.841107	68.541107	69.141107	4.077310	-0.921294
-156.808197	18.404200	1477.007000	153.950000	-5.200000	83.600000	67.225175	67.025175	67.425175	4.048674	-1.662194
-156.167007	18.301001	1492.024000	153.950000	-5.200000	83.600000	68.211562	68.011562	68.411562	4.070394	-1.103585
-157.227295	18.984800	1473.014000	153.950000	-5.200000	83.600000	66.776595	66.676595	66.976595	4.033556	-1.476229
-156.510101	19.477699	1495.627000	153.950000	-5.200000	83.600000	67.020764	66.820764	67.220764	4.039332	-1.318679
-156.932007	19.832701	1489.018000	153.950000	-5.200000	83.600000	66.934121	66.734121	67.134121	4.017662	-0.922791
-157.627594	20.346100	1477.781000	153.950000	-5.200000	83.600000	66.340618	66.140618	66.540618	3.991269	-0.754446
