-155.772995	19.079000	1284.630000	176.090000	-18.520000	12.000000
-155.996994	20.771000	1319.603000	176.090000	-18.520000	12.000000
-155.710999	20.046000	1303.606000	176.090000	-18.520000	12.000000
-159.401001	21.971001	1287.593000	176.090000	-18.520000	12.000000
-156.658005	20.891001	1309.599000	176.090000	-18.520000	12.000000
-157.270004	21.108999	1302.623000	176.090000	-18.520000	12.000000
-155.679398	21.205500	1334.598000	176.090000	-18.520000	12.000000
-154.994400	21.507000	1351.594000	176.090000	-18.520000	12.000000
-154.482803	21.001900	1349.590000	176.090000	-18.520000	12.000000
-153.902405	19.979099	1333.591000	176.090000	-18.520000	12.000000
-153.503204	19.495199	1330.600000	176.090000	-18.520000	12.000000
-154.393997	19.262501	1311.602000	176.090000	-18.520000	12.000000
-154.691299	17.180099	1255.586000	176.090000	-18.520000	12.000000
-154.030502	17.988400	1283.593000	176.090000	-18.520000	12.000000
-154.797394	18.803101	1289.590000	176.090000	-18.520000	12.000000
-156.808197	18.404200	1249.591000	176.090000	-18.520000	12.000000
-157.227295	18.984800	1256.584000	176.090000	-18.520000	12.000000
-157.627594	20.346100	1279.590000	176.090000	-18.520000	12.000000
