-155.772995	19.079000	1552.722000	142.380000	38.110000	34.000000
-155.996994	20.771000	1522.736000	142.380000	38.110000	34.000000
-155.710999	20.046000	1540.731000	142.380000	38.110000	34.000000
-159.401001	21.971001	1427.738000	142.380000	38.110000	34.000000
-156.658005	20.891001	1505.741000	142.380000	38.110000	34.000000
-156.755997	21.136000	1499.749000	142.380000	38.110000	34.000000
-154.617798	20.088900	1561.722000	142.380000	38.110000	34.000000
-155.679398	21.205500	1521.732000	142.380000	38.110000	34.000000
-154.482803	21.001900	1552.716000	142.380000	38.110000	34.000000
-153.982697	21.519699	1550.717000	142.380000	38.110000	34.000000
-153.292099	20.892599	1575.727000	142.380000	38.110000	34.000000
-153.902405	19.979099	1578.717000	142.380000	38.110000	34.000000
-153.503204	19.495199	1596.711000	142.380000	38.110000	34.000000
-152.132401	18.481400	1638.712000	142.380000	38.110000	34.000000
-153.700806	17.297501	1621.730000	142.380000	38.110000	34.000000
-154.691299	17.180099	1599.727000	142.380000	38.110000	34.000000
-154.030502	17.988400	1605.731000	142.380000	38.110000	34.000000
-154.495895	18.401699	1590.712000	142.380000	38.110000	34.000000
-154.797394	18.803101	1578.719000	142.380000	38.110000	34.000000
-155.714996	18.000299	1566.723000	142.380000	38.110000	34.000000
-156.808197	18.404200	1535.721000	142.380000	38.110000	34.000000
-156.167007	18.301001	1550.713000	142.380000	38.110000	34.000000
-157.227295	18.984800	1518.717000	142.380000	38.110000	34.000000
-156.510101	19.477699	1530.716000	142.380000	38.110000	34.000000
-157.627594	20.346100	1491.722000	142.380000	38.110000	34.000000
-153.992294	18.797600	1595.709000	142.380000	38.110000	34.000000
-153.290604	17.906200	1621.709000	142.380000	38.110000	34.000000
