-155.679398	21.205500	2603.264000	-69.230000	-20.020000	94.500000	288.430703	288.330703	288.630703	3.999538	-1.509601
-153.295898	18.800900	2523.227000	-69.230000	-20.020000	94.500000	289.955749	289.755749	290.155749	3.997997	-0.865091
-156.510101	19.477699	2609.241000	-69.230000	-20.020000	94.500000	288.336305	288.136305	288.536305	3.996503	-1.449391
-155.772995	19.079000	2586.872000	-69.230000	-20.020000	94.500000	288.998117	288.898117	289.098117	3.995211	-1.040009
-157.931000	21.646000	2661.860000	-69.230000	-20.020000	94.500000	287.943583	287.343583	288.543583	4.111424	-1.199427
-155.996994	20.771000	2607.845000	-69.230000	-20.020000	94.500000	289.019936	288.819936	289.219936	3.998625	-0.842742
-154.983002	19.601000	2571.857000	-69.230000	-20.020000	94.500000	289.246011	289.046011	289.346011	4.002504	-1.013446
-159.401001	21.971001	2697.874000	-69.230000	-20.020000	94.500000	287.808551	285.108551	290.608551	4.195238	-0.804294
-156.658005	20.891001	2624.851000	-69.230000	-20.020000	94.500000	288.623836	288.323836	288.923836	4.042006	-1.011193
-157.270004	21.108999	2642.865000	-69.230000	-20.020000	94.500000	289.438399	288.638399	290.138399	4.075005	0.024045
-156.755997	21.136000	2628.865000	-69.230000	-20.020000	94.500000	288.224639	287.924639	288.524639	4.049420	-1.358338
-154.617798	20.088900	2567.652000	-69.230000	-20.020000	94.500000	289.523468	289.423468	289.623468	4.004073	-0.832266
-155.679398	21.205500	2602.839000	-69.230000	-20.020000	94.500000	288.430703	288.330703	288.630703	3.999538	-1.509601
-154.482803	21.001900	2573.832000	-69.230000	-20.020000	94.500000	290.524471	290.324471	290.724471	3.995203	0.164926
-153.982697	21.519699	2564.827000	-69.230000	-20.020000	94.500000	289.173149	289.073149	289.273149	3.992569	-1.336680
-153.292099	20.892599	2541.825000	-69.230000	-20.020000	94.500000	289.113018	289.013018	289.213018	4.006513	-1.660513
-153.902405	19.979099	2548.849000	-69.230000	-20.020000	94.500000	289.555823	289.455823	289.655823	4.013096	-1.039636
-153.503204	19.495199	2534.850000	-69.230000	-20.020000	94.500000	289.935541	289.835541	290.035541	4.009526	-0.804457
-154.393997	19.262501	2553.894000	-69.230000	-20.020000	94.500000	289.321799	289.121799	289.521799	4.012918	-1.139049
-153.992294	18.797600	2539.545000	-69.230000	-20.020000	94.500000	289.719447	289.519447	290.019447	4.011815	-0.882573
-153.295898	18.800900	2522.827000	-69.230000	-20.020000	94.500000	289.955749	289.755749	290.155749	3.997997	-0.865091
-152.132401	18.481400	2492.049000	-69.230000	-20.020000	94.500000	290.852697	290.652697	291.052697	4.065081	-0.339251
-153.290604	17.906200	2514.827000	-69.230000	-20.020000	94.500000	289.321204	289.121204	289.521204	4.016203	-1.514286
-153.700806	17.297501	2518.644000	-69.230000	-20.020000	94.500000	290.113319	290.013319	290.213319	4.014186	-0.608059
-154.691299	17.180099	2541.855000	-69.230000	-20.020000	94.500000	290.270775	290.170775	290.270775	4.002595	-0.167081
-154.030502	17.988400	2533.374000	-69.230000	-20.020000	94.500000	289.948981	289.848981	290.048981	4.003227	-0.661720
-154.495895	18.401699	2548.863000	-69.230000	-20.020000	94.500000	289.481032	289.381032	289.681032	4.011592	-0.977491
-154.797394	18.803101	2559.843000	-69.230000	-20.020000	94.500000	289.457817	289.357817	289.657817	4.008660	-0.894003
-155.714996	18.000299	2575.559000	-69.230000	-20.020000	94.500000	289.202338	289.202338	289.302338	3.995569	-0.908683
-156.808197	18.404200	2605.847000	-69.230000	-20.020000	94.500000	289.427904	289.327904	289.527904	3.999347	-0.340008
-156.167007	18.301001	2589.832000	-69.230000	-20.020000	94.500000	288.837882	288.737882	288.837882	3.995916	-1.124816
-156.465103	18.775000	2601.834000	-69.230000	-20.020000	94.500000	288.288051	288.088051	288.388051	3.994824	-1.557597
-157.227295	18.984800	2621.857000	-69.230000	-20.020000	94.500000	288.742020	288.642020	288.942020	3.996149	-0.860367
-156.510101	19.477699	2608.841000	-69.230000	-20.020000	94.500000	288.336305	288.136305	288.536305	3.996503	-1.449391
-156.932007	19.832701	2622.223000	-69.230000	-20.020000	94.500000	288.237116	287.937116	288.637116	4.036422	-1.391384
-157.627594	20.346100	2644.837000	-69.230000	-20.020000	94.500000	287.204055	286.504055	288.004055	4.045264	-2.162093
