-155.772995	19.079000	1552.722000	142.380000	38.110000	34.000000	123.738330	122.738330	124.638330	4.064923	0.080965
-155.996994	20.771000	1522.736000	142.380000	38.110000	34.000000	120.367398	119.367398	121.267398	4.016180	-2.332863
-155.710999	20.046000	1540.731000	142.380000	38.110000	34.000000	120.928160	119.528160	122.428160	4.043371	-2.188132
-159.401001	21.971001	1427.738000	142.380000	38.110000	34.000000	120.513136	120.313136	120.713136	3.917869	-1.447268
-156.658005	20.891001	1505.741000	142.380000	38.110000	34.000000	120.850912	119.850912	121.850912	4.034742	-1.776671
-156.755997	21.136000	1499.749000	142.380000	38.110000	34.000000	120.558110	119.558110	121.458110	4.000439	-1.922783
-154.617798	20.088900	1561.722000	142.380000	38.110000	34.000000	121.311600	120.711600	121.911600	4.057628	-1.783144
-155.679398	21.205500	1521.732000	142.380000	38.110000	34.000000	121.628322	121.028322	122.328322	3.995696	-0.822439
-154.482803	21.001900	1552.716000	142.380000	38.110000	34.000000	120.810833	120.110833	121.610833	4.021411	-1.780585
-153.982697	21.519699	1550.717000	142.380000	38.110000	34.000000	126.386721	125.886721	126.786721	4.022102	4.069101
-153.292099	20.892599	1575.727000	142.380000	38.110000	34.000000	125.704887	125.304887	126.104887	4.116533	3.018504
-153.902405	19.979099	1578.717000	142.380000	38.110000	34.000000	121.783712	121.183712	122.383712	4.069038	-1.378158
-153.503204	19.495199	1596.711000	142.380000	38.110000	34.000000	120.218178	119.218178	121.318178	4.050597	-3.203703
-152.132401	18.481400	1638.712000	142.380000	38.110000	34.000000	122.963892	122.263892	123.763892	4.123147	-0.979509
-153.700806	17.297501	1621.730000	142.380000	38.110000	34.000000	120.877310	120.177310	121.477310	4.071164	-3.661171
-154.691299	17.180099	1599.727000	142.380000	38.110000	34.000000	119.218630	118.618630	119.718630	4.113893	-5.411094
-154.030502	17.988400	1605.731000	142.380000	38.110000	34.000000	122.517769	121.717769	123.417769	4.066317	-1.682421
-154.495895	18.401699	1590.712000	142.380000	38.110000	34.000000	123.806642	122.706642	124.906642	4.056505	-0.189558
-154.797394	18.803101	1578.719000	142.380000	38.110000	34.000000	123.600754	122.400754	124.900754	4.063204	-0.188980
-155.714996	18.000299	1566.723000	142.380000	38.110000	34.000000	120.071248	119.571248	120.571248	4.046666	-4.170456
-156.808197	18.404200	1535.721000	142.380000	38.110000	34.000000	119.569383	119.169383	120.069383	4.005878	-4.495060
-156.167007	18.301001	1550.713000	142.380000	38.110000	34.000000	118.762215	118.262215	119.262215	4.006660	-5.333745
-157.227295	18.984800	1518.717000	142.380000	38.110000	34.000000	119.654147	119.154147	120.154147	3.990102	-4.098282
-156.510101	19.477699	1530.716000	142.380000	38.110000	34.000000	123.201378	122.101378	124.201378	4.031845	-0.247752
-157.627594	20.346100	1491.722000	142.380000	38.110000	34.000000	120.416799	119.516799	121.316799	3.974797	-2.545784
-153.992294	18.797600	1595.709000	142.380000	38.110000	34.000000	122.104709	120.904709	123.204709	4.052424	-1.679385
-153.290604	17.906200	1621.709000	142.380000	38.110000	34.000000	122.134305	121.034305	123.334305	4.096462	-2.094957
