-155.772995	19.079000	1558.165000	142.050000	38.240000	37.000000
-157.931000	21.646000	1471.152000	142.050000	38.240000	37.000000
-155.996994	20.771000	1528.137000	142.050000	38.240000	37.000000
-154.983002	19.601000	1568.134000	142.050000	38.240000	37.000000
-159.401001	21.971001	1425.166000	142.050000	38.240000	37.000000
-156.658005	20.891001	1511.139000	142.050000	38.240000	37.000000
-157.270004	21.108999	1494.158000	142.050000	38.240000	37.000000
-154.617798	20.088900	1568.122000	142.050000	38.240000	37.000000
-155.679398	21.205500	1527.127000	142.050000	38.240000	37.000000
-154.482803	21.001900	1558.124000	142.050000	38.240000	37.000000
-153.982697	21.519699	1557.130000	142.050000	38.240000	37.000000
-153.292099	20.892599	1581.127000	142.050000	38.240000	37.000000
-154.393997	19.262501	1586.137000	142.050000	38.240000	37.000000
-153.992294	18.797600	1601.142000	142.050000	38.240000	37.000000
-154.030502	17.988400	1611.120000	142.050000	38.240000	37.000000
-154.495895	18.401699	1596.142000	142.050000	38.240000	37.000000
-154.797394	18.803101	1584.124000	142.050000	38.240000	37.000000
-155.714996	18.000299	1573.138000	142.050000	38.240000	37.000000
-156.808197	18.404200	1542.129000	142.050000	38.240000	37.000000
-156.167007	18.301001	1558.141000	142.050000	38.240000	37.000000
-157.227295	18.984800	1526.118000	142.050000	38.240000	37.000000
-156.510101	19.477699	1536.137000	142.050000	38.240000	37.000000
-156.932007	19.832701	1521.123000	142.050000	38.240000	37.000000
-157.627594	20.346100	1498.123000	142.050000	38.240000	37.000000
