-155.772995	19.079000	1044.786000	-172.730000	-15.220000	15.000000
-155.996994	20.771000	1084.759000	-172.730000	-15.220000	15.000000
-154.983002	19.601000	1065.761000	-172.730000	-15.220000	15.000000
-155.710999	20.046000	1067.762000	-172.730000	-15.220000	15.000000
-159.401001	21.971001	1072.787000	-172.730000	-15.220000	15.000000
-156.658005	20.891001	1078.783000	-172.730000	-15.220000	15.000000
-157.270004	21.108999	1076.779000	-172.730000	-15.220000	15.000000
-156.755997	21.136000	1083.777000	-172.730000	-15.220000	15.000000
-155.679398	21.205500	1097.759000	-172.730000	-15.220000	15.000000
-154.482803	21.001900	1104.745000	-172.730000	-15.220000	15.000000
-153.292099	20.892599	1112.964000	-172.730000	-15.220000	15.000000
-153.503204	19.495199	1078.741000	-172.730000	-15.220000	15.000000
-154.393997	19.262501	1063.808000	-172.730000	-15.220000	15.000000
-153.992294	18.797600	1057.744000	-172.730000	-15.220000	15.000000
-152.132401	18.481400	1073.936000	-172.730000	-15.220000	15.000000
-153.290604	17.906200	1044.896000	-172.730000	-15.220000	15.000000
-154.691299	17.180099	1010.740000	-172.730000	-15.220000	15.000000
-154.797394	18.803101	1048.750000	-172.730000	-15.220000	15.000000
-155.714996	18.000299	1017.752000	-172.730000	-15.220000	15.000000
-156.167007	18.301001	1020.758000	-172.730000	-15.220000	15.000000
-156.465103	18.775000	1028.762000	-172.730000	-15.220000	15.000000
-157.227295	18.984800	1025.766000	-172.730000	-15.220000	15.000000
-156.510101	19.477699	1048.092000	-172.730000	-15.220000	15.000000
-156.932007	19.832701	1048.760000	-172.730000	-15.220000	15.000000
-157.627594	20.346100	1053.744000	-172.730000	-15.220000	15.000000
-155.679398	21.205500	1097.285000	-172.730000	-15.220000	15.000000
-153.503204	19.495199	1078.441000	-172.730000	-15.220000	15.000000
-153.992294	18.797600	1057.519000	-172.730000	-15.220000	15.000000
-154.797394	18.803101	1048.401000	-172.730000	-15.220000	15.000000
-155.714996	18.000299	1018.352000	-172.730000	-15.220000	15.000000
-156.167007	18.301001	1020.308000	-172.730000	-15.220000	15.000000
-156.465103	18.775000	1028.637000	-172.730000	-15.220000	15.000000
-156.932007	19.832701	1049.260000	-172.730000	-15.220000	15.000000
