-157.931000	21.646000	1490.283000	153.190000	-4.530000	54.000000
-155.996994	20.771000	1532.274000	153.190000	-4.530000	54.000000
-154.983002	19.601000	1545.271000	153.190000	-4.530000	54.000000
-156.658005	20.891001	1517.289000	153.190000	-4.530000	54.000000
-154.617798	20.088900	1560.289000	153.190000	-4.530000	54.000000
-155.679398	21.205500	1544.290000	153.190000	-4.530000	54.000000
-154.482803	21.001900	1571.275000	153.190000	-4.530000	54.000000
-153.992294	18.797600	1561.277000	153.190000	-4.530000	54.000000
-152.132401	18.481400	1602.287000	153.190000	-4.530000	54.000000
-153.700806	17.297501	1552.150000	153.190000	-4.530000	54.000000
-154.691299	17.180099	1528.278000	153.190000	-4.530000	54.000000
-154.797394	18.803101	1542.276000	153.190000	-4.530000	54.000000
-155.714996	18.000299	1512.281000	153.190000	-4.530000	54.000000
-156.808197	18.404200	1487.208000	153.190000	-4.530000	54.000000
-157.227295	18.984800	1482.290000	153.190000	-4.530000	54.000000
-156.510101	19.477699	1506.279000	153.190000	-4.530000	54.000000
-156.932007	19.832701	1498.276000	153.190000	-4.530000	54.000000
-157.627594	20.346100	1486.267000	153.190000	-4.530000	54.000000
