-155.772995	19.079000	1030.086000	179.520000	51.150000	18.000000
-157.931000	21.646000	939.082000	179.520000	51.150000	18.000000
-155.996994	20.771000	984.058000	179.520000	51.150000	18.000000
-154.983002	19.601000	1025.080000	179.520000	51.150000	18.000000
-159.401001	21.971001	910.086000	179.520000	51.150000	18.000000
-156.658005	20.891001	973.080000	179.520000	51.150000	18.000000
-156.755997	21.136000	965.076000	179.520000	51.150000	18.000000
-154.617798	20.088900	1017.039000	179.520000	51.150000	18.000000
-155.679398	21.205500	975.475000	179.520000	51.150000	18.000000
-154.482803	21.001900	995.044000	179.520000	51.150000	18.000000
-153.982697	21.519699	986.041000	179.520000	51.150000	18.000000
-153.902405	19.979099	1026.062000	179.520000	51.150000	18.000000
-153.992294	18.797600	1055.056000	179.520000	51.150000	18.000000
-153.295898	18.800900	1062.042000	179.520000	51.150000	18.000000
-152.132401	18.481400	1080.039000	179.520000	51.150000	18.000000
-153.290604	17.906200	1084.041000	179.520000	51.150000	18.000000
-153.700806	17.297501	1095.850000	179.520000	51.150000	18.000000
-154.691299	17.180099	1090.066000	179.520000	51.150000	18.000000
-154.030502	17.988400	1076.058000	179.520000	51.150000	18.000000
-154.495895	18.401699	1059.051000	179.520000	51.150000	18.000000
-154.797394	18.803101	1047.041000	179.520000	51.150000	18.000000
-155.714996	18.000299	1058.051000	179.520000	51.150000	18.000000
-156.808197	18.404200	1035.155000	179.520000	51.150000	18.000000
-156.167007	18.301001	1045.048000	179.520000	51.150000	18.000000
-156.465103	18.775000	1030.053000	179.520000	51.150000	18.000000
-157.227295	18.984800	1016.066000	179.520000	51.150000	18.000000
-156.510101	19.477699	1012.057000	179.520000	51.150000	18.000000
-156.932007	19.832701	998.058000	179.520000	51.150000	18.000000
-157.627594	20.346100	976.052000	179.520000	51.150000	18.000000
-153.992294	18.797600	1054.756000	179.520000	51.150000	18.000000
-154.030502	17.988400	1075.583000	179.520000	51.150000	18.000000
-155.714996	18.000299	1057.776000	179.520000	51.150000	18.000000
-156.167007	18.301001	1044.723000	179.520000	51.150000	18.000000
-157.627594	20.346100	976.552000	179.520000	51.150000	18.000000
