-154.797394	18.803101	1035.539000	-154.240000	56.160000	13.000000	183.069561	182.269561	183.869561	3.847772	2.558000
-155.996994	20.771000	981.140000	-154.240000	56.160000	13.000000	184.435720	183.735720	185.135720	3.826673	2.747245
-154.983002	19.601000	1013.134000	-154.240000	56.160000	13.000000	183.175028	182.475028	183.875028	3.851945	2.480433
-155.710999	20.046000	1003.143000	-154.240000	56.160000	13.000000	185.644040	184.444040	186.844040	3.785999	4.254718
-159.401001	21.971001	951.143000	-154.240000	56.160000	13.000000	184.790783	182.390783	186.690783	3.635961	-0.295872
-156.658005	20.891001	979.135000	-154.240000	56.160000	13.000000	184.209783	183.509783	185.009783	3.813856	1.880418
-157.270004	21.108999	974.159000	-154.240000	56.160000	13.000000	184.916812	184.216812	185.716812	3.777428	1.984114
-156.755997	21.136000	972.158000	-154.240000	56.160000	13.000000	184.186039	183.486039	184.986039	3.821128	1.747831
-154.617798	20.088900	998.121000	-154.240000	56.160000	13.000000	183.102606	182.602606	183.602606	3.843322	2.745249
-155.679398	21.205500	968.121000	-154.240000	56.160000	13.000000	183.841698	183.041698	184.541698	3.837943	2.443115
-154.994400	21.507000	957.134000	-154.240000	56.160000	13.000000	184.134296	183.634296	184.634296	3.806506	3.395501
-154.482803	21.001900	972.127000	-154.240000	56.160000	13.000000	182.393640	182.093640	182.793640	3.866460	2.158788
-153.902405	19.979099	1000.129000	-154.240000	56.160000	13.000000	182.762555	182.362555	183.162555	3.833703	3.080980
-153.992294	18.797600	1033.138000	-154.240000	56.160000	13.000000	184.613593	183.513593	185.613593	3.795476	4.840813
-154.030502	17.988400	1057.119000	-154.240000	56.160000	13.000000	183.377588	182.077588	184.677588	3.843970	3.566332
-154.495895	18.401699	1049.169000	-154.240000	56.160000	13.000000	181.896531	179.396531	184.396531	3.864040	1.663811
-154.797394	18.803101	1036.139000	-154.240000	56.160000	13.000000	183.069561	182.269561	183.869561	3.847772	2.558000
-156.510101	19.477699	1017.128000	-154.240000	56.160000	13.000000	182.380719	181.880719	182.880719	3.930970	0.266486
