-153.292099	20.892599	1532.761000	170.500000	-22.010000	78.300000	38.090014	37.390014	38.790014	4.046784	-3.507482
-157.931000	21.646000	1483.336000	170.500000	-22.010000	78.300000	32.399388	30.399388	34.499388	3.523107	-4.789120
-155.996994	20.771000	1489.312000	170.500000	-22.010000	78.300000	36.230446	35.630446	36.830446	3.939082	-3.099473
-154.983002	19.601000	1480.305000	170.500000	-22.010000	78.300000	38.068388	37.468388	38.768388	3.965210	-2.699444
-155.710999	20.046000	1477.315000	170.500000	-22.010000	78.300000	36.960834	36.560834	37.360834	3.950000	-2.960969
-159.401001	21.971001	1458.320000	170.500000	-22.010000	78.300000	36.985838	35.685838	38.185838	3.309944	1.311349
-156.658005	20.891001	1480.308000	170.500000	-22.010000	78.300000	37.441056	36.541056	38.341056	3.977836	-1.245608
-157.270004	21.108999	1474.332000	170.500000	-22.010000	78.300000	38.015061	36.915061	39.115061	3.817032	-0.020066
-154.617798	20.088900	1496.216000	170.500000	-22.010000	78.300000	38.295520	37.895520	38.795520	3.965767	-2.553301
-154.482803	21.001900	1519.299000	170.500000	-22.010000	78.300000	37.282374	36.682374	37.982374	3.935166	-3.258149
-153.292099	20.892599	1533.311000	170.500000	-22.010000	78.300000	38.090014	37.390014	38.790014	4.046784	-3.507482
-153.902405	19.979099	1505.378000	170.500000	-22.010000	78.300000	38.907122	38.407122	39.307122	3.984785	-2.601646
-153.503204	19.495199	1501.100000	170.500000	-22.010000	78.300000	38.947691	38.647691	39.347691	4.013451	-3.126323
-153.992294	18.797600	1478.155000	170.500000	-22.010000	78.300000	39.400952	39.000952	39.900952	3.984830	-2.602738
-153.295898	18.800900	1488.554000	170.500000	-22.010000	78.300000	38.602476	38.202476	38.902476	4.028119	-3.980911
-152.132401	18.481400	1501.450000	170.500000	-22.010000	78.300000	39.962332	39.762332	40.162332	4.056654	-3.728369
-153.290604	17.906200	1470.423000	170.500000	-22.010000	78.300000	39.761456	39.461456	40.061456	4.043647	-3.272936
-153.700806	17.297501	1450.644000	170.500000	-22.010000	78.300000	39.823486	39.323486	40.223486	3.972931	-3.184300
-154.691299	17.180099	1430.313000	170.500000	-22.010000	78.300000	38.444180	38.144180	38.844180	3.966286	-3.793472
-154.030502	17.988400	1459.062000	170.500000	-22.010000	78.300000	38.445527	38.045527	38.845527	4.026391	-3.931653
-154.495895	18.401699	1460.342000	170.500000	-22.010000	78.300000	38.687443	38.287443	39.087443	3.988969	-3.087796
-154.797394	18.803101	1465.675000	170.500000	-22.010000	78.300000	39.186496	38.586496	39.786496	3.969714	-2.131073
-156.510101	19.477699	1451.555000	170.500000	-22.010000	78.300000	36.490974	35.990974	36.890974	3.852646	-2.998197
-156.932007	19.832701	1450.984000	170.500000	-22.010000	78.300000	37.520538	36.820538	38.220538	3.781541	-1.419050
-157.627594	20.346100	1451.609000	170.500000	-22.010000	78.300000	37.174171	36.274171	38.174171	3.771526	-0.890492
