-155.679398	21.205500	1252.959000	-107.380000	18.890000	16.000000
-153.982697	21.519699	1208.869000	-107.380000	18.890000	16.000000
-153.290604	17.906200	1205.760000	-107.380000	18.890000	16.000000
-156.465103	18.775000	1285.752000	-107.380000	18.890000	16.000000
-156.932007	19.832701	1292.910000	-107.380000	18.890000	16.000000
-155.772995	19.079000	1265.622000	-107.380000	18.890000	16.000000
-154.983002	19.601000	1243.619000	-107.380000	18.890000	16.000000
-154.617798	20.088900	1232.581000	-107.380000	18.890000	16.000000
-155.679398	21.205500	1252.584000	-107.380000	18.890000	16.000000
-154.482803	21.001900	1224.580000	-107.380000	18.890000	16.000000
-153.982697	21.519699	1209.594000	-107.380000	18.890000	16.000000
-153.992294	18.797600	1220.588000	-107.380000	18.890000	16.000000
-153.290604	17.906200	1205.585000	-107.380000	18.890000	16.000000
-153.700806	17.297501	1218.579000	-107.380000	18.890000	16.000000
-154.691299	17.180099	1243.585000	-107.380000	18.890000	16.000000
-155.714996	18.000299	1267.595000	-107.380000	18.890000	16.000000
-156.808197	18.404200	1295.583000	-107.380000	18.890000	16.000000
-156.465103	18.775000	1285.577000	-107.380000	18.890000	16.000000
-157.227295	18.984800	1303.589000	-107.380000	18.890000	16.000000
-156.932007	19.832701	1292.585000	-107.380000	18.890000	16.000000
-157.627594	20.346100	1308.579000	-107.380000	18.890000	16.000000
