-155.679398	21.205500	2603.264000	-69.230000	-20.020000	94.500000
-153.295898	18.800900	2523.227000	-69.230000	-20.020000	94.500000
-156.510101	19.477699	2609.241000	-69.230000	-20.020000	94.500000
-155.772995	19.079000	2586.872000	-69.230000	-20.020000	94.500000
-157.931000	21.646000	2661.860000	-69.230000	-20.020000	94.500000
-155.996994	20.771000	2607.845000	-69.230000	-20.020000	94.500000
-154.983002	19.601000	2571.857000	-69.230000	-20.020000	94.500000
-159.401001	21.971001	2697.874000	-69.230000	-20.020000	94.500000
-156.658005	20.891001	2624.851000	-69.230000	-20.020000	94.500000
-157.270004	21.108999	2642.865000	-69.230000	-20.020000	94.500000
-156.755997	21.136000	2628.865000	-69.230000	-20.020000	94.500000
-154.617798	20.088900	2567.652000	-69.230000	-20.020000	94.500000
-155.679398	21.205500	2602.839000	-69.230000	-20.020000	94.500000
-154.482803	21.001900	2573.832000	-69.230000	-20.020000	94.500000
-153.982697	21.519699	2564.827000	-69.230000	-20.020000	94.500000
-153.292099	20.892599	2541.825000	-69.230000	-20.020000	94.500000
-153.902405	19.979099	2548.849000	-69.230000	-20.020000	94.500000
-153.503204	19.495199	2534.850000	-69.230000	-20.020000	94.500000
-154.393997	19.262501	2553.894000	-69.230000	-20.020000	94.500000
-153.992294	18.797600	2539.545000	-69.230000	-20.020000	94.500000
-153.295898	18.800900	2522.827000	-69.230000	-20.020000	94.500000
-152.132401	18.481400	2492.049000	-69.230000	-20.020000	94.500000
-153.290604	17.906200	2514.827000	-69.230000	-20.020000	94.500000
-153.700806	17.297501	2518.644000	-69.230000	-20.020000	94.500000
-154.691299	17.180099	2541.855000	-69.230000	-20.020000	94.500000
-154.030502	17.988400	2533.374000	-69.230000	-20.020000	94.500000
-154.495895	18.401699	2548.863000	-69.230000	-20.020000	94.500000
-154.797394	18.803101	2559.843000	-69.230000	-20.020000	94.500000
-155.714996	18.000299	2575.559000	-69.230000	-20.020000	94.500000
-156.808197	18.404200	2605.847000	-69.230000	-20.020000	94.500000
-156.167007	18.301001	2589.832000	-69.230000	-20.020000	94.500000
-156.465103	18.775000	2601.834000	-69.230000	-20.020000	94.500000
-157.227295	18.984800	2621.857000	-69.230000	-20.020000	94.500000
-156.510101	19.477699	2608.841000	-69.230000	-20.020000	94.500000
-156.932007	19.832701	2622.223000	-69.230000	-20.020000	94.500000
-157.627594	20.346100	2644.837000	-69.230000	-20.020000	94.500000
