-155.772995	19.079000	1495.490000	144.970000	38.220000	18.000000
-155.996994	20.771000	1464.496000	144.970000	38.220000	18.000000
-155.710999	20.046000	1483.491000	144.970000	38.220000	18.000000
-159.401001	21.971001	1370.495000	144.970000	38.220000	18.000000
-156.658005	20.891001	1448.499000	144.970000	38.220000	18.000000
-159.664993	22.122999	1361.505000	144.970000	38.220000	18.000000
-156.755997	21.136000	1442.508000	144.970000	38.220000	18.000000
-154.617798	20.088900	1504.485000	144.970000	38.220000	18.000000
-155.679398	21.205500	1464.488000	144.970000	38.220000	18.000000
-154.482803	21.001900	1495.474000	144.970000	38.220000	18.000000
-153.982697	21.519699	1495.478000	144.970000	38.220000	18.000000
-153.292099	20.892599	1516.479000	144.970000	38.220000	18.000000
-153.902405	19.979099	1522.474000	144.970000	38.220000	18.000000
-153.503204	19.495199	1538.471000	144.970000	38.220000	18.000000
-153.992294	18.797600	1538.485000	144.970000	38.220000	18.000000
-153.295898	18.800900	1553.486000	144.970000	38.220000	18.000000
-152.132401	18.481400	1583.479000	144.970000	38.220000	18.000000
-153.290604	17.906200	1566.482000	144.970000	38.220000	18.000000
-153.700806	17.297501	1564.489000	144.970000	38.220000	18.000000
-154.691299	17.180099	1543.479000	144.970000	38.220000	18.000000
-154.030502	17.988400	1549.477000	144.970000	38.220000	18.000000
-154.495895	18.401699	1533.474000	144.970000	38.220000	18.000000
-154.797394	18.803101	1521.475000	144.970000	38.220000	18.000000
-155.714996	18.000299	1509.477000	144.970000	38.220000	18.000000
-156.808197	18.404200	1479.493000	144.970000	38.220000	18.000000
-156.167007	18.301001	1495.473000	144.970000	38.220000	18.000000
-157.227295	18.984800	1462.476000	144.970000	38.220000	18.000000
-156.510101	19.477699	1473.481000	144.970000	38.220000	18.000000
-156.932007	19.832701	1458.478000	144.970000	38.220000	18.000000
-157.627594	20.346100	1434.477000	144.970000	38.220000	18.000000
