-153.982697	21.519699	1605.531000	-178.780000	-32.780000	46.000000
-153.295898	18.800900	1547.632000	-178.780000	-32.780000	46.000000
-152.132401	18.481400	1553.488000	-178.780000	-32.780000	46.000000
-153.290604	17.906200	1526.449000	-178.780000	-32.780000	46.000000
-157.627594	20.346100	1542.715000	-178.780000	-32.780000	46.000000
-155.772995	19.079000	1529.340000	-178.780000	-32.780000	46.000000
-155.996994	20.771000	1570.314000	-178.780000	-32.780000	46.000000
-154.983002	19.601000	1551.333000	-178.780000	-32.780000	46.000000
-155.710999	20.046000	1554.316000	-178.780000	-32.780000	46.000000
-159.401001	21.971001	1564.342000	-178.780000	-32.780000	46.000000
-156.658005	20.891001	1566.308000	-178.780000	-32.780000	46.000000
-157.270004	21.108999	1564.334000	-178.780000	-32.780000	46.000000
-156.755997	21.136000	1570.331000	-178.780000	-32.780000	46.000000
-154.482803	21.001900	1589.298000	-178.780000	-32.780000	46.000000
-153.982697	21.519699	1605.306000	-178.780000	-32.780000	46.000000
-153.503204	19.495199	1562.000000	-178.780000	-32.780000	46.000000
-154.393997	19.262501	1546.363000	-178.780000	-32.780000	46.000000
-153.992294	18.797600	1540.078000	-178.780000	-32.780000	46.000000
-153.295898	18.800900	1547.308000	-178.780000	-32.780000	46.000000
-152.132401	18.481400	1553.313000	-178.780000	-32.780000	46.000000
-153.290604	17.906200	1526.299000	-178.780000	-32.780000	46.000000
-153.700806	17.297501	1507.353000	-178.780000	-32.780000	46.000000
-154.691299	17.180099	1492.297000	-178.780000	-32.780000	46.000000
-154.030502	17.988400	1520.940000	-178.780000	-32.780000	46.000000
-154.495895	18.401699	1527.337000	-178.780000	-32.780000	46.000000
-154.797394	18.803101	1531.997000	-178.780000	-32.780000	46.000000
-155.714996	18.000299	1502.295000	-178.780000	-32.780000	46.000000
-156.465103	18.775000	1515.176000	-178.780000	-32.780000	46.000000
-157.227295	18.984800	1512.292000	-178.780000	-32.780000	46.000000
-157.627594	20.346100	1542.316000	-178.780000	-32.780000	46.000000
