-155.772995	19.079000	2176.647000	-97.460000	-36.380000	12.000000
-155.996994	20.771000	2213.621000	-97.460000	-36.380000	12.000000
-154.983002	19.601000	2173.639000	-97.460000	-36.380000	12.000000
-159.401001	21.971001	2295.648000	-97.460000	-36.380000	12.000000
-157.270004	21.108999	2245.640000	-97.460000	-36.380000	12.000000
-154.617798	20.088900	2173.386000	-97.460000	-36.380000	12.000000
-155.679398	21.205500	2211.933000	-97.460000	-36.380000	12.000000
-154.482803	21.001900	2190.606000	-97.460000	-36.380000	12.000000
-153.982697	21.519699	2189.911000	-97.460000	-36.380000	12.000000
-153.992294	18.797600	2136.609000	-97.460000	-36.380000	12.000000
-153.700806	17.297501	2100.622000	-97.460000	-36.380000	12.000000
-154.691299	17.180099	2117.624000	-97.460000	-36.380000	12.000000
-154.030502	17.988400	2120.058000	-97.460000	-36.380000	12.000000
-156.808197	18.404200	2181.552000	-97.460000	-36.380000	12.000000
-156.465103	18.775000	2183.867000	-97.460000	-36.380000	12.000000
-157.227295	18.984800	2199.601000	-97.460000	-36.380000	12.000000
-156.510101	19.477699	2198.080000	-97.460000	-36.380000	12.000000
-157.627594	20.346100	2238.618000	-97.460000	-36.380000	12.000000
-153.992294	18.797600	2136.259000	-97.460000	-36.380000	12.000000
-153.700806	17.297501	2101.197000	-97.460000	-36.380000	12.000000
-157.627594	20.346100	2239.193000	-97.460000	-36.380000	12.000000
