-155.772995	19.079000	1117.395000	-178.430000	-15.040000	15.000000	32.889271	32.589271	33.289271	4.060874	-1.846064
-155.996994	20.771000	1153.411000	-178.430000	-15.040000	15.000000	31.392574	30.992574	31.692574	4.046256	-1.993760
-155.710999	20.046000	1140.407000	-178.430000	-15.040000	15.000000	32.231350	31.931350	32.531350	4.056962	-1.954372
-159.401001	21.971001	1134.412000	-178.430000	-15.040000	15.000000	29.981192	29.981192	30.081192	4.098635	1.575839
-156.658005	20.891001	1146.416000	-178.430000	-15.040000	15.000000	32.018981	31.618981	32.418981	4.043757	-0.482240
-156.755997	21.136000	1150.424000	-178.430000	-15.040000	15.000000	32.506824	32.206824	32.806824	4.002174	0.272993
-154.617798	20.088900	1157.406000	-178.430000	-15.040000	15.000000	33.856729	33.456729	34.256729	4.058779	-1.616168
-155.679398	21.205500	1167.389000	-178.430000	-15.040000	15.000000	31.904360	31.604360	32.204360	4.043859	-1.604402
-154.482803	21.001900	1182.389000	-178.430000	-15.040000	15.000000	32.630688	31.230688	34.130688	4.044994	-2.428891
-153.292099	20.892599	1192.407000	-178.430000	-15.040000	15.000000	33.538904	32.938904	34.138904	4.091948	-2.971041
-153.902405	19.979099	1163.394000	-178.430000	-15.040000	15.000000	34.259975	33.859975	34.659975	4.070109	-2.125323
-153.503204	19.495199	1157.405000	-178.430000	-15.040000	15.000000	33.635331	32.935331	34.335331	4.090575	-3.530839
-153.992294	18.797600	1136.386000	-178.430000	-15.040000	15.000000	35.113888	34.813888	35.413888	4.055958	-1.950272
-153.295898	18.800900	1146.388000	-178.430000	-15.040000	15.000000	35.197069	34.797069	35.597069	4.069109	-2.676108
-152.132401	18.481400	1158.398000	-178.430000	-15.040000	15.000000	38.377682	38.077682	38.677682	4.122203	-1.039351
-153.290604	17.906200	1127.392000	-178.430000	-15.040000	15.000000	36.636578	36.436578	36.836578	4.122155	-1.866316
-153.700806	17.297501	1108.391000	-178.430000	-15.040000	15.000000	37.347707	37.047707	37.547707	4.113548	-1.115146
-154.691299	17.180099	1090.386000	-178.430000	-15.040000	15.000000	36.002542	35.802542	36.202542	4.100040	-1.368122
-154.030502	17.988400	1117.394000	-178.430000	-15.040000	15.000000	35.315113	35.015113	35.615113	4.050364	-2.264791
-154.495895	18.401699	1120.408000	-178.430000	-15.040000	15.000000	35.095411	34.695411	35.395411	4.056563	-1.643864
-154.797394	18.803101	1125.387000	-178.430000	-15.040000	15.000000	34.881590	34.481590	35.181590	4.057801	-1.222686
-155.714996	18.000299	1093.395000	-178.430000	-15.040000	15.000000	34.017895	33.717895	34.217895	4.087787	-1.520085
-156.808197	18.404200	1086.402000	-178.430000	-15.040000	15.000000	32.824272	32.724272	33.024272	4.048750	-1.070652
-156.167007	18.301001	1093.407000	-178.430000	-15.040000	15.000000	33.100668	32.800668	33.400668	4.039153	-1.669669
-157.227295	18.984800	1094.387000	-178.430000	-15.040000	15.000000	31.706592	31.606592	31.806592	4.037488	-1.271938
-156.510101	19.477699	1115.391000	-178.430000	-15.040000	15.000000	32.263804	31.963804	32.563804	4.032659	-1.299621
-157.627594	20.346100	1120.405000	-178.430000	-15.040000	15.000000	31.592427	31.392427	31.892427	3.974215	-0.021926
