-155.772995	19.079000	1686.848000	146.180000	-3.330000	14.000000	70.598205	69.498205	71.798205	3.891268	-4.362330
-154.983002	19.601000	1710.811000	146.180000	-3.330000	14.000000	71.044618	70.544618	71.544618	3.894568	-4.009929
-155.710999	20.046000	1694.824000	146.180000	-3.330000	14.000000	73.153766	72.753766	73.553766	3.885794	-1.328240
-154.617798	20.088900	1723.724000	146.180000	-3.330000	14.000000	72.012918	71.612918	72.412918	3.904459	-2.965514
-153.902405	19.979099	1740.811000	146.180000	-3.330000	14.000000	72.325316	71.825316	72.825316	3.916694	-3.040399
-154.393997	19.262501	1723.869000	146.180000	-3.330000	14.000000	71.373471	70.073471	72.573471	3.893236	-4.122318
-153.992294	18.797600	1728.664000	146.180000	-3.330000	14.000000	72.385833	71.785833	72.985833	3.899187	-3.521561
-153.700806	17.297501	1722.153000	146.180000	-3.330000	14.000000	71.798180	71.498180	71.998180	3.924434	-4.981982
-154.495895	18.401699	1711.850000	146.180000	-3.330000	14.000000	71.787386	71.287386	72.287386	3.893610	-4.098246
-154.797394	18.803101	1709.183000	146.180000	-3.330000	14.000000	72.867963	71.867963	73.967963	3.907079	-2.679237
-155.714996	18.000299	1678.246000	146.180000	-3.330000	14.000000	73.204828	72.704828	73.704828	3.909987	-2.355742
-156.808197	18.404200	1652.807000	146.180000	-3.330000	14.000000	71.252385	70.652385	71.852385	3.899325	-3.597547
-156.167007	18.301001	1668.814000	146.180000	-3.330000	14.000000	72.147760	71.547760	72.747760	3.904173	-3.049736
-156.465103	18.775000	1664.818000	146.180000	-3.330000	14.000000	71.238615	70.638615	71.938615	3.899489	-3.565587
-157.227295	18.984800	1646.828000	146.180000	-3.330000	14.000000	72.484709	71.784709	73.084709	3.878432	-1.847662
-156.510101	19.477699	1670.063000	146.180000	-3.330000	14.000000	72.048458	71.548458	72.448458	3.886719	-2.353784
