-155.679398	21.205500	1252.959000	-107.380000	18.890000	16.000000	260.586184	260.186184	260.986184	4.017026	-3.420474
-153.982697	21.519699	1208.869000	-107.380000	18.890000	16.000000	261.512313	260.912313	262.112313	4.075207	-3.273791
-153.290604	17.906200	1205.760000	-107.380000	18.890000	16.000000	262.190784	261.590784	262.890784	4.005739	1.029003
-156.465103	18.775000	1285.752000	-107.380000	18.890000	16.000000	260.051935	259.551935	260.551935	3.942937	-1.429990
-156.932007	19.832701	1292.910000	-107.380000	18.890000	16.000000	261.282359	260.682359	261.882359	3.977168	-1.099882
-155.772995	19.079000	1265.622000	-107.380000	18.890000	16.000000	260.938853	260.538853	261.338853	3.954493	-0.967116
-154.983002	19.601000	1243.619000	-107.380000	18.890000	16.000000	262.025953	261.425953	262.625953	3.957715	-0.555314
-154.617798	20.088900	1232.581000	-107.380000	18.890000	16.000000	263.354712	262.654712	263.954712	3.962896	0.201834
-155.679398	21.205500	1252.584000	-107.380000	18.890000	16.000000	260.586184	260.186184	260.986184	4.017026	-3.420474
-154.482803	21.001900	1224.580000	-107.380000	18.890000	16.000000	262.234220	261.634220	262.734220	3.969032	-1.882049
-153.982697	21.519699	1209.594000	-107.380000	18.890000	16.000000	261.512313	260.912313	262.112313	4.075207	-3.273791
-153.992294	18.797600	1220.588000	-107.380000	18.890000	16.000000	260.508089	260.108089	261.008089	3.954586	-1.457163
-153.290604	17.906200	1205.585000	-107.380000	18.890000	16.000000	262.190784	261.590784	262.890784	4.005739	1.029003
-153.700806	17.297501	1218.579000	-107.380000	18.890000	16.000000	261.411238	261.211238	261.711238	3.999314	0.937194
-154.691299	17.180099	1243.585000	-107.380000	18.890000	16.000000	262.872473	262.472473	263.172473	4.044891	2.648214
-155.714996	18.000299	1267.595000	-107.380000	18.890000	16.000000	262.436107	262.136107	262.736107	4.051400	1.562024
-156.808197	18.404200	1295.583000	-107.380000	18.890000	16.000000	260.314571	259.814571	260.714571	3.944314	-0.756856
-156.465103	18.775000	1285.577000	-107.380000	18.890000	16.000000	260.051935	259.551935	260.551935	3.942937	-1.429990
-157.227295	18.984800	1303.589000	-107.380000	18.890000	16.000000	260.883820	260.283820	261.483820	3.949789	-0.648092
-156.932007	19.832701	1292.585000	-107.380000	18.890000	16.000000	261.282359	260.682359	261.882359	3.977168	-1.099882
-157.627594	20.346100	1308.579000	-107.380000	18.890000	16.000000	261.695974	261.295974	261.995974	3.968038	-1.003420
