-155.772995	19.079000	1686.848000	146.180000	-3.330000	14.000000
-154.983002	19.601000	1710.811000	146.180000	-3.330000	14.000000
-155.710999	20.046000	1694.824000	146.180000	-3.330000	14.000000
-154.617798	20.088900	1723.724000	146.180000	-3.330000	14.000000
-153.902405	19.979099	1740.811000	146.180000	-3.330000	14.000000
-154.393997	19.262501	1723.869000	146.180000	-3.330000	14.000000
-153.992294	18.797600	1728.664000	146.180000	-3.330000	14.000000
-153.700806	17.297501	1722.153000	146.180000	-3.330000	14.000000
-154.495895	18.401699	1711.850000	146.180000	-3.330000	14.000000
-154.797394	18.803101	1709.183000	146.180000	-3.330000	14.000000
-155.714996	18.000299	1678.246000	146.180000	-3.330000	14.000000
-156.808197	18.404200	1652.807000	146.180000	-3.330000	14.000000
-156.167007	18.301001	1668.814000	146.180000	-3.330000	14.000000
-156.465103	18.775000	1664.818000	146.180000	-3.330000	14.000000
-157.227295	18.984800	1646.828000	146.180000	-3.330000	14.000000
-156.510101	19.477699	1670.063000	146.180000	-3.330000	14.000000
