-155.772995	19.079000	2637.809000	-68.130000	-22.460000	155.300000
-155.996994	20.771000	2658.814000	-68.130000	-22.460000	155.300000
-159.401001	21.971001	2755.815000	-68.130000	-22.460000	155.300000
-156.658005	20.891001	2677.817000	-68.130000	-22.460000	155.300000
-156.755997	21.136000	2681.827000	-68.130000	-22.460000	155.300000
-154.617798	20.088900	2618.372000	-68.130000	-22.460000	155.300000
-155.679398	21.205500	2654.595000	-68.130000	-22.460000	155.300000
-154.482803	21.001900	2625.794000	-68.130000	-22.460000	155.300000
-153.982697	21.519699	2617.276000	-68.130000	-22.460000	155.300000
-153.292099	20.892599	2594.803000	-68.130000	-22.460000	155.300000
-153.902405	19.979099	2600.918000	-68.130000	-22.460000	155.300000
-153.503204	19.495199	2585.958000	-68.130000	-22.460000	155.300000
-153.992294	18.797600	2589.148000	-68.130000	-22.460000	155.300000
-152.132401	18.481400	2540.176000	-68.130000	-22.460000	155.300000
-153.290604	17.906200	2562.077000	-68.130000	-22.460000	155.300000
-153.700806	17.297501	2565.284000	-68.130000	-22.460000	155.300000
-154.691299	17.180099	2587.794000	-68.130000	-22.460000	155.300000
-154.030502	17.988400	2581.787000	-68.130000	-22.460000	155.300000
-154.797394	18.803101	2609.862000	-68.130000	-22.460000	155.300000
-155.714996	18.000299	2623.234000	-68.130000	-22.460000	155.300000
-156.808197	18.404200	2652.895000	-68.130000	-22.460000	155.300000
-156.167007	18.301001	2637.130000	-68.130000	-22.460000	155.300000
-157.227295	18.984800	2671.817000	-68.130000	-22.460000	155.300000
-156.510101	19.477699	2660.584000	-68.130000	-22.460000	155.300000
-156.932007	19.832701	2674.458000	-68.130000	-22.460000	155.300000
-157.627594	20.346100	2696.781000	-68.130000	-22.460000	155.300000
