-155.772995	19.079000	1030.086000	179.520000	51.150000	18.000000	157.366373	156.966373	157.866373	3.967846	2.864407
-157.931000	21.646000	939.082000	179.520000	51.150000	18.000000	154.307580	152.507580	156.107580	3.782380	-0.448615
-155.996994	20.771000	984.058000	179.520000	51.150000	18.000000	154.946804	154.546804	155.446804	3.950083	1.258533
-154.983002	19.601000	1025.080000	179.520000	51.150000	18.000000	155.388420	154.788420	155.888420	4.000835	1.798271
-159.401001	21.971001	910.086000	179.520000	51.150000	18.000000	152.887234	151.387234	154.487234	3.763798	-2.966031
-156.658005	20.891001	973.080000	179.520000	51.150000	18.000000	154.906940	154.206940	155.506940	3.862072	0.755266
-156.755997	21.136000	965.076000	179.520000	51.150000	18.000000	154.964380	154.364380	155.464380	3.853032	0.882672
-154.617798	20.088900	1017.039000	179.520000	51.150000	18.000000	154.019041	153.619041	154.419041	4.013581	0.997039
-155.679398	21.205500	975.475000	179.520000	51.150000	18.000000	155.060764	154.860764	155.260764	3.951234	1.896382
-154.482803	21.001900	995.044000	179.520000	51.150000	18.000000	153.630592	153.330592	153.830592	3.982104	1.273380
-153.982697	21.519699	986.041000	179.520000	51.150000	18.000000	154.722876	154.522876	155.022876	3.976210	3.077912
-153.902405	19.979099	1026.062000	179.520000	51.150000	18.000000	155.315569	155.115569	155.515569	4.004384	2.767169
-153.992294	18.797600	1055.056000	179.520000	51.150000	18.000000	155.911456	155.711456	156.211456	4.023102	2.608161
-153.295898	18.800900	1062.042000	179.520000	51.150000	18.000000	156.068452	155.868452	156.268452	4.049421	3.277129
-152.132401	18.481400	1080.039000	179.520000	51.150000	18.000000	158.355542	158.155542	158.555542	4.085387	6.209603
-153.290604	17.906200	1084.041000	179.520000	51.150000	18.000000	157.003042	156.603042	157.403042	4.046414	3.718342
-153.700806	17.297501	1095.850000	179.520000	51.150000	18.000000	156.973101	156.473101	157.373101	4.045964	3.067076
-154.691299	17.180099	1090.066000	179.520000	51.150000	18.000000	158.883439	158.483439	159.283439	3.975900	4.187894
-154.030502	17.988400	1076.058000	179.520000	51.150000	18.000000	156.137704	155.437704	156.837704	4.055264	2.358937
-154.495895	18.401699	1059.051000	179.520000	51.150000	18.000000	156.779157	156.379157	157.179157	4.020695	2.880157
-154.797394	18.803101	1047.041000	179.520000	51.150000	18.000000	156.307955	155.807955	156.807955	3.990017	2.404179
-155.714996	18.000299	1058.051000	179.520000	51.150000	18.000000	157.931997	157.631997	158.231997	3.961907	2.887287
-156.808197	18.404200	1035.155000	179.520000	51.150000	18.000000	156.988495	156.788495	157.188495	3.976311	1.296711
-156.167007	18.301001	1045.048000	179.520000	51.150000	18.000000	157.456897	157.256897	157.656897	3.977951	2.219533
-156.465103	18.775000	1030.053000	179.520000	51.150000	18.000000	157.751554	157.551554	157.951554	3.959776	2.534120
-157.227295	18.984800	1016.066000	179.520000	51.150000	18.000000	157.191043	156.991043	157.391043	3.952883	1.472645
-156.510101	19.477699	1012.057000	179.520000	51.150000	18.000000	157.824766	157.524766	158.224766	3.939164	2.962067
-156.932007	19.832701	998.058000	179.520000	51.150000	18.000000	157.375973	156.675973	158.075973	3.871513	2.373261
-157.627594	20.346100	976.052000	179.520000	51.150000	18.000000	156.117195	155.617195	156.517195	3.859890	0.834755
-153.992294	18.797600	1054.756000	179.520000	51.150000	18.000000	155.911456	155.711456	156.211456	4.023102	2.608161
-154.030502	17.988400	1075.583000	179.520000	51.150000	18.000000	156.137704	155.437704	156.837704	4.055264	2.358937
-155.714996	18.000299	1057.776000	179.520000	51.150000	18.000000	157.931997	157.631997	158.231997	3.961907	2.887287
-156.167007	18.301001	1044.723000	179.520000	51.150000	18.000000	157.456897	157.256897	157.656897	3.977951	2.219533
-157.627594	20.346100	976.552000	179.520000	51.150000	18.000000	156.117195	155.617195	156.517195	3.859890	0.834755
