-155.772995	19.079000	1501.528000	146.190000	15.880000	132.000000	92.016796	91.716796	92.416796	4.093929	-4.426820
-157.931000	21.646000	1439.516000	146.190000	15.880000	132.000000	92.687426	92.087426	93.387426	3.822599	-1.285953
-155.996994	20.771000	1494.507000	146.190000	15.880000	132.000000	91.088326	90.688326	91.488326	3.989368	-4.115781
-154.983002	19.601000	1522.541000	146.190000	15.880000	132.000000	91.187404	90.587404	91.887404	4.081272	-5.105172
-156.658005	20.891001	1477.525000	146.190000	15.880000	132.000000	90.608491	90.108491	91.108491	3.974412	-4.314195
-156.755997	21.136000	1474.538000	146.190000	15.880000	132.000000	90.516751	90.116751	90.916751	3.942136	-4.199827
-154.617798	20.088900	1530.526000	146.190000	15.880000	132.000000	90.957954	90.657954	91.357954	4.080963	-5.106860
-155.679398	21.205500	1502.460000	146.190000	15.880000	132.000000	90.827495	90.427495	91.127495	3.989433	-4.168283
-154.994400	21.507000	1519.523000	146.190000	15.880000	132.000000	91.095017	90.695017	91.395017	3.978111	-3.904507
-154.482803	21.001900	1532.509000	146.190000	15.880000	132.000000	91.749441	91.449441	92.049441	4.055591	-3.745991
-153.982697	21.519699	1545.505000	146.190000	15.880000	132.000000	91.178019	90.978019	91.378019	4.062584	-4.127355
-153.292099	20.892599	1562.501000	146.190000	15.880000	132.000000	91.947242	91.647242	92.147242	4.139020	-3.972735
-154.393997	19.262501	1538.521000	146.190000	15.880000	132.000000	92.016744	91.116744	92.916744	4.092124	-4.655073
-153.992294	18.797600	1547.516000	146.190000	15.880000	132.000000	92.614623	92.214623	93.014623	4.099076	-4.461552
-152.132401	18.481400	1595.593000	146.190000	15.880000	132.000000	92.116875	91.016875	93.216875	4.186164	-5.608334
-153.290604	17.906200	1564.510000	146.190000	15.880000	132.000000	90.962458	90.262458	91.662458	4.171827	-6.846763
-153.700806	17.297501	1555.406000	146.190000	15.880000	132.000000	91.241101	90.941101	91.641101	4.137058	-6.862026
-154.691299	17.180099	1530.515000	146.190000	15.880000	132.000000	91.837674	91.537674	92.137674	4.106554	-6.133782
-154.030502	17.988400	1546.500000	146.190000	15.880000	132.000000	91.977719	91.577719	92.477719	4.126787	-5.611687
-154.495895	18.401699	1534.566000	146.190000	15.880000	132.000000	92.455648	92.155648	92.755648	4.097640	-4.756940
-154.797394	18.803101	1527.513000	146.190000	15.880000	132.000000	92.919029	92.419029	93.419029	4.098638	-3.955280
-155.714996	18.000299	1504.651000	146.190000	15.880000	132.000000	93.511684	93.011684	94.011684	4.116988	-3.687578
-156.808197	18.404200	1475.507000	146.190000	15.880000	132.000000	92.474608	92.174608	92.774608	4.077535	-4.189053
-156.167007	18.301001	1493.642000	146.190000	15.880000	132.000000	94.112234	93.612234	94.612234	4.142777	-2.775135
-156.465103	18.775000	1483.686000	146.190000	15.880000	132.000000	92.576093	92.176093	93.076093	4.056924	-3.907091
-157.227295	18.984800	1463.531000	146.190000	15.880000	132.000000	92.616813	92.116813	93.016813	4.016489	-3.526668
-156.510101	19.477699	1481.508000	146.190000	15.880000	132.000000	92.024022	91.524022	92.424022	4.001309	-3.949982
-156.932007	19.832701	1468.521000	146.190000	15.880000	132.000000	91.638249	90.838249	92.538249	3.965494	-3.968548
-157.627594	20.346100	1452.519000	146.190000	15.880000	132.000000	91.079088	90.279088	91.879088	3.932893	-3.957548
