-155.772995	19.079000	1079.356000	-177.100000	-14.260000	12.000000	31.984704	31.584704	32.384704	4.035659	-1.746724
-155.996994	20.771000	1115.329000	-177.100000	-14.260000	12.000000	31.276799	30.976799	31.676799	4.055024	-1.070991
-154.983002	19.601000	1102.348000	-177.100000	-14.260000	12.000000	32.792500	32.492500	33.192500	4.034625	-1.590700
-159.401001	21.971001	1092.356000	-177.100000	-14.260000	12.000000	34.415363	33.915363	34.915363	4.069791	7.237883
-156.658005	20.891001	1109.338000	-177.100000	-14.260000	12.000000	31.973201	31.073201	32.873201	4.056739	0.546723
-157.270004	21.108999	1106.348000	-177.100000	-14.260000	12.000000	31.744751	30.744751	32.644751	3.997302	1.244234
-154.617798	20.088900	1120.325000	-177.100000	-14.260000	12.000000	33.403697	32.703697	34.203697	4.030601	-1.111976
-154.482803	21.001900	1143.314000	-177.100000	-14.260000	12.000000	31.781782	30.981782	32.581782	3.978184	-2.313735
-153.292099	20.892599	1155.322000	-177.100000	-14.260000	12.000000	32.840436	32.140436	33.540436	3.998658	-2.765680
-153.902405	19.979099	1125.318000	-177.100000	-14.260000	12.000000	32.939017	32.439017	33.439017	4.040545	-2.527609
-153.503204	19.495199	1120.323000	-177.100000	-14.260000	12.000000	33.734285	33.234285	34.134285	4.037190	-2.542263
-153.992294	18.797600	1098.327000	-177.100000	-14.260000	12.000000	34.494947	34.094947	34.794947	4.030473	-1.667240
-153.700806	17.297501	1068.317000	-177.100000	-14.260000	12.000000	35.354531	34.954531	35.654531	4.045249	-2.253473
-154.691299	17.180099	1051.326000	-177.100000	-14.260000	12.000000	34.961531	34.561531	35.461531	4.040922	-1.500805
-154.030502	17.988400	1077.315000	-177.100000	-14.260000	12.000000	32.900025	32.300025	33.400025	4.029780	-3.791905
-155.714996	18.000299	1055.314000	-177.100000	-14.260000	12.000000	32.719709	32.319709	33.219709	4.053820	-1.834966
-156.808197	18.404200	1049.325000	-177.100000	-14.260000	12.000000	30.968712	30.668712	31.268712	4.058921	-1.872598
-156.510101	19.477699	1077.332000	-177.100000	-14.260000	12.000000	31.622848	31.122848	32.022848	4.019229	-0.889953
-156.932007	19.832701	1082.328000	-177.100000	-14.260000	12.000000	31.895318	30.595318	33.295318	4.020606	0.163987
-157.627594	20.346100	1084.313000	-177.100000	-14.260000	12.000000	30.798856	29.798856	31.898856	3.989585	0.306782
