-155.772995	19.079000	1550.447000	144.810000	13.860000	159.400000	90.545394	89.445394	91.745394	4.291551	-3.896320
-157.931000	21.646000	1491.436000	144.810000	13.860000	159.400000	91.988142	91.388142	92.488142	3.960668	-0.043177
-155.996994	20.771000	1544.426000	144.810000	13.860000	159.400000	90.344884	89.344884	91.344884	4.097922	-2.925095
-154.983002	19.601000	1570.439000	144.810000	13.860000	159.400000	89.059284	87.559284	90.559284	4.313466	-5.273548
-156.755997	21.136000	1524.458000	144.810000	13.860000	159.400000	90.451642	89.751642	91.151642	4.059819	-2.328513
-154.617798	20.088900	1578.450000	144.810000	13.860000	159.400000	88.354455	87.354455	89.354455	4.303218	-5.780203
-155.679398	21.205500	1551.441000	144.810000	13.860000	159.400000	90.706631	90.106631	91.406631	4.097463	-2.382180
-154.994400	21.507000	1568.435000	144.810000	13.860000	159.400000	90.907468	90.207468	91.607468	4.092067	-2.214674
-153.982697	21.519699	1590.520000	144.810000	13.860000	159.400000	94.328888	93.328888	95.328888	4.213822	0.877375
-153.902405	19.979099	1600.494000	144.810000	13.860000	159.400000	85.224242	82.824242	87.624242	4.248556	-9.192224
-153.992294	18.797600	1593.444000	144.810000	13.860000	159.400000	90.711038	89.511038	91.911038	4.382718	-4.396845
-152.132401	18.481400	1635.435000	144.810000	13.860000	159.400000	87.282005	85.082005	89.582005	4.445797	-8.507053
-153.700806	17.297501	1597.426000	144.810000	13.860000	159.400000	87.123427	86.123427	88.023427	4.372569	-8.959873
-154.691299	17.180099	1576.440000	144.810000	13.860000	159.400000	90.576038	89.576038	91.576038	4.367843	-5.345251
-154.030502	17.988400	1587.431000	144.810000	13.860000	159.400000	83.058033	81.058033	85.058033	4.271079	-12.529921
-156.808197	18.404200	1524.423000	144.810000	13.860000	159.400000	90.444748	89.544748	91.344748	4.265919	-4.160646
-156.465103	18.775000	1532.435000	144.810000	13.860000	159.400000	90.868971	89.868971	91.868971	4.202694	-3.581051
-157.227295	18.984800	1513.428000	144.810000	13.860000	159.400000	91.281382	90.381382	92.281382	4.245207	-2.817085
-156.510101	19.477699	1532.519000	144.810000	13.860000	159.400000	91.630261	90.230261	93.130261	4.189592	-2.339543
-157.627594	20.346100	1502.430000	144.810000	13.860000	159.400000	90.858745	90.158745	91.658745	4.043406	-2.182779
