-155.772995	19.079000	1495.490000	144.970000	38.220000	18.000000	123.966104	123.166104	124.766104	4.047953	0.084610
-155.996994	20.771000	1464.496000	144.970000	38.220000	18.000000	121.760035	121.060035	122.460035	4.028331	-1.097997
-155.710999	20.046000	1483.491000	144.970000	38.220000	18.000000	121.432829	120.232829	122.732829	4.029893	-1.864627
-159.401001	21.971001	1370.495000	144.970000	38.220000	18.000000	121.142358	119.842358	122.442358	3.888733	-1.022470
-156.658005	20.891001	1448.499000	144.970000	38.220000	18.000000	121.353053	120.453053	122.253053	4.000866	-1.446218
-159.664993	22.122999	1361.505000	144.970000	38.220000	18.000000	120.944119	119.344119	122.444119	3.892693	-1.122716
-156.755997	21.136000	1442.508000	144.970000	38.220000	18.000000	120.755914	120.155914	121.455914	3.961023	-1.888515
-154.617798	20.088900	1504.485000	144.970000	38.220000	18.000000	121.895520	121.395520	122.495520	4.036016	-1.347422
-155.679398	21.205500	1464.488000	144.970000	38.220000	18.000000	122.204407	121.704407	122.704407	4.009727	-0.375816
-154.482803	21.001900	1495.474000	144.970000	38.220000	18.000000	121.071148	120.471148	121.671148	4.021341	-1.625438
-153.982697	21.519699	1495.478000	144.970000	38.220000	18.000000	124.326391	124.026391	124.726391	4.029862	1.939779
-153.292099	20.892599	1516.479000	144.970000	38.220000	18.000000	128.048489	127.448489	128.748489	4.080233	5.284445
-153.902405	19.979099	1522.474000	144.970000	38.220000	18.000000	121.457846	120.857846	121.957846	4.037731	-1.836932
-153.503204	19.495199	1538.471000	144.970000	38.220000	18.000000	121.796164	121.096164	122.596164	4.032626	-1.767722
-153.992294	18.797600	1538.485000	144.970000	38.220000	18.000000	122.705711	121.805711	123.605711	4.032141	-1.262659
-153.295898	18.800900	1553.486000	144.970000	38.220000	18.000000	122.359558	121.459558	123.359558	4.043700	-1.585351
-152.132401	18.481400	1583.479000	144.970000	38.220000	18.000000	122.940253	122.140253	123.740253	3.983476	-1.148675
-153.290604	17.906200	1566.482000	144.970000	38.220000	18.000000	123.440891	122.340891	124.640891	4.034686	-0.988562
-153.700806	17.297501	1564.489000	144.970000	38.220000	18.000000	120.202633	119.602633	120.702633	4.061389	-4.571608
-154.691299	17.180099	1543.479000	144.970000	38.220000	18.000000	119.764469	119.364469	120.164469	4.090707	-5.134482
-154.030502	17.988400	1549.477000	144.970000	38.220000	18.000000	123.535777	122.735777	124.435777	4.025685	-0.882417
-154.495895	18.401699	1533.474000	144.970000	38.220000	18.000000	123.924795	123.124795	124.824795	4.031524	-0.286141
-154.797394	18.803101	1521.475000	144.970000	38.220000	18.000000	123.916093	122.916093	124.916093	4.037139	-0.080693
-155.714996	18.000299	1509.477000	144.970000	38.220000	18.000000	119.920811	119.520811	120.420811	4.037268	-4.587854
-156.808197	18.404200	1479.493000	144.970000	38.220000	18.000000	120.532674	120.132674	120.932674	4.014301	-3.815386
-156.167007	18.301001	1495.473000	144.970000	38.220000	18.000000	120.714555	120.414555	121.114555	4.019161	-3.649692
-157.227295	18.984800	1462.476000	144.970000	38.220000	18.000000	120.813373	120.413373	121.313373	4.001019	-3.211135
-156.510101	19.477699	1473.481000	144.970000	38.220000	18.000000	123.134646	122.334646	123.934646	4.021813	-0.543642
-156.932007	19.832701	1458.478000	144.970000	38.220000	18.000000	122.239928	121.439928	123.039928	3.977802	-1.240064
-157.627594	20.346100	1434.477000	144.970000	38.220000	18.000000	121.151975	120.351975	121.851975	3.955484	-2.035659
