-155.772995	19.079000	1621.162000	148.610000	-3.170000	13.000000	71.373130	70.973130	71.773130	3.930823	-2.608423
-155.996994	20.771000	1631.167000	148.610000	-3.170000	13.000000	69.914195	69.514195	70.214195	3.912361	-2.986539
-155.710999	20.046000	1632.162000	148.610000	-3.170000	13.000000	70.111320	69.611320	70.611320	3.912212	-3.346924
-159.401001	21.971001	1556.168000	148.610000	-3.170000	13.000000	69.192325	68.892325	69.592325	3.869627	-1.130034
-156.658005	20.891001	1615.173000	148.610000	-3.170000	13.000000	70.566198	70.166198	70.966198	3.858005	-1.920366
-159.664993	22.122999	1551.172000	148.610000	-3.170000	13.000000	69.121660	68.621660	69.621660	3.879552	-0.952476
-156.755997	21.136000	1614.181000	148.610000	-3.170000	13.000000	71.160630	70.760630	71.560630	3.878804	-1.132202
-154.617798	20.088900	1660.144000	148.610000	-3.170000	13.000000	70.096658	69.596658	70.596658	3.930184	-3.880126
-155.679398	21.205500	1643.147000	148.610000	-3.170000	13.000000	69.933734	69.533734	70.333734	3.912452	-2.887723
-154.482803	21.001900	1673.146000	148.610000	-3.170000	13.000000	68.930387	68.230387	69.630387	3.847335	-4.618359
-153.982697	21.519699	1686.161000	148.610000	-3.170000	13.000000	72.613691	71.913691	73.313691	3.950106	-0.914439
-153.992294	18.797600	1662.153000	148.610000	-3.170000	13.000000	71.408320	70.908320	71.808320	3.975906	-3.571506
-152.132401	18.481400	1705.165000	148.610000	-3.170000	13.000000	72.060309	71.460309	72.660309	4.102888	-3.922209
-153.290604	17.906200	1673.146000	148.610000	-3.170000	13.000000	72.789317	72.289317	73.389317	4.056843	-2.988101
-153.700806	17.297501	1657.165000	148.610000	-3.170000	13.000000	72.456463	72.056463	72.756463	4.008401	-3.474324
-154.691299	17.180099	1632.163000	148.610000	-3.170000	13.000000	73.118938	72.818938	73.518938	4.018935	-2.449455
-154.030502	17.988400	1655.157000	148.610000	-3.170000	13.000000	71.697045	71.197045	72.097045	3.966886	-3.709159
-154.495895	18.401699	1647.146000	148.610000	-3.170000	13.000000	72.006098	71.606098	72.306098	3.984465	-2.960711
-154.797394	18.803101	1642.456000	148.610000	-3.170000	13.000000	71.571789	71.271789	71.971789	3.955235	-3.030992
-155.714996	18.000299	1612.155000	148.610000	-3.170000	13.000000	71.603380	71.403380	71.803380	3.924245	-3.032175
-156.808197	18.404200	1588.327000	148.610000	-3.170000	13.000000	71.315594	71.115594	71.515594	3.931804	-2.564817
-157.227295	18.984800	1583.147000	148.610000	-3.170000	13.000000	70.924740	70.624740	71.224740	3.922638	-2.399615
-156.932007	19.832701	1598.142000	148.610000	-3.170000	13.000000	70.462397	70.062397	70.962397	3.844634	-2.502233
-157.627594	20.346100	1585.096000	148.610000	-3.170000	13.000000	70.254190	69.954190	70.554190	3.813861	-2.042599
