-153.295898	18.800900	1147.381000	-109.240000	20.610000	16.000000
-156.510101	19.477699	1229.388000	-109.240000	20.610000	16.000000
-157.627594	20.346100	1253.460000	-109.240000	20.610000	16.000000
-155.772995	19.079000	1210.106000	-109.240000	20.610000	16.000000
-155.996994	20.771000	1209.079000	-109.240000	20.610000	16.000000
-154.983002	19.601000	1187.082000	-109.240000	20.610000	16.000000
-155.710999	20.046000	1204.082000	-109.240000	20.610000	16.000000
-159.401001	21.971001	1290.107000	-109.240000	20.610000	16.000000
-156.658005	20.891001	1226.099000	-109.240000	20.610000	16.000000
-156.755997	21.136000	1227.099000	-109.240000	20.610000	16.000000
-154.482803	21.001900	1169.065000	-109.240000	20.610000	16.000000
-154.393997	19.262501	1174.128000	-109.240000	20.610000	16.000000
-153.295898	18.800900	1147.081000	-109.240000	20.610000	16.000000
-152.132401	18.481400	1119.246000	-109.240000	20.610000	16.000000
-153.700806	17.297501	1173.082000	-109.240000	20.610000	16.000000
-154.691299	17.180099	1190.074000	-109.240000	20.610000	16.000000
-154.495895	18.401699	1179.102000	-109.240000	20.610000	16.000000
-154.797394	18.803101	1185.060000	-109.240000	20.610000	16.000000
-156.465103	18.775000	1229.889000	-109.240000	20.610000	16.000000
-157.227295	18.984800	1249.086000	-109.240000	20.610000	16.000000
-156.510101	19.477699	1229.063000	-109.240000	20.610000	16.000000
-157.627594	20.346100	1253.059000	-109.240000	20.610000	16.000000
