-155.772995	19.079000	1565.801000	152.360000	-6.730000	12.000000	66.535345	66.135345	66.935345	3.975110	-1.743053
-155.996994	20.771000	1578.815000	152.360000	-6.730000	12.000000	66.283318	65.983318	66.483318	3.966124	-0.868594
-155.710999	20.046000	1577.811000	152.360000	-6.730000	12.000000	65.897442	65.497442	66.197442	3.970599	-1.843167
-159.401001	21.971001	1513.815000	152.360000	-6.730000	12.000000	61.409172	61.009172	61.909172	3.967056	-2.914078
-156.658005	20.891001	1563.818000	152.360000	-6.730000	12.000000	66.264901	65.964901	66.664901	3.972543	-0.426569
-156.755997	21.136000	1563.828000	152.360000	-6.730000	12.000000	66.654061	66.154061	67.054061	3.969965	0.166235
-154.617798	20.088900	1604.337000	152.360000	-6.730000	12.000000	66.402831	66.102831	66.702831	3.980988	-1.926852
-155.679398	21.205500	1591.498000	152.360000	-6.730000	12.000000	66.046862	65.846862	66.346862	3.965681	-1.039994
-154.482803	21.001900	1620.793000	152.360000	-6.730000	12.000000	64.067937	63.467937	64.767937	3.868620	-3.825464
-153.292099	20.892599	1644.646000	152.360000	-6.730000	12.000000	67.063413	66.763413	67.363413	3.983090	-1.557355
-153.902405	19.979099	1620.798000	152.360000	-6.730000	12.000000	66.509092	66.209092	66.909092	3.984056	-2.275550
-153.503204	19.495199	1624.889000	152.360000	-6.730000	12.000000	66.691059	66.391059	67.091059	3.994478	-2.576598
-153.992294	18.797600	1605.793000	152.360000	-6.730000	12.000000	67.162056	66.762056	67.462056	4.007259	-2.238944
-153.295898	18.800900	1623.588000	152.360000	-6.730000	12.000000	67.726738	67.126738	68.426738	4.001941	-2.035025
-152.132401	18.481400	1646.800000	152.360000	-6.730000	12.000000	67.707799	67.507799	68.007799	4.028946	-2.818936
-153.290604	17.906200	1611.096000	152.360000	-6.730000	12.000000	66.007931	65.607931	66.407931	4.017168	-4.258367
-153.700806	17.297501	1595.808000	152.360000	-6.730000	12.000000	67.024628	66.824628	67.224628	4.010986	-3.385756
-154.691299	17.180099	1570.793000	152.360000	-6.730000	12.000000	67.176928	67.076928	67.376928	4.008844	-2.808541
-154.030502	17.988400	1594.804000	152.360000	-6.730000	12.000000	66.136511	65.836511	66.436511	3.996451	-3.708784
-154.495895	18.401699	1589.788000	152.360000	-6.730000	12.000000	67.599760	67.199760	67.999760	4.011712	-1.765206
-154.797394	18.803101	1586.396000	152.360000	-6.730000	12.000000	67.337873	67.037873	67.737873	3.988140	-1.633599
-155.714996	18.000299	1555.341000	152.360000	-6.730000	12.000000	67.556101	67.256101	67.856101	4.011070	-1.404578
-156.808197	18.404200	1533.790000	152.360000	-6.730000	12.000000	67.349505	67.049505	67.749505	4.019598	-0.768938
-156.167007	18.301001	1547.230000	152.360000	-6.730000	12.000000	66.834781	66.534781	67.234781	3.970329	-1.699195
-157.227295	18.984800	1529.798000	152.360000	-6.730000	12.000000	66.420189	66.020189	66.820189	4.009102	-1.100166
-156.510101	19.477699	1552.792000	152.360000	-6.730000	12.000000	65.783163	65.283163	66.383163	3.945679	-1.841981
-157.627594	20.346100	1533.854000	152.360000	-6.730000	12.000000	66.131399	65.631399	66.731399	3.947512	-0.310221
