-153.295898	18.800900	1147.381000	-109.240000	20.610000	16.000000	259.096142	257.696142	260.596142	3.963032	-0.761164
-156.510101	19.477699	1229.388000	-109.240000	20.610000	16.000000	260.353717	259.453717	261.153717	3.931637	0.261174
-157.627594	20.346100	1253.460000	-109.240000	20.610000	16.000000	260.819343	260.119343	261.519343	3.974170	0.065694
-155.772995	19.079000	1210.106000	-109.240000	20.610000	16.000000	260.113164	259.213164	261.113164	3.978777	0.310292
-155.996994	20.771000	1209.079000	-109.240000	20.610000	16.000000	262.283173	261.983173	262.483173	3.929659	0.768188
-154.983002	19.601000	1187.082000	-109.240000	20.610000	16.000000	259.677574	258.777574	260.677574	3.941506	-0.798084
-155.710999	20.046000	1204.082000	-109.240000	20.610000	16.000000	261.482706	261.082706	261.882706	3.944759	0.666205
-159.401001	21.971001	1290.107000	-109.240000	20.610000	16.000000	260.305245	260.105245	260.505245	4.036749	-1.609633
-156.658005	20.891001	1226.099000	-109.240000	20.610000	16.000000	262.286050	261.886050	262.786050	3.999257	0.787864
-156.755997	21.136000	1227.099000	-109.240000	20.610000	16.000000	261.952842	261.552842	262.252842	3.982269	0.226839
-154.482803	21.001900	1169.065000	-109.240000	20.610000	16.000000	263.022468	262.822468	263.222468	3.958210	0.938906
-154.393997	19.262501	1174.128000	-109.240000	20.610000	16.000000	259.946639	258.946639	260.946639	3.966782	-0.260352
-153.295898	18.800900	1147.081000	-109.240000	20.610000	16.000000	259.096142	257.696142	260.596142	3.963032	-0.761164
-152.132401	18.481400	1119.246000	-109.240000	20.610000	16.000000	257.615934	254.715934	260.515934	4.037743	-2.023296
-153.700806	17.297501	1173.082000	-109.240000	20.610000	16.000000	249.588886	247.988886	251.288886	3.847138	-8.569971
-154.691299	17.180099	1190.074000	-109.240000	20.610000	16.000000	260.608590	259.708590	261.508590	4.046022	2.655130
-154.495895	18.401699	1179.102000	-109.240000	20.610000	16.000000	260.817298	259.417298	262.217298	4.016842	1.550064
-154.797394	18.803101	1185.060000	-109.240000	20.610000	16.000000	260.776464	259.476464	261.976464	4.013303	1.120858
-156.465103	18.775000	1229.889000	-109.240000	20.610000	16.000000	259.852907	259.152907	260.552907	3.984862	0.461783
-157.227295	18.984800	1249.086000	-109.240000	20.610000	16.000000	260.534189	260.334189	260.734189	3.923072	1.047511
-156.510101	19.477699	1229.063000	-109.240000	20.610000	16.000000	260.353717	259.453717	261.153717	3.931637	0.261174
-157.627594	20.346100	1253.059000	-109.240000	20.610000	16.000000	260.819343	260.119343	261.519343	3.974170	0.065694
