-155.772995	19.079000	923.240000	-126.420000	41.150000	20.400000	222.431026	222.131026	222.831026	3.851726	0.251125
-157.931000	21.646000	909.217000	-126.420000	41.150000	20.400000	223.361439	222.561439	224.261439	3.896335	-3.034835
-155.996994	20.771000	892.214000	-126.420000	41.150000	20.400000	223.251111	222.851111	223.651111	3.914437	-0.886997
-159.401001	21.971001	925.242000	-126.420000	41.150000	20.400000	221.188882	220.688882	221.788882	3.885942	-6.439260
-156.658005	20.891001	901.239000	-126.420000	41.150000	20.400000	222.330402	221.430402	223.130402	4.045782	-2.399103
-157.270004	21.108999	910.233000	-126.420000	41.150000	20.400000	223.562330	221.962330	225.062330	3.957372	-1.815967
-156.755997	21.136000	897.231000	-126.420000	41.150000	20.400000	222.472264	221.372264	223.472264	4.003198	-2.594743
-154.691299	17.180099	944.221000	-126.420000	41.150000	20.400000	220.493766	220.293766	220.693766	3.917887	1.002535
-154.030502	17.988400	915.212000	-126.420000	41.150000	20.400000	220.848165	220.548165	221.148165	3.921393	1.111942
-155.714996	18.000299	943.932000	-126.420000	41.150000	20.400000	221.966736	221.466736	222.366736	3.843815	0.902964
-156.167007	18.301001	947.205000	-126.420000	41.150000	20.400000	222.195060	221.795060	222.495060	3.833564	0.503769
-156.510101	19.477699	929.613000	-126.420000	41.150000	20.400000	223.750033	223.150033	224.350033	3.800173	0.629251
-156.932007	19.832701	929.586000	-126.420000	41.150000	20.400000	221.314149	220.014149	222.514149	4.055888	-2.468304
-157.627594	20.346100	931.209000	-126.420000	41.150000	20.400000	223.707606	222.807606	224.507606	3.947332	-1.080276
-154.030502	17.988400	914.737000	-126.420000	41.150000	20.400000	220.848165	220.548165	221.148165	3.921393	1.111942
-156.167007	18.301001	946.880000	-126.420000	41.150000	20.400000	222.195060	221.795060	222.495060	3.833564	0.503769
-157.627594	20.346100	930.709000	-126.420000	41.150000	20.400000	223.707606	222.807606	224.507606	3.947332	-1.080276
