-155.679398	21.205500	859.607000	-126.760000	40.640000	16.200000
-153.982697	21.519699	823.461000	-126.760000	40.640000	16.200000
-153.295898	18.800900	868.589000	-126.760000	40.640000	16.200000
-152.132401	18.481400	857.408000	-126.760000	40.640000	16.200000
-153.290604	17.906200	887.359000	-126.760000	40.640000	16.200000
-156.808197	18.404200	938.280000	-126.760000	40.640000	16.200000
-156.465103	18.775000	923.288000	-126.760000	40.640000	16.200000
-156.510101	19.477699	910.604000	-126.760000	40.640000	16.200000
-156.932007	19.832701	910.563000	-126.760000	40.640000	16.200000
-155.772995	19.079000	905.227000	-126.760000	40.640000	16.200000
-157.931000	21.646000	893.218000	-126.760000	40.640000	16.200000
-155.996994	20.771000	874.201000	-126.760000	40.640000	16.200000
-154.983002	19.601000	880.201000	-126.760000	40.640000	16.200000
-159.401001	21.971001	909.228000	-126.760000	40.640000	16.200000
-156.658005	20.891001	884.208000	-126.760000	40.640000	16.200000
-157.270004	21.108999	893.220000	-126.760000	40.640000	16.200000
-156.755997	21.136000	881.218000	-126.760000	40.640000	16.200000
-154.617798	20.088900	864.202000	-126.760000	40.640000	16.200000
-155.679398	21.205500	860.182000	-126.760000	40.640000	16.200000
-154.482803	21.001900	844.187000	-126.760000	40.640000	16.200000
-153.982697	21.519699	823.186000	-126.760000	40.640000	16.200000
-153.292099	20.892599	824.184000	-126.760000	40.640000	16.200000
-153.902405	19.979099	852.204000	-126.760000	40.640000	16.200000
-153.992294	18.797600	879.191000	-126.760000	40.640000	16.200000
-153.295898	18.800900	869.189000	-126.760000	40.640000	16.200000
-152.132401	18.481400	857.183000	-126.760000	40.640000	16.200000
-153.290604	17.906200	887.184000	-126.760000	40.640000	16.200000
-153.700806	17.297501	906.195000	-126.760000	40.640000	16.200000
-154.691299	17.180099	925.204000	-126.760000	40.640000	16.200000
-154.030502	17.988400	897.191000	-126.760000	40.640000	16.200000
-154.495895	18.401699	896.191000	-126.760000	40.640000	16.200000
-154.797394	18.803101	893.183000	-126.760000	40.640000	16.200000
-155.714996	18.000299	927.204000	-126.760000	40.640000	16.200000
-156.808197	18.404200	938.180000	-126.760000	40.640000	16.200000
-156.167007	18.301001	929.201000	-126.760000	40.640000	16.200000
-156.465103	18.775000	924.188000	-126.760000	40.640000	16.200000
-157.227295	18.984800	934.198000	-126.760000	40.640000	16.200000
-156.510101	19.477699	911.205000	-126.760000	40.640000	16.200000
-156.932007	19.832701	911.188000	-126.760000	40.640000	16.200000
-157.627594	20.346100	913.202000	-126.760000	40.640000	16.200000
