-155.772995	19.079000	1558.165000	142.050000	38.240000	37.000000	124.016597	123.316597	124.716597	4.024946	0.209990
-157.931000	21.646000	1471.152000	142.050000	38.240000	37.000000	117.941199	115.041199	120.941199	3.663261	-4.385485
-155.996994	20.771000	1528.137000	142.050000	38.240000	37.000000	121.254052	120.454052	121.954052	4.012532	-1.606122
-154.983002	19.601000	1568.134000	142.050000	38.240000	37.000000	122.404555	121.404555	123.404555	4.027599	-1.110766
-159.401001	21.971001	1425.166000	142.050000	38.240000	37.000000	115.708523	111.208523	120.308523	3.527492	-6.413837
-156.658005	20.891001	1511.139000	142.050000	38.240000	37.000000	121.138659	119.838659	122.438659	3.895788	-1.648374
-157.270004	21.108999	1494.158000	142.050000	38.240000	37.000000	120.692315	119.092315	122.192315	3.850913	-1.964140
-154.617798	20.088900	1568.122000	142.050000	38.240000	37.000000	121.793872	121.193872	122.393872	4.027939	-1.458954
-155.679398	21.205500	1527.127000	142.050000	38.240000	37.000000	122.516899	122.016899	122.916899	4.000798	-0.097200
-154.482803	21.001900	1558.124000	142.050000	38.240000	37.000000	121.297354	120.697354	121.797354	4.029309	-1.458211
-153.982697	21.519699	1557.130000	142.050000	38.240000	37.000000	125.375258	124.975258	125.675258	4.022435	2.889274
-153.292099	20.892599	1581.127000	142.050000	38.240000	37.000000	125.889749	125.489749	126.289749	4.109672	3.037885
-154.393997	19.262501	1586.137000	142.050000	38.240000	37.000000	122.574274	121.574274	123.574274	4.019920	-1.120686
-153.992294	18.797600	1601.142000	142.050000	38.240000	37.000000	123.380566	122.580566	124.180566	4.011212	-0.554724
-154.030502	17.988400	1611.120000	142.050000	38.240000	37.000000	122.290057	121.590057	122.990057	4.024497	-2.056347
-154.495895	18.401699	1596.142000	142.050000	38.240000	37.000000	124.081044	123.381044	124.781044	4.008476	-0.062928
-154.797394	18.803101	1584.124000	142.050000	38.240000	37.000000	124.177162	123.277162	125.077162	4.023113	0.237825
-155.714996	18.000299	1573.138000	142.050000	38.240000	37.000000	120.244458	119.944458	120.644458	4.014870	-4.139810
-156.808197	18.404200	1542.129000	142.050000	38.240000	37.000000	120.044919	119.644919	120.444919	3.982693	-4.162291
-156.167007	18.301001	1558.141000	142.050000	38.240000	37.000000	120.237010	119.837010	120.737010	3.986057	-4.002405
-157.227295	18.984800	1526.118000	142.050000	38.240000	37.000000	121.932655	121.532655	122.232655	3.990209	-1.965429
-156.510101	19.477699	1536.137000	142.050000	38.240000	37.000000	123.581967	122.881967	124.281967	4.007588	-0.017548
-156.932007	19.832701	1521.123000	142.050000	38.240000	37.000000	122.889058	121.489058	124.189058	3.877923	-0.516115
-157.627594	20.346100	1498.123000	142.050000	38.240000	37.000000	123.002355	121.202355	124.702355	3.860208	-0.114206
