-155.772995	19.079000	2637.809000	-68.130000	-22.460000	155.300000	291.153336	290.553336	291.653336	3.910860	-0.868627
-155.996994	20.771000	2658.814000	-68.130000	-22.460000	155.300000	290.751440	290.251440	291.251440	3.942038	-1.050127
-159.401001	21.971001	2755.815000	-68.130000	-22.460000	155.300000	288.024319	287.424319	288.624319	3.922405	-2.539999
-156.658005	20.891001	2677.817000	-68.130000	-22.460000	155.300000	291.733912	291.233912	292.133912	3.918548	0.154645
-156.755997	21.136000	2681.827000	-68.130000	-22.460000	155.300000	290.829494	290.329494	291.329494	3.922886	-0.692015
-154.617798	20.088900	2618.372000	-68.130000	-22.460000	155.300000	292.103839	291.803839	292.403839	3.921756	-0.192532
-155.679398	21.205500	2654.595000	-68.130000	-22.460000	155.300000	289.767760	289.267760	290.267760	3.962152	-2.094719
-154.482803	21.001900	2625.794000	-68.130000	-22.460000	155.300000	292.399458	291.999458	292.699458	3.924208	0.127388
-153.982697	21.519699	2617.276000	-68.130000	-22.460000	155.300000	290.657639	290.357639	290.857639	3.953421	-1.743113
-153.292099	20.892599	2594.803000	-68.130000	-22.460000	155.300000	292.224383	292.024383	292.524383	3.946014	-0.449780
-153.902405	19.979099	2600.918000	-68.130000	-22.460000	155.300000	293.459003	293.059003	293.859003	3.943582	0.928722
-153.503204	19.495199	2585.958000	-68.130000	-22.460000	155.300000	293.456149	292.956149	293.956149	3.951365	0.772338
-153.992294	18.797600	2589.148000	-68.130000	-22.460000	155.300000	292.633072	292.233072	293.033072	3.933247	0.061442
-152.132401	18.481400	2540.176000	-68.130000	-22.460000	155.300000	293.826749	293.526749	294.026749	3.941693	0.678225
-153.290604	17.906200	2562.077000	-68.130000	-22.460000	155.300000	293.466947	293.166947	293.766947	3.918341	0.645141
-153.700806	17.297501	2565.284000	-68.130000	-22.460000	155.300000	293.953645	293.653645	294.253645	3.942651	1.224251
-154.691299	17.180099	2587.794000	-68.130000	-22.460000	155.300000	294.281138	294.081138	294.581138	3.906164	1.820433
-154.030502	17.988400	2581.787000	-68.130000	-22.460000	155.300000	292.970754	292.570754	293.270754	3.921349	0.367310
-154.797394	18.803101	2609.862000	-68.130000	-22.460000	155.300000	292.046468	291.646468	292.446468	3.921158	-0.284663
-155.714996	18.000299	2623.234000	-68.130000	-22.460000	155.300000	292.970809	292.670809	293.270809	3.915252	0.846898
-156.808197	18.404200	2652.895000	-68.130000	-22.460000	155.300000	293.957101	293.457101	294.457101	3.951071	2.173502
-156.167007	18.301001	2637.130000	-68.130000	-22.460000	155.300000	292.988711	292.688711	293.288711	3.934456	1.015688
-157.227295	18.984800	2671.817000	-68.130000	-22.460000	155.300000	291.452012	291.052012	291.852012	3.898549	-0.155627
-156.510101	19.477699	2660.584000	-68.130000	-22.460000	155.300000	290.764322	289.964322	291.464322	3.913504	-1.003586
-156.932007	19.832701	2674.458000	-68.130000	-22.460000	155.300000	290.748426	289.948426	291.548426	3.918163	-0.857915
-157.627594	20.346100	2696.781000	-68.130000	-22.460000	155.300000	290.688738	289.888738	291.488738	3.906900	-0.650183
