-155.714996	18.000299	1838.304000	130.150000	33.720000	12.000000	111.176850	110.876850	111.576850	3.963362	-8.595582
-156.167007	18.301001	1824.279000	130.150000	33.720000	12.000000	112.024170	111.724170	112.324170	3.960146	-7.586797
-156.465103	18.775000	1812.443000	130.150000	33.720000	12.000000	112.825930	112.525930	113.125930	3.967203	-6.570965
-155.772995	19.079000	1828.005000	130.150000	33.720000	12.000000	113.986301	113.186301	114.886301	3.989124	-5.378927
-157.931000	21.646000	1745.994000	130.150000	33.720000	12.000000	113.675144	112.675144	114.675144	4.072809	-4.344495
-155.996994	20.771000	1802.979000	130.150000	33.720000	12.000000	111.879757	111.479757	112.179757	3.955392	-6.798643
-154.983002	19.601000	1840.996000	130.150000	33.720000	12.000000	111.793996	111.193996	112.393996	3.955985	-7.481256
-155.710999	20.046000	1818.982000	130.150000	33.720000	12.000000	111.233862	110.533862	112.033862	3.943418	-7.770625
-159.401001	21.971001	1710.000000	130.150000	33.720000	12.000000	112.568136	110.768136	114.368136	4.082114	-5.084300
-156.658005	20.891001	1785.977000	130.150000	33.720000	12.000000	111.789368	111.289368	112.189368	4.004899	-6.741613
-157.270004	21.108999	1768.999000	130.150000	33.720000	12.000000	111.878319	111.378319	112.478319	4.032137	-6.471296
-159.664993	22.122999	1701.977000	130.150000	33.720000	12.000000	112.243975	109.943975	114.543975	4.074311	-5.298027
-156.755997	21.136000	1779.999000	130.150000	33.720000	12.000000	112.799702	112.299702	113.299702	4.012738	-5.615649
-154.617798	20.088900	1842.969000	130.150000	33.720000	12.000000	112.949373	112.649373	113.249373	3.976641	-6.198331
-155.679398	21.205500	1804.744000	130.150000	33.720000	12.000000	113.205083	112.805083	113.505083	3.958832	-5.349910
-154.994400	21.507000	1816.236000	130.150000	33.720000	12.000000	115.580724	115.180724	115.880724	3.977490	-2.968351
-154.482803	21.001900	1834.966000	130.150000	33.720000	12.000000	114.614484	114.314484	114.914484	3.976195	-4.213689
-153.902405	19.979099	1863.040000	130.150000	33.720000	12.000000	111.797723	111.497723	112.097723	3.943821	-7.498285
-153.503204	19.495199	1875.982000	130.150000	33.720000	12.000000	114.053380	113.653380	114.453380	3.980364	-5.473246
-153.992294	18.797600	1872.875000	130.150000	33.720000	12.000000	113.252247	112.752247	113.652247	3.955079	-6.447289
-153.290604	17.906200	1900.073000	130.150000	33.720000	12.000000	112.525322	111.825322	113.225322	3.989751	-7.566849
-153.700806	17.297501	1895.976000	130.150000	33.720000	12.000000	112.298393	111.898393	112.698393	3.974365	-7.944129
-154.691299	17.180099	1870.977000	130.150000	33.720000	12.000000	110.217655	109.817655	110.617655	3.993121	-9.955080
-154.030502	17.988400	1881.983000	130.150000	33.720000	12.000000	114.026648	113.226648	114.726648	3.962068	-5.946022
-154.495895	18.401699	1865.965000	130.150000	33.720000	12.000000	113.877918	113.177918	114.577918	3.959778	-5.894360
-154.797394	18.803101	1854.781000	130.150000	33.720000	12.000000	113.354035	112.454035	114.254035	3.969536	-6.237353
-155.714996	18.000299	1838.979000	130.150000	33.720000	12.000000	111.176850	110.876850	111.576850	3.963362	-8.595582
-156.808197	18.404200	1806.962000	130.150000	33.720000	12.000000	111.153855	110.853855	111.353855	3.934655	-8.347236
-156.167007	18.301001	1823.979000	130.150000	33.720000	12.000000	112.024170	111.724170	112.324170	3.960146	-7.586797
-156.465103	18.775000	1812.968000	130.150000	33.720000	12.000000	112.825930	112.525930	113.125930	3.967203	-6.570965
-157.227295	18.984800	1790.967000	130.150000	33.720000	12.000000	111.412427	111.112427	111.712427	3.930112	-7.814156
-156.510101	19.477699	1805.168000	130.150000	33.720000	12.000000	113.577554	112.977554	114.277554	3.981664	-5.540695
-156.932007	19.832701	1789.980000	130.150000	33.720000	12.000000	112.548276	112.048276	112.948276	3.983008	-6.374649
-157.627594	20.346100	1767.982000	130.150000	33.720000	12.000000	112.298523	111.898523	112.798523	4.023434	-6.321798
