-155.679398	21.205500	859.607000	-126.760000	40.640000	16.200000	224.113486	223.813486	224.313486	3.955035	-0.885961
-153.982697	21.519699	823.461000	-126.760000	40.640000	16.200000	223.833756	223.533756	224.133756	3.976649	-0.251643
-153.295898	18.800900	868.589000	-126.760000	40.640000	16.200000	219.619509	219.419509	219.919509	4.003814	-0.820978
-152.132401	18.481400	857.408000	-126.760000	40.640000	16.200000	216.693608	216.493608	216.893608	4.106700	-2.387160
-153.290604	17.906200	887.359000	-126.760000	40.640000	16.200000	218.822930	218.522930	219.022930	4.012088	-0.687712
-156.808197	18.404200	938.280000	-126.760000	40.640000	16.200000	223.032231	222.932231	223.132231	3.916925	0.252825
-156.465103	18.775000	923.288000	-126.760000	40.640000	16.200000	222.556900	222.356900	222.756900	3.961735	-0.352408
-156.510101	19.477699	910.604000	-126.760000	40.640000	16.200000	223.491350	223.391350	223.691350	3.964341	-0.184365
-156.932007	19.832701	910.563000	-126.760000	40.640000	16.200000	223.267531	222.867531	223.567531	3.953291	-1.084405
-155.772995	19.079000	905.227000	-126.760000	40.640000	16.200000	222.556972	222.356972	222.656972	3.970053	-0.158363
-157.931000	21.646000	893.218000	-126.760000	40.640000	16.200000	225.871510	225.371510	226.371510	3.971465	-1.157697
-155.996994	20.771000	874.201000	-126.760000	40.640000	16.200000	223.929220	223.629220	224.129220	3.955582	-0.799419
-154.983002	19.601000	880.201000	-126.760000	40.640000	16.200000	222.195176	221.995176	222.395176	3.982082	-0.476485
-159.401001	21.971001	909.228000	-126.760000	40.640000	16.200000	223.108645	222.608645	223.708645	4.151756	-5.169712
-156.658005	20.891001	884.208000	-126.760000	40.640000	16.200000	224.014628	223.714628	224.314628	3.964775	-1.314919
-157.270004	21.108999	893.220000	-126.760000	40.640000	16.200000	226.454893	225.854893	226.954893	3.975195	0.464966
-156.755997	21.136000	881.218000	-126.760000	40.640000	16.200000	224.464410	224.164410	224.864410	3.964083	-1.211296
-154.617798	20.088900	864.202000	-126.760000	40.640000	16.200000	222.446453	222.346453	222.646453	3.982149	-0.477887
-155.679398	21.205500	860.182000	-126.760000	40.640000	16.200000	224.113486	223.813486	224.313486	3.955035	-0.885961
-154.482803	21.001900	844.187000	-126.760000	40.640000	16.200000	224.185931	223.685931	224.785931	3.980571	0.323208
-153.982697	21.519699	823.186000	-126.760000	40.640000	16.200000	223.833756	223.533756	224.133756	3.976649	-0.251643
-153.292099	20.892599	824.184000	-126.760000	40.640000	16.200000	221.832859	221.532859	222.032859	4.035579	-0.941721
-153.902405	19.979099	852.204000	-126.760000	40.640000	16.200000	222.047295	221.547295	222.447295	3.988569	-0.181831
-153.992294	18.797600	879.191000	-126.760000	40.640000	16.200000	221.165447	220.965447	221.465447	3.987787	0.144858
-153.295898	18.800900	869.189000	-126.760000	40.640000	16.200000	219.619509	219.419509	219.919509	4.003814	-0.820978
-152.132401	18.481400	857.183000	-126.760000	40.640000	16.200000	216.693608	216.493608	216.893608	4.106700	-2.387160
-153.290604	17.906200	887.184000	-126.760000	40.640000	16.200000	218.822930	218.522930	219.022930	4.012088	-0.687712
-153.700806	17.297501	906.195000	-126.760000	40.640000	16.200000	219.766801	219.566801	220.066801	4.042150	0.511888
-154.691299	17.180099	925.204000	-126.760000	40.640000	16.200000	220.759369	220.559369	220.959369	4.054340	0.800676
-154.030502	17.988400	897.191000	-126.760000	40.640000	16.200000	220.730038	220.430038	220.930038	4.024098	0.512454
-154.495895	18.401699	896.191000	-126.760000	40.640000	16.200000	221.153381	220.953381	221.453381	3.987728	0.134336
-154.797394	18.803101	893.183000	-126.760000	40.640000	16.200000	221.446237	221.246237	221.746237	3.985143	-0.229655
-155.714996	18.000299	927.204000	-126.760000	40.640000	16.200000	221.062106	220.962106	221.262106	3.941086	-0.505036
-156.808197	18.404200	938.180000	-126.760000	40.640000	16.200000	223.032231	222.932231	223.132231	3.916925	0.252825
-156.167007	18.301001	929.201000	-126.760000	40.640000	16.200000	221.901473	221.701473	222.101473	3.962230	-0.306857
-156.465103	18.775000	924.188000	-126.760000	40.640000	16.200000	222.556900	222.356900	222.756900	3.961735	-0.352408
-157.227295	18.984800	934.198000	-126.760000	40.640000	16.200000	223.962478	223.862478	224.062478	3.915473	0.296751
-156.510101	19.477699	911.205000	-126.760000	40.640000	16.200000	223.491350	223.391350	223.691350	3.964341	-0.184365
-156.932007	19.832701	911.188000	-126.760000	40.640000	16.200000	223.267531	222.867531	223.567531	3.953291	-1.084405
-157.627594	20.346100	913.202000	-126.760000	40.640000	16.200000	224.278152	223.978152	224.578152	3.976624	-1.100384
