-155.772995	19.079000	2146.341000	-138.910000	-57.570000	12.000000
-155.996994	20.771000	2195.314000	-138.910000	-57.570000	12.000000
-154.983002	19.601000	2159.340000	-138.910000	-57.570000	12.000000
-155.710999	20.046000	2173.315000	-138.910000	-57.570000	12.000000
-159.401001	21.971001	2234.342000	-138.910000	-57.570000	12.000000
-156.658005	20.891001	2201.342000	-138.910000	-57.570000	12.000000
-156.755997	21.136000	2208.331000	-138.910000	-57.570000	12.000000
-154.482803	21.001900	2195.299000	-138.910000	-57.570000	12.000000
-153.982697	21.519699	2207.300000	-138.910000	-57.570000	12.000000
-153.292099	20.892599	2187.307000	-138.910000	-57.570000	12.000000
-153.503204	19.495199	2150.310000	-138.910000	-57.570000	12.000000
-154.393997	19.262501	2147.362000	-138.910000	-57.570000	12.000000
-153.992294	18.797600	2132.312000	-138.910000	-57.570000	12.000000
-153.295898	18.800900	2129.622000	-138.910000	-57.570000	12.000000
-152.132401	18.481400	2118.310000	-138.910000	-57.570000	12.000000
-153.290604	17.906200	2105.296000	-138.910000	-57.570000	12.000000
-153.700806	17.297501	2091.310000	-138.910000	-57.570000	12.000000
-154.691299	17.180099	2091.301000	-138.910000	-57.570000	12.000000
-154.030502	17.988400	2111.305000	-138.910000	-57.570000	12.000000
-154.797394	18.803101	2136.294000	-138.910000	-57.570000	12.000000
-155.714996	18.000299	2116.305000	-138.910000	-57.570000	12.000000
-156.808197	18.404200	2131.301000	-138.910000	-57.570000	12.000000
-156.167007	18.301001	2126.312000	-138.910000	-57.570000	12.000000
-156.465103	18.775000	2140.150000	-138.910000	-57.570000	12.000000
-157.227295	18.984800	2148.308000	-138.910000	-57.570000	12.000000
-156.510101	19.477699	2160.631000	-138.910000	-57.570000	12.000000
-156.932007	19.832701	2172.315000	-138.910000	-57.570000	12.000000
-157.627594	20.346100	2187.705000	-138.910000	-57.570000	12.000000
-153.503204	19.495199	2150.010000	-138.910000	-57.570000	12.000000
-153.992294	18.797600	2132.087000	-138.910000	-57.570000	12.000000
-154.030502	17.988400	2110.955000	-138.910000	-57.570000	12.000000
-154.797394	18.803101	2137.070000	-138.910000	-57.570000	12.000000
-155.714996	18.000299	2115.879000	-138.910000	-57.570000	12.000000
-156.167007	18.301001	2125.838000	-138.910000	-57.570000	12.000000
-156.932007	19.832701	2171.841000	-138.910000	-57.570000	12.000000
