-155.714996	18.000299	1838.304000	130.150000	33.720000	12.000000
-156.167007	18.301001	1824.279000	130.150000	33.720000	12.000000
-156.465103	18.775000	1812.443000	130.150000	33.720000	12.000000
-155.772995	19.079000	1828.005000	130.150000	33.720000	12.000000
-157.931000	21.646000	1745.994000	130.150000	33.720000	12.000000
-155.996994	20.771000	1802.979000	130.150000	33.720000	12.000000
-154.983002	19.601000	1840.996000	130.150000	33.720000	12.000000
-155.710999	20.046000	1818.982000	130.150000	33.720000	12.000000
-159.401001	21.971001	1710.000000	130.150000	33.720000	12.000000
-156.658005	20.891001	1785.977000	130.150000	33.720000	12.000000
-157.270004	21.108999	1768.999000	130.150000	33.720000	12.000000
-159.664993	22.122999	1701.977000	130.150000	33.720000	12.000000
-156.755997	21.136000	1779.999000	130.150000	33.720000	12.000000
-154.617798	20.088900	1842.969000	130.150000	33.720000	12.000000
-155.679398	21.205500	1804.744000	130.150000	33.720000	12.000000
-154.994400	21.507000	1816.236000	130.150000	33.720000	12.000000
-154.482803	21.001900	1834.966000	130.150000	33.720000	12.000000
-153.902405	19.979099	1863.040000	130.150000	33.720000	12.000000
-153.503204	19.495199	1875.982000	130.150000	33.720000	12.000000
-153.992294	18.797600	1872.875000	130.150000	33.720000	12.000000
-153.290604	17.906200	1900.073000	130.150000	33.720000	12.000000
-153.700806	17.297501	1895.976000	130.150000	33.720000	12.000000
-154.691299	17.180099	1870.977000	130.150000	33.720000	12.000000
-154.030502	17.988400	1881.983000	130.150000	33.720000	12.000000
-154.495895	18.401699	1865.965000	130.150000	33.720000	12.000000
-154.797394	18.803101	1854.781000	130.150000	33.720000	12.000000
-155.714996	18.000299	1838.979000	130.150000	33.720000	12.000000
-156.808197	18.404200	1806.962000	130.150000	33.720000	12.000000
-156.167007	18.301001	1823.979000	130.150000	33.720000	12.000000
-156.465103	18.775000	1812.968000	130.150000	33.720000	12.000000
-157.227295	18.984800	1790.967000	130.150000	33.720000	12.000000
-156.510101	19.477699	1805.168000	130.150000	33.720000	12.000000
-156.932007	19.832701	1789.980000	130.150000	33.720000	12.000000
-157.627594	20.346100	1767.982000	130.150000	33.720000	12.000000
