-155.679398	21.205500	2644.305000	-80.680000	-44.910000	17.000000	312.444576	312.044576	312.944576	3.876330	-4.198840
-156.510101	19.477699	2628.293000	-80.680000	-44.910000	17.000000	312.885718	312.385718	313.385718	3.888250	-3.606463
-156.932007	19.832701	2643.262000	-80.680000	-44.910000	17.000000	312.842463	312.142463	313.642463	3.953936	-3.511158
-155.772995	19.079000	2605.921000	-80.680000	-44.910000	17.000000	313.517891	313.017891	314.017891	3.918275	-3.202544
-157.931000	21.646000	2698.903000	-80.680000	-44.910000	17.000000	313.827730	311.227730	316.427730	3.994875	-2.114591
-155.996994	20.771000	2642.893000	-80.680000	-44.910000	17.000000	313.628804	313.228804	314.028804	3.872225	-2.943915
-154.983002	19.601000	2600.881000	-80.680000	-44.910000	17.000000	314.620151	314.120151	315.020151	3.939377	-2.310025
-159.401001	21.971001	2726.921000	-80.680000	-44.910000	17.000000	320.671629	318.071629	323.171629	4.053957	5.180633
-156.658005	20.891001	2658.876000	-80.680000	-44.910000	17.000000	314.862138	313.862138	315.762138	3.946573	-1.507426
-157.270004	21.108999	2675.914000	-80.680000	-44.910000	17.000000	314.898723	313.198723	316.498723	3.965177	-1.276817
-156.755997	21.136000	2664.912000	-80.680000	-44.910000	17.000000	314.365525	313.665525	315.065525	3.949462	-1.959203
-155.679398	21.205500	2643.880000	-80.680000	-44.910000	17.000000	312.444576	312.044576	312.944576	3.876330	-4.198840
-154.482803	21.001900	2618.880000	-80.680000	-44.910000	17.000000	314.421486	314.121486	314.621486	3.891127	-2.600963
-153.902405	19.979099	2586.973000	-80.680000	-44.910000	17.000000	313.923652	313.623652	314.223652	3.953367	-3.319528
-153.992294	18.797600	2565.589000	-80.680000	-44.910000	17.000000	314.358576	313.858576	314.858576	3.965804	-2.891122
-152.132401	18.481400	2527.100000	-80.680000	-44.910000	17.000000	317.645413	317.045413	318.245413	4.043223	-0.174278
-153.290604	17.906200	2535.051000	-80.680000	-44.910000	17.000000	315.444688	314.544688	316.344688	3.985520	-2.028824
-153.700806	17.297501	2530.676000	-80.680000	-44.910000	17.000000	315.944847	315.344847	316.544847	3.988661	-1.414462
-154.691299	17.180099	2547.901000	-80.680000	-44.910000	17.000000	314.270675	313.870675	314.770675	3.971284	-2.808459
-154.030502	17.988400	2549.415000	-80.680000	-44.910000	17.000000	315.982433	314.982433	316.982433	3.940052	-1.272475
-156.808197	18.404200	2609.983000	-80.680000	-44.910000	17.000000	315.939882	315.539882	316.439882	3.918353	-0.518779
-156.465103	18.775000	2611.970000	-80.680000	-44.910000	17.000000	314.831964	314.431964	315.131964	3.908992	-1.705505
-157.227295	18.984800	2631.897000	-80.680000	-44.910000	17.000000	313.453195	313.153195	313.753195	3.891034	-2.863452
-156.510101	19.477699	2627.893000	-80.680000	-44.910000	17.000000	312.885718	312.385718	313.385718	3.888250	-3.606463
-156.932007	19.832701	2642.887000	-80.680000	-44.910000	17.000000	312.842463	312.142463	313.642463	3.953936	-3.511158
-157.627594	20.346100	2665.390000	-80.680000	-44.910000	17.000000	314.025280	313.325280	314.725280	3.963928	-2.099725
