-154.994400	21.507000	2355.146000	122.230000	-5.520000	12.000000	80.126323	79.826323	80.326323	3.978235	-2.066794
-153.982697	21.519699	2381.079000	122.230000	-5.520000	12.000000	80.538798	80.238798	80.838798	4.000552	-2.033497
-153.295898	18.800900	2386.107000	122.230000	-5.520000	12.000000	80.022464	79.722464	80.422464	3.973579	-2.960209
-155.714996	18.000299	2318.170000	122.230000	-5.520000	12.000000	78.123091	77.923091	78.323091	3.918702	-4.136144
-156.465103	18.775000	2303.238000	122.230000	-5.520000	12.000000	78.652935	78.252935	78.952935	3.944854	-3.277160
-156.510101	19.477699	2306.095000	122.230000	-5.520000	12.000000	78.546909	78.046909	78.946909	3.948485	-3.290037
-157.627594	20.346100	2282.116000	122.230000	-5.520000	12.000000	77.526978	77.126978	77.926978	3.936904	-3.808504
-154.617798	20.088900	2359.960000	122.230000	-5.520000	12.000000	78.083400	77.283400	78.983400	3.955050	-4.359720
-155.679398	21.205500	2336.859000	122.230000	-5.520000	12.000000	78.737812	78.437812	79.137812	3.957759	-3.224253
-153.292099	20.892599	2395.766000	122.230000	-5.520000	12.000000	80.143706	79.843706	80.443706	4.019260	-2.720804
-153.503204	19.495199	2384.914000	122.230000	-5.520000	12.000000	80.108019	79.408019	80.708019	3.975307	-2.763288
-153.992294	18.797600	2367.941000	122.230000	-5.520000	12.000000	79.743720	79.443720	80.043720	3.956268	-3.009333
-153.290604	17.906200	2381.052000	122.230000	-5.520000	12.000000	78.912765	78.512765	79.212765	3.977568	-4.125555
-154.030502	17.988400	2361.907000	122.230000	-5.520000	12.000000	78.444034	78.044034	78.844034	3.946865	-4.354865
-156.808197	18.404200	2290.823000	122.230000	-5.520000	12.000000	77.076311	76.776311	77.476311	3.897409	-4.781490
-156.932007	19.832701	2296.888000	122.230000	-5.520000	12.000000	78.135871	77.735871	78.635871	3.930020	-3.512551
