-155.772995	19.079000	1497.859000	169.210000	-23.110000	12.000000
-157.931000	21.646000	1509.847000	169.210000	-23.110000	12.000000
-154.983002	19.601000	1522.837000	169.210000	-23.110000	12.000000
-156.658005	20.891001	1520.853000	169.210000	-23.110000	12.000000
-156.755997	21.136000	1522.869000	169.210000	-23.110000	12.000000
-154.617798	20.088900	1537.848000	169.210000	-23.110000	12.000000
-154.994400	21.507000	1561.846000	169.210000	-23.110000	12.000000
-154.482803	21.001900	1559.839000	169.210000	-23.110000	12.000000
-153.992294	18.797600	1520.834000	169.210000	-23.110000	12.000000
-153.700806	17.297501	1494.839000	169.210000	-23.110000	12.000000
-154.691299	17.180099	1476.839000	169.210000	-23.110000	12.000000
-154.030502	17.988400	1503.836000	169.210000	-23.110000	12.000000
-156.808197	18.404200	1463.852000	169.210000	-23.110000	12.000000
-156.167007	18.301001	1474.844000	169.210000	-23.110000	12.000000
-157.227295	18.984800	1469.843000	169.210000	-23.110000	12.000000
-156.932007	19.832701	1492.852000	169.210000	-23.110000	12.000000
-157.627594	20.346100	1490.842000	169.210000	-23.110000	12.000000
