-155.772995	19.079000	1501.528000	146.190000	15.880000	132.000000
-157.931000	21.646000	1439.516000	146.190000	15.880000	132.000000
-155.996994	20.771000	1494.507000	146.190000	15.880000	132.000000
-154.983002	19.601000	1522.541000	146.190000	15.880000	132.000000
-156.658005	20.891001	1477.525000	146.190000	15.880000	132.000000
-156.755997	21.136000	1474.538000	146.190000	15.880000	132.000000
-154.617798	20.088900	1530.526000	146.190000	15.880000	132.000000
-155.679398	21.205500	1502.460000	146.190000	15.880000	132.000000
-154.994400	21.507000	1519.523000	146.190000	15.880000	132.000000
-154.482803	21.001900	1532.509000	146.190000	15.880000	132.000000
-153.982697	21.519699	1545.505000	146.190000	15.880000	132.000000
-153.292099	20.892599	1562.501000	146.190000	15.880000	132.000000
-154.393997	19.262501	1538.521000	146.190000	15.880000	132.000000
-153.992294	18.797600	1547.516000	146.190000	15.880000	132.000000
-152.132401	18.481400	1595.593000	146.190000	15.880000	132.000000
-153.290604	17.906200	1564.510000	146.190000	15.880000	132.000000
-153.700806	17.297501	1555.406000	146.190000	15.880000	132.000000
-154.691299	17.180099	1530.515000	146.190000	15.880000	132.000000
-154.030502	17.988400	1546.500000	146.190000	15.880000	132.000000
-154.495895	18.401699	1534.566000	146.190000	15.880000	132.000000
-154.797394	18.803101	1527.513000	146.190000	15.880000	132.000000
-155.714996	18.000299	1504.651000	146.190000	15.880000	132.000000
-156.808197	18.404200	1475.507000	146.190000	15.880000	132.000000
-156.167007	18.301001	1493.642000	146.190000	15.880000	132.000000
-156.465103	18.775000	1483.686000	146.190000	15.880000	132.000000
-157.227295	18.984800	1463.531000	146.190000	15.880000	132.000000
-156.510101	19.477699	1481.508000	146.190000	15.880000	132.000000
-156.932007	19.832701	1468.521000	146.190000	15.880000	132.000000
-157.627594	20.346100	1452.519000	146.190000	15.880000	132.000000
