-155.772995	19.079000	2176.647000	-97.460000	-36.380000	12.000000	313.336911	312.636911	314.136911	3.904594	-2.230564
-155.996994	20.771000	2213.621000	-97.460000	-36.380000	12.000000	313.789542	312.989542	314.589542	3.897764	-1.905984
-154.983002	19.601000	2173.639000	-97.460000	-36.380000	12.000000	315.955099	314.655099	317.355099	3.908169	-0.064063
-159.401001	21.971001	2295.648000	-97.460000	-36.380000	12.000000	312.181120	311.081120	313.281120	4.540316	-2.053805
-157.270004	21.108999	2245.640000	-97.460000	-36.380000	12.000000	314.470679	312.670679	316.270679	4.019388	-0.662569
-154.617798	20.088900	2173.386000	-97.460000	-36.380000	12.000000	314.053851	313.453851	314.553851	3.904640	-2.213418
-155.679398	21.205500	2211.933000	-97.460000	-36.380000	12.000000	310.113764	308.813764	311.413764	3.940442	-5.790760
-154.482803	21.001900	2190.606000	-97.460000	-36.380000	12.000000	315.190461	314.590461	315.690461	3.881749	-1.272576
-153.982697	21.519699	2189.911000	-97.460000	-36.380000	12.000000	314.298586	313.798586	314.898586	3.957091	-2.484631
-153.992294	18.797600	2136.609000	-97.460000	-36.380000	12.000000	315.277189	314.677189	315.877189	3.973409	-1.094525
-153.700806	17.297501	2100.622000	-97.460000	-36.380000	12.000000	315.416330	314.616330	316.216330	3.901026	-0.839068
-154.691299	17.180099	2117.624000	-97.460000	-36.380000	12.000000	314.830012	314.230012	315.330012	3.935903	-0.938399
-154.030502	17.988400	2120.058000	-97.460000	-36.380000	12.000000	315.675166	314.775166	316.675166	3.930339	-0.543630
-156.808197	18.404200	2181.552000	-97.460000	-36.380000	12.000000	314.840381	314.140381	315.440381	3.903553	-0.150321
-156.465103	18.775000	2183.867000	-97.460000	-36.380000	12.000000	313.242816	312.542816	313.842816	3.904794	-1.958739
-157.227295	18.984800	2199.601000	-97.460000	-36.380000	12.000000	316.373566	315.373566	317.373566	3.880331	1.491050
-156.510101	19.477699	2198.080000	-97.460000	-36.380000	12.000000	313.616713	312.916713	314.316713	3.895405	-1.663491
-157.627594	20.346100	2238.618000	-97.460000	-36.380000	12.000000	310.883755	308.483755	313.183755	4.054321	-3.991773
-153.992294	18.797600	2136.259000	-97.460000	-36.380000	12.000000	315.277189	314.677189	315.877189	3.973409	-1.094525
-153.700806	17.297501	2101.197000	-97.460000	-36.380000	12.000000	315.416330	314.616330	316.216330	3.901026	-0.839068
-157.627594	20.346100	2239.193000	-97.460000	-36.380000	12.000000	310.883755	308.483755	313.183755	4.054321	-3.991773
