-155.772995	19.079000	1565.801000	152.360000	-6.730000	12.000000
-155.996994	20.771000	1578.815000	152.360000	-6.730000	12.000000
-155.710999	20.046000	1577.811000	152.360000	-6.730000	12.000000
-159.401001	21.971001	1513.815000	152.360000	-6.730000	12.000000
-156.658005	20.891001	1563.818000	152.360000	-6.730000	12.000000
-156.755997	21.136000	1563.828000	152.360000	-6.730000	12.000000
-154.617798	20.088900	1604.337000	152.360000	-6.730000	12.000000
-155.679398	21.205500	1591.498000	152.360000	-6.730000	12.000000
-154.482803	21.001900	1620.793000	152.360000	-6.730000	12.000000
-153.292099	20.892599	1644.646000	152.360000	-6.730000	12.000000
-153.902405	19.979099	1620.798000	152.360000	-6.730000	12.000000
-153.503204	19.495199	1624.889000	152.360000	-6.730000	12.000000
-153.992294	18.797600	1605.793000	152.360000	-6.730000	12.000000
-153.295898	18.800900	1623.588000	152.360000	-6.730000	12.000000
-152.132401	18.481400	1646.800000	152.360000	-6.730000	12.000000
-153.290604	17.906200	1611.096000	152.360000	-6.730000	12.000000
-153.700806	17.297501	1595.808000	152.360000	-6.730000	12.000000
-154.691299	17.180099	1570.793000	152.360000	-6.730000	12.000000
-154.030502	17.988400	1594.804000	152.360000	-6.730000	12.000000
-154.495895	18.401699	1589.788000	152.360000	-6.730000	12.000000
-154.797394	18.803101	1586.396000	152.360000	-6.730000	12.000000
-155.714996	18.000299	1555.341000	152.360000	-6.730000	12.000000
-156.808197	18.404200	1533.790000	152.360000	-6.730000	12.000000
-156.167007	18.301001	1547.230000	152.360000	-6.730000	12.000000
-157.227295	18.984800	1529.798000	152.360000	-6.730000	12.000000
-156.510101	19.477699	1552.792000	152.360000	-6.730000	12.000000
-157.627594	20.346100	1533.854000	152.360000	-6.730000	12.000000
