-156.510101	19.477699	1686.807000	146.960000	-6.450000	28.000000
-156.932007	19.832701	1679.855000	146.960000	-6.450000	28.000000
-157.627594	20.346100	1666.896000	146.960000	-6.450000	28.000000
-155.772995	19.079000	1700.460000	146.960000	-6.450000	28.000000
-155.996994	20.771000	1712.433000	146.960000	-6.450000	28.000000
-154.983002	19.601000	1726.423000	146.960000	-6.450000	28.000000
-159.401001	21.971001	1634.462000	146.960000	-6.450000	28.000000
-156.658005	20.891001	1697.434000	146.960000	-6.450000	28.000000
-157.270004	21.108999	1683.453000	146.960000	-6.450000	28.000000
-156.755997	21.136000	1696.453000	146.960000	-6.450000	28.000000
-154.482803	21.001900	1755.420000	146.960000	-6.450000	28.000000
-153.992294	18.797600	1743.153000	146.960000	-6.450000	28.000000
-155.714996	18.000299	1692.103000	146.960000	-6.450000	28.000000
-157.227295	18.984800	1664.443000	146.960000	-6.450000	28.000000
-156.510101	19.477699	1687.432000	146.960000	-6.450000	28.000000
-156.932007	19.832701	1679.430000	146.960000	-6.450000	28.000000
-157.627594	20.346100	1667.421000	146.960000	-6.450000	28.000000
