-155.772995	19.079000	1284.630000	176.090000	-18.520000	12.000000	37.595527	35.995527	39.295527	3.743292	-0.347872
-155.996994	20.771000	1319.603000	176.090000	-18.520000	12.000000	35.469888	34.369888	36.469888	3.763026	-1.293934
-155.710999	20.046000	1303.606000	176.090000	-18.520000	12.000000	37.250826	36.250826	38.250826	3.742018	-0.206044
-159.401001	21.971001	1287.593000	176.090000	-18.520000	12.000000	36.304455	36.004455	36.704455	3.741294	3.801247
-156.658005	20.891001	1309.599000	176.090000	-18.520000	12.000000	37.101664	36.401664	37.901664	3.763390	1.089645
-157.270004	21.108999	1302.623000	176.090000	-18.520000	12.000000	39.099854	38.499854	39.699854	3.776623	3.848550
-155.679398	21.205500	1334.598000	176.090000	-18.520000	12.000000	35.839093	34.939093	36.639093	3.766809	-1.017902
-154.994400	21.507000	1351.594000	176.090000	-18.520000	12.000000	37.973877	37.173877	38.773877	3.711023	0.580507
-154.482803	21.001900	1349.590000	176.090000	-18.520000	12.000000	37.783656	36.883656	38.583656	3.652365	-0.392421
-153.902405	19.979099	1333.591000	176.090000	-18.520000	12.000000	37.000451	36.400451	37.700451	3.781429	-2.314162
-153.503204	19.495199	1330.600000	176.090000	-18.520000	12.000000	38.800344	38.100344	39.400344	3.720406	-1.180246
-154.393997	19.262501	1311.602000	176.090000	-18.520000	12.000000	39.428456	38.428456	40.428456	3.743750	0.193320
-154.691299	17.180099	1255.586000	176.090000	-18.520000	12.000000	38.157654	37.457654	38.757654	3.777928	-2.033063
-154.030502	17.988400	1283.593000	176.090000	-18.520000	12.000000	36.299813	35.499813	36.999813	3.745110	-4.050631
-154.797394	18.803101	1289.590000	176.090000	-18.520000	12.000000	36.420955	35.520955	37.220955	3.761620	-2.677564
-156.808197	18.404200	1249.591000	176.090000	-18.520000	12.000000	35.588943	34.488943	36.688943	3.783310	-1.670541
-157.227295	18.984800	1256.584000	176.090000	-18.520000	12.000000	34.357424	33.557424	35.257424	3.799093	-2.116376
-157.627594	20.346100	1279.590000	176.090000	-18.520000	12.000000	37.328610	36.528610	38.128610	3.747863	2.047940
