-153.292099	20.892599	1532.761000	170.500000	-22.010000	78.300000
-157.931000	21.646000	1483.336000	170.500000	-22.010000	78.300000
-155.996994	20.771000	1489.312000	170.500000	-22.010000	78.300000
-154.983002	19.601000	1480.305000	170.500000	-22.010000	78.300000
-155.710999	20.046000	1477.315000	170.500000	-22.010000	78.300000
-159.401001	21.971001	1458.320000	170.500000	-22.010000	78.300000
-156.658005	20.891001	1480.308000	170.500000	-22.010000	78.300000
-157.270004	21.108999	1474.332000	170.500000	-22.010000	78.300000
-154.617798	20.088900	1496.216000	170.500000	-22.010000	78.300000
-154.482803	21.001900	1519.299000	170.500000	-22.010000	78.300000
-153.292099	20.892599	1533.311000	170.500000	-22.010000	78.300000
-153.902405	19.979099	1505.378000	170.500000	-22.010000	78.300000
-153.503204	19.495199	1501.100000	170.500000	-22.010000	78.300000
-153.992294	18.797600	1478.155000	170.500000	-22.010000	78.300000
-153.295898	18.800900	1488.554000	170.500000	-22.010000	78.300000
-152.132401	18.481400	1501.450000	170.500000	-22.010000	78.300000
-153.290604	17.906200	1470.423000	170.500000	-22.010000	78.300000
-153.700806	17.297501	1450.644000	170.500000	-22.010000	78.300000
-154.691299	17.180099	1430.313000	170.500000	-22.010000	78.300000
-154.030502	17.988400	1459.062000	170.500000	-22.010000	78.300000
-154.495895	18.401699	1460.342000	170.500000	-22.010000	78.300000
-154.797394	18.803101	1465.675000	170.500000	-22.010000	78.300000
-156.510101	19.477699	1451.555000	170.500000	-22.010000	78.300000
-156.932007	19.832701	1450.984000	170.500000	-22.010000	78.300000
-157.627594	20.346100	1451.609000	170.500000	-22.010000	78.300000
