-155.772995	19.079000	2146.341000	-138.910000	-57.570000	12.000000	352.219012	352.019012	352.419012	3.979581	1.372518
-155.996994	20.771000	2195.314000	-138.910000	-57.570000	12.000000	351.482421	351.182421	351.882421	3.952586	0.699937
-154.983002	19.601000	2159.340000	-138.910000	-57.570000	12.000000	352.854331	352.454331	353.254331	3.974549	1.574378
-155.710999	20.046000	2173.315000	-138.910000	-57.570000	12.000000	352.034384	351.734384	352.234384	3.975252	1.123836
-159.401001	21.971001	2234.342000	-138.910000	-57.570000	12.000000	356.931051	356.631051	357.231051	3.996640	7.876611
-156.658005	20.891001	2201.342000	-138.910000	-57.570000	12.000000	351.682887	350.582887	352.682887	4.038434	1.242228
-156.755997	21.136000	2208.331000	-138.910000	-57.570000	12.000000	352.632702	351.432702	353.832702	4.041255	2.235929
-154.482803	21.001900	2195.299000	-138.910000	-57.570000	12.000000	352.439544	352.239544	352.639544	3.981048	0.855103
-153.982697	21.519699	2207.300000	-138.910000	-57.570000	12.000000	351.583788	351.383788	351.683788	3.994506	-0.277745
-153.292099	20.892599	2187.307000	-138.910000	-57.570000	12.000000	351.643491	351.543491	351.843491	4.020399	-0.567601
-153.503204	19.495199	2150.310000	-138.910000	-57.570000	12.000000	353.048375	352.848375	353.148375	4.001189	0.987579
-154.393997	19.262501	2147.362000	-138.910000	-57.570000	12.000000	352.964061	352.764061	353.164061	3.974057	1.383213
-153.992294	18.797600	2132.312000	-138.910000	-57.570000	12.000000	352.679846	352.479846	352.879846	4.000316	0.900494
-153.295898	18.800900	2129.622000	-138.910000	-57.570000	12.000000	352.349326	352.049326	352.549326	4.009866	0.198969
-152.132401	18.481400	2118.310000	-138.910000	-57.570000	12.000000	353.327614	353.127614	353.527614	4.033203	0.564178
-153.290604	17.906200	2105.296000	-138.910000	-57.570000	12.000000	352.628758	352.328758	352.828758	4.019886	0.504134
-153.700806	17.297501	2091.310000	-138.910000	-57.570000	12.000000	353.842757	353.442757	354.242757	4.002671	1.958549
-154.691299	17.180099	2091.301000	-138.910000	-57.570000	12.000000	352.060073	351.760073	352.460073	4.021151	0.709092
-154.030502	17.988400	2111.305000	-138.910000	-57.570000	12.000000	353.523935	353.223935	353.823935	4.010980	1.791722
-154.797394	18.803101	2136.294000	-138.910000	-57.570000	12.000000	352.608331	352.308331	352.908331	3.981103	1.256028
-155.714996	18.000299	2116.305000	-138.910000	-57.570000	12.000000	352.498730	352.298730	352.698730	3.957456	1.660049
-156.808197	18.404200	2131.301000	-138.910000	-57.570000	12.000000	352.615903	352.415903	352.715903	3.931383	2.337482
-156.167007	18.301001	2126.312000	-138.910000	-57.570000	12.000000	352.213474	352.013474	352.413474	3.955862	1.602028
-156.465103	18.775000	2140.150000	-138.910000	-57.570000	12.000000	352.507684	352.307684	352.707684	3.942410	2.035628
-157.227295	18.984800	2148.308000	-138.910000	-57.570000	12.000000	353.116948	352.916948	353.216948	3.902097	3.036319
-156.510101	19.477699	2160.631000	-138.910000	-57.570000	12.000000	351.583705	351.383705	351.783705	3.970901	1.110690
-156.932007	19.832701	2172.315000	-138.910000	-57.570000	12.000000	351.744740	351.044740	352.444740	4.021979	1.480378
-157.627594	20.346100	2187.705000	-138.910000	-57.570000	12.000000	352.879475	352.379475	353.379475	3.999788	2.960363
-153.503204	19.495199	2150.010000	-138.910000	-57.570000	12.000000	353.048375	352.848375	353.148375	4.001189	0.987579
-153.992294	18.797600	2132.087000	-138.910000	-57.570000	12.000000	352.679846	352.479846	352.879846	4.000316	0.900494
-154.030502	17.988400	2110.955000	-138.910000	-57.570000	12.000000	353.523935	353.223935	353.823935	4.010980	1.791722
-154.797394	18.803101	2137.070000	-138.910000	-57.570000	12.000000	352.608331	352.308331	352.908331	3.981103	1.256028
-155.714996	18.000299	2115.879000	-138.910000	-57.570000	12.000000	352.498730	352.298730	352.698730	3.957456	1.660049
-156.167007	18.301001	2125.838000	-138.910000	-57.570000	12.000000	352.213474	352.013474	352.413474	3.955862	1.602028
-156.932007	19.832701	2171.841000	-138.910000	-57.570000	12.000000	351.744740	351.044740	352.444740	4.021979	1.480378
