-155.772995	19.079000	1079.356000	-177.100000	-14.260000	12.000000
-155.996994	20.771000	1115.329000	-177.100000	-14.260000	12.000000
-154.983002	19.601000	1102.348000	-177.100000	-14.260000	12.000000
-159.401001	21.971001	1092.356000	-177.100000	-14.260000	12.000000
-156.658005	20.891001	1109.338000	-177.100000	-14.260000	12.000000
-157.270004	21.108999	1106.348000	-177.100000	-14.260000	12.000000
-154.617798	20.088900	1120.325000	-177.100000	-14.260000	12.000000
-154.482803	21.001900	1143.314000	-177.100000	-14.260000	12.000000
-153.292099	20.892599	1155.322000	-177.100000	-14.260000	12.000000
-153.902405	19.979099	1125.318000	-177.100000	-14.260000	12.000000
-153.503204	19.495199	1120.323000	-177.100000	-14.260000	12.000000
-153.992294	18.797600	1098.327000	-177.100000	-14.260000	12.000000
-153.700806	17.297501	1068.317000	-177.100000	-14.260000	12.000000
-154.691299	17.180099	1051.326000	-177.100000	-14.260000	12.000000
-154.030502	17.988400	1077.315000	-177.100000	-14.260000	12.000000
-155.714996	18.000299	1055.314000	-177.100000	-14.260000	12.000000
-156.808197	18.404200	1049.325000	-177.100000	-14.260000	12.000000
-156.510101	19.477699	1077.332000	-177.100000	-14.260000	12.000000
-156.932007	19.832701	1082.328000	-177.100000	-14.260000	12.000000
-157.627594	20.346100	1084.313000	-177.100000	-14.260000	12.000000
