-153.982697	21.519699	1605.531000	-178.780000	-32.780000	46.000000	23.203547	22.903547	23.503547	4.256584	-1.022989
-153.295898	18.800900	1547.632000	-178.780000	-32.780000	46.000000	25.038914	24.738914	25.338914	4.186763	-0.498927
-152.132401	18.481400	1553.488000	-178.780000	-32.780000	46.000000	26.684846	26.284846	26.984846	4.135999	0.044900
-153.290604	17.906200	1526.449000	-178.780000	-32.780000	46.000000	25.508307	25.208307	25.708307	4.118846	-0.289304
-157.627594	20.346100	1542.715000	-178.780000	-32.780000	46.000000	21.937442	21.537442	22.337442	4.118253	0.690063
-155.772995	19.079000	1529.340000	-178.780000	-32.780000	46.000000	22.748151	22.548151	22.948151	4.177482	-0.507559
-155.996994	20.771000	1570.314000	-178.780000	-32.780000	46.000000	21.031336	20.331336	21.731336	4.184931	-1.595265
-154.983002	19.601000	1551.333000	-178.780000	-32.780000	46.000000	23.416184	22.916184	23.916184	4.172725	-0.412938
-155.710999	20.046000	1554.316000	-178.780000	-32.780000	46.000000	22.257785	21.857785	22.557785	4.182020	-0.804912
-159.401001	21.971001	1564.342000	-178.780000	-32.780000	46.000000	22.725764	22.525764	22.825764	4.198836	3.475036
-156.658005	20.891001	1566.308000	-178.780000	-32.780000	46.000000	21.501629	20.801629	22.201629	4.186362	-0.500423
-157.270004	21.108999	1564.334000	-178.780000	-32.780000	46.000000	22.478059	22.078059	22.878059	4.238141	1.082137
-156.755997	21.136000	1570.331000	-178.780000	-32.780000	46.000000	22.093175	21.693175	22.593175	4.207631	0.237351
-154.482803	21.001900	1589.298000	-178.780000	-32.780000	46.000000	23.853248	23.453248	24.253248	4.214935	-0.062702
-153.982697	21.519699	1605.306000	-178.780000	-32.780000	46.000000	23.203547	22.903547	23.503547	4.256584	-1.022989
-153.503204	19.495199	1562.000000	-178.780000	-32.780000	46.000000	24.275445	23.975445	24.675445	4.184334	-0.890137
-154.393997	19.262501	1546.363000	-178.780000	-32.780000	46.000000	23.785050	23.285050	24.285050	4.174538	-0.658027
-153.992294	18.797600	1540.078000	-178.780000	-32.780000	46.000000	24.328751	24.028751	24.628751	4.172528	-0.596869
-153.295898	18.800900	1547.308000	-178.780000	-32.780000	46.000000	25.038914	24.738914	25.338914	4.186763	-0.498927
-152.132401	18.481400	1553.313000	-178.780000	-32.780000	46.000000	26.684846	26.284846	26.984846	4.135999	0.044900
-153.290604	17.906200	1526.299000	-178.780000	-32.780000	46.000000	25.508307	25.208307	25.708307	4.118846	-0.289304
-153.700806	17.297501	1507.353000	-178.780000	-32.780000	46.000000	25.601673	25.401673	25.901673	4.134742	-0.012065
-154.691299	17.180099	1492.297000	-178.780000	-32.780000	46.000000	23.520833	23.220833	23.920833	4.085344	-1.240575
-154.030502	17.988400	1520.940000	-178.780000	-32.780000	46.000000	25.300288	24.900288	25.600288	4.129770	0.181003
-154.495895	18.401699	1527.337000	-178.780000	-32.780000	46.000000	24.307726	23.507726	25.207726	4.169375	-0.280033
-154.797394	18.803101	1531.997000	-178.780000	-32.780000	46.000000	23.895788	23.695788	24.095788	4.166742	-0.311913
-155.714996	18.000299	1502.295000	-178.780000	-32.780000	46.000000	23.527377	23.327377	23.827377	4.086747	-0.072019
-156.465103	18.775000	1515.176000	-178.780000	-32.780000	46.000000	22.064724	21.864724	22.264724	4.142487	-0.640805
-157.227295	18.984800	1512.292000	-178.780000	-32.780000	46.000000	21.961288	21.761288	22.161288	4.083076	0.010760
-157.627594	20.346100	1542.316000	-178.780000	-32.780000	46.000000	21.937442	21.537442	22.337442	4.118253	0.690063
