-156.510101	19.477699	1686.807000	146.960000	-6.450000	28.000000	69.638145	69.138145	70.038145	3.855250	-1.162755
-156.932007	19.832701	1679.855000	146.960000	-6.450000	28.000000	70.705641	69.805641	71.705641	3.810000	0.302849
-157.627594	20.346100	1666.896000	146.960000	-6.450000	28.000000	69.598499	68.698499	70.498499	3.739480	-0.172706
-155.772995	19.079000	1700.460000	146.960000	-6.450000	28.000000	69.023105	68.623105	69.523105	3.830079	-2.346584
-155.996994	20.771000	1712.433000	146.960000	-6.450000	28.000000	69.335596	68.935596	69.735596	3.856882	-1.073804
-154.983002	19.601000	1726.423000	146.960000	-6.450000	28.000000	69.832394	69.332394	70.332394	3.844442	-1.663988
-159.401001	21.971001	1634.462000	146.960000	-6.450000	28.000000	71.064327	70.464327	71.664327	3.737529	3.143541
-156.658005	20.891001	1697.434000	146.960000	-6.450000	28.000000	69.470709	68.870709	70.070709	3.728718	-0.532137
-157.270004	21.108999	1683.453000	146.960000	-6.450000	28.000000	69.613188	69.013188	70.313188	3.744361	0.048093
-156.755997	21.136000	1696.453000	146.960000	-6.450000	28.000000	70.573723	70.073723	71.073723	3.763822	0.746724
-154.482803	21.001900	1755.420000	146.960000	-6.450000	28.000000	67.414718	66.814718	68.014718	3.759908	-3.661437
-153.992294	18.797600	1743.153000	146.960000	-6.450000	28.000000	69.114383	68.714383	69.514383	3.856134	-3.242754
-155.714996	18.000299	1692.103000	146.960000	-6.450000	28.000000	70.405070	70.205070	70.505070	3.922778	-1.542550
-157.227295	18.984800	1664.443000	146.960000	-6.450000	28.000000	70.415012	70.115012	70.615012	3.968443	-0.284079
-156.510101	19.477699	1687.432000	146.960000	-6.450000	28.000000	69.638145	69.138145	70.038145	3.855250	-1.162755
-156.932007	19.832701	1679.430000	146.960000	-6.450000	28.000000	70.705641	69.805641	71.705641	3.810000	0.302849
-157.627594	20.346100	1667.421000	146.960000	-6.450000	28.000000	69.598499	68.698499	70.498499	3.739480	-0.172706
