-155.679398	21.205500	2644.305000	-80.680000	-44.910000	17.000000
-156.510101	19.477699	2628.293000	-80.680000	-44.910000	17.000000
-156.932007	19.832701	2643.262000	-80.680000	-44.910000	17.000000
-155.772995	19.079000	2605.921000	-80.680000	-44.910000	17.000000
-157.931000	21.646000	2698.903000	-80.680000	-44.910000	17.000000
-155.996994	20.771000	2642.893000	-80.680000	-44.910000	17.000000
-154.983002	19.601000	2600.881000	-80.680000	-44.910000	17.000000
-159.401001	21.971001	2726.921000	-80.680000	-44.910000	17.000000
-156.658005	20.891001	2658.876000	-80.680000	-44.910000	17.000000
-157.270004	21.108999	2675.914000	-80.680000	-44.910000	17.000000
-156.755997	21.136000	2664.912000	-80.680000	-44.910000	17.000000
-155.679398	21.205500	2643.880000	-80.680000	-44.910000	17.000000
-154.482803	21.001900	2618.880000	-80.680000	-44.910000	17.000000
-153.902405	19.979099	2586.973000	-80.680000	-44.910000	17.000000
-153.992294	18.797600	2565.589000	-80.680000	-44.910000	17.000000
-152.132401	18.481400	2527.100000	-80.680000	-44.910000	17.000000
-153.290604	17.906200	2535.051000	-80.680000	-44.910000	17.000000
-153.700806	17.297501	2530.676000	-80.680000	-44.910000	17.000000
-154.691299	17.180099	2547.901000	-80.680000	-44.910000	17.000000
-154.030502	17.988400	2549.415000	-80.680000	-44.910000	17.000000
-156.808197	18.404200	2609.983000	-80.680000	-44.910000	17.000000
-156.465103	18.775000	2611.970000	-80.680000	-44.910000	17.000000
-157.227295	18.984800	2631.897000	-80.680000	-44.910000	17.000000
-156.510101	19.477699	2627.893000	-80.680000	-44.910000	17.000000
-156.932007	19.832701	2642.887000	-80.680000	-44.910000	17.000000
-157.627594	20.346100	2665.390000	-80.680000	-44.910000	17.000000
