-155.772995	19.079000	1510.048000	153.950000	-5.200000	83.600000
-157.931000	21.646000	1486.035000	153.950000	-5.200000	83.600000
-155.996994	20.771000	1522.028000	153.950000	-5.200000	83.600000
-154.983002	19.601000	1534.003000	153.950000	-5.200000	83.600000
-159.401001	21.971001	1455.029000	153.950000	-5.200000	83.600000
-156.658005	20.891001	1508.032000	153.950000	-5.200000	83.600000
-157.270004	21.108999	1496.040000	153.950000	-5.200000	83.600000
-159.664993	22.122999	1451.027000	153.950000	-5.200000	83.600000
-154.617798	20.088900	1547.693000	153.950000	-5.200000	83.600000
-155.679398	21.205500	1534.012000	153.950000	-5.200000	83.600000
-153.992294	18.797600	1548.520000	153.950000	-5.200000	83.600000
-153.700806	17.297501	1540.083000	153.950000	-5.200000	83.600000
-154.691299	17.180099	1516.005000	153.950000	-5.200000	83.600000
-154.030502	17.988400	1539.017000	153.950000	-5.200000	83.600000
-154.495895	18.401699	1533.020000	153.950000	-5.200000	83.600000
-154.797394	18.803101	1530.433000	153.950000	-5.200000	83.600000
-155.714996	18.000299	1500.006000	153.950000	-5.200000	83.600000
-156.808197	18.404200	1477.007000	153.950000	-5.200000	83.600000
-156.167007	18.301001	1492.024000	153.950000	-5.200000	83.600000
-157.227295	18.984800	1473.014000	153.950000	-5.200000	83.600000
-156.510101	19.477699	1495.627000	153.950000	-5.200000	83.600000
-156.932007	19.832701	1489.018000	153.950000	-5.200000	83.600000
-157.627594	20.346100	1477.781000	153.950000	-5.200000	83.600000
