-155.772995	19.079000	1044.786000	-172.730000	-15.220000	15.000000	25.304532	24.804532	25.804532	4.147868	-1.801713
-155.996994	20.771000	1084.759000	-172.730000	-15.220000	15.000000	22.401355	21.701355	23.101355	4.142711	-3.457984
-154.983002	19.601000	1065.761000	-172.730000	-15.220000	15.000000	26.678749	26.278749	26.978749	4.141932	-1.216615
-155.710999	20.046000	1067.762000	-172.730000	-15.220000	15.000000	25.087229	24.787229	25.387229	4.145818	-1.557391
-159.401001	21.971001	1072.787000	-172.730000	-15.220000	15.000000	25.275697	25.175697	25.375697	3.915840	4.768247
-156.658005	20.891001	1078.783000	-172.730000	-15.220000	15.000000	24.342651	23.742651	24.842651	4.147913	-0.541610
-157.270004	21.108999	1076.779000	-172.730000	-15.220000	15.000000	25.380806	24.980806	25.880806	4.079381	1.459069
-156.755997	21.136000	1083.777000	-172.730000	-15.220000	15.000000	24.850776	24.350776	25.450776	4.099396	0.226744
-155.679398	21.205500	1097.759000	-172.730000	-15.220000	15.000000	23.420629	22.920629	23.920629	4.142680	-2.644012
-154.482803	21.001900	1104.745000	-172.730000	-15.220000	15.000000	26.503927	26.003927	26.903927	4.155928	-1.276485
-153.292099	20.892599	1112.964000	-172.730000	-15.220000	15.000000	25.683808	25.283808	26.083808	4.277240	-3.721342
-153.503204	19.495199	1078.741000	-172.730000	-15.220000	15.000000	26.789153	26.489153	27.089153	4.143833	-3.158425
-154.393997	19.262501	1063.808000	-172.730000	-15.220000	15.000000	27.112444	26.912444	27.412444	4.140474	-1.782930
-153.992294	18.797600	1057.744000	-172.730000	-15.220000	15.000000	28.203951	27.903951	28.403951	4.138794	-1.517045
-152.132401	18.481400	1073.936000	-172.730000	-15.220000	15.000000	31.961343	31.661343	32.261343	4.241061	-0.418968
-153.290604	17.906200	1044.896000	-172.730000	-15.220000	15.000000	29.552908	29.352908	29.652908	4.192602	-1.679897
-154.691299	17.180099	1010.740000	-172.730000	-15.220000	15.000000	27.971842	27.871842	28.171842	4.135269	-1.823960
-154.797394	18.803101	1048.750000	-172.730000	-15.220000	15.000000	27.430967	27.130967	27.730967	4.138072	-1.191022
-155.714996	18.000299	1017.752000	-172.730000	-15.220000	15.000000	26.098418	25.698418	26.498418	4.127240	-1.733884
-156.167007	18.301001	1020.758000	-172.730000	-15.220000	15.000000	25.339691	25.039691	25.739691	4.119162	-1.668244
-156.465103	18.775000	1028.762000	-172.730000	-15.220000	15.000000	24.774216	24.574216	25.074216	4.116929	-1.531029
-157.227295	18.984800	1025.766000	-172.730000	-15.220000	15.000000	23.957716	23.757716	24.157716	4.085031	-1.136052
-156.510101	19.477699	1048.092000	-172.730000	-15.220000	15.000000	22.209045	21.409045	23.009045	4.147702	-3.635461
-156.932007	19.832701	1048.760000	-172.730000	-15.220000	15.000000	25.683412	25.183412	26.083412	4.076598	0.629171
-157.627594	20.346100	1053.744000	-172.730000	-15.220000	15.000000	24.985151	24.685151	25.385151	4.054605	1.186641
-155.679398	21.205500	1097.285000	-172.730000	-15.220000	15.000000	23.420629	22.920629	23.920629	4.142680	-2.644012
-153.503204	19.495199	1078.441000	-172.730000	-15.220000	15.000000	26.789153	26.489153	27.089153	4.143833	-3.158425
-153.992294	18.797600	1057.519000	-172.730000	-15.220000	15.000000	28.203951	27.903951	28.403951	4.138794	-1.517045
-154.797394	18.803101	1048.401000	-172.730000	-15.220000	15.000000	27.430967	27.130967	27.730967	4.138072	-1.191022
-155.714996	18.000299	1018.352000	-172.730000	-15.220000	15.000000	26.098418	25.698418	26.498418	4.127240	-1.733884
-156.167007	18.301001	1020.308000	-172.730000	-15.220000	15.000000	25.339691	25.039691	25.739691	4.119162	-1.668244
-156.465103	18.775000	1028.637000	-172.730000	-15.220000	15.000000	24.774216	24.574216	25.074216	4.116929	-1.531029
-156.932007	19.832701	1049.260000	-172.730000	-15.220000	15.000000	25.683412	25.183412	26.083412	4.076598	0.629171
