-154.797394	18.803101	1035.539000	-154.240000	56.160000	13.000000
-155.996994	20.771000	981.140000	-154.240000	56.160000	13.000000
-154.983002	19.601000	1013.134000	-154.240000	56.160000	13.000000
-155.710999	20.046000	1003.143000	-154.240000	56.160000	13.000000
-159.401001	21.971001	951.143000	-154.240000	56.160000	13.000000
-156.658005	20.891001	979.135000	-154.240000	56.160000	13.000000
-157.270004	21.108999	974.159000	-154.240000	56.160000	13.000000
-156.755997	21.136000	972.158000	-154.240000	56.160000	13.000000
-154.617798	20.088900	998.121000	-154.240000	56.160000	13.000000
-155.679398	21.205500	968.121000	-154.240000	56.160000	13.000000
-154.994400	21.507000	957.134000	-154.240000	56.160000	13.000000
-154.482803	21.001900	972.127000	-154.240000	56.160000	13.000000
-153.902405	19.979099	1000.129000	-154.240000	56.160000	13.000000
-153.992294	18.797600	1033.138000	-154.240000	56.160000	13.000000
-154.030502	17.988400	1057.119000	-154.240000	56.160000	13.000000
-154.495895	18.401699	1049.169000	-154.240000	56.160000	13.000000
-154.797394	18.803101	1036.139000	-154.240000	56.160000	13.000000
-156.510101	19.477699	1017.128000	-154.240000	56.160000	13.000000
