-155.996994	20.771000	2106.560000	120.520000	21.810000	19.600000
-159.401001	21.971001	2011.571000	120.520000	21.810000	19.600000
-156.658005	20.891001	2088.545000	120.520000	21.810000	19.600000
-159.664993	22.122999	2004.574000	120.520000	21.810000	19.600000
-156.755997	21.136000	2083.575000	120.520000	21.810000	19.600000
-158.903000	21.298401	2030.542000	120.520000	21.810000	19.600000
-160.047501	19.823400	2009.539000	120.520000	21.810000	19.600000
-161.314896	21.956301	1963.556000	120.520000	21.810000	19.600000
-161.095001	23.997200	1954.543000	120.520000	21.810000	19.600000
-158.933105	24.573799	2000.540000	120.520000	21.810000	19.600000
-155.765305	26.776699	2051.556000	120.520000	21.810000	19.600000
-152.765793	25.592800	2132.548000	120.520000	21.810000	19.600000
-156.964600	24.312099	2049.539000	120.520000	21.810000	19.600000
-158.185394	22.620199	2036.537000	120.520000	21.810000	19.600000
-155.636200	22.299900	2101.536000	120.520000	21.810000	19.600000
-154.251801	21.168699	2144.549000	120.520000	21.810000	19.600000
-150.914993	18.914200	2246.541000	120.520000	21.810000	19.600000
-149.000900	16.989000	2308.538000	120.520000	21.810000	19.600000
-153.967499	14.731300	2197.561000	120.520000	21.810000	19.600000
-156.206604	16.162001	2130.536000	120.520000	21.810000	19.600000
-157.859100	14.659600	2103.557000	120.520000	21.810000	19.600000
-157.700806	16.348400	2091.538000	120.520000	21.810000	19.600000
-158.982498	15.574000	2065.554000	120.520000	21.810000	19.600000
-158.760193	18.564699	2049.546000	120.520000	21.810000	19.600000
-158.179504	20.377800	2053.560000	120.520000	21.810000	19.600000
