-155.772995	19.079000	2330.601000	-76.980000	-13.460000	22.500000
-155.996994	20.771000	2350.580000	-76.980000	-13.460000	22.500000
-159.401001	21.971001	2445.590000	-76.980000	-13.460000	22.500000
-156.658005	20.891001	2368.592000	-76.980000	-13.460000	22.500000
-159.664993	22.122999	2452.564000	-76.980000	-13.460000	22.500000
-156.755997	21.136000	2372.593000	-76.980000	-13.460000	22.500000
-158.903000	21.298401	2428.563000	-76.980000	-13.460000	22.500000
-160.047501	19.823400	2443.574000	-76.980000	-13.460000	22.500000
-161.314896	21.956301	2493.567000	-76.980000	-13.460000	22.500000
-161.095001	23.997200	2500.581000	-76.980000	-13.460000	22.500000
-158.933105	24.573799	2451.581000	-76.980000	-13.460000	22.500000
-155.765305	26.776699	2395.568000	-76.980000	-13.460000	22.500000
-152.765793	25.592800	2315.556000	-76.980000	-13.460000	22.500000
-158.185394	22.620199	2419.560000	-76.980000	-13.460000	22.500000
-155.636200	22.299900	2352.575000	-76.980000	-13.460000	22.500000
-152.981201	18.301800	2255.574000	-76.980000	-13.460000	22.500000
-150.914993	18.914200	2208.580000	-76.980000	-13.460000	22.500000
-149.000900	16.989000	2145.574000	-76.980000	-13.460000	22.500000
-151.686600	14.689100	2192.559000	-76.980000	-13.460000	22.500000
-153.967499	14.731300	2250.586000	-76.980000	-13.460000	22.500000
-153.868195	17.315399	2268.558000	-76.980000	-13.460000	22.500000
-157.859100	14.659600	2349.578000	-76.980000	-13.460000	22.500000
-157.700806	16.348400	2355.575000	-76.980000	-13.460000	22.500000
-158.982498	15.574000	2380.563000	-76.980000	-13.460000	22.500000
-158.760193	18.564699	2401.582000	-76.980000	-13.460000	22.500000
-158.179504	20.377800	2402.558000	-76.980000	-13.460000	22.500000
