-155.996994	20.771000	2129.206000	119.980000	20.690000	12.300000
-154.983002	19.601000	2164.215000	119.980000	20.690000	12.300000
-159.401001	21.971001	2034.184000	119.980000	20.690000	12.300000
-156.658005	20.891001	2111.216000	119.980000	20.690000	12.300000
-159.664993	22.122999	2026.227000	119.980000	20.690000	12.300000
-156.755997	21.136000	2106.219000	119.980000	20.690000	12.300000
-158.903000	21.298401	2054.186000	119.980000	20.690000	12.300000
-161.314896	21.956301	1985.203000	119.980000	20.690000	12.300000
-161.095001	23.997200	1977.193000	119.980000	20.690000	12.300000
-158.933105	24.573799	2024.201000	119.980000	20.690000	12.300000
-155.765305	26.776699	2076.190000	119.980000	20.690000	12.300000
-152.765793	25.592800	2156.183000	119.980000	20.690000	12.300000
-156.964600	24.312099	2074.204000	119.980000	20.690000	12.300000
-158.185394	22.620199	2058.201000	119.980000	20.690000	12.300000
-155.636200	22.299900	2123.199000	119.980000	20.690000	12.300000
-154.251801	21.168699	2168.211000	119.980000	20.690000	12.300000
-152.981201	18.301800	2224.201000	119.980000	20.690000	12.300000
-150.914993	18.914200	2268.195000	119.980000	20.690000	12.300000
-151.686600	14.689100	2276.191000	119.980000	20.690000	12.300000
-153.967499	14.731300	2219.181000	119.980000	20.690000	12.300000
-153.868195	17.315399	2203.181000	119.980000	20.690000	12.300000
-156.387695	17.614901	2138.193000	119.980000	20.690000	12.300000
-156.206604	16.162001	2151.198000	119.980000	20.690000	12.300000
-157.859100	14.659600	2123.190000	119.980000	20.690000	12.300000
-157.700806	16.348400	2113.196000	119.980000	20.690000	12.300000
-158.982498	15.574000	2087.192000	119.980000	20.690000	12.300000
-158.760193	18.564699	2070.188000	119.980000	20.690000	12.300000
-158.179504	20.377800	2075.182000	119.980000	20.690000	12.300000
