-157.859100	14.659600	1395.917000	154.330000	46.710000	13.500000	135.268926	134.568926	135.968926	3.987991	-3.886395
-155.772995	19.079000	1352.685000	154.330000	46.710000	13.500000	135.354089	133.654089	137.054089	3.997202	-0.667927
-155.996994	20.771000	1313.664000	154.330000	46.710000	13.500000	135.969298	134.669298	137.169298	3.974467	0.943566
-159.401001	21.971001	1227.685000	154.330000	46.710000	13.500000	136.406649	135.106649	137.806649	3.932125	1.279120
-156.658005	20.891001	1299.684000	154.330000	46.710000	13.500000	135.048076	133.648076	136.448076	4.007395	-0.066458
-159.664993	22.122999	1219.657000	154.330000	46.710000	13.500000	136.500990	135.300990	137.800990	3.932928	1.405224
-158.903000	21.298401	1250.657000	154.330000	46.710000	13.500000	134.410503	133.210503	135.610503	4.000942	-1.044686
-160.047501	19.823400	1256.648000	154.330000	46.710000	13.500000	133.923648	133.523648	134.323648	4.013901	-2.888892
-161.314896	21.956301	1192.642000	154.330000	46.710000	13.500000	136.142056	135.342056	136.942056	3.994191	0.409806
-161.095001	23.997200	1155.643000	154.330000	46.710000	13.500000	137.401200	136.101200	138.601200	3.919770	3.303074
-158.933105	24.573799	1180.650000	154.330000	46.710000	13.500000	137.276837	136.976837	137.576837	3.928530	4.221766
-155.765305	26.776699	1197.640000	154.330000	46.710000	13.500000	NaN	NaN	NaN	NaN	NaN
-152.765793	25.592800	1273.661000	154.330000	46.710000	13.500000	NaN	NaN	NaN	NaN	NaN
-156.964600	24.312099	1221.653000	154.330000	46.710000	13.500000	134.491711	133.391711	135.591711	3.913839	1.693056
-158.185394	22.620199	1234.648000	154.330000	46.710000	13.500000	137.328186	136.828186	137.828186	3.899242	3.001984
-154.251801	21.168699	1333.663000	154.330000	46.710000	13.500000	140.150664	139.650664	140.550664	3.956019	5.780842
-152.742706	22.319901	1333.662000	154.330000	46.710000	13.500000	NaN	NaN	NaN	NaN	NaN
-152.981201	18.301800	1417.658000	154.330000	46.710000	13.500000	139.287220	137.787220	140.687220	3.975602	3.500487
-151.637604	16.737801	1472.643000	154.330000	46.710000	13.500000	133.892628	132.992628	134.792628	4.150574	-2.423868
-151.686600	14.689100	1510.649000	154.330000	46.710000	13.500000	NaN	NaN	NaN	NaN	NaN
-153.967499	14.731300	1466.669000	154.330000	46.710000	13.500000	133.838491	133.138491	134.538491	4.152679	-4.077878
-153.868195	17.315399	1422.648000	154.330000	46.710000	13.500000	132.338206	130.538206	134.138206	4.171192	-4.204814
-156.387695	17.614901	1369.658000	154.330000	46.710000	13.500000	134.438745	132.738745	136.038745	4.002127	-2.616802
-156.206604	16.162001	1397.648000	154.330000	46.710000	13.500000	132.850011	132.250011	133.450011	4.105619	-4.967829
-157.700806	16.348400	1366.654000	154.330000	46.710000	13.500000	132.572463	131.772463	133.372463	4.078324	-5.607174
-158.982498	15.574000	1355.670000	154.330000	46.710000	13.500000	133.056400	132.256400	133.856400	4.115912	-5.989688
-161.367599	17.746901	1271.641000	154.330000	46.710000	13.500000	134.446854	133.746854	135.146854	4.132969	-4.176623
-158.760193	18.564699	1305.647000	154.330000	46.710000	13.500000	133.780914	132.980914	134.580914	4.028662	-3.425536
-158.179504	20.377800	1280.642000	154.330000	46.710000	13.500000	134.732703	134.032703	135.532703	3.954936	-1.134284
