-155.772995	19.079000	1151.510000	-111.360000	26.870000	22.900000	251.127896	250.327896	251.827896	3.991887	0.447895
-155.996994	20.771000	1141.511000	-111.360000	26.870000	22.900000	253.163831	252.863831	253.563831	3.954440	0.653359
-155.710999	20.046000	1140.507000	-111.360000	26.870000	22.900000	251.988210	251.488210	252.488210	3.975831	0.264398
-159.401001	21.971001	1210.529000	-111.360000	26.870000	22.900000	247.936495	242.136495	254.436495	3.811311	-5.602209
-157.270004	21.108999	1169.525000	-111.360000	26.870000	22.900000	251.883391	250.883391	252.883391	3.986415	-0.934508
-159.664993	22.122999	1221.495000	-111.360000	26.870000	22.900000	253.846636	250.846636	256.946636	4.041518	0.183484
-156.755997	21.136000	1156.525000	-111.360000	26.870000	22.900000	251.910213	250.910213	253.010213	3.986028	-0.964029
-158.903000	21.298401	1210.490000	-111.360000	26.870000	22.900000	252.809738	251.009738	254.609738	4.006714	-0.097131
-152.765793	25.592800	1027.858000	-111.360000	26.870000	22.900000	NaN	NaN	NaN	NaN	NaN
-158.185394	22.620199	1182.509000	-111.360000	26.870000	22.900000	256.393704	254.793704	257.893704	4.073689	2.060162
-155.636200	22.299900	1120.489000	-111.360000	26.870000	22.900000	254.963064	254.663064	255.363064	3.946006	0.728620
-154.251801	21.168699	1094.490000	-111.360000	26.870000	22.900000	252.604220	252.004220	253.304220	4.010503	-0.408982
-150.914993	18.914200	1032.507000	-111.360000	26.870000	22.900000	NaN	NaN	NaN	NaN	NaN
-153.967499	14.731300	1148.493000	-111.360000	26.870000	22.900000	NaN	NaN	NaN	NaN	NaN
-153.868195	17.315399	1120.496000	-111.360000	26.870000	22.900000	250.139689	249.539689	250.639689	4.202384	1.502675
-156.387695	17.614901	1178.490000	-111.360000	26.870000	22.900000	250.769965	250.069965	251.369965	4.049868	1.591169
-156.206604	16.162001	1186.516000	-111.360000	26.870000	22.900000	249.581664	248.981664	250.181664	4.195911	1.886259
-157.700806	16.348400	1221.781000	-111.360000	26.870000	22.900000	251.918340	251.118340	252.818340	4.151927	3.888753
-158.982498	15.574000	1258.490000	-111.360000	26.870000	22.900000	252.064291	251.764291	252.264291	4.209536	4.638331
-158.760193	18.564699	1230.504000	-111.360000	26.870000	22.900000	252.906995	251.606995	254.206995	4.016327	2.692810
-158.179504	20.377800	1200.399000	-111.360000	26.870000	22.900000	250.433599	249.333599	251.533599	3.982201	-1.584134
