-155.772995	19.079000	2671.522000	-67.180000	-24.440000	185.800000	295.411213	294.011213	296.811213	3.901599	1.774394
-155.996994	20.771000	2699.523000	-67.180000	-24.440000	185.800000	292.489733	290.389733	294.489733	3.721385	-0.890893
-155.710999	20.046000	2681.519000	-67.180000	-24.440000	185.800000	292.727050	290.727050	294.727050	3.875428	-0.823371
-159.401001	21.971001	2790.508000	-67.180000	-24.440000	185.800000	287.267469	279.567469	295.567469	3.894886	-4.891737
-157.270004	21.108999	2733.538000	-67.180000	-24.440000	185.800000	291.131228	289.031228	293.331228	3.830774	-1.816565
-159.664993	22.122999	2805.529000	-67.180000	-24.440000	185.800000	288.417121	283.617121	293.417121	3.913577	-3.633572
-156.755997	21.136000	2721.537000	-67.180000	-24.440000	185.800000	291.745932	289.545932	294.045932	3.829091	-1.355608
-158.903000	21.298401	2779.511000	-67.180000	-24.440000	185.800000	283.313189	279.013189	287.413189	3.957438	-9.112061
-161.314896	21.956301	2842.518000	-67.180000	-24.440000	185.800000	288.678508	285.678508	291.778508	3.940240	-2.903687
-161.095001	23.997200	2855.524000	-67.180000	-24.440000	185.800000	287.202272	283.602272	291.002272	3.744025	-4.019824
-152.765793	25.592800	2675.514000	-67.180000	-24.440000	185.800000	NaN	NaN	NaN	NaN	NaN
-155.636200	22.299900	2703.519000	-67.180000	-24.440000	185.800000	289.039968	288.239968	289.839968	3.813910	-4.268890
-154.251801	21.168699	2659.508000	-67.180000	-24.440000	185.800000	293.014399	292.114399	293.914399	3.922229	-0.870308
-152.981201	18.301800	2597.517000	-67.180000	-24.440000	185.800000	296.081695	295.381695	296.781695	4.128297	1.583542
-150.914993	18.914200	2558.499000	-67.180000	-24.440000	185.800000	NaN	NaN	NaN	NaN	NaN
-153.967499	14.731300	2579.503000	-67.180000	-24.440000	185.800000	NaN	NaN	NaN	NaN	NaN
-153.868195	17.315399	2606.515000	-67.180000	-24.440000	185.800000	295.431462	295.031462	295.731462	4.128838	1.117309
-156.206604	16.162001	2647.523000	-67.180000	-24.440000	185.800000	294.858020	294.058020	295.558020	4.128189	1.046529
-157.859100	14.659600	2671.509000	-67.180000	-24.440000	185.800000	NaN	NaN	NaN	NaN	NaN
-157.700806	16.348400	2684.514000	-67.180000	-24.440000	185.800000	NaN	NaN	NaN	NaN	NaN
-158.179504	20.377800	2750.511000	-67.180000	-24.440000	185.800000	288.514781	286.814781	290.214781	3.796937	-4.268073
