-155.772995	19.079000	1363.128000	153.660000	46.440000	12.000000
-155.996994	20.771000	1324.110000	153.660000	46.440000	12.000000
-154.983002	19.601000	1368.124000	153.660000	46.440000	12.000000
-159.401001	21.971001	1238.093000	153.660000	46.440000	12.000000
-156.658005	20.891001	1310.119000	153.660000	46.440000	12.000000
-159.664993	22.122999	1230.090000	153.660000	46.440000	12.000000
-156.755997	21.136000	1303.123000	153.660000	46.440000	12.000000
-158.903000	21.298401	1262.210000	153.660000	46.440000	12.000000
-160.047501	19.823400	1267.106000	153.660000	46.440000	12.000000
-161.095001	23.997200	1166.115000	153.660000	46.440000	12.000000
-155.765305	26.776699	1207.087000	153.660000	46.440000	12.000000
-152.765793	25.592800	1283.041000	153.660000	46.440000	12.000000
-156.964600	24.312099	1231.112000	153.660000	46.440000	12.000000
-158.185394	22.620199	1245.085000	153.660000	46.440000	12.000000
-155.636200	22.299900	1296.753000	153.660000	46.440000	12.000000
-154.251801	21.168699	1344.092000	153.660000	46.440000	12.000000
-151.686600	14.689100	1522.097000	153.660000	46.440000	12.000000
-153.868195	17.315399	1433.108000	153.660000	46.440000	12.000000
-156.206604	16.162001	1408.102000	153.660000	46.440000	12.000000
-157.859100	14.659600	1407.107000	153.660000	46.440000	12.000000
-157.700806	16.348400	1377.543000	153.660000	46.440000	12.000000
-158.982498	15.574000	1367.100000	153.660000	46.440000	12.000000
-158.179504	20.377800	1291.881000	153.660000	46.440000	12.000000
