-155.772995	19.079000	1362.888000	153.640000	46.380000	12.800000
-155.996994	20.771000	1322.869000	153.640000	46.380000	12.800000
-154.983002	19.601000	1367.849000	153.640000	46.380000	12.800000
-159.401001	21.971001	1236.890000	153.640000	46.380000	12.800000
-156.658005	20.891001	1308.880000	153.640000	46.380000	12.800000
-159.664993	22.122999	1228.851000	153.640000	46.380000	12.800000
-156.755997	21.136000	1301.884000	153.640000	46.380000	12.800000
-158.903000	21.298401	1261.847000	153.640000	46.380000	12.800000
-160.047501	19.823400	1265.863000	153.640000	46.380000	12.800000
-161.314896	21.956301	1201.869000	153.640000	46.380000	12.800000
-161.095001	23.997200	1165.862000	153.640000	46.380000	12.800000
-158.933105	24.573799	1189.861000	153.640000	46.380000	12.800000
-155.765305	26.776699	1206.095000	153.640000	46.380000	12.800000
-152.765793	25.592800	1282.853000	153.640000	46.380000	12.800000
-156.964600	24.312099	1230.846000	153.640000	46.380000	12.800000
-158.185394	22.620199	1243.860000	153.640000	46.380000	12.800000
-155.636200	22.299900	1293.859000	153.640000	46.380000	12.800000
-154.251801	21.168699	1342.850000	153.640000	46.380000	12.800000
-152.981201	18.301800	1426.914000	153.640000	46.380000	12.800000
-151.637604	16.737801	1481.850000	153.640000	46.380000	12.800000
-151.686600	14.689100	1520.846000	153.640000	46.380000	12.800000
-153.967499	14.731300	1476.845000	153.640000	46.380000	12.800000
-153.868195	17.315399	1432.869000	153.640000	46.380000	12.800000
-156.387695	17.614901	1380.237000	153.640000	46.380000	12.800000
-156.206604	16.162001	1406.861000	153.640000	46.380000	12.800000
-157.859100	14.659600	1404.846000	153.640000	46.380000	12.800000
-157.700806	16.348400	1375.862000	153.640000	46.380000	12.800000
-158.982498	15.574000	1365.860000	153.640000	46.380000	12.800000
-158.760193	18.564699	1313.875000	153.640000	46.380000	12.800000
-158.179504	20.377800	1290.858000	153.640000	46.380000	12.800000
-150.914993	18.914200	1444.384000	153.640000	46.380000	12.800000
