-155.772995	19.079000	1123.917000	-112.510000	28.380000	15.000000
-155.996994	20.771000	1112.942000	-112.510000	28.380000	15.000000
-155.710999	20.046000	1112.938000	-112.510000	28.380000	15.000000
-159.401001	21.971001	1185.943000	-112.510000	28.380000	15.000000
-156.658005	20.891001	1127.949000	-112.510000	28.380000	15.000000
-156.755997	21.136000	1127.954000	-112.510000	28.380000	15.000000
-153.992294	18.797600	1082.166000	-112.510000	28.380000	15.000000
-152.132401	18.481400	1040.352000	-112.510000	28.380000	15.000000
-153.290604	17.906200	1075.239000	-112.510000	28.380000	15.000000
-154.691299	17.180099	1117.919000	-112.510000	28.380000	15.000000
-154.495895	18.401699	1098.909000	-112.510000	28.380000	15.000000
-154.797394	18.803101	1102.058000	-112.510000	28.380000	15.000000
-157.227295	18.984800	1161.937000	-112.510000	28.380000	15.000000
-156.510101	19.477699	1138.826000	-112.510000	28.380000	15.000000
-157.627594	20.346100	1157.054000	-112.510000	28.380000	15.000000
-154.617798	20.088900	1083.429000	-112.510000	28.380000	15.000000
-155.679398	21.205500	1100.530000	-112.510000	28.380000	15.000000
-153.295898	18.800900	1065.767000	-112.510000	28.380000	15.000000
-154.030502	17.988400	1092.748000	-112.510000	28.380000	15.000000
-155.714996	18.000299	1133.576000	-112.510000	28.380000	15.000000
-156.808197	18.404200	1156.714000	-112.510000	28.380000	15.000000
-156.167007	18.301001	1142.458000	-112.510000	28.380000	15.000000
