-155.772995	19.079000	2330.601000	-76.980000	-13.460000	22.500000	288.057422	287.357422	288.657422	4.024389	1.602764
-155.996994	20.771000	2350.580000	-76.980000	-13.460000	22.500000	286.227357	285.527357	286.827357	3.916530	-0.302670
-159.401001	21.971001	2445.590000	-76.980000	-13.460000	22.500000	285.112059	284.412059	285.812059	4.000741	-0.194641
-156.658005	20.891001	2368.592000	-76.980000	-13.460000	22.500000	287.067717	286.367717	287.767717	3.950243	0.777817
-159.664993	22.122999	2452.564000	-76.980000	-13.460000	22.500000	285.094340	284.594340	285.694340	4.002110	-0.115700
-156.755997	21.136000	2372.593000	-76.980000	-13.460000	22.500000	286.977894	286.577894	287.477894	3.949812	0.706675
-158.903000	21.298401	2428.563000	-76.980000	-13.460000	22.500000	286.486058	285.586058	287.386058	3.950094	1.015469
-160.047501	19.823400	2443.574000	-76.980000	-13.460000	22.500000	287.680143	287.280143	288.080143	4.023230	2.674823
-161.314896	21.956301	2493.567000	-76.980000	-13.460000	22.500000	283.940063	282.840063	285.040063	3.988550	-0.642738
-161.095001	23.997200	2500.581000	-76.980000	-13.460000	22.500000	283.065950	282.865950	283.265950	4.002612	-1.601101
-158.933105	24.573799	2451.581000	-76.980000	-13.460000	22.500000	284.436495	284.336495	284.536495	4.020475	-1.132357
-155.765305	26.776699	2395.568000	-76.980000	-13.460000	22.500000	NaN	NaN	NaN	NaN	NaN
-152.765793	25.592800	2315.556000	-76.980000	-13.460000	22.500000	NaN	NaN	NaN	NaN	NaN
-158.185394	22.620199	2419.560000	-76.980000	-13.460000	22.500000	284.939803	284.639803	285.239803	3.969626	-0.864998
-155.636200	22.299900	2352.575000	-76.980000	-13.460000	22.500000	285.294593	285.094593	285.594593	3.942247	-1.508448
-152.981201	18.301800	2255.574000	-76.980000	-13.460000	22.500000	287.483104	285.583104	289.383104	4.043218	0.130362
-150.914993	18.914200	2208.580000	-76.980000	-13.460000	22.500000	NaN	NaN	NaN	NaN	NaN
-149.000900	16.989000	2145.574000	-76.980000	-13.460000	22.500000	NaN	NaN	NaN	NaN	NaN
-151.686600	14.689100	2192.559000	-76.980000	-13.460000	22.500000	NaN	NaN	NaN	NaN	NaN
-153.967499	14.731300	2250.586000	-76.980000	-13.460000	22.500000	NaN	NaN	NaN	NaN	NaN
-153.868195	17.315399	2268.558000	-76.980000	-13.460000	22.500000	287.478881	286.778881	288.178881	4.070625	0.572982
-157.859100	14.659600	2349.578000	-76.980000	-13.460000	22.500000	NaN	NaN	NaN	NaN	NaN
-157.700806	16.348400	2355.575000	-76.980000	-13.460000	22.500000	286.112570	283.612570	288.912570	4.052819	0.539648
-158.982498	15.574000	2380.563000	-76.980000	-13.460000	22.500000	289.236393	287.336393	291.436393	4.376734	4.098130
-158.760193	18.564699	2401.582000	-76.980000	-13.460000	22.500000	287.583346	287.283346	287.783346	3.969119	2.194776
-158.179504	20.377800	2402.558000	-76.980000	-13.460000	22.500000	286.080033	285.580033	286.580033	3.965981	0.387727
