-155.996994	20.771000	2129.206000	119.980000	20.690000	12.300000	104.667185	103.067185	106.267185	4.004509	-2.969414
-154.983002	19.601000	2164.215000	119.980000	20.690000	12.300000	104.505949	102.305949	106.605949	3.978412	-3.653014
-159.401001	21.971001	2034.184000	119.980000	20.690000	12.300000	106.739167	105.839167	107.739167	3.986356	0.399265
-156.658005	20.891001	2111.216000	119.980000	20.690000	12.300000	104.840642	103.540642	106.240642	3.970491	-2.577203
-159.664993	22.122999	2026.227000	119.980000	20.690000	12.300000	106.558732	105.558732	107.458732	3.985231	0.340109
-156.755997	21.136000	2106.219000	119.980000	20.690000	12.300000	105.928536	104.928536	106.928536	3.958624	-1.405697
-158.903000	21.298401	2054.186000	119.980000	20.690000	12.300000	104.372084	101.472084	107.172084	3.987456	-2.294290
-161.314896	21.956301	1985.203000	119.980000	20.690000	12.300000	104.566570	103.366570	105.866570	3.915787	-1.209256
-161.095001	23.997200	1977.193000	119.980000	20.690000	12.300000	104.544688	103.744688	105.344688	3.998155	-0.669821
-158.933105	24.573799	2024.201000	119.980000	20.690000	12.300000	106.912981	106.712981	107.112981	4.032366	1.141241
-155.765305	26.776699	2076.190000	119.980000	20.690000	12.300000	NaN	NaN	NaN	NaN	NaN
-152.765793	25.592800	2156.183000	119.980000	20.690000	12.300000	NaN	NaN	NaN	NaN	NaN
-156.964600	24.312099	2074.204000	119.980000	20.690000	12.300000	109.056954	107.656954	110.456954	4.053328	2.538146
-158.185394	22.620199	2058.201000	119.980000	20.690000	12.300000	107.263035	106.663035	107.863035	3.987081	0.721702
-155.636200	22.299900	2123.199000	119.980000	20.690000	12.300000	108.869935	108.269935	109.469935	3.987255	1.448422
-154.251801	21.168699	2168.211000	119.980000	20.690000	12.300000	108.070085	107.570085	108.570085	4.008314	-0.007919
-152.981201	18.301800	2224.201000	119.980000	20.690000	12.300000	106.845487	103.145487	110.645487	4.079007	-2.076188
-150.914993	18.914200	2268.195000	119.980000	20.690000	12.300000	NaN	NaN	NaN	NaN	NaN
-151.686600	14.689100	2276.191000	119.980000	20.690000	12.300000	NaN	NaN	NaN	NaN	NaN
-153.967499	14.731300	2219.181000	119.980000	20.690000	12.300000	105.873720	104.973720	106.873720	4.089918	-3.343543
-153.868195	17.315399	2203.181000	119.980000	20.690000	12.300000	102.668046	100.568046	104.768046	3.972946	-6.179177
-156.387695	17.614901	2138.193000	119.980000	20.690000	12.300000	102.455680	101.655680	103.255680	4.016632	-5.725741
-156.206604	16.162001	2151.198000	119.980000	20.690000	12.300000	105.807667	104.207667	107.407667	4.103047	-2.697383
-157.859100	14.659600	2123.190000	119.980000	20.690000	12.300000	108.279036	107.979036	108.579036	4.096607	-0.189097
-157.700806	16.348400	2113.196000	119.980000	20.690000	12.300000	106.087818	105.287818	106.987818	4.071190	-2.057019
-158.982498	15.574000	2087.192000	119.980000	20.690000	12.300000	106.636773	106.336773	106.936773	4.129007	-1.416864
-158.760193	18.564699	2070.188000	119.980000	20.690000	12.300000	102.234658	101.234658	103.234658	4.057947	-5.159815
-158.179504	20.377800	2075.182000	119.980000	20.690000	12.300000	104.180017	103.180017	105.180017	3.955691	-2.924492
