-155.772995	19.079000	1151.510000	-111.360000	26.870000	22.900000
-155.996994	20.771000	1141.511000	-111.360000	26.870000	22.900000
-155.710999	20.046000	1140.507000	-111.360000	26.870000	22.900000
-159.401001	21.971001	1210.529000	-111.360000	26.870000	22.900000
-157.270004	21.108999	1169.525000	-111.360000	26.870000	22.900000
-159.664993	22.122999	1221.495000	-111.360000	26.870000	22.900000
-156.755997	21.136000	1156.525000	-111.360000	26.870000	22.900000
-158.903000	21.298401	1210.490000	-111.360000	26.870000	22.900000
-152.765793	25.592800	1027.858000	-111.360000	26.870000	22.900000
-158.185394	22.620199	1182.509000	-111.360000	26.870000	22.900000
-155.636200	22.299900	1120.489000	-111.360000	26.870000	22.900000
-154.251801	21.168699	1094.490000	-111.360000	26.870000	22.900000
-150.914993	18.914200	1032.507000	-111.360000	26.870000	22.900000
-153.967499	14.731300	1148.493000	-111.360000	26.870000	22.900000
-153.868195	17.315399	1120.496000	-111.360000	26.870000	22.900000
-156.387695	17.614901	1178.490000	-111.360000	26.870000	22.900000
-156.206604	16.162001	1186.516000	-111.360000	26.870000	22.900000
-157.700806	16.348400	1221.781000	-111.360000	26.870000	22.900000
-158.982498	15.574000	1258.490000	-111.360000	26.870000	22.900000
-158.760193	18.564699	1230.504000	-111.360000	26.870000	22.900000
-158.179504	20.377800	1200.399000	-111.360000	26.870000	22.900000
