-155.772995	19.079000	2671.522000	-67.180000	-24.440000	185.800000
-155.996994	20.771000	2699.523000	-67.180000	-24.440000	185.800000
-155.710999	20.046000	2681.519000	-67.180000	-24.440000	185.800000
-159.401001	21.971001	2790.508000	-67.180000	-24.440000	185.800000
-157.270004	21.108999	2733.538000	-67.180000	-24.440000	185.800000
-159.664993	22.122999	2805.529000	-67.180000	-24.440000	185.800000
-156.755997	21.136000	2721.537000	-67.180000	-24.440000	185.800000
-158.903000	21.298401	2779.511000	-67.180000	-24.440000	185.800000
-161.314896	21.956301	2842.518000	-67.180000	-24.440000	185.800000
-161.095001	23.997200	2855.524000	-67.180000	-24.440000	185.800000
-152.765793	25.592800	2675.514000	-67.180000	-24.440000	185.800000
-155.636200	22.299900	2703.519000	-67.180000	-24.440000	185.800000
-154.251801	21.168699	2659.508000	-67.180000	-24.440000	185.800000
-152.981201	18.301800	2597.517000	-67.180000	-24.440000	185.800000
-150.914993	18.914200	2558.499000	-67.180000	-24.440000	185.800000
-153.967499	14.731300	2579.503000	-67.180000	-24.440000	185.800000
-153.868195	17.315399	2606.515000	-67.180000	-24.440000	185.800000
-156.206604	16.162001	2647.523000	-67.180000	-24.440000	185.800000
-157.859100	14.659600	2671.509000	-67.180000	-24.440000	185.800000
-157.700806	16.348400	2684.514000	-67.180000	-24.440000	185.800000
-158.179504	20.377800	2750.511000	-67.180000	-24.440000	185.800000
