-152.765793	25.592800	2856.633000	107.780000	-10.280000	20.000000	NaN	NaN	NaN	NaN	NaN
-155.636200	22.299900	2777.489000	107.780000	-10.280000	20.000000	85.412067	84.612067	86.112067	3.917659	2.544082
-150.914993	18.914200	2890.481000	107.780000	-10.280000	20.000000	80.073413	79.673413	80.473413	4.125270	-3.639544
-151.686600	14.689100	2851.542000	107.780000	-10.280000	20.000000	80.792313	80.692313	80.892313	4.194156	-1.727532
-156.387695	17.614901	2743.399000	107.780000	-10.280000	20.000000	80.721525	80.121525	81.321525	4.024087	-1.148516
-157.700806	16.348400	2703.435000	107.780000	-10.280000	20.000000	80.701176	80.201176	81.201176	4.062295	-0.637388
-155.772995	19.079000	2767.208000	107.780000	-10.280000	20.000000	82.534898	81.234898	83.834898	3.932838	0.254977
-155.996994	20.771000	2765.199000	107.780000	-10.280000	20.000000	83.906837	83.406837	84.506837	3.899753	1.421793
-155.710999	20.046000	2772.194000	107.780000	-10.280000	20.000000	84.171112	82.971112	85.371112	3.897627	1.712069
-157.270004	21.108999	2731.213000	107.780000	-10.280000	20.000000	84.906618	84.106618	85.706618	3.925339	2.799884
-159.664993	22.122999	2673.193000	107.780000	-10.280000	20.000000	82.173246	81.673246	82.673246	4.023902	0.781308
-156.755997	21.136000	2745.212000	107.780000	-10.280000	20.000000	84.245392	83.745392	84.845392	3.923021	1.959231
-158.903000	21.298401	2691.275000	107.780000	-10.280000	20.000000	82.699524	81.899524	83.399524	3.987433	1.130255
-160.047501	19.823400	2655.191000	107.780000	-10.280000	20.000000	82.802798	82.002798	83.602798	4.060635	1.774680
-162.025604	19.986300	2605.200000	107.780000	-10.280000	20.000000	83.340339	82.440339	84.240339	4.022112	2.948788
-161.314896	21.956301	2631.194000	107.780000	-10.280000	20.000000	81.600618	81.100618	82.000618	4.017828	0.820975
-161.095001	23.997200	2646.186000	107.780000	-10.280000	20.000000	80.510043	80.110043	80.810043	4.049244	-0.525955
-158.933105	24.573799	2701.281000	107.780000	-10.280000	20.000000	82.429646	81.929646	83.029646	4.024704	0.474063
-155.765305	26.776699	2786.178000	107.780000	-10.280000	20.000000	84.682138	84.582138	84.882138	4.091892	1.071859
-152.765793	25.592800	2856.183000	107.780000	-10.280000	20.000000	NaN	NaN	NaN	NaN	NaN
-156.964600	24.312099	2750.219000	107.780000	-10.280000	20.000000	83.533217	83.333217	83.733217	4.014816	0.833857
-158.185394	22.620199	2713.178000	107.780000	-10.280000	20.000000	82.776871	82.376871	83.176871	3.995223	0.786144
-155.636200	22.299900	2777.189000	107.780000	-10.280000	20.000000	85.412067	84.612067	86.112067	3.917659	2.544082
-154.251801	21.168699	2812.192000	107.780000	-10.280000	20.000000	84.513061	83.813061	85.313061	3.940605	1.369055
-152.981201	18.301800	2836.242000	107.780000	-10.280000	20.000000	82.264338	80.764338	83.764338	4.086292	-0.701991
-150.914993	18.914200	2890.181000	107.780000	-10.280000	20.000000	80.073413	79.673413	80.473413	4.125270	-3.639544
-149.000900	16.989000	2930.307000	107.780000	-10.280000	20.000000	80.057237	79.957237	80.157237	4.066042	-3.691366
-151.637604	16.737801	2861.189000	107.780000	-10.280000	20.000000	80.414119	79.514119	81.214119	4.117292	-2.580090
-151.686600	14.689100	2852.192000	107.780000	-10.280000	20.000000	80.792313	80.692313	80.892313	4.194156	-1.727532
-153.967499	14.731300	2794.181000	107.780000	-10.280000	20.000000	82.546564	81.746564	83.246564	4.109236	0.536591
-153.868195	17.315399	2806.256000	107.780000	-10.280000	20.000000	80.553696	79.353696	81.653696	4.038659	-1.965469
-156.387695	17.614901	2743.174000	107.780000	-10.280000	20.000000	80.721525	80.121525	81.321525	4.024087	-1.148516
-156.206604	16.162001	2740.174000	107.780000	-10.280000	20.000000	79.500788	78.600788	80.300788	4.063077	-2.201460
-157.859100	14.659600	2691.316000	107.780000	-10.280000	20.000000	79.759076	79.659076	79.759076	4.160932	-1.336420
-157.700806	16.348400	2703.185000	107.780000	-10.280000	20.000000	80.701176	80.201176	81.201176	4.062295	-0.637388
-158.982498	15.574000	2667.180000	107.780000	-10.280000	20.000000	80.779960	80.579960	80.979960	4.145154	-0.140648
-161.367599	17.746901	2616.191000	107.780000	-10.280000	20.000000	83.257196	82.057196	84.457196	4.141037	2.806283
-158.760193	18.564699	2685.186000	107.780000	-10.280000	20.000000	82.341079	81.841079	82.841079	4.019508	1.039782
-158.179504	20.377800	2704.186000	107.780000	-10.280000	20.000000	83.116336	81.916336	84.316336	3.933754	1.414240
