-155.772995	19.079000	1123.917000	-112.510000	28.380000	15.000000	248.307195	248.107195	248.507195	3.904468	-0.006963
-155.996994	20.771000	1112.942000	-112.510000	28.380000	15.000000	250.871246	250.671246	250.971246	3.882652	0.676471
-155.710999	20.046000	1112.938000	-112.510000	28.380000	15.000000	249.670123	249.570123	249.870123	3.915640	0.294984
-159.401001	21.971001	1185.943000	-112.510000	28.380000	15.000000	251.562838	251.562838	251.662838	3.953181	0.137380
-156.658005	20.891001	1127.949000	-112.510000	28.380000	15.000000	250.468116	250.268116	250.568116	3.898510	0.129689
-156.755997	21.136000	1127.954000	-112.510000	28.380000	15.000000	250.569920	250.369920	250.669920	3.893977	-0.038488
-153.992294	18.797600	1082.166000	-112.510000	28.380000	15.000000	247.914608	247.614608	248.214608	3.913957	0.093579
-152.132401	18.481400	1040.352000	-112.510000	28.380000	15.000000	246.153596	245.853596	246.353596	3.957087	-1.035929
-153.290604	17.906200	1075.239000	-112.510000	28.380000	15.000000	246.094231	245.894231	246.394231	3.916599	-0.608303
-154.691299	17.180099	1117.919000	-112.510000	28.380000	15.000000	246.088302	245.988302	246.288302	3.910837	-0.032897
-154.495895	18.401699	1098.909000	-112.510000	28.380000	15.000000	247.823410	247.523410	248.123410	3.921967	0.388247
-154.797394	18.803101	1102.058000	-112.510000	28.380000	15.000000	248.075427	247.875427	248.375427	3.922037	0.157418
-157.227295	18.984800	1161.937000	-112.510000	28.380000	15.000000	248.246499	247.946499	248.446499	3.880783	-0.075050
-156.510101	19.477699	1138.826000	-112.510000	28.380000	15.000000	248.966156	248.666156	249.166156	3.904196	0.168511
-157.627594	20.346100	1157.054000	-112.510000	28.380000	15.000000	249.460054	249.260054	249.760054	3.887921	-0.304839
-154.617798	20.088900	1083.429000	-112.510000	28.380000	15.000000	248.165139	247.865139	248.465139	3.867456	-1.195678
-155.679398	21.205500	1100.530000	-112.510000	28.380000	15.000000	251.055293	250.955293	251.155293	3.877543	0.375132
-153.295898	18.800900	1065.767000	-112.510000	28.380000	15.000000	247.720723	247.120723	248.320723	3.918573	-0.017420
-154.030502	17.988400	1092.748000	-112.510000	28.380000	15.000000	246.354330	246.054330	246.654330	3.895963	-0.555144
-155.714996	18.000299	1133.576000	-112.510000	28.380000	15.000000	247.642441	247.442441	247.842441	3.923294	0.497229
-156.808197	18.404200	1156.714000	-112.510000	28.380000	15.000000	248.113650	247.913650	248.213650	3.893236	0.429042
-156.167007	18.301001	1142.458000	-112.510000	28.380000	15.000000	247.218289	247.118289	247.418289	3.893419	-0.296495
