-155.772995	19.079000	1596.085000	150.710000	-5.420000	15.000000
-155.996994	20.771000	1607.087000	150.710000	-5.420000	15.000000
-155.710999	20.046000	1607.083000	150.710000	-5.420000	15.000000
-157.270004	21.108999	1580.102000	150.710000	-5.420000	15.000000
-159.664993	22.122999	1531.088000	150.710000	-5.420000	15.000000
-156.755997	21.136000	1593.101000	150.710000	-5.420000	15.000000
-162.025604	19.986300	1452.089000	150.710000	-5.420000	15.000000
-161.095001	23.997200	1520.065000	150.710000	-5.420000	15.000000
-158.933105	24.573799	1575.170000	150.710000	-5.420000	15.000000
-152.765793	25.592800	1728.506000	150.710000	-5.420000	15.000000
-156.964600	24.312099	1619.106000	150.710000	-5.420000	15.000000
-158.185394	22.620199	1571.066000	150.710000	-5.420000	15.000000
-154.251801	21.168699	1655.079000	150.710000	-5.420000	15.000000
-152.981201	18.301800	1655.131000	150.710000	-5.420000	15.000000
-153.967499	14.731300	1600.070000	150.710000	-5.420000	15.000000
-153.868195	17.315399	1624.146000	150.710000	-5.420000	15.000000
-156.206604	16.162001	1557.062000	150.710000	-5.420000	15.000000
-157.700806	16.348400	1522.329000	150.710000	-5.420000	15.000000
-158.982498	15.574000	1483.069000	150.710000	-5.420000	15.000000
-158.760193	18.564699	1517.093000	150.710000	-5.420000	15.000000
-158.179504	20.377800	1548.995000	150.710000	-5.420000	15.000000
-161.314896	21.956301	1491.824000	150.710000	-5.420000	15.000000
-155.765305	26.776699	1671.782000	150.710000	-5.420000	15.000000
