-155.996994	20.771000	2106.560000	120.520000	21.810000	19.600000	108.972885	107.672885	110.172885	4.004683	0.396164
-159.401001	21.971001	2011.571000	120.520000	21.810000	19.600000	106.201846	105.301846	107.001846	3.974427	-1.089783
-156.658005	20.891001	2088.545000	120.520000	21.810000	19.600000	105.257154	104.257154	106.357154	4.029081	-3.104379
-159.664993	22.122999	2004.574000	120.520000	21.810000	19.600000	106.125897	105.025897	107.325897	3.975199	-1.044647
-156.755997	21.136000	2083.575000	120.520000	21.810000	19.600000	106.747064	105.747064	107.747064	3.999705	-1.528404
-158.903000	21.298401	2030.542000	120.520000	21.810000	19.600000	103.825846	102.325846	105.225846	4.004890	-3.797040
-160.047501	19.823400	2009.539000	120.520000	21.810000	19.600000	103.329406	102.829406	103.829406	3.973712	-4.399084
-161.314896	21.956301	1963.556000	120.520000	21.810000	19.600000	104.461401	103.761401	105.161401	3.944646	-2.283025
-161.095001	23.997200	1954.543000	120.520000	21.810000	19.600000	105.435866	104.435866	106.535866	3.983165	-0.716920
-158.933105	24.573799	2000.540000	120.520000	21.810000	19.600000	108.469379	108.069379	108.769379	4.048889	1.786154
-155.765305	26.776699	2051.556000	120.520000	21.810000	19.600000	NaN	NaN	NaN	NaN	NaN
-152.765793	25.592800	2132.548000	120.520000	21.810000	19.600000	NaN	NaN	NaN	NaN	NaN
-156.964600	24.312099	2049.539000	120.520000	21.810000	19.600000	110.582780	109.682780	111.382780	4.041950	3.164715
-158.185394	22.620199	2036.537000	120.520000	21.810000	19.600000	107.606501	106.906501	108.206501	3.991573	0.132397
-155.636200	22.299900	2101.536000	120.520000	21.810000	19.600000	108.272843	107.572843	108.872843	3.988799	-0.065600
-154.251801	21.168699	2144.549000	120.520000	21.810000	19.600000	108.749317	107.449317	109.949317	4.036300	-0.250413
-150.914993	18.914200	2246.541000	120.520000	21.810000	19.600000	NaN	NaN	NaN	NaN	NaN
-149.000900	16.989000	2308.538000	120.520000	21.810000	19.600000	NaN	NaN	NaN	NaN	NaN
-153.967499	14.731300	2197.561000	120.520000	21.810000	19.600000	NaN	NaN	NaN	NaN	NaN
-156.206604	16.162001	2130.536000	120.520000	21.810000	19.600000	108.304655	107.204655	109.504655	4.106706	-1.199028
-157.859100	14.659600	2103.557000	120.520000	21.810000	19.600000	110.499830	110.099830	110.899830	3.942682	1.003519
-157.700806	16.348400	2091.538000	120.520000	21.810000	19.600000	107.511048	106.011048	109.011048	4.115971	-1.641727
-158.982498	15.574000	2065.554000	120.520000	21.810000	19.600000	106.080352	105.180352	107.080352	4.076157	-3.000280
-158.760193	18.564699	2049.546000	120.520000	21.810000	19.600000	103.281629	102.881629	103.781629	4.050491	-5.102982
-158.179504	20.377800	2053.560000	120.520000	21.810000	19.600000	104.820491	104.120491	105.420491	4.003540	-3.246573
