-155.772995	19.079000	1363.128000	153.660000	46.440000	12.000000	136.231847	133.931847	138.531847	4.032033	0.723856
-155.996994	20.771000	1324.110000	153.660000	46.440000	12.000000	138.738836	137.638836	139.838836	3.890349	4.225828
-154.983002	19.601000	1368.124000	153.660000	46.440000	12.000000	138.052268	135.752268	140.352268	3.933967	3.048846
-159.401001	21.971001	1238.093000	153.660000	46.440000	12.000000	134.924521	133.624521	136.224521	3.946581	0.354316
-156.658005	20.891001	1310.119000	153.660000	46.440000	12.000000	139.108410	138.008410	140.208410	3.884934	4.515112
-159.664993	22.122999	1230.090000	153.660000	46.440000	12.000000	134.914376	133.614376	136.214376	3.946499	0.379546
-156.755997	21.136000	1303.123000	153.660000	46.440000	12.000000	138.958329	138.158329	139.758329	3.886654	4.501771
-158.903000	21.298401	1262.210000	153.660000	46.440000	12.000000	137.838019	135.838019	139.638019	3.900961	2.934283
-160.047501	19.823400	1267.106000	153.660000	46.440000	12.000000	133.640437	133.040437	134.240437	3.937094	-2.602150
-161.095001	23.997200	1166.115000	153.660000	46.440000	12.000000	138.286113	138.086113	138.586113	3.948603	4.766942
-155.765305	26.776699	1207.087000	153.660000	46.440000	12.000000	NaN	NaN	NaN	NaN	NaN
-152.765793	25.592800	1283.041000	153.660000	46.440000	12.000000	NaN	NaN	NaN	NaN	NaN
-156.964600	24.312099	1231.112000	153.660000	46.440000	12.000000	134.340115	132.440115	136.340115	3.856364	2.055780
-158.185394	22.620199	1245.085000	153.660000	46.440000	12.000000	138.462145	137.862145	139.062145	3.894380	4.673834
-155.636200	22.299900	1296.753000	153.660000	46.440000	12.000000	138.335038	137.835038	138.835038	3.872054	4.904599
-154.251801	21.168699	1344.092000	153.660000	46.440000	12.000000	140.341846	139.841846	140.941846	3.938862	6.460904
-151.686600	14.689100	1522.097000	153.660000	46.440000	12.000000	NaN	NaN	NaN	NaN	NaN
-153.868195	17.315399	1433.108000	153.660000	46.440000	12.000000	131.545311	131.045311	132.045311	3.978113	-4.502857
-156.206604	16.162001	1408.102000	153.660000	46.440000	12.000000	133.433960	132.633960	134.133960	4.025045	-3.859563
-157.859100	14.659600	1407.107000	153.660000	46.440000	12.000000	135.940340	135.240340	136.640340	4.007947	-2.670015
-157.700806	16.348400	1377.543000	153.660000	46.440000	12.000000	133.537187	132.237187	134.837187	4.061379	-4.100335
-158.982498	15.574000	1367.100000	153.660000	46.440000	12.000000	134.709008	133.309008	136.009008	4.048528	-3.778919
-158.179504	20.377800	1291.881000	153.660000	46.440000	12.000000	136.773806	135.973806	137.473806	3.907405	1.449883
