-155.772995	19.079000	1362.888000	153.640000	46.380000	12.800000	135.364700	133.464700	137.164700	3.980145	-0.062314
-155.996994	20.771000	1322.869000	153.640000	46.380000	12.800000	137.969080	136.769080	139.269080	3.923185	3.538810
-154.983002	19.601000	1367.849000	153.640000	46.380000	12.800000	137.185362	134.785362	139.685362	3.916345	2.262773
-159.401001	21.971001	1236.890000	153.640000	46.380000	12.800000	136.448523	135.248523	137.648523	3.921059	1.965275
-156.658005	20.891001	1308.880000	153.640000	46.380000	12.800000	136.537643	135.037643	138.037643	3.937027	2.027727
-159.664993	22.122999	1228.851000	153.640000	46.380000	12.800000	136.437778	135.237778	137.637778	3.921063	1.990290
-156.755997	21.136000	1301.884000	153.640000	46.380000	12.800000	136.887088	135.687088	138.087088	3.914938	2.514227
-158.903000	21.298401	1261.847000	153.640000	46.380000	12.800000	136.463734	134.163734	138.663734	3.997095	1.645760
-160.047501	19.823400	1265.863000	153.640000	46.380000	12.800000	133.467005	132.767005	134.267005	4.003059	-2.690625
-161.314896	21.956301	1201.869000	153.640000	46.380000	12.800000	135.551934	134.451934	136.651934	3.986243	0.494661
-161.095001	23.997200	1165.862000	153.640000	46.380000	12.800000	137.504393	135.804393	139.304393	3.958393	4.076294
-158.933105	24.573799	1189.861000	153.640000	46.380000	12.800000	137.715741	137.215741	138.215741	3.966886	5.292957
-155.765305	26.776699	1206.095000	153.640000	46.380000	12.800000	NaN	NaN	NaN	NaN	NaN
-152.765793	25.592800	1282.853000	153.640000	46.380000	12.800000	NaN	NaN	NaN	NaN	NaN
-156.964600	24.312099	1230.846000	153.640000	46.380000	12.800000	135.264054	134.064054	136.464054	3.941162	3.066813
-158.185394	22.620199	1243.860000	153.640000	46.380000	12.800000	138.086818	137.386818	138.786818	3.903430	4.385022
-155.636200	22.299900	1293.859000	153.640000	46.380000	12.800000	140.063648	139.163648	140.963648	3.869001	6.717017
-154.251801	21.168699	1342.850000	153.640000	46.380000	12.800000	140.773775	140.173775	141.373775	3.908421	6.974469
-152.981201	18.301800	1426.914000	153.640000	46.380000	12.800000	142.638575	141.038575	144.338575	4.032232	7.412170
-151.637604	16.737801	1481.850000	153.640000	46.380000	12.800000	137.067391	134.367391	139.767391	4.115530	1.298195
-151.686600	14.689100	1520.846000	153.640000	46.380000	12.800000	NaN	NaN	NaN	NaN	NaN
-153.967499	14.731300	1476.845000	153.640000	46.380000	12.800000	134.195126	133.095126	135.195126	4.122954	-3.144343
-153.868195	17.315399	1432.869000	153.640000	46.380000	12.800000	132.782691	130.682691	134.982691	4.171941	-3.187364
-156.387695	17.614901	1380.237000	153.640000	46.380000	12.800000	134.448412	132.548412	136.248412	3.956936	-2.002655
-156.206604	16.162001	1406.861000	153.640000	46.380000	12.800000	132.370327	131.470327	133.170327	4.111502	-4.844700
-157.859100	14.659600	1404.846000	153.640000	46.380000	12.800000	135.177104	134.777104	135.477104	4.076727	-3.355312
-157.700806	16.348400	1375.862000	153.640000	46.380000	12.800000	132.371701	131.271701	133.471701	4.039001	-5.186254
-158.982498	15.574000	1365.860000	153.640000	46.380000	12.800000	134.443313	134.243313	134.743313	4.073131	-3.965137
-158.760193	18.564699	1313.875000	153.640000	46.380000	12.800000	133.451486	132.751486	134.151486	4.004196	-3.118814
-158.179504	20.377800	1290.858000	153.640000	46.380000	12.800000	136.501852	135.401852	137.701852	3.907223	1.262036
-150.914993	18.914200	1444.384000	153.640000	46.380000	12.800000	NaN	NaN	NaN	NaN	NaN
