-155.772995	19.079000	1596.085000	150.710000	-5.420000	15.000000	68.922265	68.322265	69.522265	4.000418	-1.622239
-155.996994	20.771000	1607.087000	150.710000	-5.420000	15.000000	69.968548	69.168548	70.668548	3.896752	0.527650
-155.710999	20.046000	1607.083000	150.710000	-5.420000	15.000000	67.575348	66.575348	68.475348	3.925216	-2.439458
-157.270004	21.108999	1580.102000	150.710000	-5.420000	15.000000	68.793499	67.993499	69.493499	3.914903	0.271492
-159.664993	22.122999	1531.088000	150.710000	-5.420000	15.000000	67.651932	66.951932	68.251932	3.996573	1.189838
-156.755997	21.136000	1593.101000	150.710000	-5.420000	15.000000	69.670122	69.070122	70.370122	3.929618	0.868559
-162.025604	19.986300	1452.089000	150.710000	-5.420000	15.000000	NaN	NaN	NaN	NaN	NaN
-161.095001	23.997200	1520.065000	150.710000	-5.420000	15.000000	64.423226	64.323226	64.523226	4.095238	0.062927
-158.933105	24.573799	1575.170000	150.710000	-5.420000	15.000000	66.099543	65.399543	66.899543	4.006657	0.641744
-152.765793	25.592800	1728.506000	150.710000	-5.420000	15.000000	NaN	NaN	NaN	NaN	NaN
-156.964600	24.312099	1619.106000	150.710000	-5.420000	15.000000	68.733313	68.033313	69.533313	3.965715	1.863311
-158.185394	22.620199	1571.066000	150.710000	-5.420000	15.000000	68.451142	67.751142	69.251142	4.012560	1.371178
-154.251801	21.168699	1655.079000	150.710000	-5.420000	15.000000	66.788580	66.288580	67.288580	3.909487	-3.389317
-152.981201	18.301800	1655.131000	150.710000	-5.420000	15.000000	68.758266	68.358266	69.058266	4.016756	-3.620697
-153.967499	14.731300	1600.070000	150.710000	-5.420000	15.000000	NaN	NaN	NaN	NaN	NaN
-153.868195	17.315399	1624.146000	150.710000	-5.420000	15.000000	70.351596	69.751596	70.851596	4.124125	-2.155142
-156.206604	16.162001	1557.062000	150.710000	-5.420000	15.000000	69.944197	69.644197	70.344197	4.088959	-2.149966
-157.700806	16.348400	1522.329000	150.710000	-5.420000	15.000000	70.787783	70.187783	71.387783	4.082087	-0.466419
-158.982498	15.574000	1483.069000	150.710000	-5.420000	15.000000	70.298994	70.098994	70.598994	4.077371	-0.840013
-158.760193	18.564699	1517.093000	150.710000	-5.420000	15.000000	69.037440	68.737440	69.237440	3.961945	-0.221691
-158.179504	20.377800	1548.995000	150.710000	-5.420000	15.000000	69.132765	68.732765	69.632765	3.939313	0.693354
-161.314896	21.956301	1491.824000	150.710000	-5.420000	15.000000	64.678706	63.878706	65.478706	4.066985	-0.836122
-155.765305	26.776699	1671.782000	150.710000	-5.420000	15.000000	NaN	NaN	NaN	NaN	NaN
