-152.765793	25.592800	2856.633000	107.780000	-10.280000	20.000000
-155.636200	22.299900	2777.489000	107.780000	-10.280000	20.000000
-150.914993	18.914200	2890.481000	107.780000	-10.280000	20.000000
-151.686600	14.689100	2851.542000	107.780000	-10.280000	20.000000
-156.387695	17.614901	2743.399000	107.780000	-10.280000	20.000000
-157.700806	16.348400	2703.435000	107.780000	-10.280000	20.000000
-155.772995	19.079000	2767.208000	107.780000	-10.280000	20.000000
-155.996994	20.771000	2765.199000	107.780000	-10.280000	20.000000
-155.710999	20.046000	2772.194000	107.780000	-10.280000	20.000000
-157.270004	21.108999	2731.213000	107.780000	-10.280000	20.000000
-159.664993	22.122999	2673.193000	107.780000	-10.280000	20.000000
-156.755997	21.136000	2745.212000	107.780000	-10.280000	20.000000
-158.903000	21.298401	2691.275000	107.780000	-10.280000	20.000000
-160.047501	19.823400	2655.191000	107.780000	-10.280000	20.000000
-162.025604	19.986300	2605.200000	107.780000	-10.280000	20.000000
-161.314896	21.956301	2631.194000	107.780000	-10.280000	20.000000
-161.095001	23.997200	2646.186000	107.780000	-10.280000	20.000000
-158.933105	24.573799	2701.281000	107.780000	-10.280000	20.000000
-155.765305	26.776699	2786.178000	107.780000	-10.280000	20.000000
-152.765793	25.592800	2856.183000	107.780000	-10.280000	20.000000
-156.964600	24.312099	2750.219000	107.780000	-10.280000	20.000000
-158.185394	22.620199	2713.178000	107.780000	-10.280000	20.000000
-155.636200	22.299900	2777.189000	107.780000	-10.280000	20.000000
-154.251801	21.168699	2812.192000	107.780000	-10.280000	20.000000
-152.981201	18.301800	2836.242000	107.780000	-10.280000	20.000000
-150.914993	18.914200	2890.181000	107.780000	-10.280000	20.000000
-149.000900	16.989000	2930.307000	107.780000	-10.280000	20.000000
-151.637604	16.737801	2861.189000	107.780000	-10.280000	20.000000
-151.686600	14.689100	2852.192000	107.780000	-10.280000	20.000000
-153.967499	14.731300	2794.181000	107.780000	-10.280000	20.000000
-153.868195	17.315399	2806.256000	107.780000	-10.280000	20.000000
-156.387695	17.614901	2743.174000	107.780000	-10.280000	20.000000
-156.206604	16.162001	2740.174000	107.780000	-10.280000	20.000000
-157.859100	14.659600	2691.316000	107.780000	-10.280000	20.000000
-157.700806	16.348400	2703.185000	107.780000	-10.280000	20.000000
-158.982498	15.574000	2667.180000	107.780000	-10.280000	20.000000
-161.367599	17.746901	2616.191000	107.780000	-10.280000	20.000000
-158.760193	18.564699	2685.186000	107.780000	-10.280000	20.000000
-158.179504	20.377800	2704.186000	107.780000	-10.280000	20.000000
