-157.859100	14.659600	1395.917000	154.330000	46.710000	13.500000
-155.772995	19.079000	1352.685000	154.330000	46.710000	13.500000
-155.996994	20.771000	1313.664000	154.330000	46.710000	13.500000
-159.401001	21.971001	1227.685000	154.330000	46.710000	13.500000
-156.658005	20.891001	1299.684000	154.330000	46.710000	13.500000
-159.664993	22.122999	1219.657000	154.330000	46.710000	13.500000
-158.903000	21.298401	1250.657000	154.330000	46.710000	13.500000
-160.047501	19.823400	1256.648000	154.330000	46.710000	13.500000
-161.314896	21.956301	1192.642000	154.330000	46.710000	13.500000
-161.095001	23.997200	1155.643000	154.330000	46.710000	13.500000
-158.933105	24.573799	1180.650000	154.330000	46.710000	13.500000
-155.765305	26.776699	1197.640000	154.330000	46.710000	13.500000
-152.765793	25.592800	1273.661000	154.330000	46.710000	13.500000
-156.964600	24.312099	1221.653000	154.330000	46.710000	13.500000
-158.185394	22.620199	1234.648000	154.330000	46.710000	13.500000
-154.251801	21.168699	1333.663000	154.330000	46.710000	13.500000
-152.742706	22.319901	1333.662000	154.330000	46.710000	13.500000
-152.981201	18.301800	1417.658000	154.330000	46.710000	13.500000
-151.637604	16.737801	1472.643000	154.330000	46.710000	13.500000
-151.686600	14.689100	1510.649000	154.330000	46.710000	13.500000
-153.967499	14.731300	1466.669000	154.330000	46.710000	13.500000
-153.868195	17.315399	1422.648000	154.330000	46.710000	13.500000
-156.387695	17.614901	1369.658000	154.330000	46.710000	13.500000
-156.206604	16.162001	1397.648000	154.330000	46.710000	13.500000
-157.700806	16.348400	1366.654000	154.330000	46.710000	13.500000
-158.982498	15.574000	1355.670000	154.330000	46.710000	13.500000
-161.367599	17.746901	1271.641000	154.330000	46.710000	13.500000
-158.760193	18.564699	1305.647000	154.330000	46.710000	13.500000
-158.179504	20.377800	1280.642000	154.330000	46.710000	13.500000
