-155.765305	26.776699	1176.108000	165.810000	60.860000	12.000000	154.508272	154.308272	154.808272	3.939775	0.973321
-155.772995	19.079000	1376.840000	165.810000	60.860000	12.000000	157.602309	155.702309	159.502309	4.040460	0.956790
-155.996994	20.771000	1329.831000	165.810000	60.860000	12.000000	158.259728	156.959728	159.459728	3.867774	2.112650
-155.710999	20.046000	1352.827000	165.810000	60.860000	12.000000	159.122584	156.522584	161.722584	4.005344	2.834152
-159.401001	21.971001	1257.850000	165.810000	60.860000	12.000000	155.693041	153.693041	157.693041	3.882536	-1.489874
-156.658005	20.891001	1319.824000	165.810000	60.860000	12.000000	156.056390	154.856390	157.256390	3.881426	-0.322294
-157.270004	21.108999	1306.846000	165.810000	60.860000	12.000000	156.148402	155.148402	157.048402	3.882910	-0.410531
-159.664993	22.122999	1254.815000	165.810000	60.860000	12.000000	156.026224	155.026224	157.026224	3.879990	-1.220598
-156.755997	21.136000	1311.845000	165.810000	60.860000	12.000000	156.136807	155.136807	157.136807	3.884639	-0.193543
-158.903000	21.298401	1290.886000	165.810000	60.860000	12.000000	158.562847	155.362847	161.662847	3.840077	1.355794
-160.047501	19.823400	1309.822000	165.810000	60.860000	12.000000	155.981782	154.581782	157.381782	3.919550	-2.267463
-162.025604	19.986300	1285.818000	165.810000	60.860000	12.000000	158.966202	158.066202	159.866202	3.943885	-0.164556
-161.314896	21.956301	1241.756000	165.810000	60.860000	12.000000	156.805105	155.305105	158.405105	3.842190	-1.284615
-161.095001	23.997200	1190.821000	165.810000	60.860000	12.000000	156.322630	155.322630	157.322630	3.992784	-0.861572
-158.933105	24.573799	1198.889000	165.810000	60.860000	12.000000	154.858312	153.958312	155.858312	3.999038	-1.061657
-155.765305	26.776699	1176.808000	165.810000	60.860000	12.000000	154.508272	154.308272	154.808272	3.939775	0.973321
-152.765793	25.592800	1239.652000	165.810000	60.860000	12.000000	NaN	NaN	NaN	NaN	NaN
-156.964600	24.312099	1226.866000	165.810000	60.860000	12.000000	155.067377	154.767377	155.467377	3.887220	-0.091943
-158.185394	22.620199	1256.832000	165.810000	60.860000	12.000000	156.390706	155.290706	157.390706	3.849850	0.005815
-155.636200	22.299900	1293.616000	165.810000	60.860000	12.000000	156.593862	155.793862	157.393862	3.908546	1.169807
-154.251801	21.168699	1334.818000	165.810000	60.860000	12.000000	158.850182	158.150182	159.550182	4.014370	3.549279
-152.981201	18.301800	1418.875000	165.810000	60.860000	12.000000	160.177326	158.377326	161.877326	4.065398	4.365420
-150.914993	18.914200	1424.941000	165.810000	60.860000	12.000000	NaN	NaN	NaN	NaN	NaN
-149.000900	16.989000	1491.893000	165.810000	60.860000	12.000000	NaN	NaN	NaN	NaN	NaN
-151.686600	14.689100	1524.949000	165.810000	60.860000	12.000000	NaN	NaN	NaN	NaN	NaN
-153.967499	14.731300	1502.821000	165.810000	60.860000	12.000000	159.544268	158.944268	160.144268	4.065600	2.286013
-153.868195	17.315399	1437.877000	165.810000	60.860000	12.000000	159.267634	157.967634	160.567634	4.111680	2.805572
-156.206604	16.162001	1444.819000	165.810000	60.860000	12.000000	155.046945	153.446945	156.746945	4.100876	-2.690963
-157.859100	14.659600	1461.888000	165.810000	60.860000	12.000000	153.606657	153.606657	153.606657	4.006828	-5.243886
-157.700806	16.348400	1421.915000	165.810000	60.860000	12.000000	153.048083	152.548083	153.548083	4.064565	-5.258953
-158.982498	15.574000	1425.832000	165.810000	60.860000	12.000000	153.469296	153.369296	153.669296	4.062099	-5.613844
-158.760193	18.564699	1355.823000	165.810000	60.860000	12.000000	156.497632	155.397632	157.497632	4.125520	-1.586957
-158.179504	20.377800	1315.852000	165.810000	60.860000	12.000000	155.898695	154.898695	156.798695	3.877745	-1.317887
