-155.765305	26.776699	1176.108000	165.810000	60.860000	12.000000
-155.772995	19.079000	1376.840000	165.810000	60.860000	12.000000
-155.996994	20.771000	1329.831000	165.810000	60.860000	12.000000
-155.710999	20.046000	1352.827000	165.810000	60.860000	12.000000
-159.401001	21.971001	1257.850000	165.810000	60.860000	12.000000
-156.658005	20.891001	1319.824000	165.810000	60.860000	12.000000
-157.270004	21.108999	1306.846000	165.810000	60.860000	12.000000
-159.664993	22.122999	1254.815000	165.810000	60.860000	12.000000
-156.755997	21.136000	1311.845000	165.810000	60.860000	12.000000
-158.903000	21.298401	1290.886000	165.810000	60.860000	12.000000
-160.047501	19.823400	1309.822000	165.810000	60.860000	12.000000
-162.025604	19.986300	1285.818000	165.810000	60.860000	12.000000
-161.314896	21.956301	1241.756000	165.810000	60.860000	12.000000
-161.095001	23.997200	1190.821000	165.810000	60.860000	12.000000
-158.933105	24.573799	1198.889000	165.810000	60.860000	12.000000
-155.765305	26.776699	1176.808000	165.810000	60.860000	12.000000
-152.765793	25.592800	1239.652000	165.810000	60.860000	12.000000
-156.964600	24.312099	1226.866000	165.810000	60.860000	12.000000
-158.185394	22.620199	1256.832000	165.810000	60.860000	12.000000
-155.636200	22.299900	1293.616000	165.810000	60.860000	12.000000
-154.251801	21.168699	1334.818000	165.810000	60.860000	12.000000
-152.981201	18.301800	1418.875000	165.810000	60.860000	12.000000
-150.914993	18.914200	1424.941000	165.810000	60.860000	12.000000
-149.000900	16.989000	1491.893000	165.810000	60.860000	12.000000
-151.686600	14.689100	1524.949000	165.810000	60.860000	12.000000
-153.967499	14.731300	1502.821000	165.810000	60.860000	12.000000
-153.868195	17.315399	1437.877000	165.810000	60.860000	12.000000
-156.206604	16.162001	1444.819000	165.810000	60.860000	12.000000
-157.859100	14.659600	1461.888000	165.810000	60.860000	12.000000
-157.700806	16.348400	1421.915000	165.810000	60.860000	12.000000
-158.982498	15.574000	1425.832000	165.810000	60.860000	12.000000
-158.760193	18.564699	1355.823000	165.810000	60.860000	12.000000
-158.179504	20.377800	1315.852000	165.810000	60.860000	12.000000
