-155.772995	19.079000	2132.727000	-78.530000	4.690000	12.000000	272.116990	270.416990	273.816990	3.878826	2.431578
-155.996994	20.771000	2137.708000	-78.530000	4.690000	12.000000	271.657423	270.957423	272.357423	3.939094	1.642856
-156.658005	20.891001	2155.725000	-78.530000	4.690000	12.000000	269.781592	268.981592	270.681592	3.974232	-0.025989
-159.664993	22.122999	2232.712000	-78.530000	4.690000	12.000000	266.968424	266.768424	267.268424	3.995394	-1.990022
-161.314896	21.956301	2274.664000	-78.530000	4.690000	12.000000	266.036434	265.836434	266.336434	4.019710	-2.281726
-161.095001	23.997200	2265.697000	-78.530000	4.690000	12.000000	266.694327	266.494327	266.794327	4.029581	-2.016064
-158.933105	24.573799	2210.898000	-78.530000	4.690000	12.000000	267.951246	267.651246	268.351246	3.994640	-1.742033
-155.765305	26.776699	2137.139000	-78.530000	4.690000	12.000000	276.034616	276.034616	276.134616	3.977293	4.490069
-152.765793	25.592800	2058.704000	-78.530000	4.690000	12.000000	NaN	NaN	NaN	NaN	NaN
-156.964600	24.312099	2160.665000	-78.530000	4.690000	12.000000	271.086530	268.786530	273.386530	4.135809	0.631740
-158.185394	22.620199	2193.698000	-78.530000	4.690000	12.000000	267.956895	267.756895	268.256895	3.995744	-1.655022
-155.636200	22.299900	2128.833000	-78.530000	4.690000	12.000000	269.831560	268.831560	270.831560	3.927445	-0.683850
-154.251801	21.168699	2090.707000	-78.530000	4.690000	12.000000	270.478672	269.978672	270.978672	3.839778	-0.263707
-150.914993	18.914200	2004.737000	-78.530000	4.690000	12.000000	NaN	NaN	NaN	NaN	NaN
-149.000900	16.989000	1954.032000	-78.530000	4.690000	12.000000	NaN	NaN	NaN	NaN	NaN
-151.637604	16.737801	2020.615000	-78.530000	4.690000	12.000000	NaN	NaN	NaN	NaN	NaN
-156.387695	17.614901	2144.695000	-78.530000	4.690000	12.000000	272.618892	271.818892	273.418892	3.941500	3.470964
-156.206604	16.162001	2137.697000	-78.530000	4.690000	12.000000	273.324608	272.424608	274.224608	4.072248	4.461573
-157.859100	14.659600	2182.092000	-78.530000	4.690000	12.000000	NaN	NaN	NaN	NaN	NaN
-158.982498	15.574000	2208.703000	-78.530000	4.690000	12.000000	273.999085	271.699085	276.299085	4.090776	6.002493
-158.760193	18.564699	2209.700000	-78.530000	4.690000	12.000000	273.333897	272.333897	274.233897	3.970268	4.714195
-158.179504	20.377800	2196.147000	-78.530000	4.690000	12.000000	268.669978	267.869978	269.569978	3.974092	-0.494682
-160.047501	19.823400	2246.304000	-78.530000	4.690000	12.000000	266.743924	265.143924	268.443924	3.911999	-1.683382
-152.765793	25.592800	2058.454000	-78.530000	4.690000	12.000000	NaN	NaN	NaN	NaN	NaN
-156.387695	17.614901	2144.445000	-78.530000	4.690000	12.000000	272.618892	271.818892	273.418892	3.941500	3.470964
