-155.772995	19.079000	1432.014000	-177.400000	-29.540000	56.100000
-155.996994	20.771000	1474.995000	-177.400000	-29.540000	56.100000
-159.664993	22.122999	1473.971000	-177.400000	-29.540000	56.100000
-156.755997	21.136000	1477.006000	-177.400000	-29.540000	56.100000
-161.314896	21.956301	1455.100000	-177.400000	-29.540000	56.100000
-161.095001	23.997200	1511.972000	-177.400000	-29.540000	56.100000
-158.933105	24.573799	1543.989000	-177.400000	-29.540000	56.100000
-152.765793	25.592800	1622.984000	-177.400000	-29.540000	56.100000
-156.964600	24.312099	1554.989000	-177.400000	-29.540000	56.100000
-158.185394	22.620199	1501.977000	-177.400000	-29.540000	56.100000
-154.251801	21.168699	1502.979000	-177.400000	-29.540000	56.100000
-150.914993	18.914200	1488.985000	-177.400000	-29.540000	56.100000
-156.206604	16.162001	1353.995000	-177.400000	-29.540000	56.100000
-158.982498	15.574000	1307.975000	-177.400000	-29.540000	56.100000
-158.760193	18.564699	1388.987000	-177.400000	-29.540000	56.100000
-160.047501	19.823400	1410.651000	-177.400000	-29.540000	56.100000
-155.636200	22.299900	1518.529000	-177.400000	-29.540000	56.100000
-157.700806	16.348400	1341.768000	-177.400000	-29.540000	56.100000
