-151.686600	14.689100	1448.820000	168.680000	-20.710000	20.200000	NaN	NaN	NaN	NaN	NaN
-157.859100	14.659600	1327.826000	168.680000	-20.710000	20.200000	45.711893	45.511893	45.911893	4.089009	2.007912
-158.179504	20.377800	1437.830000	168.680000	-20.710000	20.200000	41.847115	41.247115	42.547115	3.972808	1.605591
-155.996994	20.771000	1485.422000	168.680000	-20.710000	20.200000	44.148042	43.548042	44.748042	4.050493	2.179271
-159.401001	21.971001	1450.425000	168.680000	-20.710000	20.200000	40.166973	39.466973	40.766973	4.071762	1.812890
-156.658005	20.891001	1475.443000	168.680000	-20.710000	20.200000	42.977279	42.477279	43.577279	3.988969	1.639648
-159.664993	22.122999	1449.441000	168.680000	-20.710000	20.200000	39.807690	39.207690	40.407690	4.072674	1.769806
-158.903000	21.298401	1446.587000	168.680000	-20.710000	20.200000	40.049673	38.849673	41.249673	3.952559	0.916822
-161.314896	21.956301	1418.323000	168.680000	-20.710000	20.200000	38.597425	37.197425	39.997425	3.982741	2.041509
-161.095001	23.997200	1469.398000	168.680000	-20.710000	20.200000	34.886425	34.086425	35.686425	4.062339	-0.959684
-158.933105	24.573799	1511.620000	168.680000	-20.710000	20.200000	37.405719	36.405719	38.505719	4.197395	-0.215468
-155.765305	26.776699	1611.405000	168.680000	-20.710000	20.200000	NaN	NaN	NaN	NaN	NaN
-152.765793	25.592800	1638.398000	168.680000	-20.710000	20.200000	NaN	NaN	NaN	NaN	NaN
-158.185394	22.620199	1483.400000	168.680000	-20.710000	20.200000	41.352812	40.752812	41.952812	4.058730	2.188597
-155.636200	22.299900	1521.394000	168.680000	-20.710000	20.200000	43.406548	42.806548	44.006548	4.067364	1.850002
-154.251801	21.168699	1523.407000	168.680000	-20.710000	20.200000	44.688082	44.188082	45.188082	4.093661	1.435399
-150.914993	18.914200	1537.508000	168.680000	-20.710000	20.200000	NaN	NaN	NaN	NaN	NaN
-151.686600	14.689100	1448.420000	168.680000	-20.710000	20.200000	NaN	NaN	NaN	NaN	NaN
-153.967499	14.731300	1403.412000	168.680000	-20.710000	20.200000	47.719297	47.519297	47.919297	4.001935	0.820423
-156.387695	17.614901	1415.198000	168.680000	-20.710000	20.200000	46.193269	44.893269	47.393269	3.861423	2.930914
-156.206604	16.162001	1387.409000	168.680000	-20.710000	20.200000	44.648425	43.648425	45.748425	3.992098	0.416331
-157.859100	14.659600	1328.401000	168.680000	-20.710000	20.200000	45.711893	45.511893	45.911893	4.089009	2.007912
-157.700806	16.348400	1363.368000	168.680000	-20.710000	20.200000	45.124251	44.124251	46.124251	3.978493	2.289327
-158.982498	15.574000	1324.413000	168.680000	-20.710000	20.200000	44.312664	44.012664	44.612664	4.065032	2.166376
-158.760193	18.564699	1388.425000	168.680000	-20.710000	20.200000	43.418127	42.518127	44.318127	3.878900	2.765203
-158.179504	20.377800	1438.404000	168.680000	-20.710000	20.200000	41.847115	41.247115	42.547115	3.972808	1.605591
