-158.933105	24.573799	2379.756000	-123.610000	-55.940000	12.000000	345.186891	344.986891	345.486891	3.916693	4.130638
-157.859100	14.659600	2106.959000	-123.610000	-55.940000	12.000000	342.502042	342.202042	342.802042	4.176934	1.439757
-158.179504	20.377800	2258.974000	-123.610000	-55.940000	12.000000	343.887412	343.587412	344.287412	3.942492	2.618125
-155.772995	19.079000	2206.581000	-123.610000	-55.940000	12.000000	343.757255	343.457255	344.057255	3.995622	1.391196
-155.996994	20.771000	2254.559000	-123.610000	-55.940000	12.000000	344.373694	343.973694	344.773694	3.912391	2.032432
-159.401001	21.971001	2311.575000	-123.610000	-55.940000	12.000000	344.224086	343.924086	344.424086	3.916720	3.467952
-156.658005	20.891001	2262.582000	-123.610000	-55.940000	12.000000	344.116284	343.816284	344.416284	3.940803	2.091365
-159.664993	22.122999	2317.580000	-123.610000	-55.940000	12.000000	344.142309	343.842309	344.342309	3.916343	3.505166
-158.903000	21.298401	2290.549000	-123.610000	-55.940000	12.000000	342.742427	342.442427	343.142427	3.955740	1.776894
-161.095001	23.997200	2378.554000	-123.610000	-55.940000	12.000000	344.131770	344.031770	344.331770	3.916590	4.108774
-158.933105	24.573799	2379.556000	-123.610000	-55.940000	12.000000	345.186891	344.986891	345.486891	3.916693	4.130638
-152.765793	25.592800	2359.538000	-123.610000	-55.940000	12.000000	NaN	NaN	NaN	NaN	NaN
-158.185394	22.620199	2320.537000	-123.610000	-55.940000	12.000000	344.206308	343.906308	344.406308	3.918439	2.848973
-155.636200	22.299900	2293.541000	-123.610000	-55.940000	12.000000	344.561820	344.361820	344.761820	3.887468	1.980378
-154.251801	21.168699	2251.547000	-123.610000	-55.940000	12.000000	343.366952	343.166952	343.566952	3.887285	0.148291
-156.206604	16.162001	2132.548000	-123.610000	-55.940000	12.000000	343.244178	342.944178	343.644178	4.058658	1.272096
-157.859100	14.659600	2106.558000	-123.610000	-55.940000	12.000000	342.502042	342.202042	342.802042	4.176934	1.439757
-157.700806	16.348400	2148.546000	-123.610000	-55.940000	12.000000	342.209822	341.309822	343.109822	4.068062	0.945903
-158.982498	15.574000	2138.553000	-123.610000	-55.940000	12.000000	342.658327	342.158327	343.158327	4.072165	2.058493
-158.760193	18.564699	2215.558000	-123.610000	-55.940000	12.000000	342.767853	342.467853	343.167853	3.987371	1.868070
-158.179504	20.377800	2259.548000	-123.610000	-55.940000	12.000000	343.887412	343.587412	344.287412	3.942492	2.618125
