-155.772995	19.079000	1432.014000	-177.400000	-29.540000	56.100000	22.993785	21.893785	23.993785	3.949207	-0.710805
-155.996994	20.771000	1474.995000	-177.400000	-29.540000	56.100000	22.720977	22.020977	23.320977	3.897361	-0.271080
-159.664993	22.122999	1473.971000	-177.400000	-29.540000	56.100000	20.604518	20.104518	21.004518	3.982722	1.584726
-156.755997	21.136000	1477.006000	-177.400000	-29.540000	56.100000	22.843761	22.043761	23.543761	3.955142	0.691900
-161.314896	21.956301	1455.100000	-177.400000	-29.540000	56.100000	19.475126	19.175126	19.775126	3.934128	2.088811
-161.095001	23.997200	1511.972000	-177.400000	-29.540000	56.100000	18.069559	17.469559	18.669559	3.980532	0.888992
-158.933105	24.573799	1543.989000	-177.400000	-29.540000	56.100000	20.402001	19.702001	21.202001	4.061596	1.206251
-152.765793	25.592800	1622.984000	-177.400000	-29.540000	56.100000	NaN	NaN	NaN	NaN	NaN
-156.964600	24.312099	1554.989000	-177.400000	-29.540000	56.100000	22.012170	21.412170	22.612170	4.102384	0.856511
-158.185394	22.620199	1501.977000	-177.400000	-29.540000	56.100000	21.674655	21.074655	22.374655	4.010561	1.303269
-154.251801	21.168699	1502.979000	-177.400000	-29.540000	56.100000	23.348208	23.248208	23.448208	3.897594	-1.204668
-150.914993	18.914200	1488.985000	-177.400000	-29.540000	56.100000	NaN	NaN	NaN	NaN	NaN
-156.206604	16.162001	1353.995000	-177.400000	-29.540000	56.100000	26.124931	26.024931	26.124931	3.999655	1.909352
-158.982498	15.574000	1307.975000	-177.400000	-29.540000	56.100000	22.480407	22.380407	22.580407	3.911015	0.945327
-158.760193	18.564699	1388.987000	-177.400000	-29.540000	56.100000	20.826300	20.426300	21.126300	3.928583	-0.030723
-160.047501	19.823400	1410.651000	-177.400000	-29.540000	56.100000	19.422563	18.122563	20.622563	4.016695	0.229770
-155.636200	22.299900	1518.529000	-177.400000	-29.540000	56.100000	23.870827	22.870827	24.870827	4.046601	0.946440
-157.700806	16.348400	1341.768000	-177.400000	-29.540000	56.100000	23.506403	23.406403	23.706403	3.911851	0.881253
