-155.772995	19.079000	1164.429000	-110.690000	26.250000	15.900000
-155.996994	20.771000	1153.410000	-110.690000	26.250000	15.900000
-156.658005	20.891001	1169.417000	-110.690000	26.250000	15.900000
-159.664993	22.122999	1235.415000	-110.690000	26.250000	15.900000
-160.047501	19.823400	1262.388000	-110.690000	26.250000	15.900000
-161.314896	21.956301	1276.408000	-110.690000	26.250000	15.900000
-161.095001	23.997200	1254.390000	-110.690000	26.250000	15.900000
-158.933105	24.573799	1197.396000	-110.690000	26.250000	15.900000
-155.765305	26.776699	1109.407000	-110.690000	26.250000	15.900000
-152.765793	25.592800	1043.392000	-110.690000	26.250000	15.900000
-156.964600	24.312099	1149.393000	-110.690000	26.250000	15.900000
-158.185394	22.620199	1194.416000	-110.690000	26.250000	15.900000
-155.636200	22.299900	1133.580000	-110.690000	26.250000	15.900000
-154.251801	21.168699	1109.416000	-110.690000	26.250000	15.900000
-150.914993	18.914200	1044.402000	-110.690000	26.250000	15.900000
-149.000900	16.989000	1015.407000	-110.690000	26.250000	15.900000
-151.686600	14.689100	1105.394000	-110.690000	26.250000	15.900000
-153.967499	14.731300	1159.402000	-110.690000	26.250000	15.900000
-156.206604	16.162001	1198.401000	-110.690000	26.250000	15.900000
-157.700806	16.348400	1233.394000	-110.690000	26.250000	15.900000
-158.982498	15.574000	1271.407000	-110.690000	26.250000	15.900000
-158.760193	18.564699	1243.405000	-110.690000	26.250000	15.900000
-158.179504	20.377800	1213.385000	-110.690000	26.250000	15.900000
-152.765793	25.592800	1043.192000	-110.690000	26.250000	15.900000
