-155.772995	19.079000	1038.634000	-179.810000	51.890000	121.700000
-155.996994	20.771000	993.614000	-179.810000	51.890000	121.700000
-156.658005	20.891001	983.633000	-179.810000	51.890000	121.700000
-159.664993	22.122999	920.612000	-179.810000	51.890000	121.700000
-161.314896	21.956301	908.610000	-179.810000	51.890000	121.700000
-161.095001	23.997200	858.603000	-179.810000	51.890000	121.700000
-158.933105	24.573799	866.598000	-179.810000	51.890000	121.700000
-155.765305	26.776699	846.601000	-179.810000	51.890000	121.700000
-152.765793	25.592800	912.591000	-179.810000	51.890000	121.700000
-156.964600	24.312099	896.611000	-179.810000	51.890000	121.700000
-158.185394	22.620199	924.612000	-179.810000	51.890000	121.700000
-154.251801	21.168699	998.606000	-179.810000	51.890000	121.700000
-151.637604	16.737801	1144.612000	-179.810000	51.890000	121.700000
-153.967499	14.731300	1169.602000	-179.810000	51.890000	121.700000
-156.387695	17.614901	1072.596000	-179.810000	51.890000	121.700000
-156.206604	16.162001	1114.597000	-179.810000	51.890000	121.700000
-157.859100	14.659600	1132.594000	-179.810000	51.890000	121.700000
-157.700806	16.348400	1089.602000	-179.810000	51.890000	121.700000
-158.982498	15.574000	1097.595000	-179.810000	51.890000	121.700000
-158.179504	20.377800	978.597000	-179.810000	51.890000	121.700000
-161.314896	21.956301	908.435000	-179.810000	51.890000	121.700000
-155.765305	26.776699	846.351000	-179.810000	51.890000	121.700000
-151.637604	16.737801	1144.237000	-179.810000	51.890000	121.700000
-156.387695	17.614901	1072.446000	-179.810000	51.890000	121.700000
