-155.996994	20.771000	2795.558000	-72.950000	-45.480000	12.000000	311.537829	310.037829	313.037829	3.941692	-3.493554
-159.401001	21.971001	2883.488000	-72.950000	-45.480000	12.000000	313.940787	313.340787	314.640787	3.936486	-0.129412
-156.658005	20.891001	2811.581000	-72.950000	-45.480000	12.000000	313.980623	312.580623	315.380623	3.883791	-0.879282
-159.664993	22.122999	2892.542000	-72.950000	-45.480000	12.000000	313.778356	312.878356	314.778356	3.935474	-0.207052
-160.047501	19.823400	2852.534000	-72.950000	-45.480000	12.000000	316.131517	315.231517	317.131517	3.919798	1.854973
-161.314896	21.956301	2921.403000	-72.950000	-45.480000	12.000000	311.963778	311.163778	312.863778	3.821725	-1.693587
-161.095001	23.997200	2954.552000	-72.950000	-45.480000	12.000000	311.440967	310.640967	312.140967	3.929208	-1.868345
-158.933105	24.573799	2924.763000	-72.950000	-45.480000	12.000000	312.579357	312.279357	312.879357	3.940427	-1.140152
-152.765793	25.592800	2827.540000	-72.950000	-45.480000	12.000000	NaN	NaN	NaN	NaN	NaN
-156.964600	24.312099	2882.508000	-72.950000	-45.480000	12.000000	NaN	NaN	NaN	NaN	NaN
-158.185394	22.620199	2872.556000	-72.950000	-45.480000	12.000000	312.322464	311.822464	312.722464	3.952405	-1.922451
-154.251801	21.168699	2767.557000	-72.950000	-45.480000	12.000000	NaN	NaN	NaN	NaN	NaN
-150.914993	18.914200	2666.696000	-72.950000	-45.480000	12.000000	NaN	NaN	NaN	NaN	NaN
-156.206604	16.162001	2710.541000	-72.950000	-45.480000	12.000000	313.515228	313.115228	314.015228	4.148926	-1.951429
-157.859100	14.659600	2713.981000	-72.950000	-45.480000	12.000000	313.410173	313.110173	313.810173	4.146068	-1.881539
-157.700806	16.348400	2742.550000	-72.950000	-45.480000	12.000000	314.018899	313.518899	314.518899	4.069358	-1.145349
-158.982498	15.574000	2751.544000	-72.950000	-45.480000	12.000000	314.384961	313.984961	314.784961	4.078820	-0.630349
-158.760193	18.564699	2804.540000	-72.950000	-45.480000	12.000000	315.184829	314.784829	315.484829	4.094781	0.475991
-158.179504	20.377800	2829.931000	-72.950000	-45.480000	12.000000	314.789234	314.089234	315.589234	3.950652	0.203918
-160.047501	19.823400	2852.109000	-72.950000	-45.480000	12.000000	316.131517	315.231517	317.131517	3.919798	1.854973
-152.765793	25.592800	2827.065000	-72.950000	-45.480000	12.000000	NaN	NaN	NaN	NaN	NaN
