-155.772995	19.079000	1353.906000	154.800000	46.170000	12.000000
-155.996994	20.771000	1312.887000	154.800000	46.170000	12.000000
-156.658005	20.891001	1299.889000	154.800000	46.170000	12.000000
-159.664993	22.122999	1220.892000	154.800000	46.170000	12.000000
-156.755997	21.136000	1291.901000	154.800000	46.170000	12.000000
-158.903000	21.298401	1253.023000	154.800000	46.170000	12.000000
-160.047501	19.823400	1257.868000	154.800000	46.170000	12.000000
-161.095001	23.997200	1156.882000	154.800000	46.170000	12.000000
-152.765793	25.592800	1271.076000	154.800000	46.170000	12.000000
-156.964600	24.312099	1221.860000	154.800000	46.170000	12.000000
-158.185394	22.620199	1234.866000	154.800000	46.170000	12.000000
-155.636200	22.299900	1283.879000	154.800000	46.170000	12.000000
-154.251801	21.168699	1331.889000	154.800000	46.170000	12.000000
-150.914993	18.914200	1432.871000	154.800000	46.170000	12.000000
-149.000900	16.989000	1505.156000	154.800000	46.170000	12.000000
-151.637604	16.737801	1475.221000	154.800000	46.170000	12.000000
-151.686600	14.689100	1511.956000	154.800000	46.170000	12.000000
-153.967499	14.731300	1468.884000	154.800000	46.170000	12.000000
-153.868195	17.315399	1423.982000	154.800000	46.170000	12.000000
-156.387695	17.614901	1370.883000	154.800000	46.170000	12.000000
-156.206604	16.162001	1399.890000	154.800000	46.170000	12.000000
-157.859100	14.659600	1398.877000	154.800000	46.170000	12.000000
-157.700806	16.348400	1368.861000	154.800000	46.170000	12.000000
-158.982498	15.574000	1358.873000	154.800000	46.170000	12.000000
-161.367599	17.746901	1274.271000	154.800000	46.170000	12.000000
-158.760193	18.564699	1306.874000	154.800000	46.170000	12.000000
-158.179504	20.377800	1282.876000	154.800000	46.170000	12.000000
