-155.772995	19.079000	1471.230000	157.550000	-8.880000	12.000000
-155.996994	20.771000	1488.211000	157.550000	-8.880000	12.000000
-156.658005	20.891001	1474.231000	157.550000	-8.880000	12.000000
-159.664993	22.122999	1423.230000	157.550000	-8.880000	12.000000
-161.314896	21.956301	1386.117000	157.550000	-8.880000	12.000000
-161.095001	23.997200	1423.196000	157.550000	-8.880000	12.000000
-158.933105	24.573799	1476.208000	157.550000	-8.880000	12.000000
-155.765305	26.776699	1572.207000	157.550000	-8.880000	12.000000
-152.765793	25.592800	1623.196000	157.550000	-8.880000	12.000000
-156.964600	24.312099	1512.189000	157.550000	-8.880000	12.000000
-158.185394	22.620199	1462.188000	157.550000	-8.880000	12.000000
-155.636200	22.299900	1516.195000	157.550000	-8.880000	12.000000
-154.251801	21.168699	1534.197000	157.550000	-8.880000	12.000000
-150.914993	18.914200	1581.291000	157.550000	-8.880000	12.000000
-156.387695	17.614901	1437.209000	157.550000	-8.880000	12.000000
-157.859100	14.659600	1368.613000	157.550000	-8.880000	12.000000
-157.700806	16.348400	1389.201000	157.550000	-8.880000	12.000000
-158.982498	15.574000	1350.202000	157.550000	-8.880000	12.000000
-158.760193	18.564699	1395.196000	157.550000	-8.880000	12.000000
-158.179504	20.377800	1432.195000	157.550000	-8.880000	12.000000
-156.387695	17.614901	1436.984000	157.550000	-8.880000	12.000000
