-155.772995	19.079000	1164.429000	-110.690000	26.250000	15.900000	251.730892	250.530892	253.030892	4.003800	0.108697
-155.996994	20.771000	1153.410000	-110.690000	26.250000	15.900000	253.044529	251.544529	254.544529	4.000412	-0.373797
-156.658005	20.891001	1169.417000	-110.690000	26.250000	15.900000	252.579427	251.879427	253.379427	3.981894	-0.927020
-159.664993	22.122999	1235.415000	-110.690000	26.250000	15.900000	253.123823	252.323823	254.023823	4.002210	-1.346169
-160.047501	19.823400	1262.388000	-110.690000	26.250000	15.900000	252.058202	251.558202	252.458202	4.152408	-0.181551
-161.314896	21.956301	1276.408000	-110.690000	26.250000	15.900000	253.180389	252.280389	253.980389	4.055829	-0.920916
-161.095001	23.997200	1254.390000	-110.690000	26.250000	15.900000	253.560158	253.360158	253.760158	4.010699	-2.496659
-158.933105	24.573799	1197.396000	-110.690000	26.250000	15.900000	254.806705	254.206705	255.406705	3.927134	-2.244156
-155.765305	26.776699	1109.407000	-110.690000	26.250000	15.900000	261.404398	261.404398	261.504398	4.166557	1.190491
-152.765793	25.592800	1043.392000	-110.690000	26.250000	15.900000	NaN	NaN	NaN	NaN	NaN
-156.964600	24.312099	1149.393000	-110.690000	26.250000	15.900000	256.037210	253.637210	258.437210	4.062723	-1.113452
-158.185394	22.620199	1194.416000	-110.690000	26.250000	15.900000	253.498970	252.898970	254.098970	3.949508	-1.660512
-155.636200	22.299900	1133.580000	-110.690000	26.250000	15.900000	253.135139	252.235139	254.135139	3.970475	-1.985577
-154.251801	21.168699	1109.416000	-110.690000	26.250000	15.900000	251.928242	251.328242	252.528242	4.133606	-2.026604
-150.914993	18.914200	1044.402000	-110.690000	26.250000	15.900000	NaN	NaN	NaN	NaN	NaN
-149.000900	16.989000	1015.407000	-110.690000	26.250000	15.900000	NaN	NaN	NaN	NaN	NaN
-151.686600	14.689100	1105.394000	-110.690000	26.250000	15.900000	NaN	NaN	NaN	NaN	NaN
-153.967499	14.731300	1159.402000	-110.690000	26.250000	15.900000	NaN	NaN	NaN	NaN	NaN
-156.206604	16.162001	1198.401000	-110.690000	26.250000	15.900000	250.291804	249.491804	250.991804	4.187824	1.623043
-157.700806	16.348400	1233.394000	-110.690000	26.250000	15.900000	253.087718	252.787718	253.387718	4.148433	4.121089
-158.982498	15.574000	1271.407000	-110.690000	26.250000	15.900000	252.204506	252.104506	252.304506	4.145273	3.859527
-158.760193	18.564699	1243.405000	-110.690000	26.250000	15.900000	253.536661	251.736661	255.236661	4.049092	2.438302
-158.179504	20.377800	1213.385000	-110.690000	26.250000	15.900000	251.862739	250.962739	252.662739	3.979402	-1.022292
-152.765793	25.592800	1043.192000	-110.690000	26.250000	15.900000	NaN	NaN	NaN	NaN	NaN
