-155.772995	19.079000	1471.230000	157.550000	-8.880000	12.000000	62.595583	62.295583	62.995583	3.955868	-0.326421
-155.996994	20.771000	1488.211000	157.550000	-8.880000	12.000000	62.025958	61.725958	62.425958	3.910791	0.334471
-156.658005	20.891001	1474.231000	157.550000	-8.880000	12.000000	62.131653	61.931653	62.331653	3.972390	0.964501
-159.664993	22.122999	1423.230000	157.550000	-8.880000	12.000000	57.734019	57.034019	58.534019	4.023832	-0.467771
-161.314896	21.956301	1386.117000	157.550000	-8.880000	12.000000	54.966983	54.966983	55.066983	4.051023	-2.075395
-161.095001	23.997200	1423.196000	157.550000	-8.880000	12.000000	53.834233	53.834233	53.834233	4.059020	-2.026169
-158.933105	24.573799	1476.208000	157.550000	-8.880000	12.000000	55.092210	54.792210	55.292210	4.090064	-2.113166
-155.765305	26.776699	1572.207000	157.550000	-8.880000	12.000000	NaN	NaN	NaN	NaN	NaN
-152.765793	25.592800	1623.196000	157.550000	-8.880000	12.000000	NaN	NaN	NaN	NaN	NaN
-156.964600	24.312099	1512.189000	157.550000	-8.880000	12.000000	59.726549	58.426549	61.026549	4.081706	0.878053
-158.185394	22.620199	1462.188000	157.550000	-8.880000	12.000000	59.396132	58.596132	60.296132	4.048035	0.412486
-155.636200	22.299900	1516.195000	157.550000	-8.880000	12.000000	62.883627	62.683627	63.083627	3.969379	1.888182
-154.251801	21.168699	1534.197000	157.550000	-8.880000	12.000000	63.424728	63.224728	63.724728	3.930058	0.824288
-150.914993	18.914200	1581.291000	157.550000	-8.880000	12.000000	NaN	NaN	NaN	NaN	NaN
-156.387695	17.614901	1437.209000	157.550000	-8.880000	12.000000	62.198793	61.898793	62.398793	3.978882	-1.309753
-157.859100	14.659600	1368.613000	157.550000	-8.880000	12.000000	NaN	NaN	NaN	NaN	NaN
-157.700806	16.348400	1389.201000	157.550000	-8.880000	12.000000	63.029483	60.829483	65.129483	4.069327	-0.547328
-158.982498	15.574000	1350.202000	157.550000	-8.880000	12.000000	64.214400	62.414400	65.814400	3.959242	0.871679
-158.760193	18.564699	1395.196000	157.550000	-8.880000	12.000000	60.000589	59.700589	60.300589	4.017519	-1.290081
-158.179504	20.377800	1432.195000	157.550000	-8.880000	12.000000	61.323779	61.123779	61.623779	3.986802	0.877251
-156.387695	17.614901	1436.984000	157.550000	-8.880000	12.000000	62.198793	61.898793	62.398793	3.978882	-1.309753
