-155.772995	19.079000	1038.634000	-179.810000	51.890000	121.700000	158.418199	157.218199	159.718199	3.842958	2.618361
-155.996994	20.771000	993.614000	-179.810000	51.890000	121.700000	156.967299	155.467299	158.367299	3.932547	1.923327
-156.658005	20.891001	983.633000	-179.810000	51.890000	121.700000	156.536334	154.536334	158.536334	4.023663	1.024479
-159.664993	22.122999	920.612000	-179.810000	51.890000	121.700000	156.276849	155.876849	156.776849	4.048210	-1.125974
-161.314896	21.956301	908.610000	-179.810000	51.890000	121.700000	157.670786	157.570786	157.870786	4.005644	-1.362645
-161.095001	23.997200	858.603000	-179.810000	51.890000	121.700000	156.506420	156.206420	156.806420	3.989958	-1.120542
-158.933105	24.573799	866.598000	-179.810000	51.890000	121.700000	153.905762	153.405762	154.405762	3.984683	-1.283486
-155.765305	26.776699	846.601000	-179.810000	51.890000	121.700000	152.776215	152.776215	152.876215	3.882415	2.052789
-152.765793	25.592800	912.591000	-179.810000	51.890000	121.700000	NaN	NaN	NaN	NaN	NaN
-156.964600	24.312099	896.611000	-179.810000	51.890000	121.700000	152.878275	151.378275	154.478275	3.791202	-0.730573
-158.185394	22.620199	924.612000	-179.810000	51.890000	121.700000	153.952719	153.552719	154.452719	4.067222	-1.828114
-154.251801	21.168699	998.606000	-179.810000	51.890000	121.700000	158.400952	158.000952	158.800952	4.042741	4.959908
-151.637604	16.737801	1144.612000	-179.810000	51.890000	121.700000	NaN	NaN	NaN	NaN	NaN
-153.967499	14.731300	1169.602000	-179.810000	51.890000	121.700000	158.191167	158.191167	158.291167	4.277900	1.657124
-156.387695	17.614901	1072.596000	-179.810000	51.890000	121.700000	153.223124	151.123124	155.423124	3.656206	-3.798226
-156.206604	16.162001	1114.597000	-179.810000	51.890000	121.700000	155.951825	153.251825	158.651825	3.961692	-1.606319
-157.859100	14.659600	1132.594000	-179.810000	51.890000	121.700000	155.065982	153.465982	156.665982	3.856359	-4.412514
-157.700806	16.348400	1089.602000	-179.810000	51.890000	121.700000	154.614859	153.614859	155.714859	3.747275	-4.029183
-158.982498	15.574000	1097.595000	-179.810000	51.890000	121.700000	157.244245	155.944245	158.644245	3.846299	-2.760708
-158.179504	20.377800	978.597000	-179.810000	51.890000	121.700000	153.819183	153.219183	154.519183	4.110836	-3.251910
-161.314896	21.956301	908.435000	-179.810000	51.890000	121.700000	157.670786	157.570786	157.870786	4.005644	-1.362645
-155.765305	26.776699	846.351000	-179.810000	51.890000	121.700000	152.776215	152.776215	152.876215	3.882415	2.052789
-151.637604	16.737801	1144.237000	-179.810000	51.890000	121.700000	NaN	NaN	NaN	NaN	NaN
-156.387695	17.614901	1072.446000	-179.810000	51.890000	121.700000	153.223124	151.123124	155.423124	3.656206	-3.798226
