-151.686600	14.689100	1448.820000	168.680000	-20.710000	20.200000
-157.859100	14.659600	1327.826000	168.680000	-20.710000	20.200000
-158.179504	20.377800	1437.830000	168.680000	-20.710000	20.200000
-155.996994	20.771000	1485.422000	168.680000	-20.710000	20.200000
-159.401001	21.971001	1450.425000	168.680000	-20.710000	20.200000
-156.658005	20.891001	1475.443000	168.680000	-20.710000	20.200000
-159.664993	22.122999	1449.441000	168.680000	-20.710000	20.200000
-158.903000	21.298401	1446.587000	168.680000	-20.710000	20.200000
-161.314896	21.956301	1418.323000	168.680000	-20.710000	20.200000
-161.095001	23.997200	1469.398000	168.680000	-20.710000	20.200000
-158.933105	24.573799	1511.620000	168.680000	-20.710000	20.200000
-155.765305	26.776699	1611.405000	168.680000	-20.710000	20.200000
-152.765793	25.592800	1638.398000	168.680000	-20.710000	20.200000
-158.185394	22.620199	1483.400000	168.680000	-20.710000	20.200000
-155.636200	22.299900	1521.394000	168.680000	-20.710000	20.200000
-154.251801	21.168699	1523.407000	168.680000	-20.710000	20.200000
-150.914993	18.914200	1537.508000	168.680000	-20.710000	20.200000
-151.686600	14.689100	1448.420000	168.680000	-20.710000	20.200000
-153.967499	14.731300	1403.412000	168.680000	-20.710000	20.200000
-156.387695	17.614901	1415.198000	168.680000	-20.710000	20.200000
-156.206604	16.162001	1387.409000	168.680000	-20.710000	20.200000
-157.859100	14.659600	1328.401000	168.680000	-20.710000	20.200000
-157.700806	16.348400	1363.368000	168.680000	-20.710000	20.200000
-158.982498	15.574000	1324.413000	168.680000	-20.710000	20.200000
-158.760193	18.564699	1388.425000	168.680000	-20.710000	20.200000
-158.179504	20.377800	1438.404000	168.680000	-20.710000	20.200000
