-155.996994	20.771000	2795.558000	-72.950000	-45.480000	12.000000
-159.401001	21.971001	2883.488000	-72.950000	-45.480000	12.000000
-156.658005	20.891001	2811.581000	-72.950000	-45.480000	12.000000
-159.664993	22.122999	2892.542000	-72.950000	-45.480000	12.000000
-160.047501	19.823400	2852.534000	-72.950000	-45.480000	12.000000
-161.314896	21.956301	2921.403000	-72.950000	-45.480000	12.000000
-161.095001	23.997200	2954.552000	-72.950000	-45.480000	12.000000
-158.933105	24.573799	2924.763000	-72.950000	-45.480000	12.000000
-152.765793	25.592800	2827.540000	-72.950000	-45.480000	12.000000
-156.964600	24.312099	2882.508000	-72.950000	-45.480000	12.000000
-158.185394	22.620199	2872.556000	-72.950000	-45.480000	12.000000
-154.251801	21.168699	2767.557000	-72.950000	-45.480000	12.000000
-150.914993	18.914200	2666.696000	-72.950000	-45.480000	12.000000
-156.206604	16.162001	2710.541000	-72.950000	-45.480000	12.000000
-157.859100	14.659600	2713.981000	-72.950000	-45.480000	12.000000
-157.700806	16.348400	2742.550000	-72.950000	-45.480000	12.000000
-158.982498	15.574000	2751.544000	-72.950000	-45.480000	12.000000
-158.760193	18.564699	2804.540000	-72.950000	-45.480000	12.000000
-158.179504	20.377800	2829.931000	-72.950000	-45.480000	12.000000
-160.047501	19.823400	2852.109000	-72.950000	-45.480000	12.000000
-152.765793	25.592800	2827.065000	-72.950000	-45.480000	12.000000
