-155.772995	19.079000	1353.906000	154.800000	46.170000	12.000000	136.224610	134.124610	138.424610	3.978281	0.764638
-155.996994	20.771000	1312.887000	154.800000	46.170000	12.000000	139.111525	138.011525	140.311525	3.994341	4.675107
-156.658005	20.891001	1299.889000	154.800000	46.170000	12.000000	137.786499	136.086499	139.486499	3.998966	3.261066
-159.664993	22.122999	1220.892000	154.800000	46.170000	12.000000	136.010167	134.310167	137.710167	3.967987	1.515085
-156.755997	21.136000	1291.901000	154.800000	46.170000	12.000000	138.233980	137.133980	139.333980	3.982957	3.848563
-158.903000	21.298401	1253.023000	154.800000	46.170000	12.000000	138.136661	136.036661	140.336661	4.009294	3.269391
-160.047501	19.823400	1257.868000	154.800000	46.170000	12.000000	133.675132	133.175132	134.075132	3.960312	-2.582368
-161.095001	23.997200	1156.882000	154.800000	46.170000	12.000000	NaN	NaN	NaN	NaN	NaN
-152.765793	25.592800	1271.076000	154.800000	46.170000	12.000000	NaN	NaN	NaN	NaN	NaN
-156.964600	24.312099	1221.860000	154.800000	46.170000	12.000000	136.966976	135.266976	138.666976	4.006778	4.819383
-158.185394	22.620199	1234.866000	154.800000	46.170000	12.000000	139.531404	138.731404	140.431404	3.941125	5.820777
-155.636200	22.299900	1283.879000	154.800000	46.170000	12.000000	140.481557	139.781557	141.281557	3.982930	7.164754
-154.251801	21.168699	1331.889000	154.800000	46.170000	12.000000	141.791725	141.591725	141.991725	3.942721	8.023151
-150.914993	18.914200	1432.871000	154.800000	46.170000	12.000000	NaN	NaN	NaN	NaN	NaN
-149.000900	16.989000	1505.156000	154.800000	46.170000	12.000000	NaN	NaN	NaN	NaN	NaN
-151.637604	16.737801	1475.221000	154.800000	46.170000	12.000000	139.707966	134.907966	144.607966	4.156024	3.934935
-151.686600	14.689100	1511.956000	154.800000	46.170000	12.000000	NaN	NaN	NaN	NaN	NaN
-153.967499	14.731300	1468.884000	154.800000	46.170000	12.000000	134.176025	133.776025	134.576025	4.154479	-3.234792
-153.868195	17.315399	1423.982000	154.800000	46.170000	12.000000	131.939789	130.939789	133.039789	4.132103	-4.060499
-156.387695	17.614901	1370.883000	154.800000	46.170000	12.000000	135.331101	133.731101	136.931101	3.953837	-1.188531
-156.206604	16.162001	1399.890000	154.800000	46.170000	12.000000	133.664452	133.264452	134.164452	4.092798	-3.638920
-157.859100	14.659600	1398.877000	154.800000	46.170000	12.000000	136.104160	135.604160	136.604160	3.985601	-2.568881
-157.700806	16.348400	1368.861000	154.800000	46.170000	12.000000	133.682834	133.082834	134.282834	4.048361	-3.987769
-158.982498	15.574000	1358.873000	154.800000	46.170000	12.000000	134.478212	133.878212	135.178212	4.090836	-4.078878
-161.367599	17.746901	1274.271000	154.800000	46.170000	12.000000	135.734720	135.134720	136.334720	4.107805	-2.379387
-158.760193	18.564699	1306.874000	154.800000	46.170000	12.000000	134.955235	134.255235	135.655235	4.030470	-1.711744
-158.179504	20.377800	1282.876000	154.800000	46.170000	12.000000	138.276720	137.076720	139.576720	3.939422	2.983823
