-155.772995	19.079000	2132.727000	-78.530000	4.690000	12.000000
-155.996994	20.771000	2137.708000	-78.530000	4.690000	12.000000
-156.658005	20.891001	2155.725000	-78.530000	4.690000	12.000000
-159.664993	22.122999	2232.712000	-78.530000	4.690000	12.000000
-161.314896	21.956301	2274.664000	-78.530000	4.690000	12.000000
-161.095001	23.997200	2265.697000	-78.530000	4.690000	12.000000
-158.933105	24.573799	2210.898000	-78.530000	4.690000	12.000000
-155.765305	26.776699	2137.139000	-78.530000	4.690000	12.000000
-152.765793	25.592800	2058.704000	-78.530000	4.690000	12.000000
-156.964600	24.312099	2160.665000	-78.530000	4.690000	12.000000
-158.185394	22.620199	2193.698000	-78.530000	4.690000	12.000000
-155.636200	22.299900	2128.833000	-78.530000	4.690000	12.000000
-154.251801	21.168699	2090.707000	-78.530000	4.690000	12.000000
-150.914993	18.914200	2004.737000	-78.530000	4.690000	12.000000
-149.000900	16.989000	1954.032000	-78.530000	4.690000	12.000000
-151.637604	16.737801	2020.615000	-78.530000	4.690000	12.000000
-156.387695	17.614901	2144.695000	-78.530000	4.690000	12.000000
-156.206604	16.162001	2137.697000	-78.530000	4.690000	12.000000
-157.859100	14.659600	2182.092000	-78.530000	4.690000	12.000000
-158.982498	15.574000	2208.703000	-78.530000	4.690000	12.000000
-158.760193	18.564699	2209.700000	-78.530000	4.690000	12.000000
-158.179504	20.377800	2196.147000	-78.530000	4.690000	12.000000
-160.047501	19.823400	2246.304000	-78.530000	4.690000	12.000000
-152.765793	25.592800	2058.454000	-78.530000	4.690000	12.000000
-156.387695	17.614901	2144.445000	-78.530000	4.690000	12.000000
