-155.772995	19.079000	1386.152000	165.810000	60.860000	12.000000	157.302309	156.202309	158.302309	3.995268	0.656790
-155.996994	20.771000	1339.142000	165.810000	60.860000	12.000000	157.559728	156.959728	158.159728	3.937479	1.412650
-155.710999	20.046000	1362.138000	165.810000	60.860000	12.000000	157.522584	156.122584	158.922584	3.976954	1.234152
-159.401001	21.971001	1270.160000	165.810000	60.860000	12.000000	156.593041	155.193041	158.093041	3.962224	-0.589874
-156.658005	20.891001	1329.135000	165.810000	60.860000	12.000000	156.856390	156.156390	157.556390	3.924924	0.477706
-157.270004	21.108999	1317.157000	165.810000	60.860000	12.000000	156.848402	156.248402	157.448402	3.929484	0.289469
-159.664993	22.122999	1267.126000	165.810000	60.860000	12.000000	157.126224	156.326224	157.926224	3.957678	-0.120598
-156.755997	21.136000	1321.155000	165.810000	60.860000	12.000000	156.936807	156.236807	157.536807	3.937807	0.606457
-158.903000	21.298401	1299.197000	165.810000	60.860000	12.000000	158.862847	156.962847	160.662847	3.918422	1.655794
-160.047501	19.823400	1322.133000	165.810000	60.860000	12.000000	157.581782	156.681782	158.481782	3.960684	-0.667463
-162.025604	19.986300	1297.129000	165.810000	60.860000	12.000000	158.066202	157.166202	159.066202	3.933114	-1.064556
-161.314896	21.956301	1254.068000	165.810000	60.860000	12.000000	157.405105	156.405105	158.405105	3.944486	-0.684615
-161.095001	23.997200	1204.130000	165.810000	60.860000	12.000000	157.822630	156.922630	158.822630	4.025652	0.638428
-158.933105	24.573799	1210.200000	165.810000	60.860000	12.000000	156.358312	155.358312	157.458312	4.027985	0.438343
-152.765793	25.592800	1252.964000	165.810000	60.860000	12.000000	NaN	NaN	NaN	NaN	NaN
-156.964600	24.312099	1238.176000	165.810000	60.860000	12.000000	154.667377	154.367377	154.967377	3.981105	-0.491943
-158.185394	22.620199	1268.143000	165.810000	60.860000	12.000000	156.890706	156.290706	157.590706	3.943336	0.505815
-155.636200	22.299900	1302.927000	165.810000	60.860000	12.000000	156.993862	156.493862	157.393862	3.955835	1.569807
-154.251801	21.168699	1346.128000	165.810000	60.860000	12.000000	157.150182	156.650182	157.550182	3.985546	1.849279
-152.981201	18.301800	1431.186000	165.810000	60.860000	12.000000	159.777326	159.577326	160.077326	4.041465	3.965420
-149.000900	16.989000	1507.203000	165.810000	60.860000	12.000000	NaN	NaN	NaN	NaN	NaN
-151.686600	14.689100	1535.260000	165.810000	60.860000	12.000000	NaN	NaN	NaN	NaN	NaN
-153.967499	14.731300	1515.130000	165.810000	60.860000	12.000000	160.644268	158.544268	162.644268	4.013344	3.386013
-153.868195	17.315399	1449.188000	165.810000	60.860000	12.000000	158.067634	157.367634	158.767634	4.027193	1.605572
-156.387695	17.614901	1417.219000	165.810000	60.860000	12.000000	156.943358	155.743358	158.143358	4.028589	-0.428980
-156.206604	16.162001	1455.130000	165.810000	60.860000	12.000000	155.646945	154.846945	156.546945	4.039466	-2.090963
-157.859100	14.659600	1474.199000	165.810000	60.860000	12.000000	155.306657	155.206657	155.406657	3.971485	-3.543886
-157.700806	16.348400	1433.226000	165.810000	60.860000	12.000000	154.648083	154.148083	155.048083	4.059079	-3.658953
-158.982498	15.574000	1438.144000	165.810000	60.860000	12.000000	154.969296	154.669296	155.269296	4.057373	-4.113844
-158.760193	18.564699	1367.133000	165.810000	60.860000	12.000000	157.397632	156.697632	158.097632	4.065008	-0.686957
-158.179504	20.377800	1326.163000	165.810000	60.860000	12.000000	156.898695	156.298695	157.498695	3.930607	-0.317887
