-162.0256040	19.9863000	4.0337610
-161.3675990	17.7469010	NaN
-161.3148960	21.9563010	3.9767660
-161.0950010	23.9972000	3.9799625
-160.0475010	19.8234000	3.9999680
-159.6649930	22.1229990	3.9517890
-159.4010010	21.9710010	3.9271380
-158.9824980	15.5740000	4.1207250
-158.9331050	24.5737990	4.0017105
-158.9030000	21.2984010	3.9184220
-158.7601930	18.5646990	4.0315430
-158.1853940	22.6201990	3.9629655
-158.1795040	20.3778000	3.9416795
-157.9310000	21.6460000	3.8971550
-157.8591000	14.6596000	4.0039600
-157.7008060	16.3484000	4.1181870
-157.6275940	20.3461000	3.9326430
-157.2700040	21.1089990	3.9454670
-157.2272950	18.9848000	3.9527700
-156.9646000	24.3120990	4.0329590
-156.9320070	19.8327010	3.9654680
-156.8081970	18.4042000	4.0000760
-156.7559970	21.1360000	3.9446530
-156.6580050	20.8910010	3.9439630
-156.5101010	19.4776990	3.9695310
-156.4651030	18.7750000	3.9852065
-156.3876950	17.6149010	4.0056630
-156.2066040	16.1620010	4.1018460
-156.1670070	18.3010010	3.9717810
-155.9969940	20.7710000	3.9617730
-155.7729950	19.0790000	3.9922175
-155.7653050	26.7766990	NaN
-155.7149960	18.0002990	3.9974580
-155.7109990	20.0460000	3.9785280
-155.6793980	21.2055000	3.9645885
-155.6362000	22.2999000	3.9401765
-154.9944000	21.5070000	3.9542040
-154.9830020	19.6010000	3.9961415
-154.7973940	18.8031010	4.0048505
-154.6912990	17.1800990	4.0240160
-154.6177980	20.0889000	3.9976860
-154.4958950	18.4016990	4.0094040
-154.4828030	21.0019000	3.9682560
-154.3939970	19.2625010	3.9996890
-154.2518010	21.1686990	3.9901015
-154.0305020	17.9884000	4.0047800
-153.9922940	18.7976000	4.0094590
-153.9826970	21.5196990	3.9982775
-153.9674990	14.7313000	4.1004810
-153.9024050	19.9790990	4.0001270
-153.8681950	17.3153990	4.0507090
-153.7008060	17.2975010	4.0217440
-153.5032040	19.4951990	4.0159780
-153.2958980	18.8009000	4.0079350
-153.2920990	20.8925990	4.0239640
-153.2906040	17.9062000	4.0194880
-152.9812010	18.3018000	4.0414650
-152.7657930	25.5928000	NaN
-152.1324010	18.4814000	4.0991430
-151.6866000	14.6891000	NaN
-151.6376040	16.7378010	4.1215070
-150.9149930	18.9142000	NaN
-149.0009000	16.9890000	NaN
