-162.0256040	19.9863000	4.0508460
-161.3675990	17.7469010	4.2435610
-161.3148960	21.9563010	3.9723670
-161.0950010	23.9972000	3.9943480
-160.0475010	19.8234000	3.9635240
-159.6649930	22.1229990	3.9585110
-159.4010010	21.9710010	3.9552630
-158.9824980	15.5740000	4.0989515
-158.9331050	24.5737990	4.0350905
-158.9030000	21.2984010	3.9753440
-158.7601930	18.5646990	4.0569630
-158.1853940	22.6201990	3.9525600
-158.1795040	20.3778000	3.9513280
-157.9310000	21.6460000	3.8376030
-157.8591000	14.6596000	4.0087520
-157.7008060	16.3484000	4.0889660
-157.6275940	20.3461000	3.9473670
-157.2700040	21.1089990	3.9215630
-157.2272950	18.9848000	3.9874350
-156.9646000	24.3120990	3.9751165
-156.9320070	19.8327010	3.9393840
-156.8081970	18.4042000	3.9964480
-156.7559970	21.1360000	3.9713780
-156.6580050	20.8910010	3.9806050
-156.5101010	19.4776990	3.9956230
-156.4651030	18.7750000	4.0001555
-156.3876950	17.6149010	4.0455775
-156.2066040	16.1620010	4.0940610
-156.1670070	18.3010010	4.0389110
-155.9969940	20.7710000	3.9683915
-155.7729950	19.0790000	4.0275370
-155.7653050	26.7766990	4.0480040
-155.7149960	18.0002990	4.0333210
-155.7109990	20.0460000	3.9992740
-155.6793980	21.2055000	3.9735275
-155.6362000	22.2999000	3.9522590
-154.9944000	21.5070000	3.9930070
-154.9830020	19.6010000	4.0056220
-154.7973940	18.8031010	4.0306000
-154.6912990	17.1800990	4.0671490
-154.6177980	20.0889000	4.0062110
-154.4958950	18.4016990	4.0347770
-154.4828030	21.0019000	3.9816890
-154.3939970	19.2625010	4.0391950
-154.2518010	21.1686990	4.0160655
-154.0305020	17.9884000	4.0510940
-153.9922940	18.7976000	4.0351080
-153.9826970	21.5196990	4.0294740
-153.9674990	14.7313000	4.0968330
-153.9024050	19.9790990	4.0161910
-153.8681950	17.3153990	4.0899390
-153.7008060	17.2975010	4.0967060
-153.5032040	19.4951990	4.0760050
-153.2958980	18.8009000	4.0287210
-153.2920990	20.8925990	4.0759415
-153.2906040	17.9062000	4.0982200
-152.9812010	18.3018000	4.0537610
-152.7657930	25.5928000	NaN
-152.1324010	18.4814000	4.1287080
-151.6866000	14.6891000	NaN
-151.6376040	16.7378010	4.1104585
-150.9149930	18.9142000	NaN
-149.0009000	16.9890000	NaN
