-154.797394	18.803101	2121.440000	126.660000	4.800000	56.800000	94.876746	93.276746	96.576746	3.979003	3.972687
-157.931000	21.646000	2029.998000	126.660000	4.800000	56.800000	92.150437	91.550437	92.650437	3.837603	3.031028
-154.983002	19.601000	2112.992000	126.660000	4.800000	56.800000	92.162107	91.162107	93.162107	3.952225	1.495008
-156.658005	20.891001	2067.006000	126.660000	4.800000	56.800000	91.942759	91.042759	92.842759	3.877786	2.160096
-156.755997	21.136000	2064.023000	126.660000	4.800000	56.800000	91.989620	91.089620	92.989620	3.842696	2.304179
-154.617798	20.088900	2120.991000	126.660000	4.800000	56.800000	92.258457	91.558457	92.958457	3.953231	1.575526
-154.994400	21.507000	2109.162000	126.660000	4.800000	56.800000	93.109394	92.609394	93.709394	3.912069	2.871565
-153.982697	21.519699	2134.101000	126.660000	4.800000	56.800000	94.889328	94.389328	95.389328	4.040878	4.284701
-153.292099	20.892599	2153.989000	126.660000	4.800000	56.800000	93.419731	92.819731	94.119731	4.084580	2.441475
-153.992294	18.797600	2139.974000	126.660000	4.800000	56.800000	93.368323	92.368323	94.368323	3.961093	2.206567
-153.290604	17.906200	2157.073000	126.660000	4.800000	56.800000	90.860870	89.860870	91.760870	4.058221	-0.696299
-154.691299	17.180099	2119.983000	126.660000	4.800000	56.800000	89.035670	88.135670	89.935670	3.906592	-2.254903
-154.495895	18.401699	2125.045000	126.660000	4.800000	56.800000	91.882330	90.882330	92.782330	3.982667	0.796188
-154.797394	18.803101	2121.990000	126.660000	4.800000	56.800000	94.876746	93.276746	96.576746	3.979003	3.972687
-155.714996	18.000299	2094.180000	126.660000	4.800000	56.800000	91.713188	90.813188	92.613188	3.903902	0.913406
-156.465103	18.775000	2073.241000	126.660000	4.800000	56.800000	92.023736	91.323736	92.723736	3.898765	1.646178
-157.227295	18.984800	2052.009000	126.660000	4.800000	56.800000	91.410178	90.710178	92.110178	3.839928	1.332018
-157.627594	20.346100	2040.133000	126.660000	4.800000	56.800000	92.100602	91.300602	92.900602	3.803534	2.518852
