-155.772995	19.079000	920.787000	-126.420000	41.150000	20.400000	221.731026	221.431026	222.131026	4.078344	-0.448875
-157.931000	21.646000	906.764000	-126.420000	41.150000	20.400000	223.361439	222.761439	224.061439	4.070359	-3.034835
-155.996994	20.771000	890.761000	-126.420000	41.150000	20.400000	222.651111	222.351111	222.951111	4.103539	-1.486997
-159.401001	21.971001	922.789000	-126.420000	41.150000	20.400000	221.788882	221.388882	222.088882	4.040535	-5.839260
-156.658005	20.891001	899.785000	-126.420000	41.150000	20.400000	221.830402	221.230402	222.530402	4.230275	-2.899103
-157.270004	21.108999	905.781000	-126.420000	41.150000	20.400000	222.462330	221.762330	223.062330	4.171013	-2.915967
-156.755997	21.136000	895.779000	-126.420000	41.150000	20.400000	222.172264	221.472264	222.872264	4.168041	-2.894743
-154.691299	17.180099	939.768000	-126.420000	41.150000	20.400000	221.193766	220.793766	221.493766	4.283800	1.702535
-154.030502	17.988400	913.759000	-126.420000	41.150000	20.400000	220.648165	220.248165	221.048165	4.247105	0.911942
-155.714996	18.000299	940.480000	-126.420000	41.150000	20.400000	221.466736	220.966736	221.966736	4.086102	0.402964
-156.167007	18.301001	943.752000	-126.420000	41.150000	20.400000	221.595060	221.095060	221.995060	4.051816	-0.096231
-156.510101	19.477699	926.160000	-126.420000	41.150000	20.400000	223.050033	222.550033	223.550033	4.027640	-0.070749
-156.932007	19.832701	926.133000	-126.420000	41.150000	20.400000	221.214149	220.214149	222.114149	4.209666	-2.568304
-157.627594	20.346100	927.756000	-126.420000	41.150000	20.400000	223.307606	222.607606	224.007606	4.121496	-1.480276
-154.030502	17.988400	914.284000	-126.420000	41.150000	20.400000	220.648165	220.248165	221.048165	4.247105	0.911942
-156.167007	18.301001	943.426000	-126.420000	41.150000	20.400000	221.595060	221.095060	221.995060	4.051816	-0.096231
-157.627594	20.346100	928.256000	-126.420000	41.150000	20.400000	223.307606	222.607606	224.007606	4.121496	-1.480276
