-155.679398	21.205500	2623.870000	-80.680000	-44.910000	17.000000	313.744576	313.344576	314.144576	3.941917	-2.898840
-156.510101	19.477699	2606.861000	-80.680000	-44.910000	17.000000	313.285718	312.885718	313.785718	3.941813	-3.206463
-155.772995	19.079000	2584.487000	-80.680000	-44.910000	17.000000	314.017891	313.617891	314.417891	3.941394	-2.702544
-157.931000	21.646000	2674.469000	-80.680000	-44.910000	17.000000	315.227730	313.727730	316.827730	4.097999	-0.714591
-155.996994	20.771000	2622.460000	-80.680000	-44.910000	17.000000	314.528804	313.928804	315.128804	3.939041	-2.043915
-154.983002	19.601000	2580.447000	-80.680000	-44.910000	17.000000	314.720151	314.220151	315.320151	3.953145	-2.210025
-159.401001	21.971001	2703.488000	-80.680000	-44.910000	17.000000	314.671629	308.671629	320.371629	4.269768	-0.819367
-156.658005	20.891001	2636.441000	-80.680000	-44.910000	17.000000	314.362138	313.462138	315.262138	4.051271	-2.007426
-157.270004	21.108999	2654.480000	-80.680000	-44.910000	17.000000	314.098723	311.998723	316.198723	4.051981	-2.076817
-156.755997	21.136000	2642.478000	-80.680000	-44.910000	17.000000	314.165525	313.265525	314.965525	4.052857	-2.159203
-155.679398	21.205500	2624.445000	-80.680000	-44.910000	17.000000	313.744576	313.344576	314.144576	3.941917	-2.898840
-154.482803	21.001900	2597.446000	-80.680000	-44.910000	17.000000	314.021486	313.721486	314.221486	3.914624	-3.000963
-153.982697	21.519699	2597.717000	-80.680000	-44.910000	17.000000	313.417053	313.217053	313.617053	3.937063	-3.738655
-152.132401	18.481400	2504.666000	-80.680000	-44.910000	17.000000	316.245413	315.845413	316.545413	3.927745	-1.574278
-153.290604	17.906200	2513.617000	-80.680000	-44.910000	17.000000	315.544688	314.244688	316.744688	3.967513	-1.928824
-153.700806	17.297501	2510.242000	-80.680000	-44.910000	17.000000	315.244847	314.744847	315.844847	3.971438	-2.114462
-154.691299	17.180099	2526.466000	-80.680000	-44.910000	17.000000	315.170675	314.670675	315.570675	3.957764	-1.908459
-156.465103	18.775000	2590.537000	-80.680000	-44.910000	17.000000	315.431964	315.031964	315.931964	3.960605	-1.105505
-157.227295	18.984800	2608.464000	-80.680000	-44.910000	17.000000	316.353195	315.853195	316.853195	3.994281	0.036548
-156.510101	19.477699	2607.461000	-80.680000	-44.910000	17.000000	313.285718	312.885718	313.785718	3.941813	-3.206463
-157.627594	20.346100	2644.956000	-80.680000	-44.910000	17.000000	312.525280	311.425280	313.625280	4.067219	-3.599725
