-154.797394	18.803101	2121.440000	126.660000	4.800000	56.800000
-157.931000	21.646000	2029.998000	126.660000	4.800000	56.800000
-154.983002	19.601000	2112.992000	126.660000	4.800000	56.800000
-156.658005	20.891001	2067.006000	126.660000	4.800000	56.800000
-156.755997	21.136000	2064.023000	126.660000	4.800000	56.800000
-154.617798	20.088900	2120.991000	126.660000	4.800000	56.800000
-154.994400	21.507000	2109.162000	126.660000	4.800000	56.800000
-153.982697	21.519699	2134.101000	126.660000	4.800000	56.800000
-153.292099	20.892599	2153.989000	126.660000	4.800000	56.800000
-153.992294	18.797600	2139.974000	126.660000	4.800000	56.800000
-153.290604	17.906200	2157.073000	126.660000	4.800000	56.800000
-154.691299	17.180099	2119.983000	126.660000	4.800000	56.800000
-154.495895	18.401699	2125.045000	126.660000	4.800000	56.800000
-154.797394	18.803101	2121.990000	126.660000	4.800000	56.800000
-155.714996	18.000299	2094.180000	126.660000	4.800000	56.800000
-156.465103	18.775000	2073.241000	126.660000	4.800000	56.800000
-157.227295	18.984800	2052.009000	126.660000	4.800000	56.800000
-157.627594	20.346100	2040.133000	126.660000	4.800000	56.800000
