-155.772995	19.079000	1489.894000	169.210000	-23.110000	12.000000	41.198590	40.298590	42.098590	3.989574	0.662686
-157.931000	21.646000	1501.882000	169.210000	-23.110000	12.000000	44.290023	43.490023	45.090023	3.966866	6.766901
-154.983002	19.601000	1513.872000	169.210000	-23.110000	12.000000	41.872957	41.372957	42.472957	3.985659	0.916924
-156.658005	20.891001	1510.889000	169.210000	-23.110000	12.000000	41.696125	41.096125	42.196125	3.985898	2.734713
-156.755997	21.136000	1514.905000	169.210000	-23.110000	12.000000	40.822249	40.222249	41.422249	3.988009	2.052142
-154.617798	20.088900	1529.883000	169.210000	-23.110000	12.000000	41.799156	41.399156	42.099156	3.987922	0.761048
-154.994400	21.507000	1552.881000	169.210000	-23.110000	12.000000	41.567330	40.667330	42.467330	3.990302	1.459556
-154.482803	21.001900	1550.874000	169.210000	-23.110000	12.000000	41.494593	40.894593	42.094593	4.022396	0.745801
-153.992294	18.797600	1511.869000	169.210000	-23.110000	12.000000	40.674798	40.174798	41.274798	4.006316	-1.464370
-153.700806	17.297501	1487.874000	169.210000	-23.110000	12.000000	42.668466	42.368466	43.068466	3.994623	-0.423355
-154.691299	17.180099	1467.874000	169.210000	-23.110000	12.000000	42.507063	42.107063	42.907063	3.975586	0.157162
-156.808197	18.404200	1455.887000	169.210000	-23.110000	12.000000	40.511434	40.111434	40.911434	4.002451	0.537186
-156.167007	18.301001	1465.880000	169.210000	-23.110000	12.000000	41.173713	40.673713	41.773713	3.995234	0.601835
-157.227295	18.984800	1460.878000	169.210000	-23.110000	12.000000	41.067505	40.367505	41.667505	4.014775	1.732594
-156.932007	19.832701	1484.887000	169.210000	-23.110000	12.000000	40.569469	39.669469	41.469469	3.997925	1.371794
-157.627594	20.346100	1483.876000	169.210000	-23.110000	12.000000	39.944730	39.244730	40.544730	3.989178	1.585840
