-155.772995	19.079000	2133.817000	-138.910000	-57.570000	12.000000
-155.996994	20.771000	2180.791000	-138.910000	-57.570000	12.000000
-154.983002	19.601000	2145.818000	-138.910000	-57.570000	12.000000
-155.710999	20.046000	2159.792000	-138.910000	-57.570000	12.000000
-159.401001	21.971001	2222.819000	-138.910000	-57.570000	12.000000
-156.658005	20.891001	2186.818000	-138.910000	-57.570000	12.000000
-156.755997	21.136000	2193.809000	-138.910000	-57.570000	12.000000
-154.482803	21.001900	2181.776000	-138.910000	-57.570000	12.000000
-153.292099	20.892599	2173.785000	-138.910000	-57.570000	12.000000
-153.503204	19.495199	2136.789000	-138.910000	-57.570000	12.000000
-154.393997	19.262501	2134.839000	-138.910000	-57.570000	12.000000
-153.992294	18.797600	2119.788000	-138.910000	-57.570000	12.000000
-153.295898	18.800900	2117.101000	-138.910000	-57.570000	12.000000
-152.132401	18.481400	2104.786000	-138.910000	-57.570000	12.000000
-153.290604	17.906200	2093.773000	-138.910000	-57.570000	12.000000
-153.700806	17.297501	2080.787000	-138.910000	-57.570000	12.000000
-154.691299	17.180099	2078.779000	-138.910000	-57.570000	12.000000
-154.030502	17.988400	2098.782000	-138.910000	-57.570000	12.000000
-154.797394	18.803101	2121.772000	-138.910000	-57.570000	12.000000
-155.714996	18.000299	2103.782000	-138.910000	-57.570000	12.000000
-156.808197	18.404200	2118.778000	-138.910000	-57.570000	12.000000
-156.167007	18.301001	2113.790000	-138.910000	-57.570000	12.000000
-156.465103	18.775000	2127.628000	-138.910000	-57.570000	12.000000
-157.227295	18.984800	2134.784000	-138.910000	-57.570000	12.000000
-156.510101	19.477699	2148.108000	-138.910000	-57.570000	12.000000
-156.932007	19.832701	2156.793000	-138.910000	-57.570000	12.000000
-157.627594	20.346100	2175.182000	-138.910000	-57.570000	12.000000
-153.503204	19.495199	2137.488000	-138.910000	-57.570000	12.000000
-153.992294	18.797600	2120.563000	-138.910000	-57.570000	12.000000
-154.030502	17.988400	2098.432000	-138.910000	-57.570000	12.000000
-154.797394	18.803101	2121.548000	-138.910000	-57.570000	12.000000
-155.714996	18.000299	2104.356000	-138.910000	-57.570000	12.000000
-156.167007	18.301001	2114.316000	-138.910000	-57.570000	12.000000
-156.932007	19.832701	2156.318000	-138.910000	-57.570000	12.000000
