-154.994400	21.507000	2338.445000	122.230000	-5.520000	12.000000	81.626323	81.326323	81.926323	3.993007	-0.566794
-153.982697	21.519699	2363.376000	122.230000	-5.520000	12.000000	83.038798	82.738798	83.438798	4.049482	0.466503
-153.295898	18.800900	2371.405000	122.230000	-5.520000	12.000000	82.322464	81.922464	82.822464	4.029121	-0.660209
-155.714996	18.000299	2307.469000	122.230000	-5.520000	12.000000	83.823091	83.223091	84.423091	4.027275	1.563856
-156.465103	18.775000	2288.535000	122.230000	-5.520000	12.000000	81.052935	80.552935	81.552935	3.973718	-0.877160
-156.510101	19.477699	2291.393000	122.230000	-5.520000	12.000000	81.946909	81.546909	82.346909	3.996741	0.109963
-157.627594	20.346100	2265.414000	122.230000	-5.520000	12.000000	81.326978	81.026978	81.626978	3.916203	-0.008504
-154.617798	20.088900	2344.258000	122.230000	-5.520000	12.000000	81.483400	80.683400	82.383400	3.997123	-0.959720
-155.679398	21.205500	2319.156000	122.230000	-5.520000	12.000000	82.137812	81.837812	82.337812	3.985937	0.175747
-153.292099	20.892599	2379.063000	122.230000	-5.520000	12.000000	82.943706	82.743706	83.143706	4.076162	0.079196
-153.503204	19.495199	2369.211000	122.230000	-5.520000	12.000000	82.908019	82.608019	83.308019	4.021233	0.036712
-153.992294	18.797600	2354.238000	122.230000	-5.520000	12.000000	82.943720	82.643720	83.243720	4.007333	0.190667
-153.290604	17.906200	2369.349000	122.230000	-5.520000	12.000000	82.912765	82.512765	83.412765	4.022340	-0.125555
-154.030502	17.988400	2350.206000	122.230000	-5.520000	12.000000	82.644034	82.244034	83.044034	4.013273	-0.154865
-156.808197	18.404200	2279.120000	122.230000	-5.520000	12.000000	82.076311	81.676311	82.376311	3.959582	0.218510
-156.932007	19.832701	2281.185000	122.230000	-5.520000	12.000000	82.035871	81.635871	82.435871	3.939384	0.387449
