-153.295898	18.800900	1541.988000	-178.780000	-32.780000	46.000000
-153.290604	17.906200	1520.806000	-178.780000	-32.780000	46.000000
-157.627594	20.346100	1538.074000	-178.780000	-32.780000	46.000000
-155.772995	19.079000	1523.697000	-178.780000	-32.780000	46.000000
-155.996994	20.771000	1565.671000	-178.780000	-32.780000	46.000000
-154.983002	19.601000	1545.690000	-178.780000	-32.780000	46.000000
-155.710999	20.046000	1549.673000	-178.780000	-32.780000	46.000000
-159.401001	21.971001	1559.698000	-178.780000	-32.780000	46.000000
-156.658005	20.891001	1562.665000	-178.780000	-32.780000	46.000000
-157.270004	21.108999	1558.690000	-178.780000	-32.780000	46.000000
-153.503204	19.495199	1558.357000	-178.780000	-32.780000	46.000000
-154.393997	19.262501	1539.719000	-178.780000	-32.780000	46.000000
-153.992294	18.797600	1536.435000	-178.780000	-32.780000	46.000000
-153.295898	18.800900	1541.664000	-178.780000	-32.780000	46.000000
-153.290604	17.906200	1520.656000	-178.780000	-32.780000	46.000000
-154.691299	17.180099	1485.654000	-178.780000	-32.780000	46.000000
-154.797394	18.803101	1529.356000	-178.780000	-32.780000	46.000000
-155.714996	18.000299	1495.653000	-178.780000	-32.780000	46.000000
-157.627594	20.346100	1537.675000	-178.780000	-32.780000	46.000000
