-155.772995	19.079000	1558.491000	152.360000	-6.730000	12.000000	66.135345	65.635345	66.535345	4.041359	-2.143053
-155.996994	20.771000	1572.505000	152.360000	-6.730000	12.000000	64.883318	64.383318	65.383318	4.019203	-2.268594
-155.710999	20.046000	1570.501000	152.360000	-6.730000	12.000000	65.497442	64.997442	65.897442	4.038488	-2.243167
-159.401001	21.971001	1507.505000	152.360000	-6.730000	12.000000	62.909172	62.609172	63.309172	4.081231	-1.414078
-156.658005	20.891001	1557.508000	152.360000	-6.730000	12.000000	65.564901	65.064901	65.964901	4.009410	-1.126569
-156.755997	21.136000	1557.517000	152.360000	-6.730000	12.000000	65.454061	64.954061	65.954061	3.978148	-1.033765
-154.617798	20.088900	1596.027000	152.360000	-6.730000	12.000000	66.402831	65.902831	66.902831	4.044739	-1.926852
-155.679398	21.205500	1585.188000	152.360000	-6.730000	12.000000	64.246862	63.846862	64.646862	3.995880	-2.839994
-154.482803	21.001900	1613.483000	152.360000	-6.730000	12.000000	61.967937	61.067937	62.867937	3.859794	-5.925464
-153.292099	20.892599	1636.335000	152.360000	-6.730000	12.000000	66.563413	66.063413	67.063413	4.049380	-2.057355
-153.902405	19.979099	1613.488000	152.360000	-6.730000	12.000000	66.109092	65.509092	66.709092	4.061560	-2.675550
-153.503204	19.495199	1615.579000	152.360000	-6.730000	12.000000	65.991059	65.391059	66.591059	4.110843	-3.276598
-153.992294	18.797600	1597.483000	152.360000	-6.730000	12.000000	66.662056	66.262056	67.062056	4.059455	-2.738944
-153.295898	18.800900	1612.278000	152.360000	-6.730000	12.000000	65.126738	64.426738	65.826738	4.155046	-4.635025
-153.290604	17.906200	1604.785000	152.360000	-6.730000	12.000000	68.007931	67.707931	68.307931	4.138898	-2.258367
-153.700806	17.297501	1588.499000	152.360000	-6.730000	12.000000	67.824628	67.524628	68.124628	4.133188	-2.585756
-154.691299	17.180099	1563.483000	152.360000	-6.730000	12.000000	67.576928	67.276928	67.876928	4.086545	-2.408541
-154.797394	18.803101	1578.086000	152.360000	-6.730000	12.000000	66.537873	66.137873	66.937873	4.035644	-2.433599
-155.714996	18.000299	1550.032000	152.360000	-6.730000	12.000000	68.956101	68.356101	69.656101	4.144035	-0.004578
-156.808197	18.404200	1526.479000	152.360000	-6.730000	12.000000	66.649505	66.349505	66.949505	4.039415	-1.468938
-157.227295	18.984800	1521.488000	152.360000	-6.730000	12.000000	65.620189	64.920189	66.220189	4.040137	-1.900166
-157.627594	20.346100	1528.544000	152.360000	-6.730000	12.000000	64.831399	64.331399	65.331399	3.964900	-1.610221
