-155.772995	19.079000	2972.866000	91.880000	7.920000	12.000000	102.475947	101.975947	102.875947	4.009094	-2.981452
-157.931000	21.646000	2901.867000	91.880000	7.920000	12.000000	101.951351	100.251351	103.651351	3.758770	-3.340119
-155.996994	20.771000	2956.838000	91.880000	7.920000	12.000000	103.524863	103.224863	103.924863	3.983770	-2.360438
-154.983002	19.601000	2991.855000	91.880000	7.920000	12.000000	101.933727	101.033727	102.933727	4.001067	-4.019538
-159.401001	21.971001	2856.867000	91.880000	7.920000	12.000000	101.592355	98.592355	104.792355	3.661151	-3.142480
-156.658005	20.891001	2938.862000	91.880000	7.920000	12.000000	103.479603	102.879603	104.079603	3.911600	-2.154498
-157.270004	21.108999	2921.859000	91.880000	7.920000	12.000000	103.520117	102.720117	104.220117	3.882109	-1.911502
-154.617798	20.088900	2996.832000	91.880000	7.920000	12.000000	102.537928	102.137928	102.937928	4.005521	-3.731170
-155.679398	21.205500	2960.842000	91.880000	7.920000	12.000000	105.101066	104.801066	105.401066	3.987274	-1.055793
-154.482803	21.001900	2994.824000	91.880000	7.920000	12.000000	102.975055	102.675055	103.375055	3.973705	-3.651956
-153.982697	21.519699	2999.824000	91.880000	7.920000	12.000000	107.208614	106.908614	107.608614	4.016168	0.184463
-153.902405	19.979099	3014.825000	91.880000	7.920000	12.000000	103.548434	103.148434	103.948434	4.024935	-2.995252
-153.503204	19.495199	3028.824000	91.880000	7.920000	12.000000	102.727716	102.227716	103.227716	4.004765	-3.822242
-154.393997	19.262501	3006.838000	91.880000	7.920000	12.000000	103.115682	102.615682	103.615682	4.028066	-2.974298
-153.992294	18.797600	3021.818000	91.880000	7.920000	12.000000	103.177992	102.277992	104.177992	4.035108	-2.921680
-153.295898	18.800900	3038.834000	91.880000	7.920000	12.000000	102.578191	101.778191	103.478191	4.035120	-3.814654
-152.132401	18.481400	3068.835000	91.880000	7.920000	12.000000	102.769199	101.969199	103.569199	4.053386	-3.998796
-153.290604	17.906200	3044.823000	91.880000	7.920000	12.000000	103.194210	102.094210	104.194210	4.031397	-2.878478
-153.700806	17.297501	3034.842000	91.880000	7.920000	12.000000	99.833920	99.433920	100.133920	4.053909	-5.854558
-154.691299	17.180099	3008.824000	91.880000	7.920000	12.000000	98.323043	97.923043	98.623043	4.054592	-6.938470
-154.030502	17.988400	3023.823000	91.880000	7.920000	12.000000	101.316053	100.916053	101.716053	4.048253	-4.486252
-154.495895	18.401699	3009.821000	91.880000	7.920000	12.000000	102.721260	102.321260	103.221260	4.034252	-3.035247
-154.797394	18.803101	3000.839000	91.880000	7.920000	12.000000	103.494264	102.794264	104.194264	4.030600	-2.273969
-155.714996	18.000299	2979.836000	91.880000	7.920000	12.000000	100.456450	100.156450	100.856450	3.994553	-4.680464
-156.808197	18.404200	2950.826000	91.880000	7.920000	12.000000	102.228652	101.828652	102.528652	4.034648	-2.605975
-156.167007	18.301001	2967.821000	91.880000	7.920000	12.000000	102.168589	101.868589	102.468589	4.005984	-2.886199
-157.227295	18.984800	2936.834000	91.880000	7.920000	12.000000	102.547891	102.147891	103.047891	4.014759	-2.293590
-156.510101	19.477699	2952.833000	91.880000	7.920000	12.000000	103.365933	102.765933	103.965933	4.009701	-1.911983
-156.932007	19.832701	2939.827000	91.880000	7.920000	12.000000	104.216884	103.216884	105.116884	3.924886	-0.992399
-157.627594	20.346100	2917.830000	91.880000	7.920000	12.000000	103.277990	102.377990	104.177990	3.874532	-1.788430
