-155.772995	19.079000	1615.268000	148.610000	-3.170000	13.000000	71.673130	70.673130	72.573130	4.010310	-2.308423
-155.996994	20.771000	1622.273000	148.610000	-3.170000	13.000000	71.814195	71.214195	72.414195	3.931634	-1.086539
-155.710999	20.046000	1624.268000	148.610000	-3.170000	13.000000	70.111320	69.411320	70.811320	3.992787	-3.346924
-159.401001	21.971001	1549.275000	148.610000	-3.170000	13.000000	70.892325	70.292325	71.492325	4.040420	0.569966
-156.658005	20.891001	1607.281000	148.610000	-3.170000	13.000000	71.466198	71.166198	71.866198	3.907503	-1.020366
-159.664993	22.122999	1544.279000	148.610000	-3.170000	13.000000	71.621660	71.321660	71.921660	4.088774	1.547524
-156.755997	21.136000	1606.288000	148.610000	-3.170000	13.000000	72.060630	71.560630	72.660630	3.927723	-0.232202
-154.617798	20.088900	1652.252000	148.610000	-3.170000	13.000000	69.996658	69.296658	70.696658	3.999775	-3.980126
-155.679398	21.205500	1634.254000	148.610000	-3.170000	13.000000	71.733734	71.133734	72.333734	3.933818	-1.087723
-154.482803	21.001900	1665.252000	148.610000	-3.170000	13.000000	69.530387	68.430387	70.630387	3.872807	-4.018359
-153.982697	21.519699	1681.268000	148.610000	-3.170000	13.000000	71.313691	70.713691	71.913691	3.832818	-2.214439
-152.132401	18.481400	1697.272000	148.610000	-3.170000	13.000000	71.860309	70.460309	73.360309	4.135462	-4.122209
-153.290604	17.906200	1661.254000	148.610000	-3.170000	13.000000	69.389317	67.889317	70.989317	4.089516	-6.388101
-153.700806	17.297501	1649.273000	148.610000	-3.170000	13.000000	72.456463	71.756463	73.056463	4.144375	-3.474324
-154.691299	17.180099	1624.271000	148.610000	-3.170000	13.000000	72.518938	72.018938	73.018938	4.134636	-3.049455
-154.495895	18.401699	1638.255000	148.610000	-3.170000	13.000000	70.806098	70.306098	71.306098	4.040037	-4.160711
-154.797394	18.803101	1634.563000	148.610000	-3.170000	13.000000	71.271789	70.771789	71.771789	4.016630	-3.330992
-155.714996	18.000299	1606.262000	148.610000	-3.170000	13.000000	72.703380	72.203380	73.203380	4.148724	-1.932175
-156.808197	18.404200	1582.433000	148.610000	-3.170000	13.000000	72.015594	71.715594	72.315594	4.070863	-1.864817
-157.227295	18.984800	1577.254000	148.610000	-3.170000	13.000000	71.724740	71.224740	72.224740	4.046720	-1.599615
-156.932007	19.832701	1591.249000	148.610000	-3.170000	13.000000	71.462397	70.862397	72.062397	3.937762	-1.502233
-157.627594	20.346100	1579.201000	148.610000	-3.170000	13.000000	71.254190	70.554190	71.954190	3.919557	-1.042599
