-155.772995	19.079000	1548.928000	142.050000	38.240000	37.000000	122.916597	122.316597	123.616597	4.004575	-0.890010
-157.931000	21.646000	1462.915000	142.050000	38.240000	37.000000	116.641199	113.741199	119.541199	3.690466	-5.685485
-155.996994	20.771000	1518.899000	142.050000	38.240000	37.000000	120.854052	120.254052	121.454052	4.004287	-2.006122
-154.983002	19.601000	1559.897000	142.050000	38.240000	37.000000	121.404555	120.304555	122.504555	4.006695	-2.110766
-159.401001	21.971001	1416.929000	142.050000	38.240000	37.000000	114.108523	109.808523	118.508523	3.534512	-8.013837
-156.658005	20.891001	1502.901000	142.050000	38.240000	37.000000	120.038659	118.738659	121.338659	3.899419	-2.748374
-157.270004	21.108999	1485.921000	142.050000	38.240000	37.000000	119.592315	117.892315	121.192315	3.862518	-3.064140
-154.617798	20.088900	1559.884000	142.050000	38.240000	37.000000	120.893872	120.193872	121.493872	4.006901	-2.358954
-155.679398	21.205500	1518.890000	142.050000	38.240000	37.000000	121.516899	121.016899	122.016899	3.994472	-1.097200
-154.482803	21.001900	1549.886000	142.050000	38.240000	37.000000	120.597354	120.097354	121.097354	4.012610	-2.158211
-153.982697	21.519699	1548.892000	142.050000	38.240000	37.000000	124.875258	124.475258	125.275258	4.018070	2.389274
-153.292099	20.892599	1573.888000	142.050000	38.240000	37.000000	124.589749	124.189749	124.989749	4.075721	1.737885
-154.393997	19.262501	1577.899000	142.050000	38.240000	37.000000	121.674274	120.574274	122.774274	3.988330	-2.020686
-153.992294	18.797600	1592.905000	142.050000	38.240000	37.000000	122.580566	121.780566	123.380566	3.968981	-1.354724
-154.030502	17.988400	1602.880000	142.050000	38.240000	37.000000	121.590057	120.990057	122.190057	3.977365	-2.756347
-154.495895	18.401699	1586.903000	142.050000	38.240000	37.000000	122.781044	122.181044	123.481044	3.969016	-1.362928
-154.797394	18.803101	1574.885000	142.050000	38.240000	37.000000	123.077162	122.277162	123.777162	3.994845	-0.862175
-155.714996	18.000299	1563.900000	142.050000	38.240000	37.000000	119.444458	119.144458	119.744458	3.983259	-4.939810
-156.808197	18.404200	1532.892000	142.050000	38.240000	37.000000	119.444919	119.144919	119.744919	3.963655	-4.762291
-156.167007	18.301001	1548.903000	142.050000	38.240000	37.000000	119.537010	119.137010	119.837010	3.966285	-4.702405
-157.227295	18.984800	1515.881000	142.050000	38.240000	37.000000	120.032655	119.732655	120.232655	3.965454	-3.865429
-156.510101	19.477699	1526.900000	142.050000	38.240000	37.000000	122.581967	121.881967	123.281967	3.995623	-1.017548
-156.932007	19.832701	1511.885000	142.050000	38.240000	37.000000	121.689058	120.489058	122.889058	3.878396	-1.716115
-157.627594	20.346100	1488.884000	142.050000	38.240000	37.000000	121.702355	120.102355	123.302355	3.865925	-1.414206
