-155.772995	19.079000	920.787000	-126.420000	41.150000	20.400000
-157.931000	21.646000	906.764000	-126.420000	41.150000	20.400000
-155.996994	20.771000	890.761000	-126.420000	41.150000	20.400000
-159.401001	21.971001	922.789000	-126.420000	41.150000	20.400000
-156.658005	20.891001	899.785000	-126.420000	41.150000	20.400000
-157.270004	21.108999	905.781000	-126.420000	41.150000	20.400000
-156.755997	21.136000	895.779000	-126.420000	41.150000	20.400000
-154.691299	17.180099	939.768000	-126.420000	41.150000	20.400000
-154.030502	17.988400	913.759000	-126.420000	41.150000	20.400000
-155.714996	18.000299	940.480000	-126.420000	41.150000	20.400000
-156.167007	18.301001	943.752000	-126.420000	41.150000	20.400000
-156.510101	19.477699	926.160000	-126.420000	41.150000	20.400000
-156.932007	19.832701	926.133000	-126.420000	41.150000	20.400000
-157.627594	20.346100	927.756000	-126.420000	41.150000	20.400000
-154.030502	17.988400	914.284000	-126.420000	41.150000	20.400000
-156.167007	18.301001	943.426000	-126.420000	41.150000	20.400000
-157.627594	20.346100	928.256000	-126.420000	41.150000	20.400000
