-155.772995	19.079000	1615.268000	148.610000	-3.170000	13.000000
-155.996994	20.771000	1622.273000	148.610000	-3.170000	13.000000
-155.710999	20.046000	1624.268000	148.610000	-3.170000	13.000000
-159.401001	21.971001	1549.275000	148.610000	-3.170000	13.000000
-156.658005	20.891001	1607.281000	148.610000	-3.170000	13.000000
-159.664993	22.122999	1544.279000	148.610000	-3.170000	13.000000
-156.755997	21.136000	1606.288000	148.610000	-3.170000	13.000000
-154.617798	20.088900	1652.252000	148.610000	-3.170000	13.000000
-155.679398	21.205500	1634.254000	148.610000	-3.170000	13.000000
-154.482803	21.001900	1665.252000	148.610000	-3.170000	13.000000
-153.982697	21.519699	1681.268000	148.610000	-3.170000	13.000000
-152.132401	18.481400	1697.272000	148.610000	-3.170000	13.000000
-153.290604	17.906200	1661.254000	148.610000	-3.170000	13.000000
-153.700806	17.297501	1649.273000	148.610000	-3.170000	13.000000
-154.691299	17.180099	1624.271000	148.610000	-3.170000	13.000000
-154.495895	18.401699	1638.255000	148.610000	-3.170000	13.000000
-154.797394	18.803101	1634.563000	148.610000	-3.170000	13.000000
-155.714996	18.000299	1606.262000	148.610000	-3.170000	13.000000
-156.808197	18.404200	1582.433000	148.610000	-3.170000	13.000000
-157.227295	18.984800	1577.254000	148.610000	-3.170000	13.000000
-156.932007	19.832701	1591.249000	148.610000	-3.170000	13.000000
-157.627594	20.346100	1579.201000	148.610000	-3.170000	13.000000
