-155.714996	18.000299	1830.785000	130.150000	33.720000	12.000000
-156.167007	18.301001	1815.760000	130.150000	33.720000	12.000000
-156.465103	18.775000	1803.924000	130.150000	33.720000	12.000000
-155.772995	19.079000	1817.486000	130.150000	33.720000	12.000000
-157.931000	21.646000	1735.474000	130.150000	33.720000	12.000000
-155.996994	20.771000	1791.460000	130.150000	33.720000	12.000000
-154.983002	19.601000	1829.477000	130.150000	33.720000	12.000000
-155.710999	20.046000	1808.463000	130.150000	33.720000	12.000000
-159.401001	21.971001	1698.482000	130.150000	33.720000	12.000000
-156.658005	20.891001	1775.458000	130.150000	33.720000	12.000000
-157.270004	21.108999	1758.480000	130.150000	33.720000	12.000000
-156.755997	21.136000	1769.478000	130.150000	33.720000	12.000000
-154.617798	20.088900	1832.449000	130.150000	33.720000	12.000000
-155.679398	21.205500	1793.225000	130.150000	33.720000	12.000000
-154.994400	21.507000	1804.717000	130.150000	33.720000	12.000000
-154.482803	21.001900	1823.446000	130.150000	33.720000	12.000000
-153.982697	21.519699	1825.599000	130.150000	33.720000	12.000000
-153.292099	20.892599	1848.457000	130.150000	33.720000	12.000000
-153.503204	19.495199	1863.462000	130.150000	33.720000	12.000000
-153.992294	18.797600	1862.355000	130.150000	33.720000	12.000000
-152.132401	18.481400	1906.450000	130.150000	33.720000	12.000000
-153.290604	17.906200	1888.553000	130.150000	33.720000	12.000000
-153.700806	17.297501	1885.457000	130.150000	33.720000	12.000000
-154.691299	17.180099	1863.458000	130.150000	33.720000	12.000000
-154.030502	17.988400	1870.463000	130.150000	33.720000	12.000000
-154.495895	18.401699	1854.444000	130.150000	33.720000	12.000000
-154.797394	18.803101	1844.261000	130.150000	33.720000	12.000000
-155.714996	18.000299	1830.460000	130.150000	33.720000	12.000000
-156.808197	18.404200	1798.443000	130.150000	33.720000	12.000000
-156.167007	18.301001	1816.460000	130.150000	33.720000	12.000000
-156.465103	18.775000	1803.449000	130.150000	33.720000	12.000000
-157.227295	18.984800	1782.447000	130.150000	33.720000	12.000000
-156.510101	19.477699	1795.648000	130.150000	33.720000	12.000000
-156.932007	19.832701	1780.461000	130.150000	33.720000	12.000000
-157.627594	20.346100	1758.463000	130.150000	33.720000	12.000000
