-155.772995	19.079000	1502.179000	153.950000	-5.200000	83.600000	66.884206	66.684206	67.184206	3.872836	-2.138012
-157.931000	21.646000	1479.166000	153.950000	-5.200000	83.600000	63.929195	63.829195	64.129195	3.819081	-2.112228
-155.996994	20.771000	1516.160000	153.950000	-5.200000	83.600000	65.377059	65.277059	65.577059	3.848258	-2.427026
-154.983002	19.601000	1527.133000	153.950000	-5.200000	83.600000	67.015786	66.915786	67.215786	3.872807	-2.116200
-159.401001	21.971001	1448.160000	153.950000	-5.200000	83.600000	62.058539	61.858539	62.358539	3.772516	-2.802562
-156.658005	20.891001	1501.162000	153.950000	-5.200000	83.600000	65.255303	65.155303	65.355303	3.837466	-2.073551
-157.270004	21.108999	1489.173000	153.950000	-5.200000	83.600000	64.337196	64.237196	64.437196	3.822515	-2.473649
-159.664993	22.122999	1444.156000	153.950000	-5.200000	83.600000	61.355791	60.855791	61.855791	3.742365	-3.224172
-154.617798	20.088900	1541.824000	153.950000	-5.200000	83.600000	66.915169	66.815169	67.015169	3.872261	-2.118332
-155.679398	21.205500	1529.144000	153.950000	-5.200000	83.600000	65.226334	65.126334	65.326334	3.841533	-2.494259
-153.992294	18.797600	1542.650000	153.950000	-5.200000	83.600000	67.712171	67.412171	68.012171	3.874713	-2.464994
-153.700806	17.297501	1534.213000	153.950000	-5.200000	83.600000	68.520314	68.320314	68.720314	3.909609	-2.745636
-154.691299	17.180099	1509.136000	153.950000	-5.200000	83.600000	69.383470	69.283470	69.583470	3.912255	-1.456094
-154.030502	17.988400	1533.149000	153.950000	-5.200000	83.600000	68.112427	67.812427	68.412427	3.883518	-2.550272
-154.495895	18.401699	1526.150000	153.950000	-5.200000	83.600000	67.865137	67.665137	67.965137	3.878626	-2.291712
-154.797394	18.803101	1523.565000	153.950000	-5.200000	83.600000	67.791805	67.591805	68.091805	3.876253	-1.947859
-155.714996	18.000299	1492.138000	153.950000	-5.200000	83.600000	68.541107	68.341107	68.741107	3.912336	-1.221294
-156.808197	18.404200	1468.138000	153.950000	-5.200000	83.600000	66.625175	66.525175	66.725175	3.869354	-2.262194
-156.167007	18.301001	1483.156000	153.950000	-5.200000	83.600000	67.111562	67.011562	67.311562	3.871004	-2.203585
-157.227295	18.984800	1464.145000	153.950000	-5.200000	83.600000	66.076595	65.876595	66.176595	3.862038	-2.176229
-156.510101	19.477699	1487.759000	153.950000	-5.200000	83.600000	66.220764	66.120764	66.420764	3.863380	-2.118679
-156.932007	19.832701	1481.150000	153.950000	-5.200000	83.600000	65.734121	65.534121	65.934121	3.852522	-2.122791
-157.627594	20.346100	1469.911000	153.950000	-5.200000	83.600000	65.140618	64.940618	65.440618	3.844741	-1.954446
