-153.292099	20.892599	1523.935000	170.500000	-22.010000	78.300000	39.090014	38.190014	39.890014	3.918495	-2.507482
-155.996994	20.771000	1477.486000	170.500000	-22.010000	78.300000	38.230446	37.830446	38.730446	3.922322	-1.099473
-154.983002	19.601000	1469.479000	170.500000	-22.010000	78.300000	38.668388	38.068388	39.268388	3.880963	-2.099444
-155.710999	20.046000	1466.489000	170.500000	-22.010000	78.300000	37.960834	37.460834	38.360834	3.884330	-1.960969
-159.401001	21.971001	1447.492000	170.500000	-22.010000	78.300000	36.885838	36.685838	37.085838	3.877689	1.211349
-156.658005	20.891001	1468.482000	170.500000	-22.010000	78.300000	39.541056	39.141056	39.941056	4.016058	0.854392
-157.270004	21.108999	1463.505000	170.500000	-22.010000	78.300000	38.815061	38.515061	39.115061	3.890060	0.779934
-154.617798	20.088900	1486.389000	170.500000	-22.010000	78.300000	38.695520	38.195520	39.295520	3.880617	-2.153301
-154.482803	21.001900	1509.473000	170.500000	-22.010000	78.300000	37.882374	37.182374	38.682374	3.869916	-2.658149
-153.292099	20.892599	1524.484000	170.500000	-22.010000	78.300000	39.090014	38.190014	39.890014	3.918495	-2.507482
-153.902405	19.979099	1496.551000	170.500000	-22.010000	78.300000	39.607122	38.807122	40.407122	3.891456	-1.901646
-153.992294	18.797600	1467.331000	170.500000	-22.010000	78.300000	39.300952	38.900952	39.700952	3.898712	-2.702738
-153.295898	18.800900	1478.727000	170.500000	-22.010000	78.300000	38.702476	38.402476	39.102476	3.934165	-3.880911
-152.132401	18.481400	1492.624000	170.500000	-22.010000	78.300000	40.762332	40.462332	41.062332	3.929819	-2.928369
-153.700806	17.297501	1438.818000	170.500000	-22.010000	78.300000	38.923486	38.523486	39.223486	3.868643	-4.084300
-154.691299	17.180099	1419.485000	170.500000	-22.010000	78.300000	38.844180	38.544180	39.244180	3.860824	-3.393472
-154.030502	17.988400	1448.236000	170.500000	-22.010000	78.300000	38.245527	37.845527	38.745527	3.937077	-4.131653
-154.495895	18.401699	1449.516000	170.500000	-22.010000	78.300000	38.787443	38.387443	39.287443	3.900651	-2.987796
-154.797394	18.803101	1455.849000	170.500000	-22.010000	78.300000	39.986496	39.086496	40.886496	3.885374	-1.331073
-156.510101	19.477699	1441.728000	170.500000	-22.010000	78.300000	36.490974	35.790974	37.290974	3.812350	-2.998197
-156.932007	19.832701	1440.157000	170.500000	-22.010000	78.300000	38.720538	38.320538	39.220538	3.820130	-0.219050
-157.627594	20.346100	1440.784000	170.500000	-22.010000	78.300000	38.674171	38.374171	39.074171	3.877916	0.609508
