-155.772995	19.079000	1487.372000	144.970000	38.220000	18.000000
-155.996994	20.771000	1458.379000	144.970000	38.220000	18.000000
-155.710999	20.046000	1476.374000	144.970000	38.220000	18.000000
-159.401001	21.971001	1364.378000	144.970000	38.220000	18.000000
-156.658005	20.891001	1441.382000	144.970000	38.220000	18.000000
-159.664993	22.122999	1355.388000	144.970000	38.220000	18.000000
-156.755997	21.136000	1435.391000	144.970000	38.220000	18.000000
-154.617798	20.088900	1498.367000	144.970000	38.220000	18.000000
-155.679398	21.205500	1458.370000	144.970000	38.220000	18.000000
-154.482803	21.001900	1489.357000	144.970000	38.220000	18.000000
-153.982697	21.519699	1487.360000	144.970000	38.220000	18.000000
-153.292099	20.892599	1512.362000	144.970000	38.220000	18.000000
-153.902405	19.979099	1515.357000	144.970000	38.220000	18.000000
-153.503204	19.495199	1531.354000	144.970000	38.220000	18.000000
-153.992294	18.797600	1530.368000	144.970000	38.220000	18.000000
-152.132401	18.481400	1574.361000	144.970000	38.220000	18.000000
-153.290604	17.906200	1557.364000	144.970000	38.220000	18.000000
-153.700806	17.297501	1556.371000	144.970000	38.220000	18.000000
-154.691299	17.180099	1535.362000	144.970000	38.220000	18.000000
-154.030502	17.988400	1540.360000	144.970000	38.220000	18.000000
-154.495895	18.401699	1525.356000	144.970000	38.220000	18.000000
-154.797394	18.803101	1513.357000	144.970000	38.220000	18.000000
-155.714996	18.000299	1502.359000	144.970000	38.220000	18.000000
-156.808197	18.404200	1471.377000	144.970000	38.220000	18.000000
-156.167007	18.301001	1488.355000	144.970000	38.220000	18.000000
-157.227295	18.984800	1454.360000	144.970000	38.220000	18.000000
-156.510101	19.477699	1465.365000	144.970000	38.220000	18.000000
-156.932007	19.832701	1450.361000	144.970000	38.220000	18.000000
-157.627594	20.346100	1427.361000	144.970000	38.220000	18.000000
