-155.679398	21.205500	2580.128000	-69.230000	-20.020000	94.500000	287.030703	286.730703	287.430703	3.967690	-2.909614
-156.510101	19.477699	2588.105000	-69.230000	-20.020000	94.500000	286.636305	286.036305	287.236305	3.967301	-3.149389
-155.996994	20.771000	2585.709000	-69.230000	-20.020000	94.500000	288.419936	288.019936	288.819936	3.926194	-1.442753
-156.658005	20.891001	2602.715000	-69.230000	-20.020000	94.500000	287.523836	287.223836	287.923836	3.936478	-2.111201
-156.755997	21.136000	2606.726000	-69.230000	-20.020000	94.500000	286.924639	286.524639	287.224639	3.947038	-2.658323
-154.617798	20.088900	2544.515000	-69.230000	-20.020000	94.500000	288.423468	287.923468	288.823468	3.940412	-1.932244
-155.679398	21.205500	2580.702000	-69.230000	-20.020000	94.500000	287.030703	286.730703	287.430703	3.967690	-2.909614
-154.482803	21.001900	2550.694000	-69.230000	-20.020000	94.500000	289.724471	288.924471	290.424471	3.901999	-0.635037
-153.982697	21.519699	2540.690000	-69.230000	-20.020000	94.500000	287.173149	286.873149	287.473149	3.956953	-3.336702
-153.292099	20.892599	2518.688000	-69.230000	-20.020000	94.500000	288.813018	288.113018	289.513018	3.948211	-1.960500
-153.902405	19.979099	2524.711000	-69.230000	-20.020000	94.500000	289.055823	288.455823	289.655823	3.936917	-1.539593
-153.503204	19.495199	2511.712000	-69.230000	-20.020000	94.500000	287.835541	287.435541	288.135541	3.947397	-2.904447
-156.808197	18.404200	2584.711000	-69.230000	-20.020000	94.500000	288.127904	287.927904	288.327904	3.904126	-1.640027
-156.465103	18.775000	2579.697000	-69.230000	-20.020000	94.500000	287.988051	287.688051	288.188051	3.945113	-1.857572
-157.227295	18.984800	2599.720000	-69.230000	-20.020000	94.500000	288.842020	288.342020	289.242020	3.911659	-0.760408
-156.510101	19.477699	2587.705000	-69.230000	-20.020000	94.500000	286.636305	286.036305	287.236305	3.967301	-3.149389
-156.932007	19.832701	2600.087000	-69.230000	-20.020000	94.500000	288.137116	287.537116	288.737116	3.922714	-1.491372
-157.627594	20.346100	2623.700000	-69.230000	-20.020000	94.500000	288.304055	287.404055	289.204055	3.942120	-1.062091
