-155.679398	21.205500	2580.128000	-69.230000	-20.020000	94.500000
-156.510101	19.477699	2588.105000	-69.230000	-20.020000	94.500000
-155.996994	20.771000	2585.709000	-69.230000	-20.020000	94.500000
-156.658005	20.891001	2602.715000	-69.230000	-20.020000	94.500000
-156.755997	21.136000	2606.726000	-69.230000	-20.020000	94.500000
-154.617798	20.088900	2544.515000	-69.230000	-20.020000	94.500000
-155.679398	21.205500	2580.702000	-69.230000	-20.020000	94.500000
-154.482803	21.001900	2550.694000	-69.230000	-20.020000	94.500000
-153.982697	21.519699	2540.690000	-69.230000	-20.020000	94.500000
-153.292099	20.892599	2518.688000	-69.230000	-20.020000	94.500000
-153.902405	19.979099	2524.711000	-69.230000	-20.020000	94.500000
-153.503204	19.495199	2511.712000	-69.230000	-20.020000	94.500000
-156.808197	18.404200	2584.711000	-69.230000	-20.020000	94.500000
-156.465103	18.775000	2579.697000	-69.230000	-20.020000	94.500000
-157.227295	18.984800	2599.720000	-69.230000	-20.020000	94.500000
-156.510101	19.477699	2587.705000	-69.230000	-20.020000	94.500000
-156.932007	19.832701	2600.087000	-69.230000	-20.020000	94.500000
-157.627594	20.346100	2623.700000	-69.230000	-20.020000	94.500000
