-155.772995	19.079000	1487.372000	144.970000	38.220000	18.000000	122.466104	121.866104	123.166104	4.084738	-1.415390
-155.996994	20.771000	1458.379000	144.970000	38.220000	18.000000	120.060035	119.360035	120.760035	4.045149	-2.797997
-155.710999	20.046000	1476.374000	144.970000	38.220000	18.000000	120.332829	119.032829	121.532829	4.067530	-2.964627
-159.401001	21.971001	1364.378000	144.970000	38.220000	18.000000	120.142358	118.742358	121.642358	3.951638	-2.022470
-156.658005	20.891001	1441.382000	144.970000	38.220000	18.000000	120.453053	119.753053	121.253053	4.018726	-2.346218
-159.664993	22.122999	1355.388000	144.970000	38.220000	18.000000	120.644119	118.844119	122.544119	3.945237	-1.422716
-156.755997	21.136000	1435.391000	144.970000	38.220000	18.000000	120.255914	119.655914	120.955914	3.992721	-2.388515
-154.617798	20.088900	1498.367000	144.970000	38.220000	18.000000	119.995520	119.495520	120.595520	4.078454	-3.247422
-155.679398	21.205500	1458.370000	144.970000	38.220000	18.000000	120.604407	120.104407	121.104407	4.031732	-1.975816
-154.482803	21.001900	1489.357000	144.970000	38.220000	18.000000	119.471148	118.871148	120.071148	4.054943	-3.225438
-153.982697	21.519699	1487.360000	144.970000	38.220000	18.000000	125.026391	124.526391	125.526391	4.050201	2.639779
-153.292099	20.892599	1512.362000	144.970000	38.220000	18.000000	124.248489	123.848489	124.648489	4.135429	1.484445
-153.902405	19.979099	1515.357000	144.970000	38.220000	18.000000	120.357846	119.857846	120.857846	4.085049	-2.936932
-153.503204	19.495199	1531.354000	144.970000	38.220000	18.000000	120.496164	119.796164	121.196164	4.101351	-3.067722
-153.992294	18.797600	1530.368000	144.970000	38.220000	18.000000	121.605711	120.805711	122.405711	4.088770	-2.362659
-152.132401	18.481400	1574.361000	144.970000	38.220000	18.000000	121.740253	121.140253	122.240253	4.145215	-2.348675
-153.290604	17.906200	1557.364000	144.970000	38.220000	18.000000	122.040891	121.340891	122.840891	4.153288	-2.388562
-153.700806	17.297501	1556.371000	144.970000	38.220000	18.000000	120.302633	120.002633	120.702633	4.131671	-4.471608
-154.691299	17.180099	1535.362000	144.970000	38.220000	18.000000	119.564469	119.264469	119.864469	4.137058	-5.334482
-154.030502	17.988400	1540.360000	144.970000	38.220000	18.000000	121.635777	121.035777	122.235777	4.107002	-2.782417
-154.495895	18.401699	1525.356000	144.970000	38.220000	18.000000	122.924795	122.124795	123.624795	4.089526	-1.286141
-154.797394	18.803101	1513.357000	144.970000	38.220000	18.000000	122.716093	121.816093	123.616093	4.084364	-1.280693
-155.714996	18.000299	1502.359000	144.970000	38.220000	18.000000	120.320811	120.020811	120.620811	4.075020	-4.187854
-156.808197	18.404200	1471.377000	144.970000	38.220000	18.000000	119.532674	119.232674	119.832674	4.038938	-4.815386
-156.167007	18.301001	1488.355000	144.970000	38.220000	18.000000	120.814555	120.514555	121.014555	4.063296	-3.549692
-157.227295	18.984800	1454.360000	144.970000	38.220000	18.000000	119.513373	119.213373	119.813373	4.023252	-4.511135
-156.510101	19.477699	1465.365000	144.970000	38.220000	18.000000	121.934646	121.234646	122.534646	4.056027	-1.743642
-156.932007	19.832701	1450.361000	144.970000	38.220000	18.000000	120.439928	119.939928	120.939928	4.001597	-3.040064
-157.627594	20.346100	1427.361000	144.970000	38.220000	18.000000	119.951975	119.351975	120.551975	3.974705	-3.235659
