-155.772995	19.079000	1494.041000	146.190000	15.880000	132.000000
-157.931000	21.646000	1434.029000	146.190000	15.880000	132.000000
-155.996994	20.771000	1488.018000	146.190000	15.880000	132.000000
-154.983002	19.601000	1516.052000	146.190000	15.880000	132.000000
-156.658005	20.891001	1471.036000	146.190000	15.880000	132.000000
-156.755997	21.136000	1467.051000	146.190000	15.880000	132.000000
-154.617798	20.088900	1524.039000	146.190000	15.880000	132.000000
-155.679398	21.205500	1495.971000	146.190000	15.880000	132.000000
-154.994400	21.507000	1513.036000	146.190000	15.880000	132.000000
-154.482803	21.001900	1526.020000	146.190000	15.880000	132.000000
-153.992294	18.797600	1541.028000	146.190000	15.880000	132.000000
-152.132401	18.481400	1587.104000	146.190000	15.880000	132.000000
-153.290604	17.906200	1558.023000	146.190000	15.880000	132.000000
-153.700806	17.297501	1547.917000	146.190000	15.880000	132.000000
-154.691299	17.180099	1524.026000	146.190000	15.880000	132.000000
-154.030502	17.988400	1539.013000	146.190000	15.880000	132.000000
-154.797394	18.803101	1521.025000	146.190000	15.880000	132.000000
-155.714996	18.000299	1498.164000	146.190000	15.880000	132.000000
-156.808197	18.404200	1469.020000	146.190000	15.880000	132.000000
-157.227295	18.984800	1457.042000	146.190000	15.880000	132.000000
-156.510101	19.477699	1475.019000	146.190000	15.880000	132.000000
-157.627594	20.346100	1445.031000	146.190000	15.880000	132.000000
