-155.772995	19.079000	1489.894000	169.210000	-23.110000	12.000000
-157.931000	21.646000	1501.882000	169.210000	-23.110000	12.000000
-154.983002	19.601000	1513.872000	169.210000	-23.110000	12.000000
-156.658005	20.891001	1510.889000	169.210000	-23.110000	12.000000
-156.755997	21.136000	1514.905000	169.210000	-23.110000	12.000000
-154.617798	20.088900	1529.883000	169.210000	-23.110000	12.000000
-154.994400	21.507000	1552.881000	169.210000	-23.110000	12.000000
-154.482803	21.001900	1550.874000	169.210000	-23.110000	12.000000
-153.992294	18.797600	1511.869000	169.210000	-23.110000	12.000000
-153.700806	17.297501	1487.874000	169.210000	-23.110000	12.000000
-154.691299	17.180099	1467.874000	169.210000	-23.110000	12.000000
-156.808197	18.404200	1455.887000	169.210000	-23.110000	12.000000
-156.167007	18.301001	1465.880000	169.210000	-23.110000	12.000000
-157.227295	18.984800	1460.878000	169.210000	-23.110000	12.000000
-156.932007	19.832701	1484.887000	169.210000	-23.110000	12.000000
-157.627594	20.346100	1483.876000	169.210000	-23.110000	12.000000
