-153.292099	20.892599	1523.935000	170.500000	-22.010000	78.300000
-155.996994	20.771000	1477.486000	170.500000	-22.010000	78.300000
-154.983002	19.601000	1469.479000	170.500000	-22.010000	78.300000
-155.710999	20.046000	1466.489000	170.500000	-22.010000	78.300000
-159.401001	21.971001	1447.492000	170.500000	-22.010000	78.300000
-156.658005	20.891001	1468.482000	170.500000	-22.010000	78.300000
-157.270004	21.108999	1463.505000	170.500000	-22.010000	78.300000
-154.617798	20.088900	1486.389000	170.500000	-22.010000	78.300000
-154.482803	21.001900	1509.473000	170.500000	-22.010000	78.300000
-153.292099	20.892599	1524.484000	170.500000	-22.010000	78.300000
-153.902405	19.979099	1496.551000	170.500000	-22.010000	78.300000
-153.992294	18.797600	1467.331000	170.500000	-22.010000	78.300000
-153.295898	18.800900	1478.727000	170.500000	-22.010000	78.300000
-152.132401	18.481400	1492.624000	170.500000	-22.010000	78.300000
-153.700806	17.297501	1438.818000	170.500000	-22.010000	78.300000
-154.691299	17.180099	1419.485000	170.500000	-22.010000	78.300000
-154.030502	17.988400	1448.236000	170.500000	-22.010000	78.300000
-154.495895	18.401699	1449.516000	170.500000	-22.010000	78.300000
-154.797394	18.803101	1455.849000	170.500000	-22.010000	78.300000
-156.510101	19.477699	1441.728000	170.500000	-22.010000	78.300000
-156.932007	19.832701	1440.157000	170.500000	-22.010000	78.300000
-157.627594	20.346100	1440.784000	170.500000	-22.010000	78.300000
