-157.931000	21.646000	1483.448000	153.190000	-4.530000	54.000000	68.384866	68.084866	68.784866	3.659991	1.156596
-155.996994	20.771000	1525.438000	153.190000	-4.530000	54.000000	65.592444	64.692444	66.592444	3.891490	-3.367144
-154.983002	19.601000	1537.436000	153.190000	-4.530000	54.000000	65.512730	64.512730	66.512730	4.041493	-4.755809
-156.658005	20.891001	1510.454000	153.190000	-4.530000	54.000000	65.585333	64.685333	66.385333	3.871019	-2.909267
-154.617798	20.088900	1551.452000	153.190000	-4.530000	54.000000	64.902108	64.002108	65.702108	4.031697	-5.264331
-155.679398	21.205500	1537.454000	153.190000	-4.530000	54.000000	65.932506	65.132506	66.732506	3.887173	-2.940053
-154.482803	21.001900	1563.440000	153.190000	-4.530000	54.000000	65.932100	65.232100	66.632100	3.981720	-3.754378
-153.992294	18.797600	1550.441000	153.190000	-4.530000	54.000000	66.989217	66.389217	67.589217	4.054101	-4.306415
-152.132401	18.481400	1589.452000	153.190000	-4.530000	54.000000	66.692968	65.592968	67.692968	4.184461	-5.732576
-153.700806	17.297501	1542.314000	153.190000	-4.530000	54.000000	68.394210	67.694210	68.994210	4.129064	-3.977997
-154.691299	17.180099	1517.443000	153.190000	-4.530000	54.000000	68.580331	67.880331	69.180331	4.081830	-3.379726
-154.797394	18.803101	1529.441000	153.190000	-4.530000	54.000000	65.687101	64.887101	66.587101	4.033874	-5.182889
-155.714996	18.000299	1501.445000	153.190000	-4.530000	54.000000	67.660038	67.160038	68.260038	3.987269	-3.242956
-156.808197	18.404200	1479.371000	153.190000	-4.530000	54.000000	66.568973	65.868973	67.268973	3.982144	-3.478318
-157.227295	18.984800	1473.455000	153.190000	-4.530000	54.000000	67.028421	66.128421	67.828421	3.894953	-2.393494
-156.510101	19.477699	1498.444000	153.190000	-4.530000	54.000000	66.953546	65.853546	68.153546	3.898224	-2.545177
