-155.772995	19.079000	2618.229000	-68.130000	-22.460000	155.300000	290.453336	289.953336	290.953336	3.971109	-1.568627
-155.996994	20.771000	2640.233000	-68.130000	-22.460000	155.300000	291.051440	290.551440	291.451440	3.968254	-0.750127
-159.401001	21.971001	2733.233000	-68.130000	-22.460000	155.300000	285.524319	284.424319	286.624319	3.997718	-5.039999
-156.755997	21.136000	2661.246000	-68.130000	-22.460000	155.300000	289.829494	289.329494	290.429494	3.989608	-1.692015
-154.617798	20.088900	2599.792000	-68.130000	-22.460000	155.300000	291.703839	291.303839	292.003839	3.992240	-0.592532
-155.679398	21.205500	2635.012000	-68.130000	-22.460000	155.300000	289.467760	288.967760	289.867760	3.979365	-2.394719
-154.482803	21.001900	2606.213000	-68.130000	-22.460000	155.300000	291.799458	291.299458	292.299458	3.979389	-0.472612
-153.982697	21.519699	2595.695000	-68.130000	-22.460000	155.300000	288.557639	288.157639	288.957639	3.949983	-3.843113
-153.902405	19.979099	2581.336000	-68.130000	-22.460000	155.300000	292.059003	291.759003	292.359003	4.016191	-0.471278
-153.992294	18.797600	2571.566000	-68.130000	-22.460000	155.300000	291.733072	291.133072	292.233072	4.004108	-0.838558
-152.132401	18.481400	2522.595000	-68.130000	-22.460000	155.300000	292.826749	292.626749	293.026749	4.005355	-0.321775
-153.290604	17.906200	2544.497000	-68.130000	-22.460000	155.300000	293.166947	292.666947	293.566947	4.020069	0.345141
-153.700806	17.297501	2548.703000	-68.130000	-22.460000	155.300000	292.153645	291.853645	292.553645	4.029836	-0.575749
-154.691299	17.180099	2570.212000	-68.130000	-22.460000	155.300000	293.481138	293.281138	293.781138	4.001113	1.020433
-154.030502	17.988400	2564.205000	-68.130000	-22.460000	155.300000	292.170754	291.670754	292.570754	4.016467	-0.432690
-154.495895	18.401699	2579.212000	-68.130000	-22.460000	155.300000	291.483539	290.983539	291.883539	4.003064	-0.961813
-154.797394	18.803101	2591.281000	-68.130000	-22.460000	155.300000	291.046468	290.546468	291.546468	3.984430	-1.284663
-155.714996	18.000299	2604.653000	-68.130000	-22.460000	155.300000	292.670809	292.370809	292.970809	3.983876	0.546898
-156.808197	18.404200	2635.313000	-68.130000	-22.460000	155.300000	292.057101	291.657101	292.357101	4.007513	0.273502
-156.167007	18.301001	2617.549000	-68.130000	-22.460000	155.300000	293.188711	292.788711	293.588711	4.021700	1.215688
-157.227295	18.984800	2652.237000	-68.130000	-22.460000	155.300000	291.052012	290.752012	291.452012	3.982700	-0.555627
-156.932007	19.832701	2654.877000	-68.130000	-22.460000	155.300000	290.048426	289.048426	290.948426	3.999781	-1.557915
-157.627594	20.346100	2677.200000	-68.130000	-22.460000	155.300000	289.888738	288.688738	291.188738	3.992673	-1.450183
