-155.772995	19.079000	1370.549000	163.120000	-11.010000	15.100000	53.574700	52.474700	54.774700	3.949574	-3.229459
-155.996994	20.771000	1396.535000	163.120000	-11.010000	15.100000	52.911416	52.211416	53.611416	3.940560	-2.576731
-154.983002	19.601000	1399.553000	163.120000	-11.010000	15.100000	55.435322	54.635322	56.135322	3.971483	-1.605713
-156.658005	20.891001	1383.538000	163.120000	-11.010000	15.100000	54.130911	53.430911	54.830911	3.916137	-0.756934
-156.755997	21.136000	1384.561000	163.120000	-11.010000	15.100000	55.204700	54.404700	56.004700	3.915719	0.558034
-154.994400	21.507000	1430.532000	163.120000	-11.010000	15.100000	52.610001	52.010001	53.310001	3.871247	-3.177051
-154.482803	21.001900	1433.529000	163.120000	-11.010000	15.100000	53.273804	52.173804	54.373804	3.870134	-3.224794
-153.982697	21.519699	1450.664000	163.120000	-11.010000	15.100000	54.554542	53.554542	55.554542	3.921266	-1.993072
-153.503204	19.495199	1428.437000	163.120000	-11.010000	15.100000	55.097446	54.497446	55.597446	4.005414	-3.093612
-153.992294	18.797600	1405.470000	163.120000	-11.010000	15.100000	54.240946	53.640946	54.840946	3.981591	-4.062022
-152.132401	18.481400	1442.644000	163.120000	-11.010000	15.100000	57.426843	56.526843	58.226843	4.072882	-2.377194
-154.691299	17.180099	1367.529000	163.120000	-11.010000	15.100000	56.971567	56.471567	57.471567	4.069072	-1.952489
-155.714996	18.000299	1357.804000	163.120000	-11.010000	15.100000	56.393797	55.893797	56.893797	4.027784	-1.209279
-157.227295	18.984800	1341.547000	163.120000	-11.010000	15.100000	54.178899	53.178899	55.178899	4.024795	-1.573624
-156.510101	19.477699	1365.698000	163.120000	-11.010000	15.100000	53.542321	52.242321	54.842321	3.949411	-2.422712
-156.932007	19.832701	1359.383000	163.120000	-11.010000	15.100000	54.067550	53.067550	55.067550	3.918710	-1.322191
-157.627594	20.346100	1352.729000	163.120000	-11.010000	15.100000	54.526896	53.926896	55.126896	3.874428	0.046996
