-155.772995	19.079000	1547.137000	141.950000	34.010000	15.000000	114.285043	113.585043	114.985043	4.138496	-4.464715
-157.931000	21.646000	1465.126000	141.950000	34.010000	15.000000	120.179318	118.779318	121.579318	3.714317	3.094607
-155.996994	20.771000	1524.117000	141.950000	34.010000	15.000000	114.713824	113.113824	116.313824	4.029188	-3.032857
-154.983002	19.601000	1561.150000	141.950000	34.010000	15.000000	114.613227	113.213227	116.113227	4.136283	-3.869132
-156.658005	20.891001	1508.134000	141.950000	34.010000	15.000000	117.033173	114.733173	119.233173	3.995502	-0.602581
-156.755997	21.136000	1501.149000	141.950000	34.010000	15.000000	115.120027	113.820027	116.420027	3.993421	-2.358676
-154.617798	20.088900	1565.162000	141.950000	34.010000	15.000000	111.708808	110.008808	113.508808	4.058619	-6.516540
-155.679398	21.205500	1526.137000	141.950000	34.010000	15.000000	113.382610	112.282610	114.482610	4.011040	-4.123607
-154.994400	21.507000	1538.208000	141.950000	34.010000	15.000000	113.906086	113.306086	114.606086	4.021754	-3.472303
-154.482803	21.001900	1556.118000	141.950000	34.010000	15.000000	114.378237	113.778237	114.978237	4.106327	-3.335256
-153.982697	21.519699	1559.191000	141.950000	34.010000	15.000000	116.674273	116.174273	117.174273	4.164914	-0.783430
-154.393997	19.262501	1578.180000	141.950000	34.010000	15.000000	114.250450	112.850450	115.550450	4.119191	-4.447851
-153.992294	18.797600	1593.113000	141.950000	34.010000	15.000000	114.614291	113.014291	116.314291	4.115852	-4.354214
-152.132401	18.481400	1639.184000	141.950000	34.010000	15.000000	110.938899	110.138899	111.738899	4.124543	-8.279043
-153.290604	17.906200	1618.182000	141.950000	34.010000	15.000000	111.043013	109.843013	112.243013	4.129615	-8.419236
-154.691299	17.180099	1589.116000	141.950000	34.010000	15.000000	109.149025	108.749025	109.549025	4.108749	-10.665643
-154.495895	18.401699	1584.178000	141.950000	34.010000	15.000000	114.293415	113.393415	115.293415	4.097318	-4.871111
