-155.772995	19.079000	1112.305000	-178.430000	-15.040000	15.000000	33.189271	32.789271	33.589271	3.992530	-1.546064
-155.996994	20.771000	1149.321000	-178.430000	-15.040000	15.000000	31.392574	30.892574	31.892574	3.977475	-1.993760
-155.710999	20.046000	1136.317000	-178.430000	-15.040000	15.000000	32.231350	31.731350	32.631350	3.988590	-1.954372
-159.401001	21.971001	1131.322000	-178.430000	-15.040000	15.000000	28.981192	28.681192	29.281192	4.162650	0.575839
-156.658005	20.891001	1142.326000	-178.430000	-15.040000	15.000000	31.618981	31.018981	32.118981	3.977551	-0.882240
-156.755997	21.136000	1145.333000	-178.430000	-15.040000	15.000000	33.306824	32.706824	33.906824	3.884624	1.072993
-154.617798	20.088900	1151.315000	-178.430000	-15.040000	15.000000	34.056729	33.556729	34.456729	3.997503	-1.416168
-155.679398	21.205500	1164.298000	-178.430000	-15.040000	15.000000	31.204360	30.704360	31.804360	3.964959	-2.304402
-154.482803	21.001900	1179.299000	-178.430000	-15.040000	15.000000	33.030688	31.330688	34.830688	3.981689	-2.028891
-153.292099	20.892599	1187.317000	-178.430000	-15.040000	15.000000	32.338904	31.338904	33.338904	4.066071	-4.171041
-153.503204	19.495199	1155.315000	-178.430000	-15.040000	15.000000	35.235331	34.735331	35.635331	4.012511	-1.930839
-153.992294	18.797600	1131.295000	-178.430000	-15.040000	15.000000	34.713888	34.313888	35.213888	3.990310	-2.350272
-153.295898	18.800900	1142.298000	-178.430000	-15.040000	15.000000	35.597069	35.097069	36.097069	4.020307	-2.276108
-152.132401	18.481400	1153.308000	-178.430000	-15.040000	15.000000	37.877682	37.677682	38.177682	4.128708	-1.539351
-153.290604	17.906200	1123.301000	-178.430000	-15.040000	15.000000	37.336578	37.136578	37.536578	4.101724	-1.166316
-153.700806	17.297501	1104.300000	-178.430000	-15.040000	15.000000	38.147707	37.947707	38.447707	4.093958	-0.315146
-154.691299	17.180099	1085.296000	-178.430000	-15.040000	15.000000	36.302542	36.102542	36.402542	4.046387	-1.068122
-154.030502	17.988400	1112.304000	-178.430000	-15.040000	15.000000	35.215113	34.715113	35.615113	3.991690	-2.364791
-154.495895	18.401699	1116.318000	-178.430000	-15.040000	15.000000	35.495411	34.995411	36.095411	3.992016	-1.243864
-154.797394	18.803101	1120.295000	-178.430000	-15.040000	15.000000	34.681590	34.381590	35.081590	3.997406	-1.422686
-155.714996	18.000299	1088.305000	-178.430000	-15.040000	15.000000	34.217895	34.017895	34.517895	4.005031	-1.320085
-156.808197	18.404200	1081.311000	-178.430000	-15.040000	15.000000	32.724272	32.524272	32.924272	3.983438	-1.170652
-156.167007	18.301001	1088.317000	-178.430000	-15.040000	15.000000	33.300668	33.000668	33.700668	3.944731	-1.469669
-157.227295	18.984800	1088.296000	-178.430000	-15.040000	15.000000	32.306592	32.106592	32.606592	3.962891	-0.671938
-156.510101	19.477699	1110.300000	-178.430000	-15.040000	15.000000	32.563804	32.263804	32.863804	3.932671	-0.999621
-157.627594	20.346100	1116.315000	-178.430000	-15.040000	15.000000	30.792427	30.492427	31.192427	3.910523	-0.821926
