-157.931000	21.646000	1379.666000	159.690000	-7.660000	28.000000
-155.996994	20.771000	1413.657000	159.690000	-7.660000	28.000000
-154.983002	19.601000	1422.671000	159.690000	-7.660000	28.000000
-156.658005	20.891001	1399.673000	159.690000	-7.660000	28.000000
-156.755997	21.136000	1400.689000	159.690000	-7.660000	28.000000
-154.617798	20.088900	1437.696000	159.690000	-7.660000	28.000000
-154.994400	21.507000	1444.758000	159.690000	-7.660000	28.000000
-154.482803	21.001900	1449.658000	159.690000	-7.660000	28.000000
-153.982697	21.519699	1468.736000	159.690000	-7.660000	28.000000
-153.503204	19.495199	1453.687000	159.690000	-7.660000	28.000000
-154.393997	19.262501	1430.670000	159.690000	-7.660000	28.000000
-152.132401	18.481400	1471.728000	159.690000	-7.660000	28.000000
-154.691299	17.180099	1397.652000	159.690000	-7.660000	28.000000
-154.495895	18.401699	1417.718000	159.690000	-7.660000	28.000000
-156.808197	18.404200	1361.693000	159.690000	-7.660000	28.000000
-157.227295	18.984800	1363.664000	159.690000	-7.660000	28.000000
