-155.772995	19.079000	1370.549000	163.120000	-11.010000	15.100000
-155.996994	20.771000	1396.535000	163.120000	-11.010000	15.100000
-154.983002	19.601000	1399.553000	163.120000	-11.010000	15.100000
-156.658005	20.891001	1383.538000	163.120000	-11.010000	15.100000
-156.755997	21.136000	1384.561000	163.120000	-11.010000	15.100000
-154.994400	21.507000	1430.532000	163.120000	-11.010000	15.100000
-154.482803	21.001900	1433.529000	163.120000	-11.010000	15.100000
-153.982697	21.519699	1450.664000	163.120000	-11.010000	15.100000
-153.503204	19.495199	1428.437000	163.120000	-11.010000	15.100000
-153.992294	18.797600	1405.470000	163.120000	-11.010000	15.100000
-152.132401	18.481400	1442.644000	163.120000	-11.010000	15.100000
-154.691299	17.180099	1367.529000	163.120000	-11.010000	15.100000
-155.714996	18.000299	1357.804000	163.120000	-11.010000	15.100000
-157.227295	18.984800	1341.547000	163.120000	-11.010000	15.100000
-156.510101	19.477699	1365.698000	163.120000	-11.010000	15.100000
-156.932007	19.832701	1359.383000	163.120000	-11.010000	15.100000
-157.627594	20.346100	1352.729000	163.120000	-11.010000	15.100000
