-155.772995	19.079000	1494.041000	146.190000	15.880000	132.000000	91.416796	91.016796	91.816796	4.093549	-5.026820
-157.931000	21.646000	1434.029000	146.190000	15.880000	132.000000	92.387426	91.887426	92.787426	3.842570	-1.585953
-155.996994	20.771000	1488.018000	146.190000	15.880000	132.000000	90.888326	90.488326	91.388326	3.961178	-4.315781
-154.983002	19.601000	1516.052000	146.190000	15.880000	132.000000	90.587404	89.587404	91.487404	4.086930	-5.705172
-156.658005	20.891001	1471.036000	146.190000	15.880000	132.000000	90.408491	89.808491	91.008491	3.939585	-4.514195
-156.755997	21.136000	1467.051000	146.190000	15.880000	132.000000	91.316751	90.916751	91.616751	3.946744	-3.399827
-154.617798	20.088900	1524.039000	146.190000	15.880000	132.000000	90.357954	89.957954	90.757954	4.086233	-5.706860
-155.679398	21.205500	1495.971000	146.190000	15.880000	132.000000	90.627495	90.227495	91.027495	3.961793	-4.368283
-154.994400	21.507000	1513.036000	146.190000	15.880000	132.000000	91.095017	90.795017	91.395017	3.953577	-3.904507
-154.482803	21.001900	1526.020000	146.190000	15.880000	132.000000	91.349441	90.949441	91.649441	4.047570	-4.145991
-153.992294	18.797600	1541.028000	146.190000	15.880000	132.000000	92.114623	91.514623	92.814623	4.151648	-4.961552
-152.132401	18.481400	1587.104000	146.190000	15.880000	132.000000	90.916875	90.416875	91.416875	4.227322	-6.808334
-153.290604	17.906200	1558.023000	146.190000	15.880000	132.000000	91.362458	90.662458	92.062458	4.200519	-6.446763
-153.700806	17.297501	1547.917000	146.190000	15.880000	132.000000	91.041101	90.641101	91.541101	4.179030	-7.062026
-154.691299	17.180099	1524.026000	146.190000	15.880000	132.000000	92.537674	92.237674	92.937674	4.150262	-5.433782
-154.030502	17.988400	1539.013000	146.190000	15.880000	132.000000	91.377719	90.777719	91.977719	4.142084	-6.211687
-154.797394	18.803101	1521.025000	146.190000	15.880000	132.000000	92.919029	92.119029	93.719029	4.139926	-3.955280
-155.714996	18.000299	1498.164000	146.190000	15.880000	132.000000	93.611684	93.011684	94.311684	4.154504	-3.587578
-156.808197	18.404200	1469.020000	146.190000	15.880000	132.000000	92.574608	92.174608	92.874608	4.111083	-4.089053
-157.227295	18.984800	1457.042000	146.190000	15.880000	132.000000	92.516813	92.016813	92.916813	4.035549	-3.626668
-156.510101	19.477699	1475.019000	146.190000	15.880000	132.000000	91.924022	91.424022	92.424022	4.016018	-4.049982
-157.627594	20.346100	1445.031000	146.190000	15.880000	132.000000	91.479088	91.079088	91.979088	3.947367	-3.557548
