-155.772995	19.079000	1025.990000	179.520000	51.150000	18.000000
-157.931000	21.646000	934.986000	179.520000	51.150000	18.000000
-155.996994	20.771000	977.962000	179.520000	51.150000	18.000000
-154.983002	19.601000	1019.984000	179.520000	51.150000	18.000000
-159.401001	21.971001	906.990000	179.520000	51.150000	18.000000
-156.658005	20.891001	967.983000	179.520000	51.150000	18.000000
-156.755997	21.136000	959.981000	179.520000	51.150000	18.000000
-154.617798	20.088900	1010.943000	179.520000	51.150000	18.000000
-155.679398	21.205500	970.378000	179.520000	51.150000	18.000000
-154.482803	21.001900	988.948000	179.520000	51.150000	18.000000
-153.982697	21.519699	978.944000	179.520000	51.150000	18.000000
-153.902405	19.979099	1020.965000	179.520000	51.150000	18.000000
-153.992294	18.797600	1049.959000	179.520000	51.150000	18.000000
-153.295898	18.800900	1058.946000	179.520000	51.150000	18.000000
-152.132401	18.481400	1075.942000	179.520000	51.150000	18.000000
-153.290604	17.906200	1078.944000	179.520000	51.150000	18.000000
-153.700806	17.297501	1089.753000	179.520000	51.150000	18.000000
-154.691299	17.180099	1083.971000	179.520000	51.150000	18.000000
-154.030502	17.988400	1069.963000	179.520000	51.150000	18.000000
-154.495895	18.401699	1053.954000	179.520000	51.150000	18.000000
-154.797394	18.803101	1042.944000	179.520000	51.150000	18.000000
-155.714996	18.000299	1051.954000	179.520000	51.150000	18.000000
-156.808197	18.404200	1031.060000	179.520000	51.150000	18.000000
-156.167007	18.301001	1039.950000	179.520000	51.150000	18.000000
-156.465103	18.775000	1025.956000	179.520000	51.150000	18.000000
-157.227295	18.984800	1009.970000	179.520000	51.150000	18.000000
-156.510101	19.477699	1006.960000	179.520000	51.150000	18.000000
-156.932007	19.832701	991.961000	179.520000	51.150000	18.000000
-157.627594	20.346100	970.956000	179.520000	51.150000	18.000000
-153.992294	18.797600	1049.659000	179.520000	51.150000	18.000000
-154.030502	17.988400	1069.488000	179.520000	51.150000	18.000000
-155.714996	18.000299	1051.679000	179.520000	51.150000	18.000000
-156.167007	18.301001	1039.625000	179.520000	51.150000	18.000000
-157.627594	20.346100	970.456000	179.520000	51.150000	18.000000
