-155.996994	20.771000	1622.476000	148.610000	-3.170000	13.000000	71.414195	70.814195	71.914195	3.884505	-1.486539
-155.710999	20.046000	1624.472000	148.610000	-3.170000	13.000000	70.611320	70.011320	71.211320	3.880397	-2.846924
-159.401001	21.971001	1548.478000	148.610000	-3.170000	13.000000	71.292325	70.892325	71.692325	4.022860	0.969966
-156.658005	20.891001	1606.484000	148.610000	-3.170000	13.000000	71.566198	71.166198	72.066198	3.873300	-0.920366
-159.664993	22.122999	1543.482000	148.610000	-3.170000	13.000000	70.921660	70.621660	71.321660	4.015663	0.847524
-156.755997	21.136000	1606.491000	148.610000	-3.170000	13.000000	71.560630	71.060630	72.060630	3.881115	-0.732202
-154.617798	20.088900	1652.455000	148.610000	-3.170000	13.000000	69.996658	69.196658	70.696658	3.941027	-3.980126
-155.679398	21.205500	1634.457000	148.610000	-3.170000	13.000000	71.533734	70.933734	72.033734	3.888822	-1.287723
-154.482803	21.001900	1665.457000	148.610000	-3.170000	13.000000	69.430387	68.930387	70.030387	3.741798	-4.118359
-153.902405	19.979099	1670.452000	148.610000	-3.170000	13.000000	69.928061	68.828061	71.128061	3.925996	-4.456234
-152.132401	18.481400	1696.475000	148.610000	-3.170000	13.000000	69.560309	68.860309	70.360309	4.088455	-6.422209
-153.700806	17.297501	1648.476000	148.610000	-3.170000	13.000000	70.856463	70.356463	71.256463	4.032475	-5.074324
-154.691299	17.180099	1623.474000	148.610000	-3.170000	13.000000	71.518938	71.118938	71.918938	4.018516	-4.049455
-154.495895	18.401699	1638.458000	148.610000	-3.170000	13.000000	70.706098	70.206098	71.306098	3.992315	-4.260711
-154.797394	18.803101	1634.767000	148.610000	-3.170000	13.000000	71.371789	70.871789	71.871789	3.961957	-3.230992
-155.714996	18.000299	1605.465000	148.610000	-3.170000	13.000000	72.103380	71.703380	72.603380	3.944224	-2.532175
-156.808197	18.404200	1581.637000	148.610000	-3.170000	13.000000	71.915594	71.415594	72.415594	3.956045	-1.964817
-157.227295	18.984800	1576.457000	148.610000	-3.170000	13.000000	71.324740	70.824740	71.924740	3.979267	-1.999615
-157.627594	20.346100	1578.405000	148.610000	-3.170000	13.000000	71.054190	70.454190	71.754190	3.869458	-1.242599
