-155.996994	20.771000	1622.476000	148.610000	-3.170000	13.000000
-155.710999	20.046000	1624.472000	148.610000	-3.170000	13.000000
-159.401001	21.971001	1548.478000	148.610000	-3.170000	13.000000
-156.658005	20.891001	1606.484000	148.610000	-3.170000	13.000000
-159.664993	22.122999	1543.482000	148.610000	-3.170000	13.000000
-156.755997	21.136000	1606.491000	148.610000	-3.170000	13.000000
-154.617798	20.088900	1652.455000	148.610000	-3.170000	13.000000
-155.679398	21.205500	1634.457000	148.610000	-3.170000	13.000000
-154.482803	21.001900	1665.457000	148.610000	-3.170000	13.000000
-153.902405	19.979099	1670.452000	148.610000	-3.170000	13.000000
-152.132401	18.481400	1696.475000	148.610000	-3.170000	13.000000
-153.700806	17.297501	1648.476000	148.610000	-3.170000	13.000000
-154.691299	17.180099	1623.474000	148.610000	-3.170000	13.000000
-154.495895	18.401699	1638.458000	148.610000	-3.170000	13.000000
-154.797394	18.803101	1634.767000	148.610000	-3.170000	13.000000
-155.714996	18.000299	1605.465000	148.610000	-3.170000	13.000000
-156.808197	18.404200	1581.637000	148.610000	-3.170000	13.000000
-157.227295	18.984800	1576.457000	148.610000	-3.170000	13.000000
-157.627594	20.346100	1578.405000	148.610000	-3.170000	13.000000
