-155.772995	19.079000	2133.817000	-138.910000	-57.570000	12.000000	352.119012	351.819012	352.419012	4.073792	1.272518
-155.996994	20.771000	2180.791000	-138.910000	-57.570000	12.000000	352.082421	351.782421	352.382421	4.035105	1.299937
-154.983002	19.601000	2145.818000	-138.910000	-57.570000	12.000000	352.954331	352.654331	353.354331	4.057663	1.674378
-155.710999	20.046000	2159.792000	-138.910000	-57.570000	12.000000	352.234384	352.034384	352.534384	4.053862	1.323836
-159.401001	21.971001	2222.819000	-138.910000	-57.570000	12.000000	355.331051	354.131051	356.431051	3.872961	6.276611
-156.658005	20.891001	2186.818000	-138.910000	-57.570000	12.000000	352.182887	351.382887	352.882887	4.073453	1.742228
-156.755997	21.136000	2193.809000	-138.910000	-57.570000	12.000000	353.432702	352.632702	354.232702	4.032488	3.035929
-154.482803	21.001900	2181.776000	-138.910000	-57.570000	12.000000	353.039544	352.839544	353.139544	4.040765	1.455103
-153.292099	20.892599	2173.785000	-138.910000	-57.570000	12.000000	352.143491	351.943491	352.243491	4.079507	-0.067601
-153.503204	19.495199	2136.789000	-138.910000	-57.570000	12.000000	352.448375	352.248375	352.648375	4.083808	0.387579
-154.393997	19.262501	2134.839000	-138.910000	-57.570000	12.000000	353.664061	353.264061	353.964061	4.052301	2.083213
-153.992294	18.797600	2119.788000	-138.910000	-57.570000	12.000000	352.979846	352.779846	353.279846	4.099162	1.200494
-153.295898	18.800900	2117.101000	-138.910000	-57.570000	12.000000	352.349326	352.049326	352.549326	4.088679	0.198969
-152.132401	18.481400	2104.786000	-138.910000	-57.570000	12.000000	352.427614	352.127614	352.727614	4.115557	-0.335822
-153.290604	17.906200	2093.773000	-138.910000	-57.570000	12.000000	353.128758	352.828758	353.328758	4.111319	1.004134
-153.700806	17.297501	2080.787000	-138.910000	-57.570000	12.000000	354.442757	353.542757	355.242757	4.099454	2.558549
-154.691299	17.180099	2078.779000	-138.910000	-57.570000	12.000000	352.560073	352.260073	352.760073	4.098114	1.209092
-154.030502	17.988400	2098.782000	-138.910000	-57.570000	12.000000	353.323935	353.023935	353.623935	4.089924	1.591722
-154.797394	18.803101	2121.772000	-138.910000	-57.570000	12.000000	352.408331	352.008331	352.908331	4.075157	1.056028
-155.714996	18.000299	2103.782000	-138.910000	-57.570000	12.000000	352.798730	352.498730	352.998730	4.056916	1.960049
-156.808197	18.404200	2118.778000	-138.910000	-57.570000	12.000000	352.315903	352.115903	352.515903	4.046382	2.037482
-156.167007	18.301001	2113.790000	-138.910000	-57.570000	12.000000	352.213474	352.013474	352.413474	4.058060	1.602028
-156.465103	18.775000	2127.628000	-138.910000	-57.570000	12.000000	352.207684	352.007684	352.407684	4.053789	1.735628
-157.227295	18.984800	2134.784000	-138.910000	-57.570000	12.000000	353.316948	353.116948	353.616948	3.987435	3.236319
-156.510101	19.477699	2148.108000	-138.910000	-57.570000	12.000000	350.983705	350.583705	351.283705	4.064634	0.510690
-156.932007	19.832701	2156.793000	-138.910000	-57.570000	12.000000	353.444740	352.944740	353.944740	4.023060	3.180378
-157.627594	20.346100	2175.182000	-138.910000	-57.570000	12.000000	350.979475	350.479475	351.479475	4.078556	1.060363
-153.503204	19.495199	2137.488000	-138.910000	-57.570000	12.000000	352.448375	352.248375	352.648375	4.083808	0.387579
-153.992294	18.797600	2120.563000	-138.910000	-57.570000	12.000000	352.979846	352.779846	353.279846	4.099162	1.200494
-154.030502	17.988400	2098.432000	-138.910000	-57.570000	12.000000	353.323935	353.023935	353.623935	4.089924	1.591722
-154.797394	18.803101	2121.548000	-138.910000	-57.570000	12.000000	352.408331	352.008331	352.908331	4.075157	1.056028
-155.714996	18.000299	2104.356000	-138.910000	-57.570000	12.000000	352.798730	352.498730	352.998730	4.056916	1.960049
-156.167007	18.301001	2114.316000	-138.910000	-57.570000	12.000000	352.213474	352.013474	352.413474	4.058060	1.602028
-156.932007	19.832701	2156.318000	-138.910000	-57.570000	12.000000	353.444740	352.944740	353.944740	4.023060	3.180378
