-155.714996	18.000299	1828.216000	130.150000	33.720000	12.000000	114.676850	114.476850	114.976850	4.043517	-5.095582
-156.167007	18.301001	1814.190000	130.150000	33.720000	12.000000	115.224170	115.024170	115.424170	4.038911	-4.386797
-156.465103	18.775000	1801.354000	130.150000	33.720000	12.000000	115.025930	114.725930	115.225930	4.026593	-4.370965
-155.772995	19.079000	1815.916000	130.150000	33.720000	12.000000	115.986301	115.286301	116.686301	4.050826	-3.378927
-157.931000	21.646000	1732.905000	130.150000	33.720000	12.000000	114.775144	114.175144	115.375144	4.003524	-3.244495
-155.996994	20.771000	1789.889000	130.150000	33.720000	12.000000	113.879757	113.579757	114.179757	3.993053	-4.798643
-154.983002	19.601000	1827.908000	130.150000	33.720000	12.000000	113.893996	113.493996	114.393996	4.020904	-5.381256
-155.710999	20.046000	1805.892000	130.150000	33.720000	12.000000	113.533862	112.933862	114.133862	4.005761	-5.470625
-159.401001	21.971001	1695.912000	130.150000	33.720000	12.000000	115.368136	113.568136	117.268136	3.992472	-2.284300
-156.658005	20.891001	1772.888000	130.150000	33.720000	12.000000	113.689368	113.289368	114.089368	3.980605	-4.841613
-157.270004	21.108999	1755.910000	130.150000	33.720000	12.000000	113.778319	113.378319	114.278319	3.994769	-4.571296
-159.664993	22.122999	1686.888000	130.150000	33.720000	12.000000	114.443975	112.543975	116.343975	3.987334	-3.098027
-156.755997	21.136000	1766.908000	130.150000	33.720000	12.000000	114.499702	114.099702	114.799702	3.986204	-3.915649
-154.617798	20.088900	1829.879000	130.150000	33.720000	12.000000	114.549373	114.349373	114.849373	4.033102	-4.598331
-155.679398	21.205500	1791.655000	130.150000	33.720000	12.000000	114.605083	114.405083	114.805083	3.995791	-3.949910
-154.994400	21.507000	1803.147000	130.150000	33.720000	12.000000	116.180724	115.980724	116.380724	4.009925	-2.368351
-154.482803	21.001900	1820.877000	130.150000	33.720000	12.000000	116.314484	116.114484	116.614484	4.036885	-2.513689
-153.902405	19.979099	1849.950000	130.150000	33.720000	12.000000	112.997723	112.597723	113.297723	4.004994	-6.298285
-153.503204	19.495199	1861.893000	130.150000	33.720000	12.000000	116.053380	115.853380	116.353380	4.076005	-3.473246
-153.992294	18.797600	1859.786000	130.150000	33.720000	12.000000	115.052247	114.752247	115.452247	4.038399	-4.647289
-153.290604	17.906200	1885.983000	130.150000	33.720000	12.000000	114.525322	114.125322	114.925322	4.098220	-5.566849
-153.700806	17.297501	1883.887000	130.150000	33.720000	12.000000	114.998393	114.698393	115.298393	4.067656	-5.244129
-154.691299	17.180099	1860.889000	130.150000	33.720000	12.000000	113.817655	113.617655	114.117655	4.067149	-6.355080
-154.030502	17.988400	1867.893000	130.150000	33.720000	12.000000	114.826648	114.426648	115.326648	4.051094	-5.146022
-154.495895	18.401699	1852.874000	130.150000	33.720000	12.000000	115.577918	115.077918	115.977918	4.042347	-4.194360
-154.797394	18.803101	1841.692000	130.150000	33.720000	12.000000	115.254035	114.554035	115.854035	4.036209	-4.337353
-155.714996	18.000299	1827.891000	130.150000	33.720000	12.000000	114.676850	114.476850	114.976850	4.043517	-5.095582
-156.808197	18.404200	1795.872000	130.150000	33.720000	12.000000	112.853855	112.553855	113.053855	3.980407	-6.647236
-156.167007	18.301001	1813.890000	130.150000	33.720000	12.000000	115.224170	115.024170	115.424170	4.038911	-4.386797
-156.465103	18.775000	1801.879000	130.150000	33.720000	12.000000	115.025930	114.725930	115.225930	4.026593	-4.370965
-157.227295	18.984800	1779.877000	130.150000	33.720000	12.000000	113.412427	113.212427	113.712427	3.979054	-5.814156
-156.510101	19.477699	1793.079000	130.150000	33.720000	12.000000	115.477554	114.977554	115.877554	4.025818	-3.640695
-156.932007	19.832701	1778.891000	130.150000	33.720000	12.000000	115.148276	114.748276	115.648276	4.002816	-3.774649
-157.627594	20.346100	1755.893000	130.150000	33.720000	12.000000	114.598523	114.298523	114.998523	4.003665	-4.021798
