-155.772995	19.079000	1552.740000	142.050000	38.240000	37.000000
-157.931000	21.646000	1466.726000	142.050000	38.240000	37.000000
-155.996994	20.771000	1522.711000	142.050000	38.240000	37.000000
-154.983002	19.601000	1563.708000	142.050000	38.240000	37.000000
-159.401001	21.971001	1420.740000	142.050000	38.240000	37.000000
-156.658005	20.891001	1506.712000	142.050000	38.240000	37.000000
-157.270004	21.108999	1489.733000	142.050000	38.240000	37.000000
-154.617798	20.088900	1563.696000	142.050000	38.240000	37.000000
-155.679398	21.205500	1522.701000	142.050000	38.240000	37.000000
-154.482803	21.001900	1553.698000	142.050000	38.240000	37.000000
-153.982697	21.519699	1552.703000	142.050000	38.240000	37.000000
-153.292099	20.892599	1576.700000	142.050000	38.240000	37.000000
-153.902405	19.979099	1580.703000	142.050000	38.240000	37.000000
-153.503204	19.495199	1596.706000	142.050000	38.240000	37.000000
-154.393997	19.262501	1581.711000	142.050000	38.240000	37.000000
-153.992294	18.797600	1596.716000	142.050000	38.240000	37.000000
-153.295898	18.800900	1611.708000	142.050000	38.240000	37.000000
-152.132401	18.481400	1639.707000	142.050000	38.240000	37.000000
-153.290604	17.906200	1623.713000	142.050000	38.240000	37.000000
-153.700806	17.297501	1621.702000	142.050000	38.240000	37.000000
-154.691299	17.180099	1600.697000	142.050000	38.240000	37.000000
-154.030502	17.988400	1606.692000	142.050000	38.240000	37.000000
-154.495895	18.401699	1590.714000	142.050000	38.240000	37.000000
-154.797394	18.803101	1578.698000	142.050000	38.240000	37.000000
-155.714996	18.000299	1567.712000	142.050000	38.240000	37.000000
-156.808197	18.404200	1536.703000	142.050000	38.240000	37.000000
-156.167007	18.301001	1552.714000	142.050000	38.240000	37.000000
-157.227295	18.984800	1519.693000	142.050000	38.240000	37.000000
-156.510101	19.477699	1530.712000	142.050000	38.240000	37.000000
-156.932007	19.832701	1515.696000	142.050000	38.240000	37.000000
-157.627594	20.346100	1492.696000	142.050000	38.240000	37.000000
