-155.679398	21.205500	2623.870000	-80.680000	-44.910000	17.000000
-156.510101	19.477699	2606.861000	-80.680000	-44.910000	17.000000
-155.772995	19.079000	2584.487000	-80.680000	-44.910000	17.000000
-157.931000	21.646000	2674.469000	-80.680000	-44.910000	17.000000
-155.996994	20.771000	2622.460000	-80.680000	-44.910000	17.000000
-154.983002	19.601000	2580.447000	-80.680000	-44.910000	17.000000
-159.401001	21.971001	2703.488000	-80.680000	-44.910000	17.000000
-156.658005	20.891001	2636.441000	-80.680000	-44.910000	17.000000
-157.270004	21.108999	2654.480000	-80.680000	-44.910000	17.000000
-156.755997	21.136000	2642.478000	-80.680000	-44.910000	17.000000
-155.679398	21.205500	2624.445000	-80.680000	-44.910000	17.000000
-154.482803	21.001900	2597.446000	-80.680000	-44.910000	17.000000
-153.982697	21.519699	2597.717000	-80.680000	-44.910000	17.000000
-152.132401	18.481400	2504.666000	-80.680000	-44.910000	17.000000
-153.290604	17.906200	2513.617000	-80.680000	-44.910000	17.000000
-153.700806	17.297501	2510.242000	-80.680000	-44.910000	17.000000
-154.691299	17.180099	2526.466000	-80.680000	-44.910000	17.000000
-156.465103	18.775000	2590.537000	-80.680000	-44.910000	17.000000
-157.227295	18.984800	2608.464000	-80.680000	-44.910000	17.000000
-156.510101	19.477699	2607.461000	-80.680000	-44.910000	17.000000
-157.627594	20.346100	2644.956000	-80.680000	-44.910000	17.000000
