-153.982697	21.519699	1572.481000	141.180000	36.330000	37.000000
-153.992294	18.797600	1611.460000	141.180000	36.330000	37.000000
-152.132401	18.481400	1654.390000	141.180000	36.330000	37.000000
-155.714996	18.000299	1578.345000	141.180000	36.330000	37.000000
-155.772995	19.079000	1567.055000	141.180000	36.330000	37.000000
-155.996994	20.771000	1540.061000	141.180000	36.330000	37.000000
-155.710999	20.046000	1557.058000	141.180000	36.330000	37.000000
-159.401001	21.971001	1446.064000	141.180000	36.330000	37.000000
-156.658005	20.891001	1523.038000	141.180000	36.330000	37.000000
-159.664993	22.122999	1438.050000	141.180000	36.330000	37.000000
-156.755997	21.136000	1517.036000	141.180000	36.330000	37.000000
-154.482803	21.001900	1573.039000	141.180000	36.330000	37.000000
-153.982697	21.519699	1572.057000	141.180000	36.330000	37.000000
-153.992294	18.797600	1612.035000	141.180000	36.330000	37.000000
-152.132401	18.481400	1654.040000	141.180000	36.330000	37.000000
-154.691299	17.180099	1611.047000	141.180000	36.330000	37.000000
-154.495895	18.401699	1605.044000	141.180000	36.330000	37.000000
-155.714996	18.000299	1579.045000	141.180000	36.330000	37.000000
-157.627594	20.346100	1505.036000	141.180000	36.330000	37.000000
