-153.982697	21.519699	1572.481000	141.180000	36.330000	37.000000	121.044251	120.544251	121.644251	4.075344	0.779823
-153.992294	18.797600	1611.460000	141.180000	36.330000	37.000000	118.792960	116.992960	120.592960	4.145246	-2.913410
-152.132401	18.481400	1654.390000	141.180000	36.330000	37.000000	111.229116	110.529116	111.929116	4.628454	-10.687694
-155.714996	18.000299	1578.345000	141.180000	36.330000	37.000000	113.399993	112.799993	113.999993	3.917679	-8.706855
-155.772995	19.079000	1567.055000	141.180000	36.330000	37.000000	119.249993	118.049993	120.549993	4.076580	-2.277476
-155.996994	20.771000	1540.061000	141.180000	36.330000	37.000000	116.748880	115.348880	118.148880	3.998515	-3.827137
-155.710999	20.046000	1557.058000	141.180000	36.330000	37.000000	117.330264	115.430264	119.330264	4.048022	-3.665116
-159.401001	21.971001	1446.064000	141.180000	36.330000	37.000000	111.428970	110.028970	112.828970	4.026368	-8.299655
-156.658005	20.891001	1523.038000	141.180000	36.330000	37.000000	116.802595	115.402595	118.102595	4.067491	-3.680101
-159.664993	22.122999	1438.050000	141.180000	36.330000	37.000000	111.415268	110.115268	112.815268	4.026970	-8.205954
-156.755997	21.136000	1517.036000	141.180000	36.330000	37.000000	119.402758	117.802758	121.002758	3.996664	-0.932014
-154.482803	21.001900	1573.039000	141.180000	36.330000	37.000000	116.153229	114.853229	117.453229	3.975878	-4.364323
-153.982697	21.519699	1572.057000	141.180000	36.330000	37.000000	121.044251	120.544251	121.644251	4.075344	0.779823
-153.992294	18.797600	1612.035000	141.180000	36.330000	37.000000	118.792960	116.992960	120.592960	4.145246	-2.913410
-152.132401	18.481400	1654.040000	141.180000	36.330000	37.000000	111.229116	110.529116	111.929116	4.628454	-10.687694
-154.691299	17.180099	1611.047000	141.180000	36.330000	37.000000	114.000830	113.300830	114.700830	4.273109	-8.519863
-154.495895	18.401699	1605.044000	141.180000	36.330000	37.000000	120.179769	118.779769	121.579769	4.159760	-1.720855
-155.714996	18.000299	1579.045000	141.180000	36.330000	37.000000	113.399993	112.799993	113.999993	3.917679	-8.706855
-157.627594	20.346100	1505.036000	141.180000	36.330000	37.000000	112.932515	111.932515	113.932515	3.962609	-7.848644
