-155.772995	19.079000	1495.136000	146.190000	15.880000	132.000000
-157.931000	21.646000	1435.123000	146.190000	15.880000	132.000000
-155.996994	20.771000	1490.113000	146.190000	15.880000	132.000000
-154.983002	19.601000	1517.147000	146.190000	15.880000	132.000000
-156.658005	20.891001	1472.132000	146.190000	15.880000	132.000000
-156.755997	21.136000	1469.145000	146.190000	15.880000	132.000000
-154.617798	20.088900	1525.134000	146.190000	15.880000	132.000000
-155.679398	21.205500	1497.067000	146.190000	15.880000	132.000000
-154.994400	21.507000	1514.131000	146.190000	15.880000	132.000000
-154.482803	21.001900	1527.116000	146.190000	15.880000	132.000000
-153.982697	21.519699	1539.111000	146.190000	15.880000	132.000000
-153.292099	20.892599	1556.108000	146.190000	15.880000	132.000000
-154.393997	19.262501	1534.128000	146.190000	15.880000	132.000000
-153.992294	18.797600	1542.124000	146.190000	15.880000	132.000000
-152.132401	18.481400	1588.199000	146.190000	15.880000	132.000000
-153.290604	17.906200	1559.118000	146.190000	15.880000	132.000000
-153.700806	17.297501	1550.013000	146.190000	15.880000	132.000000
-154.691299	17.180099	1526.121000	146.190000	15.880000	132.000000
-154.030502	17.988400	1540.108000	146.190000	15.880000	132.000000
-154.495895	18.401699	1529.173000	146.190000	15.880000	132.000000
-154.797394	18.803101	1523.121000	146.190000	15.880000	132.000000
-155.714996	18.000299	1500.259000	146.190000	15.880000	132.000000
-156.808197	18.404200	1470.115000	146.190000	15.880000	132.000000
-156.465103	18.775000	1479.294000	146.190000	15.880000	132.000000
-157.227295	18.984800	1458.138000	146.190000	15.880000	132.000000
-156.510101	19.477699	1477.115000	146.190000	15.880000	132.000000
-157.627594	20.346100	1447.126000	146.190000	15.880000	132.000000
