-155.772995	19.079000	1026.737000	179.520000	51.150000	18.000000
-157.931000	21.646000	935.733000	179.520000	51.150000	18.000000
-155.996994	20.771000	979.709000	179.520000	51.150000	18.000000
-154.983002	19.601000	1020.731000	179.520000	51.150000	18.000000
-159.401001	21.971001	907.737000	179.520000	51.150000	18.000000
-156.658005	20.891001	968.730000	179.520000	51.150000	18.000000
-156.755997	21.136000	960.727000	179.520000	51.150000	18.000000
-155.679398	21.205500	971.125000	179.520000	51.150000	18.000000
-154.482803	21.001900	989.696000	179.520000	51.150000	18.000000
-153.982697	21.519699	979.691000	179.520000	51.150000	18.000000
-153.902405	19.979099	1021.712000	179.520000	51.150000	18.000000
-153.992294	18.797600	1050.706000	179.520000	51.150000	18.000000
-152.132401	18.481400	1076.689000	179.520000	51.150000	18.000000
-153.290604	17.906200	1079.690000	179.520000	51.150000	18.000000
-154.691299	17.180099	1084.717000	179.520000	51.150000	18.000000
-154.030502	17.988400	1070.709000	179.520000	51.150000	18.000000
-154.797394	18.803101	1042.691000	179.520000	51.150000	18.000000
-156.808197	18.404200	1031.806000	179.520000	51.150000	18.000000
-156.465103	18.775000	1026.703000	179.520000	51.150000	18.000000
-157.227295	18.984800	1010.717000	179.520000	51.150000	18.000000
-156.510101	19.477699	1007.707000	179.520000	51.150000	18.000000
-156.932007	19.832701	992.708000	179.520000	51.150000	18.000000
-157.627594	20.346100	971.703000	179.520000	51.150000	18.000000
-153.992294	18.797600	1050.406000	179.520000	51.150000	18.000000
-154.030502	17.988400	1070.235000	179.520000	51.150000	18.000000
-157.627594	20.346100	971.203000	179.520000	51.150000	18.000000
