-155.772995	19.079000	1487.894000	144.970000	38.220000	18.000000	123.066104	122.266104	123.966104	4.076683	-0.815390
-155.996994	20.771000	1457.901000	144.970000	38.220000	18.000000	120.060035	119.360035	120.660035	4.030845	-2.797997
-155.710999	20.046000	1475.895000	144.970000	38.220000	18.000000	120.232829	119.032829	121.332829	4.058207	-3.064627
-159.401001	21.971001	1363.900000	144.970000	38.220000	18.000000	120.142358	118.742358	121.642358	3.951647	-2.022470
-156.658005	20.891001	1440.904000	144.970000	38.220000	18.000000	120.453053	119.753053	121.153053	4.010134	-2.346218
-159.664993	22.122999	1354.911000	144.970000	38.220000	18.000000	120.644119	118.844119	122.544119	3.945265	-1.422716
-156.755997	21.136000	1434.913000	144.970000	38.220000	18.000000	120.255914	119.555914	120.855914	3.981679	-2.388515
-154.617798	20.088900	1498.890000	144.970000	38.220000	18.000000	119.195520	118.495520	119.895520	4.069985	-4.047422
-155.679398	21.205500	1457.893000	144.970000	38.220000	18.000000	120.704407	120.204407	121.104407	4.015028	-1.875816
-154.482803	21.001900	1488.879000	144.970000	38.220000	18.000000	119.571148	118.971148	120.071148	4.055478	-3.125438
-153.982697	21.519699	1487.883000	144.970000	38.220000	18.000000	124.226391	123.826391	124.626391	4.061403	1.839779
-153.292099	20.892599	1511.884000	144.970000	38.220000	18.000000	124.548489	124.148489	124.948489	4.136650	1.784445
-153.902405	19.979099	1514.880000	144.970000	38.220000	18.000000	120.457846	120.057846	120.957846	4.081145	-2.836932
-153.503204	19.495199	1530.876000	144.970000	38.220000	18.000000	120.696164	119.996164	121.296164	4.104946	-2.867722
-153.992294	18.797600	1530.890000	144.970000	38.220000	18.000000	121.505711	120.505711	122.505711	4.084228	-2.462659
-153.295898	18.800900	1543.890000	144.970000	38.220000	18.000000	122.259558	121.559558	122.859558	4.132176	-1.685351
-152.132401	18.481400	1573.884000	144.970000	38.220000	18.000000	121.840253	121.240253	122.440253	4.157545	-2.248675
-153.290604	17.906200	1557.887000	144.970000	38.220000	18.000000	122.540891	121.540891	123.440891	4.157073	-1.888562
-153.700806	17.297501	1555.893000	144.970000	38.220000	18.000000	120.102633	119.702633	120.502633	4.147258	-4.671608
-154.691299	17.180099	1534.884000	144.970000	38.220000	18.000000	119.364469	119.064469	119.664469	4.142692	-5.534482
-154.030502	17.988400	1539.882000	144.970000	38.220000	18.000000	121.435777	120.835777	122.035777	4.105774	-2.982417
-154.495895	18.401699	1524.878000	144.970000	38.220000	18.000000	122.724795	122.024795	123.424795	4.083894	-1.486141
-154.797394	18.803101	1512.879000	144.970000	38.220000	18.000000	122.516093	121.716093	123.416093	4.076670	-1.480693
-155.714996	18.000299	1501.881000	144.970000	38.220000	18.000000	120.120811	119.820811	120.520811	4.071117	-4.387854
-156.808197	18.404200	1470.899000	144.970000	38.220000	18.000000	119.332674	119.032674	119.632674	4.027558	-5.015386
-156.167007	18.301001	1487.878000	144.970000	38.220000	18.000000	120.714555	120.414555	120.914555	4.057084	-3.649692
-157.227295	18.984800	1453.883000	144.970000	38.220000	18.000000	119.313373	119.013373	119.713373	4.006592	-4.711135
-156.510101	19.477699	1464.887000	144.970000	38.220000	18.000000	121.634646	121.034646	122.334646	4.052591	-2.043642
-156.932007	19.832701	1449.884000	144.970000	38.220000	18.000000	120.339928	119.839928	120.839928	3.987520	-3.140064
-157.627594	20.346100	1426.883000	144.970000	38.220000	18.000000	119.851975	119.251975	120.451975	3.964647	-3.335659
