-155.772995	19.079000	2618.229000	-68.130000	-22.460000	155.300000
-155.996994	20.771000	2640.233000	-68.130000	-22.460000	155.300000
-159.401001	21.971001	2733.233000	-68.130000	-22.460000	155.300000
-156.755997	21.136000	2661.246000	-68.130000	-22.460000	155.300000
-154.617798	20.088900	2599.792000	-68.130000	-22.460000	155.300000
-155.679398	21.205500	2635.012000	-68.130000	-22.460000	155.300000
-154.482803	21.001900	2606.213000	-68.130000	-22.460000	155.300000
-153.982697	21.519699	2595.695000	-68.130000	-22.460000	155.300000
-153.902405	19.979099	2581.336000	-68.130000	-22.460000	155.300000
-153.992294	18.797600	2571.566000	-68.130000	-22.460000	155.300000
-152.132401	18.481400	2522.595000	-68.130000	-22.460000	155.300000
-153.290604	17.906200	2544.497000	-68.130000	-22.460000	155.300000
-153.700806	17.297501	2548.703000	-68.130000	-22.460000	155.300000
-154.691299	17.180099	2570.212000	-68.130000	-22.460000	155.300000
-154.030502	17.988400	2564.205000	-68.130000	-22.460000	155.300000
-154.495895	18.401699	2579.212000	-68.130000	-22.460000	155.300000
-154.797394	18.803101	2591.281000	-68.130000	-22.460000	155.300000
-155.714996	18.000299	2604.653000	-68.130000	-22.460000	155.300000
-156.808197	18.404200	2635.313000	-68.130000	-22.460000	155.300000
-156.167007	18.301001	2617.549000	-68.130000	-22.460000	155.300000
-157.227295	18.984800	2652.237000	-68.130000	-22.460000	155.300000
-156.932007	19.832701	2654.877000	-68.130000	-22.460000	155.300000
-157.627594	20.346100	2677.200000	-68.130000	-22.460000	155.300000
