-155.714996	18.000299	1830.785000	130.150000	33.720000	12.000000	115.476850	115.176850	115.776850	4.059093	-4.295584
-156.167007	18.301001	1815.760000	130.150000	33.720000	12.000000	114.724170	114.524170	114.924170	4.043631	-4.886806
-156.465103	18.775000	1803.924000	130.150000	33.720000	12.000000	115.625930	115.325930	115.825930	4.051088	-3.770950
-155.772995	19.079000	1817.486000	130.150000	33.720000	12.000000	117.086301	116.586301	117.586301	4.091346	-2.278938
-157.931000	21.646000	1735.474000	130.150000	33.720000	12.000000	115.075144	114.375144	115.775144	4.046913	-2.944522
-155.996994	20.771000	1791.460000	130.150000	33.720000	12.000000	115.379757	114.979757	115.779757	4.066750	-3.298690
-154.983002	19.601000	1829.477000	130.150000	33.720000	12.000000	115.693996	115.193996	116.293996	4.086890	-3.581287
-155.710999	20.046000	1808.463000	130.150000	33.720000	12.000000	115.033862	114.133862	115.933862	4.060311	-3.970658
-159.401001	21.971001	1698.482000	130.150000	33.720000	12.000000	114.268136	112.968136	115.568136	4.022391	-3.384283
-156.658005	20.891001	1775.458000	130.150000	33.720000	12.000000	114.889368	114.289368	115.489368	4.072426	-3.641613
-157.270004	21.108999	1758.480000	130.150000	33.720000	12.000000	114.578319	113.978319	115.078319	4.057765	-3.771277
-156.755997	21.136000	1769.478000	130.150000	33.720000	12.000000	114.899702	114.499702	115.399702	4.043984	-3.515655
-154.617798	20.088900	1832.449000	130.150000	33.720000	12.000000	114.649373	114.249373	115.149373	4.078739	-4.498296
-155.679398	21.205500	1793.225000	130.150000	33.720000	12.000000	115.605083	115.205083	115.905083	4.065105	-2.949927
-154.994400	21.507000	1804.717000	130.150000	33.720000	12.000000	116.780724	116.480724	117.080724	4.070520	-1.768326
-154.482803	21.001900	1823.446000	130.150000	33.720000	12.000000	115.914484	115.614484	116.214484	4.084805	-2.913659
-153.982697	21.519699	1825.599000	130.150000	33.720000	12.000000	119.176643	118.976643	119.476643	4.119377	0.457762
-153.292099	20.892599	1848.457000	130.150000	33.720000	12.000000	119.934523	119.634523	120.234523	4.189021	0.866346
-153.503204	19.495199	1863.462000	130.150000	33.720000	12.000000	116.853380	116.453380	117.153380	4.108963	-2.673266
-153.992294	18.797600	1862.355000	130.150000	33.720000	12.000000	116.552247	115.852247	117.252247	4.080312	-3.147294
-152.132401	18.481400	1906.450000	130.150000	33.720000	12.000000	117.805660	117.205660	118.405660	4.194395	-2.257176
-153.290604	17.906200	1888.553000	130.150000	33.720000	12.000000	117.525322	116.825322	118.325322	4.110732	-2.566882
-153.700806	17.297501	1885.457000	130.150000	33.720000	12.000000	115.498393	115.098393	115.798393	4.102189	-4.744137
-154.691299	17.180099	1863.458000	130.150000	33.720000	12.000000	115.017655	114.717655	115.317655	4.103053	-5.155071
-154.030502	17.988400	1870.463000	130.150000	33.720000	12.000000	117.126648	116.526648	117.726648	4.081720	-2.846005
-154.495895	18.401699	1854.444000	130.150000	33.720000	12.000000	117.177918	116.677918	117.577918	4.081278	-2.594386
-154.797394	18.803101	1844.261000	130.150000	33.720000	12.000000	117.454035	116.554035	118.254035	4.092743	-2.137380
-155.714996	18.000299	1830.460000	130.150000	33.720000	12.000000	115.476850	115.176850	115.776850	4.059093	-4.295584
-156.808197	18.404200	1798.443000	130.150000	33.720000	12.000000	113.253855	112.953855	113.553855	3.996448	-6.247232
-156.167007	18.301001	1816.460000	130.150000	33.720000	12.000000	114.724170	114.524170	114.924170	4.043631	-4.886806
-156.465103	18.775000	1803.449000	130.150000	33.720000	12.000000	115.625930	115.325930	115.825930	4.051088	-3.770950
-157.227295	18.984800	1782.447000	130.150000	33.720000	12.000000	113.812427	113.612427	114.012427	3.992222	-5.414188
-156.510101	19.477699	1795.648000	130.150000	33.720000	12.000000	116.677554	116.077554	117.177554	4.068369	-2.440728
-156.932007	19.832701	1780.461000	130.150000	33.720000	12.000000	114.948276	114.648276	115.248276	4.021751	-3.974638
-157.627594	20.346100	1758.463000	130.150000	33.720000	12.000000	114.898523	114.498523	115.298523	4.027352	-3.721800
