-155.772995	19.079000	1552.740000	142.050000	38.240000	37.000000	122.716597	122.016597	123.416597	4.039006	-1.090090
-157.931000	21.646000	1466.726000	142.050000	38.240000	37.000000	116.641199	113.741199	119.541199	3.690442	-5.685576
-155.996994	20.771000	1522.711000	142.050000	38.240000	37.000000	120.954052	120.354052	121.554052	4.003059	-1.906121
-154.983002	19.601000	1563.708000	142.050000	38.240000	37.000000	120.804555	119.704555	121.804555	4.042905	-2.710747
-159.401001	21.971001	1420.740000	142.050000	38.240000	37.000000	114.108523	109.808523	118.508523	3.534499	-8.013841
-156.658005	20.891001	1506.712000	142.050000	38.240000	37.000000	120.138659	118.838659	121.438659	3.907334	-2.648407
-157.270004	21.108999	1489.733000	142.050000	38.240000	37.000000	119.592315	117.892315	121.192315	3.862507	-3.064059
-154.617798	20.088900	1563.696000	142.050000	38.240000	37.000000	120.293872	119.693872	120.793872	4.042398	-2.958939
-155.679398	21.205500	1522.701000	142.050000	38.240000	37.000000	121.516899	121.016899	122.016899	3.991917	-1.097230
-154.482803	21.001900	1553.698000	142.050000	38.240000	37.000000	120.597354	120.097354	121.097354	4.009212	-2.158207
-153.982697	21.519699	1552.703000	142.050000	38.240000	37.000000	125.075258	124.675258	125.375258	4.004088	2.589328
-153.292099	20.892599	1576.700000	142.050000	38.240000	37.000000	125.689749	125.289749	126.089749	4.090986	2.837859
-153.902405	19.979099	1580.703000	142.050000	38.240000	37.000000	120.764888	120.164888	121.264888	4.044018	-2.555699
-153.503204	19.495199	1596.706000	142.050000	38.240000	37.000000	120.996810	120.296810	121.696810	4.041109	-2.581546
-154.393997	19.262501	1581.711000	142.050000	38.240000	37.000000	120.974274	119.774274	122.074274	4.039195	-2.720674
-153.992294	18.797600	1596.716000	142.050000	38.240000	37.000000	121.880566	120.980566	122.880566	4.035522	-2.054755
-153.295898	18.800900	1611.708000	142.050000	38.240000	37.000000	121.445944	120.445944	122.445944	4.057085	-2.486992
-152.132401	18.481400	1639.707000	142.050000	38.240000	37.000000	122.536964	121.836964	123.236964	4.158109	-1.559494
-153.290604	17.906200	1623.713000	142.050000	38.240000	37.000000	122.205773	121.305773	123.105773	4.088011	-2.170773
-153.700806	17.297501	1621.702000	142.050000	38.240000	37.000000	119.446418	119.046418	119.846418	4.114299	-5.234831
-154.691299	17.180099	1600.697000	142.050000	38.240000	37.000000	119.087726	118.687726	119.387726	4.112475	-5.681839
-154.030502	17.988400	1606.692000	142.050000	38.240000	37.000000	122.290057	121.590057	122.990057	4.048474	-2.056340
-154.495895	18.401699	1590.714000	142.050000	38.240000	37.000000	122.981044	122.281044	123.681044	4.034777	-1.162902
-154.797394	18.803101	1578.698000	142.050000	38.240000	37.000000	122.877162	121.977162	123.677162	4.042121	-1.062181
-155.714996	18.000299	1567.712000	142.050000	38.240000	37.000000	120.044458	119.744458	120.344458	4.038858	-4.339843
-156.808197	18.404200	1536.703000	142.050000	38.240000	37.000000	119.544919	119.144919	119.844919	4.010245	-4.662244
-156.167007	18.301001	1552.714000	142.050000	38.240000	37.000000	119.737010	119.437010	120.037010	4.018064	-4.502442
-157.227295	18.984800	1519.693000	142.050000	38.240000	37.000000	119.832655	119.532655	120.232655	3.983089	-4.065361
-156.510101	19.477699	1530.712000	142.050000	38.240000	37.000000	122.281967	121.581967	122.981967	4.008794	-1.317534
-156.932007	19.832701	1515.696000	142.050000	38.240000	37.000000	121.889058	120.789058	122.989058	3.882765	-1.516194
-157.627594	20.346100	1492.696000	142.050000	38.240000	37.000000	121.702355	120.102355	123.302355	3.865900	-1.414124
