-155.772995	19.079000	1025.990000	179.520000	51.150000	18.000000	158.366373	157.466373	159.266373	3.944039	3.864407
-157.931000	21.646000	934.986000	179.520000	51.150000	18.000000	155.007580	152.907580	157.007580	3.834363	0.251385
-155.996994	20.771000	977.962000	179.520000	51.150000	18.000000	155.846804	155.446804	156.246804	3.932353	2.158533
-154.983002	19.601000	1019.984000	179.520000	51.150000	18.000000	155.188420	154.588420	155.788420	3.989411	1.598271
-159.401001	21.971001	906.990000	179.520000	51.150000	18.000000	152.787234	151.287234	154.287234	3.903092	-3.066031
-156.658005	20.891001	967.983000	179.520000	51.150000	18.000000	155.606940	155.006940	156.306940	3.873523	1.455266
-156.755997	21.136000	959.981000	179.520000	51.150000	18.000000	155.764380	155.164380	156.264380	3.849720	1.682672
-154.617798	20.088900	1010.943000	179.520000	51.150000	18.000000	154.719041	154.419041	155.119041	3.988022	1.697039
-155.679398	21.205500	970.378000	179.520000	51.150000	18.000000	155.060764	154.760764	155.460764	3.925623	1.896382
-154.482803	21.001900	988.948000	179.520000	51.150000	18.000000	154.330592	154.030592	154.530592	3.939641	1.973380
-153.982697	21.519699	978.944000	179.520000	51.150000	18.000000	156.322876	156.122876	156.622876	3.895186	4.677912
-153.902405	19.979099	1020.965000	179.520000	51.150000	18.000000	155.215569	154.915569	155.415569	3.993229	2.667169
-153.992294	18.797600	1049.959000	179.520000	51.150000	18.000000	155.911456	155.511456	156.211456	4.001319	2.608161
-153.295898	18.800900	1058.946000	179.520000	51.150000	18.000000	154.068452	153.468452	154.568452	4.028321	1.277129
-152.132401	18.481400	1075.942000	179.520000	51.150000	18.000000	156.855542	156.555542	157.155542	4.103674	4.709603
-153.290604	17.906200	1078.944000	179.520000	51.150000	18.000000	156.303042	155.903042	156.703042	4.102168	3.018342
-153.700806	17.297501	1089.753000	179.520000	51.150000	18.000000	156.473101	155.973101	156.873101	4.107475	2.567076
-154.691299	17.180099	1083.971000	179.520000	51.150000	18.000000	157.983439	157.583439	158.383439	4.036700	3.287894
-154.030502	17.988400	1069.963000	179.520000	51.150000	18.000000	156.137704	155.737704	156.637704	4.062294	2.358937
-154.495895	18.401699	1053.954000	179.520000	51.150000	18.000000	156.879157	156.379157	157.279157	3.998069	2.980157
-154.797394	18.803101	1042.944000	179.520000	51.150000	18.000000	156.107955	155.307955	157.007955	3.978871	2.204179
-155.714996	18.000299	1051.954000	179.520000	51.150000	18.000000	156.931997	156.631997	157.231997	3.988057	1.887287
-156.808197	18.404200	1031.060000	179.520000	51.150000	18.000000	158.388495	158.088495	158.588495	3.962437	2.696711
-156.167007	18.301001	1039.950000	179.520000	51.150000	18.000000	157.556897	157.356897	157.856897	3.973415	2.319533
-156.465103	18.775000	1025.956000	179.520000	51.150000	18.000000	158.951554	158.551554	159.351554	3.941681	3.734120
-157.227295	18.984800	1009.970000	179.520000	51.150000	18.000000	156.291043	155.991043	156.591043	3.980060	0.572645
-156.510101	19.477699	1006.960000	179.520000	51.150000	18.000000	158.224766	157.824766	158.624766	3.930231	3.362067
-156.932007	19.832701	991.961000	179.520000	51.150000	18.000000	156.675973	156.275973	157.175973	3.903282	1.673261
-157.627594	20.346100	970.956000	179.520000	51.150000	18.000000	156.317195	155.917195	156.717195	3.880907	1.034755
-153.992294	18.797600	1049.659000	179.520000	51.150000	18.000000	155.911456	155.511456	156.211456	4.001319	2.608161
-154.030502	17.988400	1069.488000	179.520000	51.150000	18.000000	156.137704	155.737704	156.637704	4.062294	2.358937
-155.714996	18.000299	1051.679000	179.520000	51.150000	18.000000	156.931997	156.631997	157.231997	3.988057	1.887287
-156.167007	18.301001	1039.625000	179.520000	51.150000	18.000000	157.556897	157.356897	157.856897	3.973415	2.319533
-157.627594	20.346100	970.456000	179.520000	51.150000	18.000000	156.317195	155.917195	156.717195	3.880907	1.034755
