-157.931000	21.646000	1379.666000	159.690000	-7.660000	28.000000	62.785123	62.585123	62.985123	4.061287	3.314232
-155.996994	20.771000	1413.657000	159.690000	-7.660000	28.000000	61.295448	60.695448	61.895448	4.009080	-0.191316
-154.983002	19.601000	1422.671000	159.690000	-7.660000	28.000000	62.568310	61.568310	63.468310	4.063097	-0.417959
-156.658005	20.891001	1399.673000	159.690000	-7.660000	28.000000	61.482660	60.782660	62.082660	4.002676	0.548433
-156.755997	21.136000	1400.689000	159.690000	-7.660000	28.000000	61.152475	60.552475	61.752475	4.002429	0.458824
-154.617798	20.088900	1437.696000	159.690000	-7.660000	28.000000	61.817854	60.617854	62.917854	4.058184	-1.079195
-154.994400	21.507000	1444.758000	159.690000	-7.660000	28.000000	62.640559	62.240559	63.040559	4.037505	0.947110
-154.482803	21.001900	1449.658000	159.690000	-7.660000	28.000000	63.176316	62.576316	63.876316	4.075449	0.797465
-153.982697	21.519699	1468.736000	159.690000	-7.660000	28.000000	62.175050	61.775050	62.575050	4.053371	-0.206699
-153.503204	19.495199	1453.687000	159.690000	-7.660000	28.000000	63.067145	62.667145	63.567145	4.135893	-0.956603
-154.393997	19.262501	1430.670000	159.690000	-7.660000	28.000000	63.064465	62.564465	63.564465	4.062211	-0.541892
-152.132401	18.481400	1471.728000	159.690000	-7.660000	28.000000	62.686673	62.486673	62.786673	4.146843	-2.856357
-154.691299	17.180099	1397.652000	159.690000	-7.660000	28.000000	63.287210	62.687210	63.787210	4.043128	-1.593221
-154.495895	18.401699	1417.718000	159.690000	-7.660000	28.000000	63.486310	62.986310	63.986310	4.070282	-0.649622
-156.808197	18.404200	1361.693000	159.690000	-7.660000	28.000000	61.121571	60.121571	62.121571	3.951837	-1.491432
-157.227295	18.984800	1363.664000	159.690000	-7.660000	28.000000	63.211736	61.611736	64.811736	3.966321	1.315833
