-155.772995	19.079000	1558.491000	152.360000	-6.730000	12.000000
-155.996994	20.771000	1572.505000	152.360000	-6.730000	12.000000
-155.710999	20.046000	1570.501000	152.360000	-6.730000	12.000000
-159.401001	21.971001	1507.505000	152.360000	-6.730000	12.000000
-156.658005	20.891001	1557.508000	152.360000	-6.730000	12.000000
-156.755997	21.136000	1557.517000	152.360000	-6.730000	12.000000
-154.617798	20.088900	1596.027000	152.360000	-6.730000	12.000000
-155.679398	21.205500	1585.188000	152.360000	-6.730000	12.000000
-154.482803	21.001900	1613.483000	152.360000	-6.730000	12.000000
-153.292099	20.892599	1636.335000	152.360000	-6.730000	12.000000
-153.902405	19.979099	1613.488000	152.360000	-6.730000	12.000000
-153.503204	19.495199	1615.579000	152.360000	-6.730000	12.000000
-153.992294	18.797600	1597.483000	152.360000	-6.730000	12.000000
-153.295898	18.800900	1612.278000	152.360000	-6.730000	12.000000
-153.290604	17.906200	1604.785000	152.360000	-6.730000	12.000000
-153.700806	17.297501	1588.499000	152.360000	-6.730000	12.000000
-154.691299	17.180099	1563.483000	152.360000	-6.730000	12.000000
-154.797394	18.803101	1578.086000	152.360000	-6.730000	12.000000
-155.714996	18.000299	1550.032000	152.360000	-6.730000	12.000000
-156.808197	18.404200	1526.479000	152.360000	-6.730000	12.000000
-157.227295	18.984800	1521.488000	152.360000	-6.730000	12.000000
-157.627594	20.346100	1528.544000	152.360000	-6.730000	12.000000
