-155.772995	19.079000	1487.894000	144.970000	38.220000	18.000000
-155.996994	20.771000	1457.901000	144.970000	38.220000	18.000000
-155.710999	20.046000	1475.895000	144.970000	38.220000	18.000000
-159.401001	21.971001	1363.900000	144.970000	38.220000	18.000000
-156.658005	20.891001	1440.904000	144.970000	38.220000	18.000000
-159.664993	22.122999	1354.911000	144.970000	38.220000	18.000000
-156.755997	21.136000	1434.913000	144.970000	38.220000	18.000000
-154.617798	20.088900	1498.890000	144.970000	38.220000	18.000000
-155.679398	21.205500	1457.893000	144.970000	38.220000	18.000000
-154.482803	21.001900	1488.879000	144.970000	38.220000	18.000000
-153.982697	21.519699	1487.883000	144.970000	38.220000	18.000000
-153.292099	20.892599	1511.884000	144.970000	38.220000	18.000000
-153.902405	19.979099	1514.880000	144.970000	38.220000	18.000000
-153.503204	19.495199	1530.876000	144.970000	38.220000	18.000000
-153.992294	18.797600	1530.890000	144.970000	38.220000	18.000000
-153.295898	18.800900	1543.890000	144.970000	38.220000	18.000000
-152.132401	18.481400	1573.884000	144.970000	38.220000	18.000000
-153.290604	17.906200	1557.887000	144.970000	38.220000	18.000000
-153.700806	17.297501	1555.893000	144.970000	38.220000	18.000000
-154.691299	17.180099	1534.884000	144.970000	38.220000	18.000000
-154.030502	17.988400	1539.882000	144.970000	38.220000	18.000000
-154.495895	18.401699	1524.878000	144.970000	38.220000	18.000000
-154.797394	18.803101	1512.879000	144.970000	38.220000	18.000000
-155.714996	18.000299	1501.881000	144.970000	38.220000	18.000000
-156.808197	18.404200	1470.899000	144.970000	38.220000	18.000000
-156.167007	18.301001	1487.878000	144.970000	38.220000	18.000000
-157.227295	18.984800	1453.883000	144.970000	38.220000	18.000000
-156.510101	19.477699	1464.887000	144.970000	38.220000	18.000000
-156.932007	19.832701	1449.884000	144.970000	38.220000	18.000000
-157.627594	20.346100	1426.883000	144.970000	38.220000	18.000000
