-155.772995	19.079000	1495.136000	146.190000	15.880000	132.000000	91.516796	91.016796	92.016796	4.117740	-4.926820
-157.931000	21.646000	1435.123000	146.190000	15.880000	132.000000	92.687426	92.187426	93.187426	3.852458	-1.285953
-155.996994	20.771000	1490.113000	146.190000	15.880000	132.000000	90.688326	89.988326	91.288326	4.019633	-4.515781
-154.983002	19.601000	1517.147000	146.190000	15.880000	132.000000	91.587404	90.787404	92.287404	4.134140	-4.705172
-156.658005	20.891001	1472.132000	146.190000	15.880000	132.000000	91.208491	90.708491	91.708491	4.004102	-3.714195
-156.755997	21.136000	1469.145000	146.190000	15.880000	132.000000	91.016751	90.516751	91.416751	3.964998	-3.699827
-154.617798	20.088900	1525.134000	146.190000	15.880000	132.000000	91.057954	90.657954	91.557954	4.128309	-5.006860
-155.679398	21.205500	1497.067000	146.190000	15.880000	132.000000	91.027495	90.627495	91.427495	4.021524	-3.968283
-154.994400	21.507000	1514.131000	146.190000	15.880000	132.000000	91.395017	90.995017	91.795017	4.023727	-3.604507
-154.482803	21.001900	1527.116000	146.190000	15.880000	132.000000	91.649441	91.349441	92.049441	4.105439	-3.845991
-153.982697	21.519699	1539.111000	146.190000	15.880000	132.000000	92.178019	91.878019	92.478019	4.104949	-3.127355
-153.292099	20.892599	1556.108000	146.190000	15.880000	132.000000	92.347242	91.947242	92.647242	4.211715	-3.572735
-154.393997	19.262501	1534.128000	146.190000	15.880000	132.000000	92.316744	90.916744	93.716744	4.152960	-4.355073
-153.992294	18.797600	1542.124000	146.190000	15.880000	132.000000	92.814623	92.314623	93.314623	4.170055	-4.261552
-152.132401	18.481400	1588.199000	146.190000	15.880000	132.000000	92.516875	91.416875	93.616875	4.329828	-5.208334
-153.290604	17.906200	1559.118000	146.190000	15.880000	132.000000	91.862458	91.062458	92.562458	4.231939	-5.946763
-153.700806	17.297501	1550.013000	146.190000	15.880000	132.000000	91.741101	91.141101	92.241101	4.178887	-6.362026
-154.691299	17.180099	1526.121000	146.190000	15.880000	132.000000	93.137674	92.637674	93.637674	4.154679	-4.833782
-154.030502	17.988400	1540.108000	146.190000	15.880000	132.000000	91.377719	90.677719	92.077719	4.162989	-6.211687
-154.495895	18.401699	1529.173000	146.190000	15.880000	132.000000	92.655648	92.255648	92.955648	4.168273	-4.556940
-154.797394	18.803101	1523.121000	146.190000	15.880000	132.000000	93.819029	93.019029	94.519029	4.162084	-3.055280
-155.714996	18.000299	1500.259000	146.190000	15.880000	132.000000	94.111684	93.411684	94.811684	4.158096	-3.087578
-156.808197	18.404200	1470.115000	146.190000	15.880000	132.000000	92.074608	91.674608	92.374608	4.080697	-4.589053
-156.465103	18.775000	1479.294000	146.190000	15.880000	132.000000	93.176093	92.676093	93.676093	4.098353	-3.307091
-157.227295	18.984800	1458.138000	146.190000	15.880000	132.000000	92.016813	91.616813	92.516813	4.012146	-4.126668
-156.510101	19.477699	1477.115000	146.190000	15.880000	132.000000	92.524022	91.924022	93.024022	4.037362	-3.449982
-157.627594	20.346100	1447.126000	146.190000	15.880000	132.000000	91.579088	90.879088	92.179088	3.957531	-3.457548
