-155.772995	19.079000	1026.737000	179.520000	51.150000	18.000000	158.566373	157.666373	159.566373	3.930066	4.064407
-157.931000	21.646000	935.733000	179.520000	51.150000	18.000000	154.607580	152.607580	156.607580	3.836719	-0.148615
-155.996994	20.771000	979.709000	179.520000	51.150000	18.000000	155.446804	154.646804	156.146804	3.923032	1.758533
-154.983002	19.601000	1020.731000	179.520000	51.150000	18.000000	155.588420	154.888420	156.388420	3.984373	1.998271
-159.401001	21.971001	907.737000	179.520000	51.150000	18.000000	152.787234	151.387234	154.287234	3.903093	-3.066031
-156.658005	20.891001	968.730000	179.520000	51.150000	18.000000	155.806940	155.106940	156.606940	3.843747	1.655266
-156.755997	21.136000	960.727000	179.520000	51.150000	18.000000	155.864380	155.264380	156.464380	3.841575	1.782672
-155.679398	21.205500	971.125000	179.520000	51.150000	18.000000	155.160764	154.760764	155.560764	3.919496	1.996382
-154.482803	21.001900	989.696000	179.520000	51.150000	18.000000	154.430592	154.130592	154.730592	3.944556	2.073380
-153.982697	21.519699	979.691000	179.520000	51.150000	18.000000	156.422876	156.222876	156.722876	3.905149	4.777912
-153.902405	19.979099	1021.712000	179.520000	51.150000	18.000000	155.415569	155.115569	155.715569	3.989843	2.867169
-153.992294	18.797600	1050.706000	179.520000	51.150000	18.000000	156.211456	155.811456	156.611456	3.999260	2.908161
-152.132401	18.481400	1076.689000	179.520000	51.150000	18.000000	156.855542	156.855542	156.855542	4.100277	4.709603
-153.290604	17.906200	1079.690000	179.520000	51.150000	18.000000	157.403042	157.103042	157.703042	4.088973	4.118342
-154.691299	17.180099	1084.717000	179.520000	51.150000	18.000000	158.083439	157.783439	158.483439	4.020049	3.387894
-154.030502	17.988400	1070.709000	179.520000	51.150000	18.000000	156.637704	156.137704	157.237704	4.044900	2.858937
-154.797394	18.803101	1042.691000	179.520000	51.150000	18.000000	156.807955	156.107955	157.407955	3.964088	2.904179
-156.808197	18.404200	1031.806000	179.520000	51.150000	18.000000	158.188495	157.888495	158.388495	3.948041	2.496711
-156.465103	18.775000	1026.703000	179.520000	51.150000	18.000000	158.951554	158.551554	159.451554	3.931722	3.734120
-157.227295	18.984800	1010.717000	179.520000	51.150000	18.000000	156.191043	155.791043	156.591043	3.987887	0.472645
-156.510101	19.477699	1007.707000	179.520000	51.150000	18.000000	158.324766	157.824766	158.824766	3.927108	3.462067
-156.932007	19.832701	992.708000	179.520000	51.150000	18.000000	156.675973	156.175973	157.175973	3.883916	1.673261
-157.627594	20.346100	971.703000	179.520000	51.150000	18.000000	156.317195	155.817195	156.717195	3.849109	1.034755
-153.992294	18.797600	1050.406000	179.520000	51.150000	18.000000	156.211456	155.811456	156.611456	3.999260	2.908161
-154.030502	17.988400	1070.235000	179.520000	51.150000	18.000000	156.637704	156.137704	157.237704	4.044900	2.858937
-157.627594	20.346100	971.203000	179.520000	51.150000	18.000000	156.317195	155.817195	156.717195	3.849109	1.034755
