-153.295898	18.800900	1541.988000	-178.780000	-32.780000	46.000000	23.738914	23.038914	24.438914	3.968949	-1.798927
-153.290604	17.906200	1520.806000	-178.780000	-32.780000	46.000000	25.608307	25.108307	26.208307	3.961289	-0.189304
-157.627594	20.346100	1538.074000	-178.780000	-32.780000	46.000000	22.037442	21.337442	22.737442	3.976549	0.790063
-155.772995	19.079000	1523.697000	-178.780000	-32.780000	46.000000	22.648151	22.248151	23.148151	3.983590	-0.607559
-155.996994	20.771000	1565.671000	-178.780000	-32.780000	46.000000	22.531336	21.731336	23.331336	3.968110	-0.095265
-154.983002	19.601000	1545.690000	-178.780000	-32.780000	46.000000	23.616184	23.116184	24.216184	3.960069	-0.212938
-155.710999	20.046000	1549.673000	-178.780000	-32.780000	46.000000	22.457785	21.957785	22.957785	3.983806	-0.604912
-159.401001	21.971001	1559.698000	-178.780000	-32.780000	46.000000	22.925764	22.325764	23.525764	4.131560	3.675036
-156.658005	20.891001	1562.665000	-178.780000	-32.780000	46.000000	23.501629	22.101629	24.901629	3.909083	1.499577
-157.270004	21.108999	1558.690000	-178.780000	-32.780000	46.000000	23.978059	22.778059	25.078059	3.921563	2.582137
-153.503204	19.495199	1558.357000	-178.780000	-32.780000	46.000000	24.275445	23.775445	24.875445	3.961602	-0.890137
-154.393997	19.262501	1539.719000	-178.780000	-32.780000	46.000000	22.085050	20.285050	23.885050	4.018261	-2.358027
-153.992294	18.797600	1536.435000	-178.780000	-32.780000	46.000000	24.928751	23.928751	25.928751	3.937679	0.003131
-153.295898	18.800900	1541.664000	-178.780000	-32.780000	46.000000	23.738914	23.038914	24.438914	3.968949	-1.798927
-153.290604	17.906200	1520.656000	-178.780000	-32.780000	46.000000	25.608307	25.108307	26.208307	3.961289	-0.189304
-154.691299	17.180099	1485.654000	-178.780000	-32.780000	46.000000	23.620833	22.620833	24.620833	3.966083	-1.140575
-154.797394	18.803101	1529.356000	-178.780000	-32.780000	46.000000	23.795788	22.595788	25.095788	3.937011	-0.411913
-155.714996	18.000299	1495.653000	-178.780000	-32.780000	46.000000	23.227377	22.927377	23.627377	3.934862	-0.372019
-157.627594	20.346100	1537.675000	-178.780000	-32.780000	46.000000	22.037442	21.337442	22.737442	3.976549	0.790063
