-155.772995	19.079000	1674.831000	146.180000	-3.330000	14.000000	71.098205	69.998205	72.198205	4.049976	-3.862330
-154.983002	19.601000	1700.796000	146.180000	-3.330000	14.000000	69.544618	68.844618	70.244618	4.032125	-5.509929
-155.710999	20.046000	1685.808000	146.180000	-3.330000	14.000000	71.453766	70.953766	71.853766	4.031256	-3.028240
-154.617798	20.088900	1712.709000	146.180000	-3.330000	14.000000	71.412918	70.912918	71.912918	4.052348	-3.565514
-153.902405	19.979099	1729.796000	146.180000	-3.330000	14.000000	70.825316	70.225316	71.325316	4.057428	-4.540399
-154.393997	19.262501	1713.854000	146.180000	-3.330000	14.000000	69.873471	67.773471	71.973471	4.030533	-5.622318
-153.992294	18.797600	1716.649000	146.180000	-3.330000	14.000000	70.785833	70.085833	71.485833	4.036208	-5.121561
-153.700806	17.297501	1710.137000	146.180000	-3.330000	14.000000	70.798180	70.498180	71.098180	4.069567	-5.981982
-154.495895	18.401699	1700.834000	146.180000	-3.330000	14.000000	70.787386	70.187386	71.287386	4.036766	-5.098246
-154.797394	18.803101	1698.168000	146.180000	-3.330000	14.000000	71.567963	70.667963	72.467963	4.048556	-3.979237
-155.714996	18.000299	1668.231000	146.180000	-3.330000	14.000000	71.904828	71.304828	72.404828	4.051987	-3.655742
-156.808197	18.404200	1644.792000	146.180000	-3.330000	14.000000	70.652385	69.852385	71.452385	4.047172	-4.197547
-156.167007	18.301001	1659.799000	146.180000	-3.330000	14.000000	71.447760	70.647760	72.147760	4.051228	-3.749736
-156.465103	18.775000	1656.801000	146.180000	-3.330000	14.000000	70.138615	69.138615	71.038615	4.042276	-4.665587
-157.227295	18.984800	1638.811000	146.180000	-3.330000	14.000000	71.484709	70.584709	72.384709	4.031410	-2.847662
-156.510101	19.477699	1661.048000	146.180000	-3.330000	14.000000	71.448458	70.848458	72.048458	4.031252	-2.953784
