-155.772995	19.079000	2972.866000	91.880000	7.920000	12.000000
-157.931000	21.646000	2901.867000	91.880000	7.920000	12.000000
-155.996994	20.771000	2956.838000	91.880000	7.920000	12.000000
-154.983002	19.601000	2991.855000	91.880000	7.920000	12.000000
-159.401001	21.971001	2856.867000	91.880000	7.920000	12.000000
-156.658005	20.891001	2938.862000	91.880000	7.920000	12.000000
-157.270004	21.108999	2921.859000	91.880000	7.920000	12.000000
-154.617798	20.088900	2996.832000	91.880000	7.920000	12.000000
-155.679398	21.205500	2960.842000	91.880000	7.920000	12.000000
-154.482803	21.001900	2994.824000	91.880000	7.920000	12.000000
-153.982697	21.519699	2999.824000	91.880000	7.920000	12.000000
-153.902405	19.979099	3014.825000	91.880000	7.920000	12.000000
-153.503204	19.495199	3028.824000	91.880000	7.920000	12.000000
-154.393997	19.262501	3006.838000	91.880000	7.920000	12.000000
-153.992294	18.797600	3021.818000	91.880000	7.920000	12.000000
-153.295898	18.800900	3038.834000	91.880000	7.920000	12.000000
-152.132401	18.481400	3068.835000	91.880000	7.920000	12.000000
-153.290604	17.906200	3044.823000	91.880000	7.920000	12.000000
-153.700806	17.297501	3034.842000	91.880000	7.920000	12.000000
-154.691299	17.180099	3008.824000	91.880000	7.920000	12.000000
-154.030502	17.988400	3023.823000	91.880000	7.920000	12.000000
-154.495895	18.401699	3009.821000	91.880000	7.920000	12.000000
-154.797394	18.803101	3000.839000	91.880000	7.920000	12.000000
-155.714996	18.000299	2979.836000	91.880000	7.920000	12.000000
-156.808197	18.404200	2950.826000	91.880000	7.920000	12.000000
-156.167007	18.301001	2967.821000	91.880000	7.920000	12.000000
-157.227295	18.984800	2936.834000	91.880000	7.920000	12.000000
-156.510101	19.477699	2952.833000	91.880000	7.920000	12.000000
-156.932007	19.832701	2939.827000	91.880000	7.920000	12.000000
-157.627594	20.346100	2917.830000	91.880000	7.920000	12.000000
