-157.931000	21.646000	1483.448000	153.190000	-4.530000	54.000000
-155.996994	20.771000	1525.438000	153.190000	-4.530000	54.000000
-154.983002	19.601000	1537.436000	153.190000	-4.530000	54.000000
-156.658005	20.891001	1510.454000	153.190000	-4.530000	54.000000
-154.617798	20.088900	1551.452000	153.190000	-4.530000	54.000000
-155.679398	21.205500	1537.454000	153.190000	-4.530000	54.000000
-154.482803	21.001900	1563.440000	153.190000	-4.530000	54.000000
-153.992294	18.797600	1550.441000	153.190000	-4.530000	54.000000
-152.132401	18.481400	1589.452000	153.190000	-4.530000	54.000000
-153.700806	17.297501	1542.314000	153.190000	-4.530000	54.000000
-154.691299	17.180099	1517.443000	153.190000	-4.530000	54.000000
-154.797394	18.803101	1529.441000	153.190000	-4.530000	54.000000
-155.714996	18.000299	1501.445000	153.190000	-4.530000	54.000000
-156.808197	18.404200	1479.371000	153.190000	-4.530000	54.000000
-157.227295	18.984800	1473.455000	153.190000	-4.530000	54.000000
-156.510101	19.477699	1498.444000	153.190000	-4.530000	54.000000
