-153.292099	20.892599	1519.970000	170.500000	-22.010000	78.300000	38.890014	38.290014	39.490014	3.957868	-2.707482
-155.996994	20.771000	1474.521000	170.500000	-22.010000	78.300000	37.630446	37.130446	38.230446	3.968529	-1.699473
-154.983002	19.601000	1465.515000	170.500000	-22.010000	78.300000	38.768388	38.368388	39.268388	3.939207	-1.999444
-155.710999	20.046000	1462.524000	170.500000	-22.010000	78.300000	38.160834	37.660834	38.560834	3.949418	-1.760969
-159.401001	21.971001	1444.527000	170.500000	-22.010000	78.300000	36.585838	36.485838	36.585838	3.874060	0.911349
-156.658005	20.891001	1465.518000	170.500000	-22.010000	78.300000	38.841056	38.441056	39.341056	4.004011	0.154392
-157.270004	21.108999	1459.540000	170.500000	-22.010000	78.300000	39.315061	39.015061	39.615061	3.954142	1.279934
-154.617798	20.088900	1482.424000	170.500000	-22.010000	78.300000	38.795520	38.295520	39.295520	3.938630	-2.053301
-154.994400	21.507000	1506.845000	170.500000	-22.010000	78.300000	38.039499	37.539499	38.539499	3.974119	-1.831765
-154.482803	21.001900	1505.508000	170.500000	-22.010000	78.300000	38.282374	37.282374	39.182374	3.960261	-2.258149
-153.292099	20.892599	1520.519000	170.500000	-22.010000	78.300000	38.890014	38.290014	39.490014	3.957868	-2.707482
-153.992294	18.797600	1464.366000	170.500000	-22.010000	78.300000	39.700952	39.400952	40.100952	3.946044	-2.302738
-153.295898	18.800900	1475.763000	170.500000	-22.010000	78.300000	39.502476	39.202476	39.802476	3.973199	-3.080911
-152.132401	18.481400	1489.660000	170.500000	-22.010000	78.300000	41.762332	41.462332	42.062332	3.916829	-1.928369
-153.700806	17.297501	1434.853000	170.500000	-22.010000	78.300000	38.423486	38.123486	38.723486	3.873646	-4.584300
-154.691299	17.180099	1415.521000	170.500000	-22.010000	78.300000	38.544180	38.244180	38.744180	3.875137	-3.693472
-154.030502	17.988400	1445.272000	170.500000	-22.010000	78.300000	39.145527	38.845527	39.445527	3.941801	-3.231653
-154.495895	18.401699	1446.551000	170.500000	-22.010000	78.300000	38.987443	38.687443	39.387443	3.943981	-2.787796
-156.808197	18.404200	1409.035000	170.500000	-22.010000	78.300000	37.183822	36.483822	37.783822	3.939970	-2.573277
-156.465103	18.775000	1425.141000	170.500000	-22.010000	78.300000	36.499536	35.199536	37.799536	3.919345	-3.376670
-157.227295	18.984800	1413.526000	170.500000	-22.010000	78.300000	37.822452	37.322452	38.322452	3.934241	-1.265679
-156.510101	19.477699	1438.764000	170.500000	-22.010000	78.300000	36.690974	35.890974	37.490974	3.918922	-2.798197
-156.932007	19.832701	1437.193000	170.500000	-22.010000	78.300000	39.120538	38.620538	39.620538	3.941624	0.180950
-157.627594	20.346100	1436.818000	170.500000	-22.010000	78.300000	39.474171	39.074171	39.774171	3.955259	1.409508
