-155.772995	19.079000	1674.831000	146.180000	-3.330000	14.000000
-154.983002	19.601000	1700.796000	146.180000	-3.330000	14.000000
-155.710999	20.046000	1685.808000	146.180000	-3.330000	14.000000
-154.617798	20.088900	1712.709000	146.180000	-3.330000	14.000000
-153.902405	19.979099	1729.796000	146.180000	-3.330000	14.000000
-154.393997	19.262501	1713.854000	146.180000	-3.330000	14.000000
-153.992294	18.797600	1716.649000	146.180000	-3.330000	14.000000
-153.700806	17.297501	1710.137000	146.180000	-3.330000	14.000000
-154.495895	18.401699	1700.834000	146.180000	-3.330000	14.000000
-154.797394	18.803101	1698.168000	146.180000	-3.330000	14.000000
-155.714996	18.000299	1668.231000	146.180000	-3.330000	14.000000
-156.808197	18.404200	1644.792000	146.180000	-3.330000	14.000000
-156.167007	18.301001	1659.799000	146.180000	-3.330000	14.000000
-156.465103	18.775000	1656.801000	146.180000	-3.330000	14.000000
-157.227295	18.984800	1638.811000	146.180000	-3.330000	14.000000
-156.510101	19.477699	1661.048000	146.180000	-3.330000	14.000000
