-155.996994	20.771000	1564.090000	140.380000	29.340000	12.000000	109.714789	109.214789	110.114789	3.908674	-2.616469
-159.401001	21.971001	1469.085000	140.380000	29.340000	12.000000	111.186391	110.486391	111.786391	3.997528	0.055815
-156.658005	20.891001	1546.104000	140.380000	29.340000	12.000000	109.360857	109.060857	109.660857	3.967466	-2.814207
-159.664993	22.122999	1461.074000	140.380000	29.340000	12.000000	110.919811	110.319811	111.519811	3.995651	-0.072626
-156.755997	21.136000	1541.153000	140.380000	29.340000	12.000000	110.530923	109.930923	111.130923	3.971905	-1.483412
-161.314896	21.956301	1422.067000	140.380000	29.340000	12.000000	109.496496	109.296496	109.696496	3.972367	-1.401392
-161.095001	23.997200	1409.078000	140.380000	29.340000	12.000000	108.786965	107.986965	109.586965	3.976280	-0.661948
-158.933105	24.573799	1454.066000	140.380000	29.340000	12.000000	110.482599	110.182599	110.882599	3.991975	1.052479
-155.765305	26.776699	1507.078000	140.380000	29.340000	12.000000	NaN	NaN	NaN	NaN	NaN
-152.765793	25.592800	1586.067000	140.380000	29.340000	12.000000	NaN	NaN	NaN	NaN	NaN
-156.964600	24.312099	1504.085000	140.380000	29.340000	12.000000	111.043330	110.443330	111.643330	4.012235	1.053168
-158.185394	22.620199	1492.086000	140.380000	29.340000	12.000000	110.348598	109.948598	110.848598	3.978098	-0.526411
-152.981201	18.301800	1661.084000	140.380000	29.340000	12.000000	108.051643	102.251643	113.551643	4.069363	-5.969655
-150.914993	18.914200	1701.075000	140.380000	29.340000	12.000000	NaN	NaN	NaN	NaN	NaN
-151.637604	16.737801	1708.071000	140.380000	29.340000	12.000000	109.762189	107.862189	111.562189	4.007613	-5.136827
-151.686600	14.689100	1725.082000	140.380000	29.340000	12.000000	NaN	NaN	NaN	NaN	NaN
-153.967499	14.731300	1666.096000	140.380000	29.340000	12.000000	109.090309	107.890309	110.290309	4.023428	-6.625736
-153.868195	17.315399	1644.070000	140.380000	29.340000	12.000000	109.576381	107.276381	111.876381	3.994867	-4.864465
-156.206604	16.162001	1599.079000	140.380000	29.340000	12.000000	110.565009	110.065009	111.165009	4.171339	-4.345418
-157.700806	16.348400	1561.070000	140.380000	29.340000	12.000000	NaN	NaN	NaN	NaN	NaN
-158.760193	18.564699	1516.072000	140.380000	29.340000	12.000000	109.651036	109.351036	110.051036	4.162106	-3.740280
-158.179504	20.377800	1513.087000	140.380000	29.340000	12.000000	109.377994	109.077994	109.677994	3.966695	-2.934231
