-155.772995	19.079000	1342.421000	167.600000	60.510000	12.000000	156.125247	155.425247	156.825247	3.942782	-0.922283
-155.996994	20.771000	1296.412000	167.600000	60.510000	12.000000	161.989100	160.089100	163.789100	3.893320	5.443240
-155.710999	20.046000	1318.407000	167.600000	60.510000	12.000000	157.845607	156.845607	158.845607	3.882130	1.161908
-159.401001	21.971001	1228.396000	167.600000	60.510000	12.000000	157.197009	155.197009	159.097009	3.963439	-0.473908
-156.658005	20.891001	1286.402000	167.600000	60.510000	12.000000	160.199270	157.999270	162.399270	3.815935	3.404580
-157.270004	21.108999	1274.426000	167.600000	60.510000	12.000000	157.904238	156.104238	159.604238	3.912350	0.913614
-159.664993	22.122999	1224.385000	167.600000	60.510000	12.000000	157.436615	156.036615	158.836615	3.961874	-0.305310
-156.755997	21.136000	1278.418000	167.600000	60.510000	12.000000	159.382011	157.582011	161.182011	3.886825	2.634226
-158.903000	21.298401	1262.459000	167.600000	60.510000	12.000000	163.353887	158.953887	167.153887	3.619463	5.670396
-160.047501	19.823400	1278.432000	167.600000	60.510000	12.000000	155.491991	152.891991	157.991991	3.945839	-3.270389
-162.025604	19.986300	1256.411000	167.600000	60.510000	12.000000	160.219605	159.619605	160.819605	4.111714	0.520973
-161.314896	21.956301	1213.410000	167.600000	60.510000	12.000000	158.152865	156.152865	160.252865	3.911907	-0.480878
-161.095001	23.997200	1162.409000	167.600000	60.510000	12.000000	158.273195	157.573195	159.073195	4.059408	0.557331
-158.933105	24.573799	1168.459000	167.600000	60.510000	12.000000	156.856407	156.256407	157.456407	4.066683	0.474472
-155.765305	26.776699	1144.525000	167.600000	60.510000	12.000000	NaN	NaN	NaN	NaN	NaN
-152.765793	25.592800	1206.391000	167.600000	60.510000	12.000000	NaN	NaN	NaN	NaN	NaN
-156.964600	24.312099	1194.452000	167.600000	60.510000	12.000000	156.718439	156.318439	157.118439	4.011992	1.155120
-158.185394	22.620199	1225.392000	167.600000	60.510000	12.000000	158.768765	157.468765	160.168765	3.890726	1.933906
-155.636200	22.299900	1258.399000	167.600000	60.510000	12.000000	160.716370	159.716370	161.816370	3.935096	4.912764
