-155.996994	20.771000	2117.347000	119.980000	20.690000	12.300000	106.167185	104.667185	107.667185	4.038895	-1.469414
-154.983002	19.601000	2151.357000	119.980000	20.690000	12.300000	106.505949	104.905949	108.105949	4.078125	-1.653014
-159.401001	21.971001	2021.325000	119.980000	20.690000	12.300000	106.239167	105.739167	106.839167	3.981004	-0.100735
-156.658005	20.891001	2099.357000	119.980000	20.690000	12.300000	106.440642	105.240642	107.740642	3.993418	-0.977203
-159.664993	22.122999	2013.370000	119.980000	20.690000	12.300000	106.058732	105.358732	106.658732	3.979853	-0.159891
-156.755997	21.136000	2094.361000	119.980000	20.690000	12.300000	106.128536	105.128536	107.028536	3.994277	-1.205697
-158.903000	21.298401	2040.327000	119.980000	20.690000	12.300000	105.472084	104.272084	106.772084	3.977235	-1.194290
-161.314896	21.956301	1974.345000	119.980000	20.690000	12.300000	105.466570	104.966570	105.966570	4.006361	-0.309256
-161.095001	23.997200	1965.335000	119.980000	20.690000	12.300000	104.844688	104.344688	105.244688	4.046513	-0.369821
-158.933105	24.573799	2012.343000	119.980000	20.690000	12.300000	106.312981	106.112981	106.612981	4.062962	0.541241
-155.765305	26.776699	2065.331000	119.980000	20.690000	12.300000	NaN	NaN	NaN	NaN	NaN
-152.765793	25.592800	2145.325000	119.980000	20.690000	12.300000	NaN	NaN	NaN	NaN	NaN
-158.185394	22.620199	2046.340000	119.980000	20.690000	12.300000	107.163035	106.763035	107.563035	3.984835	0.621702
-155.636200	22.299900	2111.341000	119.980000	20.690000	12.300000	108.269935	107.769935	108.769935	4.025526	0.848422
-154.251801	21.168699	2153.351000	119.980000	20.690000	12.300000	110.570085	110.170085	111.070085	4.166165	2.492081
-152.981201	18.301800	2210.342000	119.980000	20.690000	12.300000	108.645487	106.445487	110.845487	4.110097	-0.276188
-150.914993	18.914200	2254.338000	119.980000	20.690000	12.300000	NaN	NaN	NaN	NaN	NaN
-151.686600	14.689100	2263.330000	119.980000	20.690000	12.300000	NaN	NaN	NaN	NaN	NaN
-153.967499	14.731300	2207.323000	119.980000	20.690000	12.300000	104.673720	103.173720	106.073720	4.152147	-4.543543
-153.868195	17.315399	2193.324000	119.980000	20.690000	12.300000	103.068046	102.568046	103.668046	4.088877	-5.779177
-156.387695	17.614901	2129.334000	119.980000	20.690000	12.300000	103.855680	102.655680	104.955680	4.051590	-4.325741
-156.206604	16.162001	2140.339000	119.980000	20.690000	12.300000	103.807667	102.007667	105.507667	4.111196	-4.697383
-157.859100	14.659600	2111.332000	119.980000	20.690000	12.300000	107.479036	106.679036	108.279036	4.009412	-0.989097
-157.700806	16.348400	2102.338000	119.980000	20.690000	12.300000	103.887818	102.687818	104.987818	4.041845	-4.257019
-158.982498	15.574000	2074.335000	119.980000	20.690000	12.300000	103.736773	102.936773	104.636773	4.088599	-4.316864
-158.760193	18.564699	2061.329000	119.980000	20.690000	12.300000	103.634658	103.334658	103.934658	3.994157	-3.759815
-158.179504	20.377800	2064.322000	119.980000	20.690000	12.300000	105.980017	105.480017	106.580017	3.953854	-1.124492
