-155.772995	19.079000	1490.779000	-178.910000	-31.410000	151.100000	23.902451	23.502451	24.302451	3.899260	-0.215270
-155.996994	20.771000	1533.769000	-178.910000	-31.410000	151.100000	21.345560	19.845560	22.745560	3.880711	-2.102972
-155.710999	20.046000	1516.765000	-178.910000	-31.410000	151.100000	23.690275	23.290275	24.190275	3.869290	-0.215367
-156.658005	20.891001	1528.764000	-178.910000	-31.410000	151.100000	20.408156	19.108156	21.608156	3.884293	-2.398916
-157.270004	21.108999	1527.783000	-178.910000	-31.410000	151.100000	20.574914	19.274914	21.974914	3.829758	-1.607907
-159.664993	22.122999	1534.764000	-178.910000	-31.410000	151.100000	18.648080	17.448080	19.748080	3.927858	-1.038547
-156.755997	21.136000	1533.775000	-178.910000	-31.410000	151.100000	20.293657	18.993657	21.693657	3.976167	-2.360165
-158.903000	21.298401	1527.747000	-178.910000	-31.410000	151.100000	15.187558	11.587558	19.287558	3.609341	-5.412299
-160.047501	19.823400	1467.768000	-178.910000	-31.410000	151.100000	18.084138	15.784138	20.484138	3.722830	-1.769397
-162.025604	19.986300	1457.752000	-178.910000	-31.410000	151.100000	15.246647	14.046647	16.446647	3.876927	-2.621644
-161.314896	21.956301	1515.764000	-178.910000	-31.410000	151.100000	20.373897	18.473897	22.173897	3.877188	2.235576
-161.095001	23.997200	1572.754000	-178.910000	-31.410000	151.100000	17.449737	16.649737	18.149737	4.012416	-0.488739
-158.933105	24.573799	1603.751000	-178.910000	-31.410000	151.100000	20.116030	19.316030	20.916030	4.103320	0.262635
-156.964600	24.312099	1614.756000	-178.910000	-31.410000	151.100000	21.071495	19.871495	22.171495	4.015397	-0.644461
-158.185394	22.620199	1561.770000	-178.910000	-31.410000	151.100000	19.870601	18.670601	21.070601	3.999879	-1.097805
-155.636200	22.299900	1576.757000	-178.910000	-31.410000	151.100000	21.589783	20.089783	22.989783	3.974541	-1.799471
-154.251801	21.168699	1560.760000	-178.910000	-31.410000	151.100000	23.821358	23.521358	24.121358	3.922886	-1.107052
-152.981201	18.301800	1501.763000	-178.910000	-31.410000	151.100000	26.209784	25.709784	26.709784	3.891071	-0.682381
-150.914993	18.914200	1544.760000	-178.910000	-31.410000	151.100000	NaN	NaN	NaN	NaN	NaN
-149.000900	16.989000	1525.750000	-178.910000	-31.410000	151.100000	NaN	NaN	NaN	NaN	NaN
-151.686600	14.689100	1432.864000	-178.910000	-31.410000	151.100000	NaN	NaN	NaN	NaN	NaN
-153.967499	14.731300	1402.757000	-178.910000	-31.410000	151.100000	NaN	NaN	NaN	NaN	NaN
-156.206604	16.162001	1409.757000	-178.910000	-31.410000	151.100000	25.827227	24.727227	26.827227	3.926016	1.234546
-157.859100	14.659600	1353.745000	-178.910000	-31.410000	151.100000	NaN	NaN	NaN	NaN	NaN
-157.700806	16.348400	1397.762000	-178.910000	-31.410000	151.100000	NaN	NaN	NaN	NaN	NaN
-158.179504	20.377800	1498.751000	-178.910000	-31.410000	151.100000	20.550658	18.850658	22.150658	3.821872	-0.960676
