-155.996994	20.771000	1319.132000	153.660000	46.440000	12.000000	138.538836	136.738836	140.338836	3.907586	4.025828
-154.983002	19.601000	1360.145000	153.660000	46.440000	12.000000	138.252268	136.952268	139.552268	3.978297	3.248846
-159.401001	21.971001	1232.114000	153.660000	46.440000	12.000000	134.524521	133.524521	135.524521	3.952816	-0.045684
-156.658005	20.891001	1304.141000	153.660000	46.440000	12.000000	138.908410	137.808410	140.008410	3.893960	4.315112
-159.664993	22.122999	1224.111000	153.660000	46.440000	12.000000	134.514376	133.614376	135.414376	3.952735	-0.020454
-156.755997	21.136000	1297.145000	153.660000	46.440000	12.000000	138.158329	137.458329	138.858329	3.920770	3.701771
-158.903000	21.298401	1255.231000	153.660000	46.440000	12.000000	136.938019	135.538019	138.238019	3.919944	2.034283
-160.047501	19.823400	1261.127000	153.660000	46.440000	12.000000	133.940437	133.740437	134.140437	3.952676	-2.302150
-161.095001	23.997200	1160.137000	153.660000	46.440000	12.000000	136.786113	136.586113	136.886113	3.937726	3.266942
-155.765305	26.776699	1201.108000	153.660000	46.440000	12.000000	NaN	NaN	NaN	NaN	NaN
-152.765793	25.592800	1277.062000	153.660000	46.440000	12.000000	NaN	NaN	NaN	NaN	NaN
-156.964600	24.312099	1227.133000	153.660000	46.440000	12.000000	135.540115	134.640115	136.540115	3.964908	3.255780
-158.185394	22.620199	1240.108000	153.660000	46.440000	12.000000	137.162145	136.662145	137.662145	3.914139	3.373834
-155.636200	22.299900	1290.774000	153.660000	46.440000	12.000000	138.035038	137.535038	138.635038	3.924012	4.604599
-154.251801	21.168699	1339.114000	153.660000	46.440000	12.000000	139.541846	139.141846	139.941846	3.938951	5.660904
-151.686600	14.689100	1513.118000	153.660000	46.440000	12.000000	NaN	NaN	NaN	NaN	NaN
-153.868195	17.315399	1426.130000	153.660000	46.440000	12.000000	NaN	NaN	NaN	NaN	NaN
-156.206604	16.162001	1401.123000	153.660000	46.440000	12.000000	133.633960	132.033960	135.133960	4.005797	-3.659563
-157.859100	14.659600	1400.128000	153.660000	46.440000	12.000000	135.940340	135.240340	136.640340	4.008092	-2.670015
-157.700806	16.348400	1370.564000	153.660000	46.440000	12.000000	133.537187	132.237187	134.837187	4.061524	-4.100335
-158.982498	15.574000	1360.123000	153.660000	46.440000	12.000000	134.709008	133.309008	136.009008	4.048673	-3.778919
-158.179504	20.377800	1285.903000	153.660000	46.440000	12.000000	136.573806	135.873806	137.373806	3.945362	1.249883
