-155.772995	19.079000	1355.326000	153.640000	46.380000	12.800000	134.864700	133.664700	136.064700	4.043421	-0.562314
-155.996994	20.771000	1318.307000	153.640000	46.380000	12.800000	136.469080	134.969080	137.969080	4.042553	2.038810
-154.983002	19.601000	1360.287000	153.640000	46.380000	12.800000	136.285362	134.785362	137.685362	4.001372	1.362773
-159.401001	21.971001	1231.328000	153.640000	46.380000	12.800000	136.548523	135.248523	137.848523	3.910074	2.065275
-156.658005	20.891001	1303.318000	153.640000	46.380000	12.800000	135.637643	134.337643	136.937643	4.011655	1.127727
-159.664993	22.122999	1223.289000	153.640000	46.380000	12.800000	136.437778	135.237778	137.737778	3.910044	1.990290
-156.755997	21.136000	1296.322000	153.640000	46.380000	12.800000	136.387088	135.187088	137.487088	3.972372	2.014227
-158.903000	21.298401	1259.285000	153.640000	46.380000	12.800000	136.163734	132.663734	139.563734	4.007735	1.345760
-160.047501	19.823400	1261.300000	153.640000	46.380000	12.800000	133.867005	132.367005	135.467005	4.018669	-2.290625
-161.314896	21.956301	1197.307000	153.640000	46.380000	12.800000	136.651934	135.151934	138.251934	3.896090	1.594661
-161.095001	23.997200	1159.299000	153.640000	46.380000	12.800000	136.904393	136.404393	137.504393	3.918626	3.476294
-158.933105	24.573799	1185.298000	153.640000	46.380000	12.800000	136.315741	136.215741	136.515741	3.922402	3.892957
-155.765305	26.776699	1200.534000	153.640000	46.380000	12.800000	NaN	NaN	NaN	NaN	NaN
-152.765793	25.592800	1277.290000	153.640000	46.380000	12.800000	NaN	NaN	NaN	NaN	NaN
-156.964600	24.312099	1226.283000	153.640000	46.380000	12.800000	135.164054	134.764054	135.664054	3.908717	2.966813
-158.185394	22.620199	1239.300000	153.640000	46.380000	12.800000	137.586818	136.786818	138.286818	3.885906	3.885022
-155.636200	22.299900	1291.296000	153.640000	46.380000	12.800000	138.063648	137.363648	138.663648	3.948429	4.717017
-154.251801	21.168699	1338.288000	153.640000	46.380000	12.800000	138.773775	138.273775	139.273775	4.008573	4.974469
-152.981201	18.301800	1420.351000	153.640000	46.380000	12.800000	140.138575	138.838575	141.438575	4.055346	4.912170
-151.686600	14.689100	1513.284000	153.640000	46.380000	12.800000	NaN	NaN	NaN	NaN	NaN
-153.967499	14.731300	1472.283000	153.640000	46.380000	12.800000	135.695126	133.295126	138.095126	4.076058	-1.644343
-153.868195	17.315399	1425.306000	153.640000	46.380000	12.800000	132.982691	131.682691	134.382691	4.062482	-2.987364
-156.387695	17.614901	1372.674000	153.640000	46.380000	12.800000	134.248412	132.948412	135.548412	4.036602	-2.202655
-156.206604	16.162001	1400.300000	153.640000	46.380000	12.800000	133.170327	132.270327	133.970327	4.029309	-4.044700
-157.859100	14.659600	1399.283000	153.640000	46.380000	12.800000	136.077104	135.477104	136.577104	3.987851	-2.455312
-157.700806	16.348400	1369.300000	153.640000	46.380000	12.800000	132.971701	132.071701	133.871701	4.075010	-4.586254
-158.982498	15.574000	1359.298000	153.640000	46.380000	12.800000	134.043313	133.443313	134.643313	4.084371	-4.365137
-158.760193	18.564699	1308.313000	153.640000	46.380000	12.800000	133.651486	132.851486	134.451486	4.129207	-2.918814
-158.179504	20.377800	1285.297000	153.640000	46.380000	12.800000	135.801852	134.801852	136.801852	3.987598	0.562036
-150.914993	18.914200	1440.823000	153.640000	46.380000	12.800000	NaN	NaN	NaN	NaN	NaN
