-157.859100	14.659600	926.936000	-171.660000	-16.630000	15.500000	26.589792	26.489792	26.789792	4.033588	2.547648
-155.996994	20.771000	1101.736000	-171.660000	-16.630000	15.500000	24.004682	23.604682	24.504682	4.147977	0.498943
-154.983002	19.601000	1084.716000	-171.660000	-16.630000	15.500000	26.102168	25.302168	26.902168	4.101325	0.641914
-159.401001	21.971001	1099.721000	-171.660000	-16.630000	15.500000	19.477433	18.777433	20.077433	4.090197	1.192571
-156.658005	20.891001	1097.747000	-171.660000	-16.630000	15.500000	23.154393	22.854393	23.454393	4.146194	0.607686
-159.664993	22.122999	1101.718000	-171.660000	-16.630000	15.500000	18.746302	18.246302	19.246302	4.100747	0.888561
-158.903000	21.298401	1088.714000	-171.660000	-16.630000	15.500000	19.092101	18.092101	20.092101	4.075494	-0.151691
-158.933105	24.573799	1170.727000	-171.660000	-16.630000	15.500000	20.372946	19.872946	20.872946	4.042967	2.354354
-155.765305	26.776699	1260.716000	-171.660000	-16.630000	15.500000	NaN	NaN	NaN	NaN	NaN
-152.765793	25.592800	1254.667000	-171.660000	-16.630000	15.500000	NaN	NaN	NaN	NaN	NaN
-156.964600	24.312099	1182.715000	-171.660000	-16.630000	15.500000	22.269198	21.569198	22.969198	3.863327	1.543413
-158.185394	22.620199	1126.713000	-171.660000	-16.630000	15.500000	20.878272	20.278272	21.378272	4.054430	1.149087
-155.636200	22.299900	1143.379000	-171.660000	-16.630000	15.500000	23.350471	22.950471	23.850471	4.075238	0.053992
-154.251801	21.168699	1128.721000	-171.660000	-16.630000	15.500000	24.913309	24.413309	25.413309	4.214348	-0.734208
-152.981201	18.301800	1075.782000	-171.660000	-16.630000	15.500000	28.074114	27.674114	28.474114	4.223557	-0.788179
-150.914993	18.914200	1114.719000	-171.660000	-16.630000	15.500000	NaN	NaN	NaN	NaN	NaN
-149.000900	16.989000	1100.713000	-171.660000	-16.630000	15.500000	NaN	NaN	NaN	NaN	NaN
-151.686600	14.689100	1010.726000	-171.660000	-16.630000	15.500000	NaN	NaN	NaN	NaN	NaN
-153.967499	14.731300	977.713000	-171.660000	-16.630000	15.500000	31.085037	30.885037	31.385037	3.961394	1.306972
-153.868195	17.315399	1041.737000	-171.660000	-16.630000	15.500000	28.943272	28.243272	29.743272	3.997897	0.687918
-156.206604	16.162001	983.731000	-171.660000	-16.630000	15.500000	27.004931	26.704931	27.304931	3.985014	1.366241
-157.700806	16.348400	970.720000	-171.660000	-16.630000	15.500000	25.449342	25.149342	25.749342	4.023379	2.135906
-158.982498	15.574000	936.728000	-171.660000	-16.630000	15.500000	24.387681	24.187681	24.587681	4.036673	2.622118
-158.179504	20.377800	1069.734000	-171.660000	-16.630000	15.500000	21.781323	21.281323	22.281323	4.115224	1.132998
