-155.772995	19.079000	1490.779000	-178.910000	-31.410000	151.100000
-155.996994	20.771000	1533.769000	-178.910000	-31.410000	151.100000
-155.710999	20.046000	1516.765000	-178.910000	-31.410000	151.100000
-156.658005	20.891001	1528.764000	-178.910000	-31.410000	151.100000
-157.270004	21.108999	1527.783000	-178.910000	-31.410000	151.100000
-159.664993	22.122999	1534.764000	-178.910000	-31.410000	151.100000
-156.755997	21.136000	1533.775000	-178.910000	-31.410000	151.100000
-158.903000	21.298401	1527.747000	-178.910000	-31.410000	151.100000
-160.047501	19.823400	1467.768000	-178.910000	-31.410000	151.100000
-162.025604	19.986300	1457.752000	-178.910000	-31.410000	151.100000
-161.314896	21.956301	1515.764000	-178.910000	-31.410000	151.100000
-161.095001	23.997200	1572.754000	-178.910000	-31.410000	151.100000
-158.933105	24.573799	1603.751000	-178.910000	-31.410000	151.100000
-156.964600	24.312099	1614.756000	-178.910000	-31.410000	151.100000
-158.185394	22.620199	1561.770000	-178.910000	-31.410000	151.100000
-155.636200	22.299900	1576.757000	-178.910000	-31.410000	151.100000
-154.251801	21.168699	1560.760000	-178.910000	-31.410000	151.100000
-152.981201	18.301800	1501.763000	-178.910000	-31.410000	151.100000
-150.914993	18.914200	1544.760000	-178.910000	-31.410000	151.100000
-149.000900	16.989000	1525.750000	-178.910000	-31.410000	151.100000
-151.686600	14.689100	1432.864000	-178.910000	-31.410000	151.100000
-153.967499	14.731300	1402.757000	-178.910000	-31.410000	151.100000
-156.206604	16.162001	1409.757000	-178.910000	-31.410000	151.100000
-157.859100	14.659600	1353.745000	-178.910000	-31.410000	151.100000
-157.700806	16.348400	1397.762000	-178.910000	-31.410000	151.100000
-158.179504	20.377800	1498.751000	-178.910000	-31.410000	151.100000
