-155.772995	19.079000	1010.129000	-179.120000	51.040000	28.000000
-155.996994	20.771000	962.121000	-179.120000	51.040000	28.000000
-155.710999	20.046000	984.115000	-179.120000	51.040000	28.000000
-159.401001	21.971001	890.094000	-179.120000	51.040000	28.000000
-157.270004	21.108999	939.135000	-179.120000	51.040000	28.000000
-159.664993	22.122999	889.113000	-179.120000	51.040000	28.000000
-158.903000	21.298401	919.192000	-179.120000	51.040000	28.000000
-162.025604	19.986300	921.112000	-179.120000	51.040000	28.000000
-161.314896	21.956301	878.892000	-179.120000	51.040000	28.000000
-161.095001	23.997200	827.118000	-179.120000	51.040000	28.000000
-158.933105	24.573799	832.198000	-179.120000	51.040000	28.000000
-155.765305	26.776699	812.738000	-179.120000	51.040000	28.000000
-152.765793	25.592800	878.613000	-179.120000	51.040000	28.000000
-156.964600	24.312099	861.117000	-179.120000	51.040000	28.000000
-158.185394	22.620199	891.113000	-179.120000	51.040000	28.000000
-155.636200	22.299900	926.108000	-179.120000	51.040000	28.000000
-154.251801	21.168699	966.122000	-179.120000	51.040000	28.000000
-152.981201	18.301800	1054.164000	-179.120000	51.040000	28.000000
-150.914993	18.914200	1060.375000	-179.120000	51.040000	28.000000
-149.000900	16.989000	1127.223000	-179.120000	51.040000	28.000000
-151.686600	14.689100	1155.429000	-179.120000	51.040000	28.000000
-153.967499	14.731300	1133.104000	-179.120000	51.040000	28.000000
-153.868195	17.315399	1071.176000	-179.120000	51.040000	28.000000
-156.206604	16.162001	1077.098000	-179.120000	51.040000	28.000000
-157.700806	16.348400	1055.333000	-179.120000	51.040000	28.000000
-158.982498	15.574000	1061.105000	-179.120000	51.040000	28.000000
-158.760193	18.564699	988.107000	-179.120000	51.040000	28.000000
-158.179504	20.377800	947.047000	-179.120000	51.040000	28.000000
