-155.772995	19.079000	1144.706000	-111.360000	26.870000	22.900000
-155.996994	20.771000	1134.708000	-111.360000	26.870000	22.900000
-155.710999	20.046000	1133.702000	-111.360000	26.870000	22.900000
-159.401001	21.971001	1203.725000	-111.360000	26.870000	22.900000
-157.270004	21.108999	1163.721000	-111.360000	26.870000	22.900000
-159.664993	22.122999	1214.691000	-111.360000	26.870000	22.900000
-156.755997	21.136000	1149.720000	-111.360000	26.870000	22.900000
-158.903000	21.298401	1203.686000	-111.360000	26.870000	22.900000
-152.765793	25.592800	1020.053000	-111.360000	26.870000	22.900000
-158.185394	22.620199	1172.702000	-111.360000	26.870000	22.900000
-155.636200	22.299900	1111.683000	-111.360000	26.870000	22.900000
-154.251801	21.168699	1086.687000	-111.360000	26.870000	22.900000
-150.914993	18.914200	1025.703000	-111.360000	26.870000	22.900000
-153.967499	14.731300	1142.688000	-111.360000	26.870000	22.900000
-153.868195	17.315399	1113.691000	-111.360000	26.870000	22.900000
-156.206604	16.162001	1178.712000	-111.360000	26.870000	22.900000
-157.700806	16.348400	1213.978000	-111.360000	26.870000	22.900000
-158.982498	15.574000	1251.685000	-111.360000	26.870000	22.900000
-158.760193	18.564699	1222.699000	-111.360000	26.870000	22.900000
-158.179504	20.377800	1192.593000	-111.360000	26.870000	22.900000
