-157.859100	14.659600	1390.338000	154.330000	46.710000	13.500000	135.668926	135.668926	135.668926	4.005151	-3.486395
-155.772995	19.079000	1347.108000	154.330000	46.710000	13.500000	134.954089	133.354089	136.654089	4.034572	-1.067927
-155.996994	20.771000	1309.088000	154.330000	46.710000	13.500000	134.569298	133.169298	136.069298	3.995037	-0.456434
-159.401001	21.971001	1221.108000	154.330000	46.710000	13.500000	136.006649	135.306649	136.606649	3.931144	0.879120
-156.658005	20.891001	1294.106000	154.330000	46.710000	13.500000	134.748076	133.548076	135.848076	3.981001	-0.366458
-159.664993	22.122999	1213.080000	154.330000	46.710000	13.500000	135.900990	135.300990	136.600990	3.930584	0.805224
-158.903000	21.298401	1245.079000	154.330000	46.710000	13.500000	134.310503	133.310503	135.410503	3.975344	-1.144686
-160.047501	19.823400	1252.071000	154.330000	46.710000	13.500000	135.723648	135.223648	136.223648	4.016919	-1.088892
-161.314896	21.956301	1187.065000	154.330000	46.710000	13.500000	136.342056	135.842056	136.842056	3.973460	0.609806
-161.095001	23.997200	1150.066000	154.330000	46.710000	13.500000	136.201200	135.301200	137.101200	3.944615	2.103074
-158.933105	24.573799	1176.073000	154.330000	46.710000	13.500000	135.876837	135.576837	136.176837	3.950669	2.821766
-155.765305	26.776699	1191.063000	154.330000	46.710000	13.500000	NaN	NaN	NaN	NaN	NaN
-152.765793	25.592800	1268.085000	154.330000	46.710000	13.500000	NaN	NaN	NaN	NaN	NaN
-156.964600	24.312099	1217.077000	154.330000	46.710000	13.500000	135.191711	134.791711	135.591711	3.904197	2.393056
-158.185394	22.620199	1230.073000	154.330000	46.710000	13.500000	136.128186	135.728186	136.528186	3.899641	1.801984
-154.251801	21.168699	1329.085000	154.330000	46.710000	13.500000	138.950664	138.450664	139.350664	4.023558	4.580842
-152.981201	18.301800	1411.082000	154.330000	46.710000	13.500000	139.087220	138.687220	139.587220	4.008352	3.300487
-151.637604	16.737801	1467.065000	154.330000	46.710000	13.500000	133.692628	132.892628	134.592628	4.093716	-2.623868
-151.686600	14.689100	1505.070000	154.330000	46.710000	13.500000	NaN	NaN	NaN	NaN	NaN
-153.967499	14.731300	1461.092000	154.330000	46.710000	13.500000	134.138491	133.638491	134.638491	4.129067	-3.777878
-153.868195	17.315399	1416.072000	154.330000	46.710000	13.500000	132.938206	131.538206	134.338206	4.154351	-3.604814
-156.387695	17.614901	1363.080000	154.330000	46.710000	13.500000	133.838745	132.638745	135.038745	4.045137	-3.216802
-156.206604	16.162001	1392.070000	154.330000	46.710000	13.500000	133.250011	132.950011	133.550011	4.108111	-4.567829
-157.700806	16.348400	1360.077000	154.330000	46.710000	13.500000	133.272463	132.272463	134.172463	4.101586	-4.907174
-158.982498	15.574000	1351.093000	154.330000	46.710000	13.500000	134.356400	133.556400	135.256400	4.187354	-4.689688
-161.367599	17.746901	1269.064000	154.330000	46.710000	13.500000	136.546854	135.846854	137.346854	4.226876	-2.076623
-158.760193	18.564699	1300.071000	154.330000	46.710000	13.500000	134.480914	133.780914	135.080914	4.086941	-2.725536
-158.179504	20.377800	1275.066000	154.330000	46.710000	13.500000	134.632703	134.032703	135.132703	3.936134	-1.234284
