-155.772995	19.079000	1342.421000	167.600000	60.510000	12.000000
-155.996994	20.771000	1296.412000	167.600000	60.510000	12.000000
-155.710999	20.046000	1318.407000	167.600000	60.510000	12.000000
-159.401001	21.971001	1228.396000	167.600000	60.510000	12.000000
-156.658005	20.891001	1286.402000	167.600000	60.510000	12.000000
-157.270004	21.108999	1274.426000	167.600000	60.510000	12.000000
-159.664993	22.122999	1224.385000	167.600000	60.510000	12.000000
-156.755997	21.136000	1278.418000	167.600000	60.510000	12.000000
-158.903000	21.298401	1262.459000	167.600000	60.510000	12.000000
-160.047501	19.823400	1278.432000	167.600000	60.510000	12.000000
-162.025604	19.986300	1256.411000	167.600000	60.510000	12.000000
-161.314896	21.956301	1213.410000	167.600000	60.510000	12.000000
-161.095001	23.997200	1162.409000	167.600000	60.510000	12.000000
-158.933105	24.573799	1168.459000	167.600000	60.510000	12.000000
-155.765305	26.776699	1144.525000	167.600000	60.510000	12.000000
-152.765793	25.592800	1206.391000	167.600000	60.510000	12.000000
-156.964600	24.312099	1194.452000	167.600000	60.510000	12.000000
-158.185394	22.620199	1225.392000	167.600000	60.510000	12.000000
-155.636200	22.299900	1258.399000	167.600000	60.510000	12.000000
