-155.996994	20.771000	1564.090000	140.380000	29.340000	12.000000
-159.401001	21.971001	1469.085000	140.380000	29.340000	12.000000
-156.658005	20.891001	1546.104000	140.380000	29.340000	12.000000
-159.664993	22.122999	1461.074000	140.380000	29.340000	12.000000
-156.755997	21.136000	1541.153000	140.380000	29.340000	12.000000
-161.314896	21.956301	1422.067000	140.380000	29.340000	12.000000
-161.095001	23.997200	1409.078000	140.380000	29.340000	12.000000
-158.933105	24.573799	1454.066000	140.380000	29.340000	12.000000
-155.765305	26.776699	1507.078000	140.380000	29.340000	12.000000
-152.765793	25.592800	1586.067000	140.380000	29.340000	12.000000
-156.964600	24.312099	1504.085000	140.380000	29.340000	12.000000
-158.185394	22.620199	1492.086000	140.380000	29.340000	12.000000
-152.981201	18.301800	1661.084000	140.380000	29.340000	12.000000
-150.914993	18.914200	1701.075000	140.380000	29.340000	12.000000
-151.637604	16.737801	1708.071000	140.380000	29.340000	12.000000
-151.686600	14.689100	1725.082000	140.380000	29.340000	12.000000
-153.967499	14.731300	1666.096000	140.380000	29.340000	12.000000
-153.868195	17.315399	1644.070000	140.380000	29.340000	12.000000
-156.206604	16.162001	1599.079000	140.380000	29.340000	12.000000
-157.700806	16.348400	1561.070000	140.380000	29.340000	12.000000
-158.760193	18.564699	1516.072000	140.380000	29.340000	12.000000
-158.179504	20.377800	1513.087000	140.380000	29.340000	12.000000
