-155.772995	19.079000	1144.706000	-111.360000	26.870000	22.900000	251.027896	250.127896	251.927896	4.005032	0.347895
-155.996994	20.771000	1134.708000	-111.360000	26.870000	22.900000	250.963831	250.563831	251.463831	3.889113	-1.546641
-155.710999	20.046000	1133.702000	-111.360000	26.870000	22.900000	250.588210	250.388210	250.788210	3.911171	-1.135602
-159.401001	21.971001	1203.725000	-111.360000	26.870000	22.900000	246.936495	242.136495	252.236495	3.774716	-6.602209
-157.270004	21.108999	1163.721000	-111.360000	26.870000	22.900000	251.683391	250.683391	252.783391	3.971529	-1.134508
-159.664993	22.122999	1214.691000	-111.360000	26.870000	22.900000	253.246636	250.346636	256.246636	4.016831	-0.416516
-156.755997	21.136000	1149.720000	-111.360000	26.870000	22.900000	251.510213	250.710213	252.410213	3.967518	-1.364029
-158.903000	21.298401	1203.686000	-111.360000	26.870000	22.900000	252.709738	250.809738	254.709738	3.986928	-0.197131
-152.765793	25.592800	1020.053000	-111.360000	26.870000	22.900000	NaN	NaN	NaN	NaN	NaN
-158.185394	22.620199	1172.702000	-111.360000	26.870000	22.900000	252.693704	251.593704	253.793704	3.959773	-1.639838
-155.636200	22.299900	1111.683000	-111.360000	26.870000	22.900000	252.863064	252.563064	253.063064	3.893800	-1.371380
-154.251801	21.168699	1086.687000	-111.360000	26.870000	22.900000	251.704220	251.504220	252.004220	3.897285	-1.308982
-150.914993	18.914200	1025.703000	-111.360000	26.870000	22.900000	NaN	NaN	NaN	NaN	NaN
-153.967499	14.731300	1142.688000	-111.360000	26.870000	22.900000	NaN	NaN	NaN	NaN	NaN
-153.868195	17.315399	1113.691000	-111.360000	26.870000	22.900000	249.639689	248.239689	251.139689	4.290030	1.002675
-156.206604	16.162001	1178.712000	-111.360000	26.870000	22.900000	249.281664	247.781664	250.781664	4.218678	1.586259
-157.700806	16.348400	1213.978000	-111.360000	26.870000	22.900000	252.118340	252.018340	252.318340	4.143315	4.088753
-158.982498	15.574000	1251.685000	-111.360000	26.870000	22.900000	251.564291	251.464291	251.564291	4.146175	4.138331
-158.760193	18.564699	1222.699000	-111.360000	26.870000	22.900000	252.906995	251.706995	254.206995	4.036347	2.692810
-158.179504	20.377800	1192.593000	-111.360000	26.870000	22.900000	250.333599	249.433599	251.133599	3.975009	-1.684134
