-155.996994	20.771000	2094.497000	120.520000	21.810000	19.600000	108.872885	107.772885	109.972885	3.956748	0.296164
-159.401001	21.971001	1999.507000	120.520000	21.810000	19.600000	106.101846	105.401846	106.701846	3.935109	-1.189783
-156.658005	20.891001	2076.481000	120.520000	21.810000	19.600000	106.657154	105.957154	107.257154	3.986827	-1.704379
-159.664993	22.122999	1991.510000	120.520000	21.810000	19.600000	105.925897	105.325897	106.425897	3.934235	-1.244647
-156.755997	21.136000	2072.511000	120.520000	21.810000	19.600000	107.547064	106.747064	108.347064	3.970851	-0.728404
-158.903000	21.298401	2015.477000	120.520000	21.810000	19.600000	105.625846	104.925846	106.325846	3.951145	-1.997040
-160.047501	19.823400	1998.476000	120.520000	21.810000	19.600000	105.429406	105.029406	105.729406	3.947135	-2.299084
-161.314896	21.956301	1950.492000	120.520000	21.810000	19.600000	104.661401	104.261401	104.961401	3.944681	-2.083025
-161.095001	23.997200	1941.479000	120.520000	21.810000	19.600000	104.935866	104.435866	105.535866	3.929451	-1.216920
-158.933105	24.573799	1989.476000	120.520000	21.810000	19.600000	106.969379	106.769379	107.269379	4.002877	0.286154
-155.765305	26.776699	2041.494000	120.520000	21.810000	19.600000	NaN	NaN	NaN	NaN	NaN
-152.765793	25.592800	2122.482000	120.520000	21.810000	19.600000	NaN	NaN	NaN	NaN	NaN
-156.964600	24.312099	2038.476000	120.520000	21.810000	19.600000	109.982780	109.282780	110.682780	4.044313	2.564715
-158.185394	22.620199	2024.473000	120.520000	21.810000	19.600000	106.806501	106.306501	107.306501	3.952560	-0.667603
-155.636200	22.299900	2089.472000	120.520000	21.810000	19.600000	108.072843	107.672843	108.572843	3.954571	-0.265600
-154.251801	21.168699	2132.486000	120.520000	21.810000	19.600000	108.949317	108.149317	109.749317	4.068920	-0.050413
-150.914993	18.914200	2233.478000	120.520000	21.810000	19.600000	NaN	NaN	NaN	NaN	NaN
-149.000900	16.989000	2299.475000	120.520000	21.810000	19.600000	NaN	NaN	NaN	NaN	NaN
-153.967499	14.731300	2188.497000	120.520000	21.810000	19.600000	NaN	NaN	NaN	NaN	NaN
-156.206604	16.162001	2121.472000	120.520000	21.810000	19.600000	107.904655	107.604655	108.304655	4.137150	-1.599028
-157.859100	14.659600	2093.493000	120.520000	21.810000	19.600000	108.399830	108.099830	108.699830	4.094303	-1.096481
-157.700806	16.348400	2083.474000	120.520000	21.810000	19.600000	107.111048	106.811048	107.511048	4.140700	-2.041727
-158.982498	15.574000	2057.489000	120.520000	21.810000	19.600000	106.680352	106.380352	106.980352	4.130400	-2.400280
-158.760193	18.564699	2040.483000	120.520000	21.810000	19.600000	105.481629	105.181629	105.681629	3.969138	-2.902982
-158.179504	20.377800	2042.495000	120.520000	21.810000	19.600000	106.520491	106.020491	107.020491	3.948802	-1.546573
