-155.772995	19.079000	1355.326000	153.640000	46.380000	12.800000
-155.996994	20.771000	1318.307000	153.640000	46.380000	12.800000
-154.983002	19.601000	1360.287000	153.640000	46.380000	12.800000
-159.401001	21.971001	1231.328000	153.640000	46.380000	12.800000
-156.658005	20.891001	1303.318000	153.640000	46.380000	12.800000
-159.664993	22.122999	1223.289000	153.640000	46.380000	12.800000
-156.755997	21.136000	1296.322000	153.640000	46.380000	12.800000
-158.903000	21.298401	1259.285000	153.640000	46.380000	12.800000
-160.047501	19.823400	1261.300000	153.640000	46.380000	12.800000
-161.314896	21.956301	1197.307000	153.640000	46.380000	12.800000
-161.095001	23.997200	1159.299000	153.640000	46.380000	12.800000
-158.933105	24.573799	1185.298000	153.640000	46.380000	12.800000
-155.765305	26.776699	1200.534000	153.640000	46.380000	12.800000
-152.765793	25.592800	1277.290000	153.640000	46.380000	12.800000
-156.964600	24.312099	1226.283000	153.640000	46.380000	12.800000
-158.185394	22.620199	1239.300000	153.640000	46.380000	12.800000
-155.636200	22.299900	1291.296000	153.640000	46.380000	12.800000
-154.251801	21.168699	1338.288000	153.640000	46.380000	12.800000
-152.981201	18.301800	1420.351000	153.640000	46.380000	12.800000
-151.686600	14.689100	1513.284000	153.640000	46.380000	12.800000
-153.967499	14.731300	1472.283000	153.640000	46.380000	12.800000
-153.868195	17.315399	1425.306000	153.640000	46.380000	12.800000
-156.387695	17.614901	1372.674000	153.640000	46.380000	12.800000
-156.206604	16.162001	1400.300000	153.640000	46.380000	12.800000
-157.859100	14.659600	1399.283000	153.640000	46.380000	12.800000
-157.700806	16.348400	1369.300000	153.640000	46.380000	12.800000
-158.982498	15.574000	1359.298000	153.640000	46.380000	12.800000
-158.760193	18.564699	1308.313000	153.640000	46.380000	12.800000
-158.179504	20.377800	1285.297000	153.640000	46.380000	12.800000
-150.914993	18.914200	1440.823000	153.640000	46.380000	12.800000
