-155.772995	19.079000	1359.687000	153.450000	46.290000	12.800000
-155.996994	20.771000	1322.667000	153.450000	46.290000	12.800000
-154.983002	19.601000	1364.691000	153.450000	46.290000	12.800000
-159.401001	21.971001	1234.679000	153.450000	46.290000	12.800000
-156.658005	20.891001	1307.679000	153.450000	46.290000	12.800000
-159.664993	22.122999	1226.651000	153.450000	46.290000	12.800000
-156.755997	21.136000	1300.682000	153.450000	46.290000	12.800000
-161.314896	21.956301	1200.643000	153.450000	46.290000	12.800000
-161.095001	23.997200	1163.663000	153.450000	46.290000	12.800000
-158.933105	24.573799	1190.659000	153.450000	46.290000	12.800000
-155.765305	26.776699	1204.888000	153.450000	46.290000	12.800000
-152.765793	25.592800	1281.655000	153.450000	46.290000	12.800000
-158.185394	22.620199	1243.643000	153.450000	46.290000	12.800000
-152.981201	18.301800	1425.661000	153.450000	46.290000	12.800000
-150.914993	18.914200	1445.655000	153.450000	46.290000	12.800000
-151.686600	14.689100	1517.665000	153.450000	46.290000	12.800000
-153.967499	14.731300	1474.644000	153.450000	46.290000	12.800000
-153.868195	17.315399	1429.665000	153.450000	46.290000	12.800000
-156.387695	17.614901	1376.659000	153.450000	46.290000	12.800000
-156.206604	16.162001	1404.660000	153.450000	46.290000	12.800000
-157.859100	14.659600	1402.868000	153.450000	46.290000	12.800000
-157.700806	16.348400	1372.659000	153.450000	46.290000	12.800000
-158.982498	15.574000	1363.656000	153.450000	46.290000	12.800000
-158.760193	18.564699	1312.648000	153.450000	46.290000	12.800000
-158.179504	20.377800	1288.658000	153.450000	46.290000	12.800000
