-157.859100	14.659600	926.936000	-171.660000	-16.630000	15.500000
-155.996994	20.771000	1101.736000	-171.660000	-16.630000	15.500000
-154.983002	19.601000	1084.716000	-171.660000	-16.630000	15.500000
-159.401001	21.971001	1099.721000	-171.660000	-16.630000	15.500000
-156.658005	20.891001	1097.747000	-171.660000	-16.630000	15.500000
-159.664993	22.122999	1101.718000	-171.660000	-16.630000	15.500000
-158.903000	21.298401	1088.714000	-171.660000	-16.630000	15.500000
-158.933105	24.573799	1170.727000	-171.660000	-16.630000	15.500000
-155.765305	26.776699	1260.716000	-171.660000	-16.630000	15.500000
-152.765793	25.592800	1254.667000	-171.660000	-16.630000	15.500000
-156.964600	24.312099	1182.715000	-171.660000	-16.630000	15.500000
-158.185394	22.620199	1126.713000	-171.660000	-16.630000	15.500000
-155.636200	22.299900	1143.379000	-171.660000	-16.630000	15.500000
-154.251801	21.168699	1128.721000	-171.660000	-16.630000	15.500000
-152.981201	18.301800	1075.782000	-171.660000	-16.630000	15.500000
-150.914993	18.914200	1114.719000	-171.660000	-16.630000	15.500000
-149.000900	16.989000	1100.713000	-171.660000	-16.630000	15.500000
-151.686600	14.689100	1010.726000	-171.660000	-16.630000	15.500000
-153.967499	14.731300	977.713000	-171.660000	-16.630000	15.500000
-153.868195	17.315399	1041.737000	-171.660000	-16.630000	15.500000
-156.206604	16.162001	983.731000	-171.660000	-16.630000	15.500000
-157.700806	16.348400	970.720000	-171.660000	-16.630000	15.500000
-158.982498	15.574000	936.728000	-171.660000	-16.630000	15.500000
-158.179504	20.377800	1069.734000	-171.660000	-16.630000	15.500000
