-155.772995	19.079000	1010.129000	-179.120000	51.040000	28.000000	157.000390	154.400390	159.500390	3.981036	1.524701
-155.996994	20.771000	962.121000	-179.120000	51.040000	28.000000	157.014154	155.514154	158.414154	3.890079	2.330982
-155.710999	20.046000	984.115000	-179.120000	51.040000	28.000000	158.328124	156.128124	160.528124	3.932185	3.452614
-159.401001	21.971001	890.094000	-179.120000	51.040000	28.000000	157.900477	154.800477	161.000477	4.001789	0.906418
-157.270004	21.108999	939.135000	-179.120000	51.040000	28.000000	156.352359	155.152359	157.652359	3.912577	0.780068
-159.664993	22.122999	889.113000	-179.120000	51.040000	28.000000	157.807529	156.507529	159.107529	4.001531	0.654371
-158.903000	21.298401	919.192000	-179.120000	51.040000	28.000000	158.203800	156.603800	159.803800	3.979454	1.274199
-162.025604	19.986300	921.112000	-179.120000	51.040000	28.000000	164.861820	162.161820	168.061820	4.544105	4.244915
-161.314896	21.956301	878.892000	-179.120000	51.040000	28.000000	160.768235	159.168235	162.368235	4.046926	1.903965
-161.095001	23.997200	827.118000	-179.120000	51.040000	28.000000	159.543824	157.743824	161.343824	4.055211	2.152507
-158.933105	24.573799	832.198000	-179.120000	51.040000	28.000000	155.937958	154.037958	157.837958	4.075579	1.108044
-155.765305	26.776699	812.738000	-179.120000	51.040000	28.000000	NaN	NaN	NaN	NaN	NaN
-152.765793	25.592800	878.613000	-179.120000	51.040000	28.000000	NaN	NaN	NaN	NaN	NaN
-156.964600	24.312099	861.117000	-179.120000	51.040000	28.000000	154.248709	153.548709	154.848709	3.949215	1.076221
-158.185394	22.620199	891.113000	-179.120000	51.040000	28.000000	156.117572	155.217572	156.917572	3.975269	0.665292
-155.636200	22.299900	926.108000	-179.120000	51.040000	28.000000	155.106829	154.306829	155.806829	4.010866	1.695763
-154.251801	21.168699	966.122000	-179.120000	51.040000	28.000000	159.789807	158.789807	160.689807	3.916372	6.783052
-152.981201	18.301800	1054.164000	-179.120000	51.040000	28.000000	159.147333	158.147333	160.147333	3.952066	5.426358
-150.914993	18.914200	1060.375000	-179.120000	51.040000	28.000000	NaN	NaN	NaN	NaN	NaN
-149.000900	16.989000	1127.223000	-179.120000	51.040000	28.000000	NaN	NaN	NaN	NaN	NaN
-151.686600	14.689100	1155.429000	-179.120000	51.040000	28.000000	NaN	NaN	NaN	NaN	NaN
-153.967499	14.731300	1133.104000	-179.120000	51.040000	28.000000	158.818130	158.218130	159.318130	4.232023	2.570649
-153.868195	17.315399	1071.176000	-179.120000	51.040000	28.000000	157.336309	156.436309	158.336309	4.217731	2.418375
-156.206604	16.162001	1077.098000	-179.120000	51.040000	28.000000	156.404452	154.804452	158.004452	4.204161	-0.909872
-157.700806	16.348400	1055.333000	-179.120000	51.040000	28.000000	155.202686	155.102686	155.302686	4.022298	-3.245383
-158.982498	15.574000	1061.105000	-179.120000	51.040000	28.000000	156.678855	156.678855	156.678855	4.021989	-3.190030
-158.760193	18.564699	988.107000	-179.120000	51.040000	28.000000	156.104061	155.204061	157.004061	4.012643	-2.185980
-158.179504	20.377800	947.047000	-179.120000	51.040000	28.000000	155.441377	154.441377	156.541377	3.919823	-1.363217
