-155.772995	19.079000	1589.846000	150.710000	-5.420000	15.000000	69.322265	68.722265	69.922265	4.027134	-1.222239
-155.996994	20.771000	1599.849000	150.710000	-5.420000	15.000000	70.068548	69.568548	70.568548	4.009591	0.627650
-155.710999	20.046000	1600.843000	150.710000	-5.420000	15.000000	69.075348	67.875348	70.275348	4.048615	-0.939458
-157.270004	21.108999	1572.862000	150.710000	-5.420000	15.000000	68.893499	68.693499	69.093499	3.991108	0.371492
-159.664993	22.122999	1525.849000	150.710000	-5.420000	15.000000	66.951932	66.351932	67.551932	4.057150	0.489838
-156.755997	21.136000	1585.861000	150.710000	-5.420000	15.000000	69.270122	69.070122	69.570122	3.995336	0.468559
-162.025604	19.986300	1447.850000	150.710000	-5.420000	15.000000	NaN	NaN	NaN	NaN	NaN
-161.095001	23.997200	1514.826000	150.710000	-5.420000	15.000000	64.723226	64.223226	65.223226	4.100228	0.362927
-158.933105	24.573799	1570.932000	150.710000	-5.420000	15.000000	64.799543	64.699543	64.799543	4.027214	-0.658256
-152.765793	25.592800	1723.267000	150.710000	-5.420000	15.000000	NaN	NaN	NaN	NaN	NaN
-156.964600	24.312099	1612.867000	150.710000	-5.420000	15.000000	67.433313	66.833313	68.033313	4.079766	0.563311
-158.185394	22.620199	1565.826000	150.710000	-5.420000	15.000000	67.651142	67.151142	68.051142	4.071726	0.571178
-154.251801	21.168699	1646.838000	150.710000	-5.420000	15.000000	68.188580	67.688580	68.688580	4.005480	-1.989317
-152.981201	18.301800	1648.892000	150.710000	-5.420000	15.000000	69.958266	69.758266	70.158266	4.113310	-2.420697
-153.967499	14.731300	1595.831000	150.710000	-5.420000	15.000000	NaN	NaN	NaN	NaN	NaN
-153.868195	17.315399	1618.906000	150.710000	-5.420000	15.000000	71.251596	70.451596	72.051596	4.066546	-1.255142
-156.206604	16.162001	1549.824000	150.710000	-5.420000	15.000000	70.244197	68.744197	71.644197	4.072208	-1.849966
-157.700806	16.348400	1516.089000	150.710000	-5.420000	15.000000	70.887783	70.187783	71.587783	4.196143	-0.366419
-158.982498	15.574000	1477.830000	150.710000	-5.420000	15.000000	70.398994	70.098994	70.698994	4.191268	-0.740013
-158.760193	18.564699	1510.853000	150.710000	-5.420000	15.000000	69.337440	69.137440	69.537440	3.993560	0.078309
-158.179504	20.377800	1543.757000	150.710000	-5.420000	15.000000	69.032765	68.632765	69.432765	3.995958	0.593354
-161.314896	21.956301	1487.586000	150.710000	-5.420000	15.000000	64.678706	63.278706	66.078706	4.109513	-0.836122
-155.765305	26.776699	1665.543000	150.710000	-5.420000	15.000000	NaN	NaN	NaN	NaN	NaN
