-155.996994	20.771000	2117.347000	119.980000	20.690000	12.300000
-154.983002	19.601000	2151.357000	119.980000	20.690000	12.300000
-159.401001	21.971001	2021.325000	119.980000	20.690000	12.300000
-156.658005	20.891001	2099.357000	119.980000	20.690000	12.300000
-159.664993	22.122999	2013.370000	119.980000	20.690000	12.300000
-156.755997	21.136000	2094.361000	119.980000	20.690000	12.300000
-158.903000	21.298401	2040.327000	119.980000	20.690000	12.300000
-161.314896	21.956301	1974.345000	119.980000	20.690000	12.300000
-161.095001	23.997200	1965.335000	119.980000	20.690000	12.300000
-158.933105	24.573799	2012.343000	119.980000	20.690000	12.300000
-155.765305	26.776699	2065.331000	119.980000	20.690000	12.300000
-152.765793	25.592800	2145.325000	119.980000	20.690000	12.300000
-158.185394	22.620199	2046.340000	119.980000	20.690000	12.300000
-155.636200	22.299900	2111.341000	119.980000	20.690000	12.300000
-154.251801	21.168699	2153.351000	119.980000	20.690000	12.300000
-152.981201	18.301800	2210.342000	119.980000	20.690000	12.300000
-150.914993	18.914200	2254.338000	119.980000	20.690000	12.300000
-151.686600	14.689100	2263.330000	119.980000	20.690000	12.300000
-153.967499	14.731300	2207.323000	119.980000	20.690000	12.300000
-153.868195	17.315399	2193.324000	119.980000	20.690000	12.300000
-156.387695	17.614901	2129.334000	119.980000	20.690000	12.300000
-156.206604	16.162001	2140.339000	119.980000	20.690000	12.300000
-157.859100	14.659600	2111.332000	119.980000	20.690000	12.300000
-157.700806	16.348400	2102.338000	119.980000	20.690000	12.300000
-158.982498	15.574000	2074.335000	119.980000	20.690000	12.300000
-158.760193	18.564699	2061.329000	119.980000	20.690000	12.300000
-158.179504	20.377800	2064.322000	119.980000	20.690000	12.300000
