-155.996994	20.771000	2094.497000	120.520000	21.810000	19.600000
-159.401001	21.971001	1999.507000	120.520000	21.810000	19.600000
-156.658005	20.891001	2076.481000	120.520000	21.810000	19.600000
-159.664993	22.122999	1991.510000	120.520000	21.810000	19.600000
-156.755997	21.136000	2072.511000	120.520000	21.810000	19.600000
-158.903000	21.298401	2015.477000	120.520000	21.810000	19.600000
-160.047501	19.823400	1998.476000	120.520000	21.810000	19.600000
-161.314896	21.956301	1950.492000	120.520000	21.810000	19.600000
-161.095001	23.997200	1941.479000	120.520000	21.810000	19.600000
-158.933105	24.573799	1989.476000	120.520000	21.810000	19.600000
-155.765305	26.776699	2041.494000	120.520000	21.810000	19.600000
-152.765793	25.592800	2122.482000	120.520000	21.810000	19.600000
-156.964600	24.312099	2038.476000	120.520000	21.810000	19.600000
-158.185394	22.620199	2024.473000	120.520000	21.810000	19.600000
-155.636200	22.299900	2089.472000	120.520000	21.810000	19.600000
-154.251801	21.168699	2132.486000	120.520000	21.810000	19.600000
-150.914993	18.914200	2233.478000	120.520000	21.810000	19.600000
-149.000900	16.989000	2299.475000	120.520000	21.810000	19.600000
-153.967499	14.731300	2188.497000	120.520000	21.810000	19.600000
-156.206604	16.162001	2121.472000	120.520000	21.810000	19.600000
-157.859100	14.659600	2093.493000	120.520000	21.810000	19.600000
-157.700806	16.348400	2083.474000	120.520000	21.810000	19.600000
-158.982498	15.574000	2057.489000	120.520000	21.810000	19.600000
-158.760193	18.564699	2040.483000	120.520000	21.810000	19.600000
-158.179504	20.377800	2042.495000	120.520000	21.810000	19.600000
