-155.765305	26.776699	1169.869000	165.810000	60.860000	12.000000
-155.772995	19.079000	1367.603000	165.810000	60.860000	12.000000
-155.996994	20.771000	1320.592000	165.810000	60.860000	12.000000
-155.710999	20.046000	1343.587000	165.810000	60.860000	12.000000
-159.401001	21.971001	1250.611000	165.810000	60.860000	12.000000
-156.658005	20.891001	1310.585000	165.810000	60.860000	12.000000
-157.270004	21.108999	1298.606000	165.810000	60.860000	12.000000
-159.664993	22.122999	1247.575000	165.810000	60.860000	12.000000
-156.755997	21.136000	1302.605000	165.810000	60.860000	12.000000
-158.903000	21.298401	1284.647000	165.810000	60.860000	12.000000
-160.047501	19.823400	1302.582000	165.810000	60.860000	12.000000
-162.025604	19.986300	1279.579000	165.810000	60.860000	12.000000
-161.314896	21.956301	1235.517000	165.810000	60.860000	12.000000
-161.095001	23.997200	1185.580000	165.810000	60.860000	12.000000
-158.933105	24.573799	1192.650000	165.810000	60.860000	12.000000
-155.765305	26.776699	1169.569000	165.810000	60.860000	12.000000
-152.765793	25.592800	1231.414000	165.810000	60.860000	12.000000
-156.964600	24.312099	1218.626000	165.810000	60.860000	12.000000
-158.185394	22.620199	1249.592000	165.810000	60.860000	12.000000
-155.636200	22.299900	1284.377000	165.810000	60.860000	12.000000
-154.251801	21.168699	1324.577000	165.810000	60.860000	12.000000
-152.981201	18.301800	1406.635000	165.810000	60.860000	12.000000
-150.914993	18.914200	1415.701000	165.810000	60.860000	12.000000
-149.000900	16.989000	1484.652000	165.810000	60.860000	12.000000
-151.686600	14.689100	1515.709000	165.810000	60.860000	12.000000
-153.967499	14.731300	1493.581000	165.810000	60.860000	12.000000
-153.868195	17.315399	1428.638000	165.810000	60.860000	12.000000
-156.206604	16.162001	1437.579000	165.810000	60.860000	12.000000
-157.859100	14.659600	1453.648000	165.810000	60.860000	12.000000
-157.700806	16.348400	1415.676000	165.810000	60.860000	12.000000
-158.982498	15.574000	1419.594000	165.810000	60.860000	12.000000
-158.760193	18.564699	1348.583000	165.810000	60.860000	12.000000
-158.179504	20.377800	1307.613000	165.810000	60.860000	12.000000
