-155.765305	26.776699	1169.869000	165.810000	60.860000	12.000000	154.208272	154.208272	154.308272	4.048004	0.673321
-155.772995	19.079000	1367.603000	165.810000	60.860000	12.000000	159.302309	157.302309	161.202309	4.034843	2.656790
-155.996994	20.771000	1320.592000	165.810000	60.860000	12.000000	159.659728	158.259728	160.959728	3.915104	3.512650
-155.710999	20.046000	1343.587000	165.810000	60.860000	12.000000	160.522584	157.322584	163.422584	4.059017	4.234152
-159.401001	21.971001	1250.611000	165.810000	60.860000	12.000000	156.493041	154.293041	158.693041	3.957710	-0.689874
-156.658005	20.891001	1310.585000	165.810000	60.860000	12.000000	157.556390	156.256390	158.756390	3.910800	1.177706
-157.270004	21.108999	1298.606000	165.810000	60.860000	12.000000	157.248402	156.148402	158.348402	3.922152	0.689469
-159.664993	22.122999	1247.575000	165.810000	60.860000	12.000000	156.826224	155.626224	158.026224	3.955148	-0.420598
-156.755997	21.136000	1302.605000	165.810000	60.860000	12.000000	157.636807	156.536807	158.736807	3.922918	1.306457
-158.903000	21.298401	1284.647000	165.810000	60.860000	12.000000	160.262847	156.462847	163.862847	3.865753	3.055794
-160.047501	19.823400	1302.582000	165.810000	60.860000	12.000000	156.581782	154.881782	158.181782	3.945344	-1.667463
-162.025604	19.986300	1279.579000	165.810000	60.860000	12.000000	159.866202	158.966202	160.766202	3.989978	0.735444
-161.314896	21.956301	1235.517000	165.810000	60.860000	12.000000	157.305105	155.505105	159.105105	3.889178	-0.784615
-161.095001	23.997200	1185.580000	165.810000	60.860000	12.000000	157.022630	156.022630	158.022630	4.093081	-0.161572
-158.933105	24.573799	1192.650000	165.810000	60.860000	12.000000	155.858312	154.858312	156.858312	4.096398	-0.061657
-155.765305	26.776699	1169.569000	165.810000	60.860000	12.000000	154.208272	154.208272	154.308272	4.048004	0.673321
-152.765793	25.592800	1231.414000	165.810000	60.860000	12.000000	NaN	NaN	NaN	NaN	NaN
-156.964600	24.312099	1218.626000	165.810000	60.860000	12.000000	155.667377	155.167377	156.167377	3.985325	0.508057
-158.185394	22.620199	1249.592000	165.810000	60.860000	12.000000	157.290706	156.090706	158.390706	3.918408	0.905815
-155.636200	22.299900	1284.377000	165.810000	60.860000	12.000000	157.893862	156.993862	158.793862	3.964998	2.469807
-154.251801	21.168699	1324.577000	165.810000	60.860000	12.000000	159.950182	159.150182	160.850182	4.077107	4.649279
-152.981201	18.301800	1406.635000	165.810000	60.860000	12.000000	160.877326	156.777326	164.777326	4.052176	5.065420
-150.914993	18.914200	1415.701000	165.810000	60.860000	12.000000	NaN	NaN	NaN	NaN	NaN
-149.000900	16.989000	1484.652000	165.810000	60.860000	12.000000	NaN	NaN	NaN	NaN	NaN
-151.686600	14.689100	1515.709000	165.810000	60.860000	12.000000	NaN	NaN	NaN	NaN	NaN
-153.967499	14.731300	1493.581000	165.810000	60.860000	12.000000	160.044268	159.844268	160.244268	4.095045	2.786013
-153.868195	17.315399	1428.638000	165.810000	60.860000	12.000000	161.067634	158.967634	163.167634	4.089157	4.605572
-156.206604	16.162001	1437.579000	165.810000	60.860000	12.000000	156.246945	154.146945	158.346945	4.126181	-1.490963
-157.859100	14.659600	1453.648000	165.810000	60.860000	12.000000	153.506657	153.406657	153.706657	4.225896	-5.343886
-157.700806	16.348400	1415.676000	165.810000	60.860000	12.000000	152.848083	151.848083	153.948083	4.084820	-5.458953
-158.982498	15.574000	1419.594000	165.810000	60.860000	12.000000	154.469296	153.969296	154.969296	4.090004	-4.613844
-158.760193	18.564699	1348.583000	165.810000	60.860000	12.000000	157.797632	156.497632	159.097632	4.118927	-0.286957
-158.179504	20.377800	1307.613000	165.810000	60.860000	12.000000	156.798695	155.698695	157.798695	3.920164	-0.417887
