-157.859100	14.659600	1390.338000	154.330000	46.710000	13.500000
-155.772995	19.079000	1347.108000	154.330000	46.710000	13.500000
-155.996994	20.771000	1309.088000	154.330000	46.710000	13.500000
-159.401001	21.971001	1221.108000	154.330000	46.710000	13.500000
-156.658005	20.891001	1294.106000	154.330000	46.710000	13.500000
-159.664993	22.122999	1213.080000	154.330000	46.710000	13.500000
-158.903000	21.298401	1245.079000	154.330000	46.710000	13.500000
-160.047501	19.823400	1252.071000	154.330000	46.710000	13.500000
-161.314896	21.956301	1187.065000	154.330000	46.710000	13.500000
-161.095001	23.997200	1150.066000	154.330000	46.710000	13.500000
-158.933105	24.573799	1176.073000	154.330000	46.710000	13.500000
-155.765305	26.776699	1191.063000	154.330000	46.710000	13.500000
-152.765793	25.592800	1268.085000	154.330000	46.710000	13.500000
-156.964600	24.312099	1217.077000	154.330000	46.710000	13.500000
-158.185394	22.620199	1230.073000	154.330000	46.710000	13.500000
-154.251801	21.168699	1329.085000	154.330000	46.710000	13.500000
-152.981201	18.301800	1411.082000	154.330000	46.710000	13.500000
-151.637604	16.737801	1467.065000	154.330000	46.710000	13.500000
-151.686600	14.689100	1505.070000	154.330000	46.710000	13.500000
-153.967499	14.731300	1461.092000	154.330000	46.710000	13.500000
-153.868195	17.315399	1416.072000	154.330000	46.710000	13.500000
-156.387695	17.614901	1363.080000	154.330000	46.710000	13.500000
-156.206604	16.162001	1392.070000	154.330000	46.710000	13.500000
-157.700806	16.348400	1360.077000	154.330000	46.710000	13.500000
-158.982498	15.574000	1351.093000	154.330000	46.710000	13.500000
-161.367599	17.746901	1269.064000	154.330000	46.710000	13.500000
-158.760193	18.564699	1300.071000	154.330000	46.710000	13.500000
-158.179504	20.377800	1275.066000	154.330000	46.710000	13.500000
