-155.772995	19.079000	1589.846000	150.710000	-5.420000	15.000000
-155.996994	20.771000	1599.849000	150.710000	-5.420000	15.000000
-155.710999	20.046000	1600.843000	150.710000	-5.420000	15.000000
-157.270004	21.108999	1572.862000	150.710000	-5.420000	15.000000
-159.664993	22.122999	1525.849000	150.710000	-5.420000	15.000000
-156.755997	21.136000	1585.861000	150.710000	-5.420000	15.000000
-162.025604	19.986300	1447.850000	150.710000	-5.420000	15.000000
-161.095001	23.997200	1514.826000	150.710000	-5.420000	15.000000
-158.933105	24.573799	1570.932000	150.710000	-5.420000	15.000000
-152.765793	25.592800	1723.267000	150.710000	-5.420000	15.000000
-156.964600	24.312099	1612.867000	150.710000	-5.420000	15.000000
-158.185394	22.620199	1565.826000	150.710000	-5.420000	15.000000
-154.251801	21.168699	1646.838000	150.710000	-5.420000	15.000000
-152.981201	18.301800	1648.892000	150.710000	-5.420000	15.000000
-153.967499	14.731300	1595.831000	150.710000	-5.420000	15.000000
-153.868195	17.315399	1618.906000	150.710000	-5.420000	15.000000
-156.206604	16.162001	1549.824000	150.710000	-5.420000	15.000000
-157.700806	16.348400	1516.089000	150.710000	-5.420000	15.000000
-158.982498	15.574000	1477.830000	150.710000	-5.420000	15.000000
-158.760193	18.564699	1510.853000	150.710000	-5.420000	15.000000
-158.179504	20.377800	1543.757000	150.710000	-5.420000	15.000000
-161.314896	21.956301	1487.586000	150.710000	-5.420000	15.000000
-155.765305	26.776699	1665.543000	150.710000	-5.420000	15.000000
