-155.772995	19.079000	1359.687000	153.450000	46.290000	12.800000	133.122593	132.322593	133.822593	4.027537	-2.143376
-155.996994	20.771000	1322.667000	153.450000	46.290000	12.800000	132.724159	132.324159	133.124159	3.915632	-1.545104
-154.983002	19.601000	1364.691000	153.450000	46.290000	12.800000	133.345631	132.545631	134.045631	4.005622	-1.419065
-159.401001	21.971001	1234.679000	153.450000	46.290000	12.800000	135.987923	135.487923	136.387923	3.929657	1.678899
-156.658005	20.891001	1307.679000	153.450000	46.290000	12.800000	132.989948	132.689948	133.389948	3.944996	-1.356471
-159.664993	22.122999	1226.651000	153.450000	46.290000	12.800000	135.775806	135.375806	136.275806	3.930603	1.503624
-156.755997	21.136000	1300.682000	153.450000	46.290000	12.800000	133.238726	132.938726	133.538726	3.943259	-0.970388
-161.314896	21.956301	1200.643000	153.450000	46.290000	12.800000	136.682597	136.582597	136.682597	3.977400	1.807960
-161.095001	23.997200	1163.663000	153.450000	46.290000	12.800000	135.633474	135.233474	136.033474	3.962914	2.386383
-158.933105	24.573799	1190.659000	153.450000	46.290000	12.800000	134.954609	134.754609	135.154609	3.968522	2.702462
-155.765305	26.776699	1204.888000	153.450000	46.290000	12.800000	NaN	NaN	NaN	NaN	NaN
-152.765793	25.592800	1281.655000	153.450000	46.290000	12.800000	NaN	NaN	NaN	NaN	NaN
-158.185394	22.620199	1243.643000	153.450000	46.290000	12.800000	135.530853	135.130853	136.030853	3.914548	1.997782
-152.981201	18.301800	1425.661000	153.450000	46.290000	12.800000	139.807528	137.007528	142.407528	4.048995	4.732753
-150.914993	18.914200	1445.655000	153.450000	46.290000	12.800000	NaN	NaN	NaN	NaN	NaN
-151.686600	14.689100	1517.665000	153.450000	46.290000	12.800000	NaN	NaN	NaN	NaN	NaN
-153.967499	14.731300	1474.644000	153.450000	46.290000	12.800000	133.665278	132.465278	134.765278	4.130300	-3.517723
-153.868195	17.315399	1429.665000	153.450000	46.290000	12.800000	132.149700	130.949700	133.449700	4.090721	-3.665189
-156.387695	17.614901	1376.659000	153.450000	46.290000	12.800000	133.905929	132.705929	135.205929	4.036341	-2.381351
-156.206604	16.162001	1404.660000	153.450000	46.290000	12.800000	132.930642	132.330642	133.530642	4.080011	-4.120908
-157.859100	14.659600	1402.868000	153.450000	46.290000	12.800000	135.633973	135.633973	135.633973	4.006892	-2.729300
-157.700806	16.348400	1372.659000	153.450000	46.290000	12.800000	132.726260	131.526260	133.926260	4.088966	-4.663058
-158.982498	15.574000	1363.656000	153.450000	46.290000	12.800000	134.294426	133.894426	134.694426	4.107899	-3.940916
-158.760193	18.564699	1312.648000	153.450000	46.290000	12.800000	134.298391	133.598391	134.998391	4.056963	-2.099513
-158.179504	20.377800	1288.658000	153.450000	46.290000	12.800000	134.248538	133.948538	134.648538	3.942519	-0.821542
