-155.772995	19.079000	1346.860000	154.800000	46.170000	12.000000
-155.996994	20.771000	1308.839000	154.800000	46.170000	12.000000
-159.664993	22.122999	1213.846000	154.800000	46.170000	12.000000
-156.755997	21.136000	1287.855000	154.800000	46.170000	12.000000
-158.903000	21.298401	1246.977000	154.800000	46.170000	12.000000
-160.047501	19.823400	1253.821000	154.800000	46.170000	12.000000
-161.314896	21.956301	1188.003000	154.800000	46.170000	12.000000
-161.095001	23.997200	1149.836000	154.800000	46.170000	12.000000
-158.933105	24.573799	1174.002000	154.800000	46.170000	12.000000
-155.765305	26.776699	1187.839000	154.800000	46.170000	12.000000
-152.765793	25.592800	1266.028000	154.800000	46.170000	12.000000
-156.964600	24.312099	1215.813000	154.800000	46.170000	12.000000
-158.185394	22.620199	1230.818000	154.800000	46.170000	12.000000
-155.636200	22.299900	1281.833000	154.800000	46.170000	12.000000
-154.251801	21.168699	1327.843000	154.800000	46.170000	12.000000
-150.914993	18.914200	1428.825000	154.800000	46.170000	12.000000
-149.000900	16.989000	1502.108000	154.800000	46.170000	12.000000
-151.637604	16.737801	1467.175000	154.800000	46.170000	12.000000
-151.686600	14.689100	1505.910000	154.800000	46.170000	12.000000
-153.967499	14.731300	1462.838000	154.800000	46.170000	12.000000
-153.868195	17.315399	1416.936000	154.800000	46.170000	12.000000
-156.387695	17.614901	1363.838000	154.800000	46.170000	12.000000
-156.206604	16.162001	1392.842000	154.800000	46.170000	12.000000
-157.859100	14.659600	1391.829000	154.800000	46.170000	12.000000
-157.700806	16.348400	1360.816000	154.800000	46.170000	12.000000
-158.982498	15.574000	1352.825000	154.800000	46.170000	12.000000
-161.367599	17.746901	1271.225000	154.800000	46.170000	12.000000
-158.760193	18.564699	1301.828000	154.800000	46.170000	12.000000
-158.179504	20.377800	1276.828000	154.800000	46.170000	12.000000
