-155.772995	19.079000	1346.860000	154.800000	46.170000	12.000000	135.724610	134.224610	137.424610	4.044480	0.264638
-155.996994	20.771000	1308.839000	154.800000	46.170000	12.000000	136.611525	135.211525	138.011525	4.046148	2.175107
-159.664993	22.122999	1213.846000	154.800000	46.170000	12.000000	137.210167	136.310167	138.210167	3.874120	2.715085
-156.755997	21.136000	1287.855000	154.800000	46.170000	12.000000	137.133980	135.833980	138.333980	3.963925	2.748563
-158.903000	21.298401	1246.977000	154.800000	46.170000	12.000000	136.536661	134.936661	138.036661	3.975362	1.669391
-160.047501	19.823400	1253.821000	154.800000	46.170000	12.000000	135.775132	135.075132	136.475132	3.981983	-0.482368
-161.314896	21.956301	1188.003000	154.800000	46.170000	12.000000	136.951977	136.151977	137.751977	3.910200	1.809866
-161.095001	23.997200	1149.836000	154.800000	46.170000	12.000000	137.869351	136.069351	139.669351	3.853297	4.405397
-158.933105	24.573799	1174.002000	154.800000	46.170000	12.000000	138.039368	137.139368	138.939368	3.837250	5.636730
-155.765305	26.776699	1187.839000	154.800000	46.170000	12.000000	NaN	NaN	NaN	NaN	NaN
-152.765793	25.592800	1266.028000	154.800000	46.170000	12.000000	NaN	NaN	NaN	NaN	NaN
-156.964600	24.312099	1215.813000	154.800000	46.170000	12.000000	136.366976	135.866976	136.966976	3.838998	4.219383
-158.185394	22.620199	1230.818000	154.800000	46.170000	12.000000	137.431404	136.731404	138.231404	3.863387	3.720777
-155.636200	22.299900	1281.833000	154.800000	46.170000	12.000000	137.781557	137.181557	138.381557	3.952259	4.464754
-154.251801	21.168699	1327.843000	154.800000	46.170000	12.000000	139.891725	139.591725	140.291725	4.109864	6.123151
-150.914993	18.914200	1428.825000	154.800000	46.170000	12.000000	NaN	NaN	NaN	NaN	NaN
-149.000900	16.989000	1502.108000	154.800000	46.170000	12.000000	NaN	NaN	NaN	NaN	NaN
-151.637604	16.737801	1467.175000	154.800000	46.170000	12.000000	138.907966	135.907966	141.907966	4.127379	3.134935
-151.686600	14.689100	1505.910000	154.800000	46.170000	12.000000	NaN	NaN	NaN	NaN	NaN
-153.967499	14.731300	1462.838000	154.800000	46.170000	12.000000	135.276025	134.576025	135.976025	4.098621	-2.134792
-153.868195	17.315399	1416.936000	154.800000	46.170000	12.000000	132.439789	131.239789	133.739789	4.129433	-3.560499
-156.387695	17.614901	1363.838000	154.800000	46.170000	12.000000	134.531101	133.131101	135.831101	4.046018	-1.988531
-156.206604	16.162001	1392.842000	154.800000	46.170000	12.000000	133.864452	133.364452	134.364452	4.064277	-3.438920
-157.859100	14.659600	1391.829000	154.800000	46.170000	12.000000	136.504160	136.404160	136.604160	3.999086	-2.168881
-157.700806	16.348400	1360.816000	154.800000	46.170000	12.000000	133.682834	132.182834	135.282834	4.140704	-3.987769
-158.982498	15.574000	1352.825000	154.800000	46.170000	12.000000	135.078212	134.178212	135.878212	4.219255	-3.478878
-161.367599	17.746901	1271.225000	154.800000	46.170000	12.000000	136.934720	136.134720	137.734720	4.243610	-1.179387
-158.760193	18.564699	1301.828000	154.800000	46.170000	12.000000	135.255235	134.455235	135.955235	4.137968	-1.411744
-158.179504	20.377800	1276.828000	154.800000	46.170000	12.000000	136.976720	136.276720	137.676720	3.965770	1.683823
