-155.772995	19.079000	1347.902000	154.800000	46.170000	12.000000	135.324610	133.724610	137.024610	4.068619	-0.135362
-155.996994	20.771000	1309.881000	154.800000	46.170000	12.000000	136.411525	135.011525	137.811525	4.013503	1.975107
-156.658005	20.891001	1296.884000	154.800000	46.170000	12.000000	135.786499	133.786499	137.786499	3.996433	1.261066
-159.664993	22.122999	1214.888000	154.800000	46.170000	12.000000	135.310167	134.410167	136.310167	3.905787	0.815085
-156.755997	21.136000	1287.896000	154.800000	46.170000	12.000000	137.133980	136.033980	138.233980	3.931914	2.748563
-158.903000	21.298401	1247.019000	154.800000	46.170000	12.000000	136.436661	135.036661	137.836661	3.943282	1.569391
-160.047501	19.823400	1253.862000	154.800000	46.170000	12.000000	135.275132	134.775132	135.775132	3.974372	-0.982368
-161.095001	23.997200	1150.877000	154.800000	46.170000	12.000000	NaN	NaN	NaN	NaN	NaN
-152.765793	25.592800	1267.069000	154.800000	46.170000	12.000000	NaN	NaN	NaN	NaN	NaN
-156.964600	24.312099	1215.855000	154.800000	46.170000	12.000000	137.466976	137.166976	137.666976	3.856058	5.319383
-158.185394	22.620199	1230.860000	154.800000	46.170000	12.000000	138.231404	137.531404	138.831404	3.861369	4.520777
-155.636200	22.299900	1282.875000	154.800000	46.170000	12.000000	137.781557	137.181557	138.381557	3.891573	4.464754
-154.251801	21.168699	1328.884000	154.800000	46.170000	12.000000	139.991725	139.491725	140.491725	4.099001	6.223151
-150.914993	18.914200	1429.866000	154.800000	46.170000	12.000000	NaN	NaN	NaN	NaN	NaN
-149.000900	16.989000	1503.149000	154.800000	46.170000	12.000000	NaN	NaN	NaN	NaN	NaN
-151.637604	16.737801	1468.216000	154.800000	46.170000	12.000000	138.607966	135.507966	141.707966	4.127201	2.834935
-151.686600	14.689100	1505.951000	154.800000	46.170000	12.000000	NaN	NaN	NaN	NaN	NaN
-153.967499	14.731300	1463.879000	154.800000	46.170000	12.000000	135.676025	134.876025	136.476025	4.071516	-1.734792
-153.868195	17.315399	1416.977000	154.800000	46.170000	12.000000	132.839789	131.939789	133.839789	4.123764	-3.160499
-156.387695	17.614901	1364.879000	154.800000	46.170000	12.000000	134.431101	132.931101	136.031101	4.062424	-2.088531
-156.206604	16.162001	1392.884000	154.800000	46.170000	12.000000	133.564452	132.764452	134.264452	4.071896	-3.738920
-157.859100	14.659600	1391.871000	154.800000	46.170000	12.000000	136.304160	136.104160	136.404160	4.048710	-2.368881
-157.700806	16.348400	1361.856000	154.800000	46.170000	12.000000	133.482834	132.482834	134.382834	4.134271	-4.187769
-158.982498	15.574000	1352.867000	154.800000	46.170000	12.000000	134.778212	133.978212	135.578212	4.215828	-3.778878
-161.367599	17.746901	1271.266000	154.800000	46.170000	12.000000	136.934720	136.134720	137.734720	4.243561	-1.179387
-158.760193	18.564699	1301.870000	154.800000	46.170000	12.000000	134.955235	134.355235	135.555235	4.107515	-1.711744
-158.179504	20.377800	1277.869000	154.800000	46.170000	12.000000	136.776720	135.976720	137.576720	3.937696	1.483823
