-155.772995	19.079000	2113.696000	-78.530000	4.690000	12.000000	271.616990	271.116990	272.216990	3.948976	1.931578
-155.996994	20.771000	2120.675000	-78.530000	4.690000	12.000000	269.457423	268.757423	270.257423	3.943008	-0.557144
-156.658005	20.891001	2137.695000	-78.530000	4.690000	12.000000	270.181592	269.581592	270.781592	3.991952	0.374011
-159.664993	22.122999	2214.683000	-78.530000	4.690000	12.000000	268.368424	267.668424	268.968424	4.082091	-0.590022
-161.314896	21.956301	2256.632000	-78.530000	4.690000	12.000000	267.036434	265.636434	268.436434	4.104907	-1.281726
-161.095001	23.997200	2246.665000	-78.530000	4.690000	12.000000	266.094327	265.294327	266.994327	4.136837	-2.616064
-158.933105	24.573799	2194.865000	-78.530000	4.690000	12.000000	269.651246	268.251246	271.051246	4.063343	-0.042033
-155.765305	26.776699	2118.107000	-78.530000	4.690000	12.000000	273.334616	273.334616	273.434616	4.181525	1.790069
-152.765793	25.592800	2044.673000	-78.530000	4.690000	12.000000	NaN	NaN	NaN	NaN	NaN
-156.964600	24.312099	2143.635000	-78.530000	4.690000	12.000000	271.186530	269.686530	272.686530	3.994789	0.731740
-158.185394	22.620199	2176.666000	-78.530000	4.690000	12.000000	268.556895	267.856895	269.256895	4.017340	-1.055022
-155.636200	22.299900	2109.802000	-78.530000	4.690000	12.000000	268.831560	268.531560	269.131560	3.948061	-1.683850
-154.251801	21.168699	2074.677000	-78.530000	4.690000	12.000000	270.578672	269.578672	271.578672	3.957766	-0.163707
-150.914993	18.914200	1987.706000	-78.530000	4.690000	12.000000	NaN	NaN	NaN	NaN	NaN
-153.967499	14.731300	2065.668000	-78.530000	4.690000	12.000000	NaN	NaN	NaN	NaN	NaN
-156.206604	16.162001	2121.667000	-78.530000	4.690000	12.000000	270.324608	268.924608	271.724608	4.191181	1.461573
-157.859100	14.659600	2166.060000	-78.530000	4.690000	12.000000	NaN	NaN	NaN	NaN	NaN
-158.982498	15.574000	2193.674000	-78.530000	4.690000	12.000000	271.999085	270.599085	273.499085	4.074108	4.002493
-158.760193	18.564699	2191.668000	-78.530000	4.690000	12.000000	271.733897	271.033897	272.533897	4.019481	3.114195
-158.179504	20.377800	2178.117000	-78.530000	4.690000	12.000000	269.069978	268.069978	270.069978	4.003165	-0.094682
-160.047501	19.823400	2225.273000	-78.530000	4.690000	12.000000	269.343924	268.943924	269.743924	4.098727	0.916618
-152.765793	25.592800	2044.423000	-78.530000	4.690000	12.000000	NaN	NaN	NaN	NaN	NaN
