-155.772995	19.079000	1172.032000	-110.690000	26.250000	15.900000	252.730892	252.130892	253.230892	3.962528	1.108697
-155.996994	20.771000	1163.012000	-110.690000	26.250000	15.900000	253.444529	253.144529	253.744529	3.995197	0.026203
-156.658005	20.891001	1179.019000	-110.690000	26.250000	15.900000	253.079427	252.779427	253.279427	3.960069	-0.427020
-159.664993	22.122999	1245.017000	-110.690000	26.250000	15.900000	253.123823	252.323823	253.823823	3.970388	-1.346169
-160.047501	19.823400	1272.990000	-110.690000	26.250000	15.900000	251.558202	251.258202	251.858202	4.040966	-0.681551
-161.314896	21.956301	1286.010000	-110.690000	26.250000	15.900000	252.580389	251.980389	253.080389	3.991659	-1.520916
-161.095001	23.997200	1263.994000	-110.690000	26.250000	15.900000	253.760158	253.360158	254.060158	3.980082	-2.296659
-158.933105	24.573799	1206.999000	-110.690000	26.250000	15.900000	255.006705	254.506705	255.506705	3.957237	-2.044156
-158.185394	22.620199	1203.017000	-110.690000	26.250000	15.900000	253.698970	253.398970	253.998970	3.953880	-1.460512
-155.636200	22.299900	1142.182000	-110.690000	26.250000	15.900000	253.935139	253.635139	254.235139	3.963143	-1.185577
-154.251801	21.168699	1117.018000	-110.690000	26.250000	15.900000	253.128242	252.828242	253.528242	4.018473	-0.826604
-150.914993	18.914200	1054.004000	-110.690000	26.250000	15.900000	NaN	NaN	NaN	NaN	NaN
-151.637604	16.737801	1092.002000	-110.690000	26.250000	15.900000	248.692600	247.292600	250.092600	4.168607	-0.067318
-151.686600	14.689100	1112.994000	-110.690000	26.250000	15.900000	NaN	NaN	NaN	NaN	NaN
-153.967499	14.731300	1167.005000	-110.690000	26.250000	15.900000	248.033899	248.033899	248.033899	4.169782	1.091464
-156.387695	17.614901	1199.988000	-110.690000	26.250000	15.900000	251.467105	250.467105	252.367105	3.996008	1.338416
-156.206604	16.162001	1207.003000	-110.690000	26.250000	15.900000	250.591804	250.091804	250.991804	4.155292	1.923043
-157.700806	16.348400	1241.996000	-110.690000	26.250000	15.900000	253.087718	252.787718	253.287718	4.125113	4.121089
-158.982498	15.574000	1280.010000	-110.690000	26.250000	15.900000	252.204506	252.104506	252.304506	4.145209	3.859527
-158.760193	18.564699	1252.008000	-110.690000	26.250000	15.900000	253.836661	252.936661	254.836661	4.040762	2.738302
-158.179504	20.377800	1221.987000	-110.690000	26.250000	15.900000	252.362739	251.962739	252.762739	3.946801	-0.522292
-156.387695	17.614901	1199.738000	-110.690000	26.250000	15.900000	251.467105	250.467105	252.367105	3.996008	1.338416
