-156.387695	17.614901	153.190000	-4.530000	-76.788386	78.000000	70.748495	70.748495	70.748495	4.068848	-0.057382
-153.503204	19.495199	153.190000	-4.530000	10.551762	87.000000	71.081348	71.081348	71.181348	4.118943	-0.046378
-159.525604	16.659599	153.190000	-4.530000	-162.749075	41.000000	70.008553	70.008553	70.008553	4.068833	0.212099
-159.025604	17.159599	153.190000	-4.530000	-145.565392	50.000000	69.821350	69.821350	69.821350	4.073062	0.119846
-158.525604	17.659599	153.190000	-4.530000	-128.746922	62.000000	69.738094	69.738094	69.738094	4.071379	0.121686
-158.025604	18.159599	153.190000	-4.530000	-111.678582	75.000000	69.658519	69.558519	69.658519	4.064615	0.117634
-157.525604	18.659599	153.190000	-4.530000	-94.707461	81.000000	69.582368	69.482368	69.582368	4.060642	0.107397
-157.025604	19.159599	153.190000	-4.530000	-77.979626	87.000000	69.509395	69.509395	69.509395	4.063821	0.091097
-156.525604	19.659599	153.190000	-4.530000	-61.201781	89.000000	69.539363	69.539363	69.539363	4.071541	0.168745
-156.025604	20.159599	153.190000	-4.530000	-43.900210	93.000000	69.472043	69.472043	69.572043	4.082905	0.140058
-155.525604	20.659599	153.190000	-4.530000	-27.357731	91.000000	69.607216	69.507216	69.607216	4.097825	0.305149
-155.025604	21.159599	153.190000	-4.530000	-10.657988	88.000000	69.644672	69.644672	69.644672	4.115652	0.364021
-154.525604	21.659599	153.190000	-4.530000	5.521513	82.000000	69.784205	69.784205	69.784205	4.129604	0.516403
-154.025604	22.159599	153.190000	-4.530000	21.674974	77.000000	69.925620	69.925620	69.925620	4.144510	0.662397
-153.525604	22.659599	153.190000	-4.530000	37.910012	74.000000	69.968727	69.968727	69.968727	4.146161	0.702001
-153.025604	23.159599	153.190000	-4.530000	53.886124	69.000000	70.013344	70.013344	70.013344	4.144194	0.734954
-152.525604	23.659599	153.190000	-4.530000	70.205010	69.000000	70.059293	70.059293	70.059293	4.135614	0.761348
-152.025604	24.159599	153.190000	-4.530000	86.128988	69.000000	70.106403	70.006403	70.106403	4.127157	0.781178
-151.525604	24.659599	153.190000	-4.530000	102.547528	69.000000	70.054510	70.054510	70.054510	4.121258	0.694189
-151.025604	25.159599	153.190000	-4.530000	118.365781	64.000000	70.203454	70.203454	70.303454	4.118423	0.800467
-150.525604	25.659599	153.190000	-4.530000	134.846506	52.000000	70.053080	70.053080	70.053080	4.115021	0.600003
-150.025604	26.159599	153.190000	-4.530000	150.756975	39.000000	70.203238	70.203238	70.203238	4.115769	0.692549
-149.525604	26.659599	153.190000	-4.530000	167.206526	27.000000	69.753783	69.753783	69.753783	4.102907	0.178185
-156.206604	16.162001	153.190000	-4.530000	-84.620634	68.000000	72.111954	72.011954	72.111954	4.075757	0.224319
-153.295898	18.800900	153.190000	-4.530000	9.638691	84.000000	71.634422	71.534422	71.634422	4.116606	-0.018133
-159.525604	17.159599	153.190000	-4.530000	-157.997494	41.000000	69.608774	69.608774	69.608774	4.068819	0.186522
-159.025604	17.659599	153.190000	-4.530000	-140.746584	52.000000	69.427044	69.327044	69.427044	4.073336	0.091420
-158.525604	18.159599	153.190000	-4.530000	-124.048541	64.000000	69.449057	69.449057	69.449057	4.066251	0.190141
-158.025604	18.659599	153.190000	-4.530000	-106.743376	74.000000	69.274554	69.274554	69.274554	4.061314	0.082970
-157.525604	19.159599	153.190000	-4.530000	-89.955726	85.000000	69.203284	69.203284	69.203284	4.060424	0.069803
-157.025604	19.659599	153.190000	-4.530000	-73.210734	88.000000	69.235006	69.235006	69.235006	4.066176	0.150318
-156.525604	20.159599	153.190000	-4.530000	-56.113168	90.000000	69.269489	69.269489	69.269489	4.075196	0.224779
-156.025604	20.659599	153.190000	-4.530000	-39.040649	92.000000	69.206512	69.206512	69.306512	4.089099	0.193081
-155.525604	21.159599	153.190000	-4.530000	-22.588479	88.000000	69.345858	69.345858	69.345858	4.104850	0.354918
-155.025604	21.659599	153.190000	-4.530000	-5.994739	83.000000	69.487324	69.387324	69.487324	4.123645	0.510532
-154.525604	22.159599	153.190000	-4.530000	10.170885	77.000000	69.630708	69.630708	69.630708	4.139110	0.659823
-154.025604	22.659599	153.190000	-4.530000	26.253074	75.000000	69.675821	69.675821	69.675821	4.147850	0.702492
-153.525604	23.159599	153.190000	-4.530000	42.514241	72.000000	69.722477	69.722477	69.722477	4.146263	0.738766
-153.025604	23.659599	153.190000	-4.530000	58.511403	69.000000	69.770496	69.670496	69.770496	4.142194	0.768546
-152.525604	24.159599	153.190000	-4.530000	74.856833	69.000000	69.719708	69.719708	69.719708	4.132577	0.691543
-152.025604	24.659599	153.190000	-4.530000	90.841211	69.000000	69.869945	69.769945	69.869945	4.125235	0.807970
-151.525604	25.159599	153.190000	-4.530000	107.324758	64.000000	69.721045	69.721045	69.721045	4.119503	0.617727
-151.025604	25.659599	153.190000	-4.530000	123.115077	57.000000	69.972854	69.972854	69.972854	4.119323	0.820536
-150.525604	26.159599	153.190000	-4.530000	139.631512	45.000000	69.625219	69.625219	69.625219	4.111620	0.416595
-150.025604	26.659599	153.190000	-4.530000	155.598367	32.000000	69.677995	69.677995	69.777995	4.109740	0.405805
-149.025604	14.659600	153.190000	-4.530000	84.423846	21.000000	76.402959	76.402959	76.402959	4.119300	0.442657
-156.167007	18.301001	153.190000	-4.530000	-65.093961	84.000000	70.440333	70.440333	70.440333	4.071715	-0.023924
-153.292099	20.892599	153.190000	-4.530000	27.781298	81.000000	70.701929	70.701929	70.701929	4.137127	0.285942
-159.525604	17.659599	153.190000	-4.530000	-153.117338	41.000000	69.211916	69.211916	69.211916	4.070313	0.160710
-159.025604	18.159599	153.190000	-4.530000	-135.891017	51.000000	69.035580	69.035580	69.035580	4.071849	0.062523
-158.525604	18.659599	153.190000	-4.530000	-119.299104	64.000000	69.062785	69.062785	69.062785	4.062449	0.158274
-158.025604	19.159599	153.190000	-4.530000	-101.695050	76.000000	68.893277	68.893277	68.893277	4.060157	0.048032
-157.525604	19.659599	153.190000	-4.530000	-85.250179	85.000000	68.926813	68.926813	68.926813	4.062245	0.131713
-157.025604	20.159599	153.190000	-4.530000	-68.120694	86.000000	68.963156	68.963156	68.963156	4.069744	0.209182
-156.525604	20.659599	153.190000	-4.530000	-51.116587	88.000000	69.002083	68.902083	69.002083	4.079849	0.280500
-156.025604	21.159599	153.190000	-4.530000	-34.107722	87.000000	69.043376	68.943376	69.043376	4.096766	0.345582
-155.525604	21.659599	153.190000	-4.530000	-17.736336	83.000000	69.186827	69.086827	69.186827	4.112521	0.504296
-155.025604	22.159599	153.190000	-4.530000	-1.277351	80.000000	69.232233	69.232233	69.232233	4.131666	0.556694
-154.525604	22.659599	153.190000	-4.530000	14.866633	75.000000	69.379402	69.379402	69.379402	4.143878	0.702692
-154.025604	23.159599	153.190000	-4.530000	30.893012	73.000000	69.428147	69.428147	69.428147	4.150194	0.742160
-153.525604	23.659599	153.190000	-4.530000	47.203193	70.000000	69.378286	69.378286	69.378286	4.146060	0.675144
-153.025604	24.159599	153.190000	-4.530000	63.222108	69.000000	69.429646	69.429646	69.429646	4.140540	0.701559
-152.525604	24.659599	153.190000	-4.530000	79.633510	69.000000	69.482059	69.482059	69.482059	4.130919	0.721277
-152.025604	25.159599	153.190000	-4.530000	95.714988	64.000000	69.535361	69.535361	69.535361	4.123463	0.734338
-151.525604	25.659599	153.190000	-4.530000	112.176664	57.000000	69.289396	69.289396	69.289396	4.116233	0.440656
-151.025604	26.159599	153.190000	-4.530000	127.920856	49.000000	69.644011	69.644011	69.644011	4.119670	0.740108
-150.525604	26.659599	153.190000	-4.530000	144.531562	36.000000	69.099059	69.099059	69.199059	4.105342	0.132725
-149.525604	14.659600	153.190000	-4.530000	72.125562	27.000000	76.566746	76.566746	76.566746	4.116721	0.800762
-149.025604	15.159600	153.190000	-4.530000	87.597539	27.000000	76.045688	76.045688	76.045688	4.119019	0.360299
-155.996994	20.771000	153.190000	-4.530000	-37.265967	89.000000	69.192444	69.192444	69.292444	4.090655	0.232855
-153.290604	17.906200	153.190000	-4.530000	2.058336	78.000000	72.045060	72.045060	72.145060	4.112504	-0.152591
-159.525604	18.159599	153.190000	-4.530000	-148.188405	39.000000	68.817997	68.817997	68.817997	4.070027	0.134589
-159.025604	18.659599	153.190000	-4.530000	-131.065993	52.000000	68.646975	68.646975	68.646975	4.069176	0.033286
-158.525604	19.159599	153.190000	-4.530000	-114.275036	65.000000	68.679292	68.679292	68.679292	4.060621	0.126000
-158.025604	19.659599	153.190000	-4.530000	-96.842440	80.000000	68.614701	68.614701	68.614701	4.059554	0.112751
-157.525604	20.159599	153.190000	-4.530000	-80.265411	85.000000	68.652965	68.652965	68.652965	4.064221	0.193250
-157.025604	20.659599	153.190000	-4.530000	-63.052049	87.000000	68.693856	68.693856	68.693856	4.073856	0.267610
-156.525604	21.159599	153.190000	-4.530000	-46.092539	88.000000	68.737152	68.737152	68.737152	4.087063	0.335844
-156.025604	21.659599	153.190000	-4.530000	-29.149819	85.000000	68.782644	68.682644	68.882644	4.104731	0.397675
-155.525604	22.159599	153.190000	-4.530000	-12.852244	80.000000	68.930128	68.830128	68.930128	4.121570	0.553206
-155.025604	22.659599	153.190000	-4.530000	3.422318	76.000000	68.979407	68.979407	68.979407	4.140452	0.602443
-154.525604	23.159599	153.190000	-4.530000	19.601730	74.000000	69.030292	69.030292	69.030292	4.148137	0.645120
-154.025604	23.659599	153.190000	-4.530000	35.616425	71.000000	69.082602	69.082602	69.082602	4.151301	0.681330
-153.525604	24.159599	153.190000	-4.530000	51.926212	69.000000	69.136160	69.036160	69.136160	4.145900	0.711075
-153.025604	24.659599	153.190000	-4.530000	68.031202	69.000000	69.190797	69.090797	69.190797	4.138925	0.734097
-152.525604	25.159599	153.190000	-4.530000	84.577749	64.000000	69.046348	69.046348	69.046348	4.127832	0.550480
-152.025604	25.659599	153.190000	-4.530000	100.605470	57.000000	69.102654	69.102654	69.102654	4.121191	0.560223
-151.525604	26.159599	153.190000	-4.530000	116.979260	50.000000	68.959563	68.959563	68.959563	4.114154	0.363076
-151.025604	26.659599	153.190000	-4.530000	132.815551	40.000000	69.216926	69.216926	69.216926	4.116775	0.559116
-150.025604	14.659600	153.190000	-4.530000	59.067415	32.000000	76.028033	75.928033	76.028033	4.123887	0.458697
-149.525604	15.159600	153.190000	-4.530000	75.350638	34.000000	76.207351	76.207351	76.207351	4.115230	0.721235
-149.025604	15.659600	153.190000	-4.530000	90.836880	32.000000	75.689774	75.689774	75.689774	4.118980	0.277458
-155.772995	19.079000	153.190000	-4.530000	-48.103909	91.000000	70.201163	70.201163	70.201163	4.080015	0.032734
-152.981201	18.301800	153.190000	-4.530000	12.620160	81.000000	72.005570	72.005570	72.005570	4.121101	-0.106026
-159.525604	18.659599	153.190000	-4.530000	-143.244915	41.000000	68.527032	68.527032	68.527032	4.065421	0.207994
-159.025604	19.159599	153.190000	-4.530000	-126.089613	54.000000	68.361241	68.361241	68.361241	4.062500	0.103800
-158.525604	19.659599	153.190000	-4.530000	-109.266520	69.000000	68.398589	68.398589	68.398589	4.058895	0.193367
-158.025604	20.159599	153.190000	-4.530000	-91.905246	79.000000	68.338837	68.338837	68.338837	4.061278	0.176971
-157.525604	20.659599	153.190000	-4.530000	-75.162563	84.000000	68.381752	68.381752	68.381752	4.068106	0.254499
-157.025604	21.159599	153.190000	-4.530000	-57.964854	84.000000	68.427113	68.427113	68.427113	4.079757	0.325645
-156.525604	21.659599	153.190000	-4.530000	-41.134674	85.000000	68.474705	68.474705	68.474705	4.094723	0.390662
-156.025604	22.159599	153.190000	-4.530000	-24.272516	81.000000	68.524323	68.424323	68.624323	4.113170	0.449442
-155.525604	22.659599	153.190000	-4.530000	-7.991704	79.000000	68.675767	68.575767	68.675767	4.129858	0.601689
-155.025604	23.159599	153.190000	-4.530000	8.192499	75.000000	68.728848	68.728848	68.728848	4.144451	0.647639
-154.525604	23.659599	153.190000	-4.530000	24.319257	71.000000	68.683382	68.683382	68.683382	4.150989	0.587183
-154.025604	24.159599	153.190000	-4.530000	40.384185	69.000000	68.739190	68.739190	68.739190	4.151421	0.620038
-153.525604	24.659599	153.190000	-4.530000	56.798790	69.000000	68.796101	68.796101	68.796101	4.145700	0.646422
-153.025604	25.159599	153.190000	-4.530000	72.926380	64.000000	68.853949	68.853949	68.853949	4.137637	0.666230
-152.525604	25.659599	153.190000	-4.530000	89.533661	57.000000	68.612575	68.612575	68.612575	4.124861	0.379186
-152.025604	26.159599	153.190000	-4.530000	105.511649	50.000000	68.771825	68.771825	68.771825	4.120028	0.485495
-151.525604	26.659599	153.190000	-4.530000	121.834689	41.000000	68.631548	68.631548	68.631548	4.112393	0.285053
-150.525604	14.659600	153.190000	-4.530000	46.545888	36.000000	75.886768	75.886768	75.886768	4.124986	0.516201
-150.025604	15.159600	153.190000	-4.530000	62.365661	41.000000	75.666471	75.666471	75.666471	4.123315	0.382010
-149.525604	15.659600	153.190000	-4.530000	78.596882	39.000000	75.749364	75.749364	75.749364	4.114965	0.541384
-149.025604	16.159599	153.190000	-4.530000	94.117217	36.000000	75.235236	75.235236	75.235236	4.121758	0.094351
-159.664993	22.122999	153.190000	-4.530000	-109.879779	43.000000	66.049628	66.049628	66.049628	4.070214	0.254702
-155.765305	26.776699	153.190000	-4.530000	29.108753	38.000000	65.696646	65.696646	65.696646	4.157796	0.171533
-152.765793	25.592800	153.190000	-4.530000	83.220990	61.000000	68.591329	68.591329	68.691329	4.129814	0.472311
-159.525604	19.159599	153.190000	-4.530000	-138.220831	43.000000	68.139035	68.139035	68.139035	4.063300	0.181132
-159.025604	19.659599	153.190000	-4.530000	-120.990968	55.000000	67.978391	67.978391	67.978391	4.061434	0.073826
-158.525604	20.159599	153.190000	-4.530000	-104.262250	69.000000	68.120688	68.120688	68.120688	4.058429	0.260388
-158.025604	20.659599	153.190000	-4.530000	-86.771212	78.000000	68.065693	67.965693	68.065693	4.063143	0.240887
-157.525604	21.159599	153.190000	-4.530000	-70.108685	85.000000	68.113181	68.113181	68.113181	4.072922	0.315234
-157.025604	21.659599	153.190000	-4.530000	-52.964410	84.000000	68.162935	68.162935	68.162935	4.087463	0.383298
-156.525604	22.159599	153.190000	-4.530000	-36.175450	81.000000	68.214747	68.214747	68.214747	4.102749	0.445139
-156.025604	22.659599	153.190000	-4.530000	-19.410574	81.000000	68.268416	68.168416	68.268416	4.121234	0.500667
-155.525604	23.159599	153.190000	-4.530000	-3.155636	73.000000	68.323750	68.323750	68.323750	4.137253	0.549756
-155.025604	23.659599	153.190000	-4.530000	12.962488	71.000000	68.380562	68.380562	68.380562	4.148987	0.592454
-154.525604	24.159599	153.190000	-4.530000	29.071654	71.000000	68.438674	68.338674	68.438674	4.152199	0.628675
-154.025604	24.659599	153.190000	-4.530000	45.239607	69.000000	68.497912	68.397912	68.497912	4.152120	0.658293
-153.525604	25.159599	153.190000	-4.530000	61.768619	64.000000	68.358110	68.358110	68.458110	4.142762	0.481352
-153.025604	25.659599	153.190000	-4.530000	77.891216	57.000000	68.519105	68.519105	68.519105	4.136056	0.597763
-152.525604	26.159599	153.190000	-4.530000	94.472714	50.000000	68.180744	68.180744	68.180744	4.120383	0.207404
-152.025604	26.659599	153.190000	-4.530000	110.413980	41.000000	68.442873	68.442873	68.442873	4.118065	0.410312
-151.025604	14.659600	153.190000	-4.530000	33.651136	40.000000	75.442896	75.442896	75.442896	4.125782	0.273496
-150.525604	15.159600	153.190000	-4.530000	49.969956	45.000000	75.622996	75.622996	75.622996	4.124134	0.542478
-150.025604	15.659600	153.190000	-4.530000	65.715196	48.000000	75.306369	75.306369	75.306369	4.122544	0.304980
-149.525604	16.159599	153.190000	-4.530000	81.903384	45.000000	75.292802	75.292802	75.292802	4.115211	0.361135
-149.025604	16.659599	153.190000	-4.530000	97.439380	39.000000	74.882083	74.882083	74.882083	4.123603	0.010900
-159.401001	21.971001	153.190000	-4.530000	-105.483041	48.000000	66.447070	66.447070	66.447070	4.065521	0.375374
-155.714996	18.000299	153.190000	-4.530000	-56.775335	86.000000	70.860037	70.860037	70.860037	4.076220	-0.042929
-152.132401	18.481400	153.190000	-4.530000	34.758983	77.000000	72.292968	72.292968	72.292968	4.130952	-0.132507
-159.525604	19.659599	153.190000	-4.530000	-133.085731	42.000000	67.754018	67.754018	67.754018	4.062367	0.153939
-159.025604	20.159599	153.190000	-4.530000	-115.925493	57.000000	67.798435	67.698435	67.798435	4.057220	0.243489
-158.525604	20.659599	153.190000	-4.530000	-99.057932	70.000000	67.845598	67.845598	67.845598	4.059841	0.326980
-158.025604	21.159599	153.190000	-4.530000	-81.654602	77.000000	67.695279	67.695279	67.695279	4.068665	0.204435
-157.525604	21.659599	153.190000	-4.530000	-64.997397	82.000000	67.847259	67.847259	67.847259	4.079272	0.375573
-157.025604	22.159599	153.190000	-4.530000	-47.929591	82.000000	67.901328	67.801328	67.901328	4.095169	0.440492
-156.525604	22.659599	153.190000	-4.530000	-31.246023	78.000000	67.957284	67.857284	67.957284	4.110543	0.499212
-156.025604	23.159599	153.190000	-4.530000	-14.615715	74.000000	68.014930	67.914930	68.014930	4.130670	0.551462
-155.525604	23.659599	153.190000	-4.530000	1.618983	71.000000	67.974079	67.974079	67.974079	4.141922	0.497330
-155.025604	24.159599	153.190000	-4.530000	17.753961	70.000000	68.034551	68.034551	68.034551	4.152454	0.536831
-154.525604	24.659599	153.190000	-4.530000	33.935955	70.000000	68.096172	68.096172	68.096172	4.153602	0.569702
-154.025604	25.159599	153.190000	-4.530000	50.197573	64.000000	68.158771	68.158771	68.158771	4.151783	0.596025
-153.525604	25.659599	153.190000	-4.530000	66.812062	57.000000	68.022189	68.022189	68.022189	4.141209	0.415807
-153.025604	26.159599	153.190000	-4.530000	82.929009	50.000000	68.086266	68.086266	68.186266	4.132018	0.428796
-152.525604	26.659599	153.190000	-4.530000	99.412694	41.000000	67.950852	67.950852	67.950852	4.119436	0.235066
-151.525604	14.659600	153.190000	-4.530000	21.050622	40.000000	75.196360	75.196360	75.196360	4.121449	0.230639
-151.025604	15.159600	153.190000	-4.530000	37.068675	49.000000	75.076870	75.076870	75.076870	4.125901	0.202565
-150.525604	15.659600	153.190000	-4.530000	53.361256	54.000000	75.160737	75.160737	75.260737	4.123490	0.368277
-150.025604	16.159599	153.190000	-4.530000	69.109254	54.000000	74.847745	74.847745	74.847745	4.122831	0.127710
-149.525604	16.659599	153.190000	-4.530000	85.289269	49.000000	74.837678	74.837678	74.837678	4.117702	0.180524
-149.025604	17.159599	153.190000	-4.530000	100.867184	39.000000	74.530332	74.430332	74.530332	4.126633	-0.073053
-158.982498	15.574000	153.190000	-4.530000	-158.842108	40.000000	71.141998	71.141998	71.241998	4.075216	0.237246
-155.710999	20.046000	153.190000	-4.530000	-37.446720	95.000000	69.726138	69.726138	69.726138	4.087517	0.143095
-151.686600	14.689100	153.190000	-4.530000	17.066995	39.000000	75.014981	75.014981	75.014981	4.119594	0.133192
-159.525604	20.159599	153.190000	-4.530000	-127.910943	45.000000	67.471990	67.471990	67.471990	4.060350	0.226255
-159.025604	20.659599	153.190000	-4.530000	-110.777131	59.000000	67.521382	67.521382	67.521382	4.057466	0.312872
-158.525604	21.159599	153.190000	-4.530000	-93.738281	67.000000	67.473326	67.473326	67.473326	4.063974	0.293189
-158.025604	21.659599	153.190000	-4.530000	-76.559523	76.000000	67.527600	67.427600	67.527600	4.072441	0.367468
-157.525604	22.159599	153.190000	-4.530000	-59.864913	82.000000	67.583992	67.583992	67.583992	4.086429	0.435592
-157.025604	22.659599	153.190000	-4.530000	-42.856683	79.000000	67.542297	67.542297	67.542297	4.103737	0.397269
-156.525604	23.159599	153.190000	-4.530000	-26.303421	76.000000	67.602318	67.602318	67.602318	4.118379	0.452743
-156.025604	23.659599	153.190000	-4.530000	-9.782878	71.000000	67.663866	67.663866	67.663866	4.136872	0.501898
-155.525604	24.159599	153.190000	-4.530000	6.454880	70.000000	67.626757	67.626757	67.726757	4.146551	0.444453
-155.025604	24.659599	153.190000	-4.530000	22.595161	70.000000	67.790817	67.690817	67.790817	4.154818	0.580636
-154.525604	25.159599	153.190000	-4.530000	38.936699	65.000000	67.855875	67.855875	67.855875	4.154701	0.610331
-154.025604	25.659599	153.190000	-4.530000	55.274872	58.000000	67.921768	67.921768	67.921768	4.151972	0.633269
-153.525604	26.159599	153.190000	-4.530000	71.882678	51.000000	67.688337	67.688337	67.688337	4.138937	0.349660
-153.025604	26.659599	153.190000	-4.530000	88.006588	41.000000	67.855430	67.855430	67.855430	4.130856	0.459392
-152.025604	14.659600	153.190000	-4.530000	8.493821	41.000000	75.047105	75.047105	75.047105	4.120117	0.287357
-151.525604	15.159600	153.190000	-4.530000	24.556506	49.000000	74.928037	74.928037	74.928037	4.123693	0.262507
-151.025604	15.659600	153.190000	-4.530000	40.540533	58.000000	74.712413	74.712413	74.712413	4.126241	0.131316
-150.525604	16.159599	153.190000	-4.530000	56.772794	61.000000	74.700010	74.700010	74.700010	4.124188	0.193818
-150.025604	16.659599	153.190000	-4.530000	72.545573	58.000000	74.490611	74.490611	74.490611	4.123077	0.049947
-149.525604	17.159599	153.190000	-4.530000	88.779449	50.000000	74.484007	74.484007	74.484007	4.118895	0.099565
-149.025604	17.659599	153.190000	-4.530000	104.446269	40.000000	74.179995	74.179995	74.279995	4.129185	-0.157301
-158.933105	24.573799	153.190000	-4.530000	-65.405444	53.000000	64.748883	64.748883	64.748883	4.109016	0.072961
-155.679398	21.205500	153.190000	-4.530000	-25.691437	88.000000	69.232506	69.232506	69.232506	4.103292	0.359929
-151.637604	16.737801	153.190000	-4.530000	32.922893	73.000000	73.609653	73.609653	73.609653	4.125598	-0.070597
-159.525604	20.659599	153.190000	-4.530000	-122.683429	46.000000	67.192959	67.192959	67.192959	4.060188	0.298276
-159.025604	21.159599	153.190000	-4.530000	-105.427266	57.000000	67.147239	67.147239	67.147239	4.061223	0.281752
-158.525604	21.659599	153.190000	-4.530000	-88.521843	66.000000	67.203878	67.203878	67.203878	4.067623	0.359027
-158.025604	22.159599	153.190000	-4.530000	-71.399038	74.000000	67.162662	67.162662	67.262662	4.080298	0.330166
-157.525604	22.659599	153.190000	-4.530000	-54.652587	79.000000	67.223384	67.223384	67.223384	4.094602	0.395080
-157.025604	23.159599	153.190000	-4.530000	-37.718636	75.000000	67.285845	67.185845	67.285845	4.111474	0.453639
-156.525604	23.659599	153.190000	-4.530000	-21.197972	71.000000	67.249854	67.249854	67.249854	4.127098	0.405900
-156.025604	24.159599	153.190000	-4.530000	-4.799310	70.000000	67.315227	67.315227	67.315227	4.141852	0.451773
-155.525604	24.659599	153.190000	-4.530000	11.387948	70.000000	67.381786	67.381786	67.381786	4.149819	0.491133
-155.025604	25.159599	153.190000	-4.530000	27.628977	66.000000	67.549360	67.549360	67.549360	4.157197	0.624029
-154.525604	25.659599	153.190000	-4.530000	44.120675	58.000000	67.617785	67.517785	67.617785	4.156288	0.650370
-154.025604	26.159599	153.190000	-4.530000	60.425507	51.000000	67.586901	67.586901	67.686901	4.149937	0.570034
-153.525604	26.659599	153.190000	-4.530000	77.028612	42.000000	67.356555	67.356555	67.356555	4.135190	0.283063
-152.525604	14.659600	153.190000	-4.530000	-4.005208	41.000000	74.995069	74.995069	74.995069	4.117723	0.443878
-152.025604	15.159600	153.190000	-4.530000	11.954270	50.000000	74.676440	74.676440	74.676440	4.120733	0.222153
-151.525604	15.659600	153.190000	-4.530000	28.095371	58.000000	74.561340	74.561340	74.561340	4.123987	0.194040
-151.025604	16.159599	153.190000	-4.530000	44.081766	66.000000	74.349543	74.349543	74.349543	4.126113	0.059675
-150.525604	16.659599	153.190000	-4.530000	60.257404	65.000000	74.340827	74.340827	74.340827	4.123833	0.119022
-150.025604	17.159599	153.190000	-4.530000	76.087053	59.000000	74.134982	74.134982	74.134982	4.124099	-0.028183
-149.525604	17.659599	153.190000	-4.530000	92.439249	50.000000	74.231801	74.231801	74.231801	4.118598	0.118183
-149.025604	18.159599	153.190000	-4.530000	108.156288	40.000000	73.931084	73.931084	73.931084	4.129193	-0.141917
-158.903000	21.298401	153.190000	-4.530000	-101.033956	59.000000	67.144321	67.144321	67.144321	4.062101	0.295709
-155.636200	22.299900	153.190000	-4.530000	-14.058028	79.000000	68.729039	68.729039	68.729039	4.121313	0.504154
-150.914993	18.914200	153.190000	-4.530000	67.829271	67.000000	72.613614	72.613614	72.613614	4.132456	-0.161483
-159.525604	21.159599	153.190000	-4.530000	-117.309129	46.000000	66.916933	66.916933	66.916933	4.059720	0.369939
-159.025604	21.659599	153.190000	-4.530000	-100.011146	56.000000	66.776012	66.776012	66.776012	4.066129	0.250245
-158.525604	22.159599	153.190000	-4.530000	-83.354832	66.000000	67.037260	67.037260	67.037260	4.069773	0.524412
-158.025604	22.659599	153.190000	-4.530000	-66.143944	74.000000	66.900469	66.900469	66.900469	4.086495	0.392472
-157.525604	23.159599	153.190000	-4.530000	-49.342378	77.000000	66.865438	66.865438	66.965438	4.103161	0.354147
-157.025604	23.659599	153.190000	-4.530000	-32.496373	73.000000	66.931975	66.931975	66.931975	4.119548	0.409525
-156.525604	24.159599	153.190000	-4.530000	-16.006125	72.000000	66.899893	66.899893	66.899893	4.134355	0.358629
-156.025604	24.659599	153.190000	-4.530000	0.391847	70.000000	66.969014	66.969014	66.969014	4.146220	0.401193
-155.525604	25.159599	153.190000	-4.530000	16.597136	65.000000	67.139165	67.139165	67.139165	4.153762	0.537297
-155.025604	25.659599	153.190000	-4.530000	32.868427	59.000000	67.310181	67.310181	67.310181	4.158928	0.666958
-154.525604	26.159599	153.190000	-4.530000	49.435092	51.000000	67.181901	67.181901	67.181901	4.154583	0.489918
-154.025604	26.659599	153.190000	-4.530000	65.734029	42.000000	67.254171	67.254171	67.254171	4.147552	0.506250
-153.025604	14.659600	153.190000	-4.530000	-16.414321	40.000000	74.940192	74.940192	74.940192	4.117408	0.600262
-152.525604	15.159600	153.190000	-4.530000	-0.464328	50.000000	74.522018	74.522018	74.522018	4.116895	0.281427
-152.025604	15.659600	153.190000	-4.530000	15.513096	59.000000	74.207459	74.207459	74.207459	4.120848	0.056476
-151.525604	16.159599	153.190000	-4.530000	31.633910	65.000000	74.096286	74.096286	74.096286	4.124540	0.025341
-151.025604	16.659599	153.190000	-4.530000	47.671358	72.000000	73.988273	73.988273	73.988273	4.126973	-0.012320
-150.525604	17.159599	153.190000	-4.530000	63.874928	67.000000	73.983205	73.983205	73.983205	4.124659	0.043729
-150.025604	17.659599	153.190000	-4.530000	79.749478	60.000000	73.880873	73.880873	73.880873	4.124067	-0.006583
-149.525604	18.159599	153.190000	-4.530000	96.227320	49.000000	73.881074	73.881074	73.881074	4.121932	0.036415
-149.025604	18.659599	153.190000	-4.530000	111.936780	40.000000	73.683612	73.683612	73.683612	4.129949	-0.127056
-158.760193	18.564699	153.190000	-4.530000	-125.654095	59.000000	68.973306	68.973306	68.973306	4.064850	0.137353
-154.994400	21.507000	153.190000	-4.530000	-6.723160	81.000000	69.569547	69.469547	69.569547	4.120507	0.482141
-149.000900	16.989000	153.190000	-4.530000	100.291757	37.000000	74.625559	74.625559	74.625559	4.126284	-0.079655
-159.525604	21.659599	153.190000	-4.530000	-111.805410	46.000000	66.543917	66.543917	66.543917	4.064214	0.341098
-159.025604	22.159599	153.190000	-4.530000	-94.631672	55.000000	66.507705	66.507705	66.507705	4.070324	0.318427
-158.525604	22.659599	153.190000	-4.530000	-78.006532	65.000000	66.673474	66.673474	66.673474	4.076213	0.489392
-158.025604	23.159599	153.190000	-4.530000	-60.776524	71.000000	66.541022	66.541022	66.541022	4.094869	0.354245
-157.525604	23.659599	153.190000	-4.530000	-44.020501	73.000000	66.510156	66.510156	66.610156	4.111534	0.312863
-157.025604	24.159599	153.190000	-4.530000	-27.113892	71.000000	66.480686	66.480686	66.480686	4.128185	0.264969
-156.525604	24.659599	153.190000	-4.530000	-10.624189	71.000000	66.552434	66.552434	66.552434	4.138928	0.310796
-156.025604	25.159599	153.190000	-4.530000	5.721534	65.000000	66.625226	66.625226	66.625226	4.149976	0.350223
-155.525604	25.659599	153.190000	-4.530000	21.989188	58.000000	66.798895	66.798895	66.798895	4.156170	0.482984
-155.025604	26.159599	153.190000	-4.530000	38.269485	51.000000	66.973278	66.973278	66.973278	4.159129	0.609294
-154.525604	26.659599	153.190000	-4.530000	54.863508	42.000000	66.748221	66.748221	66.748221	4.151091	0.329036
-153.525604	14.659600	153.190000	-4.530000	-29.178629	40.000000	74.582411	74.582411	74.582411	4.108811	0.456229
-153.025604	15.159600	153.190000	-4.530000	-12.880913	51.000000	74.464710	74.364710	74.464710	4.115914	0.440573
-152.525604	15.659600	153.190000	-4.530000	3.169110	61.000000	74.150712	74.050712	74.150712	4.116668	0.218666
-152.025604	16.159599	153.190000	-4.530000	19.129095	68.000000	73.840182	73.840182	73.840182	4.122302	-0.009451
-151.525604	16.659599	153.190000	-4.530000	35.247926	74.000000	73.732891	73.732891	73.732891	4.125501	-0.043847
-151.025604	17.159599	153.190000	-4.530000	51.346368	73.000000	73.728621	73.728621	73.728621	4.127425	0.015343
-150.525604	17.659599	153.190000	-4.530000	67.660665	67.000000	73.627158	73.627158	73.627158	4.125647	-0.031851
-150.025604	18.159599	153.190000	-4.530000	83.561824	60.000000	73.528297	73.528297	73.528297	4.126813	-0.085495
-149.525604	18.659599	153.190000	-4.530000	100.059436	49.000000	73.631838	73.631838	73.631838	4.122743	0.054274
-149.025604	19.159599	153.190000	-4.530000	115.772168	40.000000	73.437588	73.437588	73.437588	4.132407	-0.112517
-158.185394	22.620199	153.190000	-4.530000	-70.301286	73.000000	66.872613	66.872613	66.872613	4.083216	0.442140
-154.983002	19.601000	153.190000	-4.530000	-23.909184	94.000000	70.312730	70.312730	70.412730	4.098379	0.044289
-159.525604	22.159599	153.190000	-4.530000	-106.282446	44.000000	66.173914	66.173914	66.173914	4.070497	0.311929
-159.025604	22.659599	153.190000	-4.530000	-89.204982	53.000000	66.242320	66.242320	66.242320	4.073550	0.386088
-158.525604	23.159599	153.190000	-4.530000	-72.547846	63.000000	66.312522	66.312522	66.412522	4.083192	0.453975
-158.025604	23.659599	153.190000	-4.530000	-55.332581	69.000000	66.184324	66.184324	66.184324	4.103446	0.315653
-157.525604	24.159599	153.190000	-4.530000	-38.539919	71.000000	66.157538	66.157538	66.157538	4.120691	0.271030
-157.025604	24.659599	153.190000	-4.530000	-21.589444	70.000000	66.131981	66.031981	66.131981	4.134758	0.219981
-156.525604	25.159599	153.190000	-4.530000	-5.128384	65.000000	66.107479	66.107479	66.107479	4.141710	0.162560
-156.025604	25.659599	153.190000	-4.530000	11.128903	58.000000	66.283863	66.283863	66.283863	4.151510	0.298674
-155.525604	26.159599	153.190000	-4.530000	27.513922	50.000000	66.360973	66.360973	66.360973	4.155794	0.328201
-155.025604	26.659599	153.190000	-4.530000	43.781883	41.000000	66.538650	66.538650	66.538650	4.158169	0.451188
-154.025604	14.659600	153.190000	-4.530000	-41.776732	39.000000	74.421659	74.321659	74.421659	4.104998	0.512010
-153.525604	15.159600	153.190000	-4.530000	-25.535321	51.000000	74.104453	74.104453	74.104453	4.106994	0.299433
-153.025604	15.659600	153.190000	-4.530000	-9.237640	62.000000	73.891036	73.891036	73.891036	4.113405	0.180556
-152.525604	16.159599	153.190000	-4.530000	6.784084	70.000000	73.581170	73.581170	73.581170	4.117379	-0.044481
-152.025604	16.659599	153.190000	-4.530000	22.816093	75.000000	73.474623	73.474623	73.474623	4.123740	-0.075707
-151.525604	17.159599	153.190000	-4.530000	38.992387	75.000000	73.471172	73.371172	73.471172	4.127121	-0.013393
-151.025604	17.659599	153.190000	-4.530000	55.186264	74.000000	73.370600	73.370600	73.370600	4.129432	-0.057411
-150.525604	18.159599	153.190000	-4.530000	71.604831	67.000000	73.372699	73.372699	73.372699	4.126874	-0.007792
-150.025604	18.659599	153.190000	-4.530000	87.469836	59.000000	73.277266	73.277266	73.277266	4.127457	-0.064798
-149.525604	19.159599	153.190000	-4.530000	103.910496	49.000000	73.284104	73.284104	73.384104	4.127438	-0.028314
-149.025604	19.659599	153.190000	-4.530000	119.594324	39.000000	73.193023	73.193023	73.193023	4.135041	-0.098372
-158.179504	20.377800	153.190000	-4.530000	-93.332921	74.000000	68.121403	68.121403	68.121403	4.060985	0.200091
-154.797394	18.803101	153.190000	-4.530000	-26.858921	90.000000	70.887101	70.787101	70.887101	4.095061	0.017123
-159.525604	22.659599	153.190000	-4.530000	-100.719107	44.000000	65.806927	65.806927	65.806927	4.075181	0.282379
-159.025604	23.159599	153.190000	-4.530000	-83.646626	54.000000	65.879860	65.879860	65.879860	4.079224	0.353339
-158.525604	23.659599	153.190000	-4.530000	-66.957123	62.000000	65.954406	65.954406	65.954406	4.090257	0.418082
-158.025604	24.159599	153.190000	-4.530000	-49.777715	66.000000	65.830375	65.730375	65.830375	4.112492	0.276644
-157.525604	24.659599	153.190000	-4.530000	-32.910384	71.000000	65.707583	65.707583	65.707583	4.128277	0.128752
-157.025604	25.159599	153.190000	-4.530000	-16.065728	66.000000	65.585856	65.585856	65.685856	4.138364	-0.025516
-156.525604	25.659599	153.190000	-4.530000	0.424862	58.000000	65.665024	65.565024	65.665024	4.144043	0.013868
-156.025604	26.159599	153.190000	-4.530000	16.643241	51.000000	65.844923	65.844923	65.844923	4.150828	0.146643
-155.525604	26.659599	153.190000	-4.530000	33.051237	41.000000	65.925397	65.925397	65.925397	4.155433	0.172876
-154.525604	14.659600	153.190000	-4.530000	-54.769878	40.000000	73.757871	73.757871	73.757871	4.090078	0.067670
-154.025604	15.159600	153.190000	-4.530000	-38.061872	51.000000	73.941180	73.941180	73.941180	4.103344	0.357930
-153.525604	15.659600	153.190000	-4.530000	-21.781541	62.000000	73.628367	73.628367	73.628367	4.105600	0.142169
-153.025604	16.159599	153.190000	-4.530000	-5.522349	72.000000	73.419189	73.419189	73.419189	4.113359	0.020316
-152.525604	16.659599	153.190000	-4.530000	10.450582	77.000000	73.213408	73.213408	73.213408	4.119331	-0.107975
-152.025604	17.159599	153.190000	-4.530000	26.571618	77.000000	73.110800	73.110800	73.210800	4.126093	-0.142455
-151.525604	17.659599	153.190000	-4.530000	42.937948	75.000000	73.111143	73.111143	73.111143	4.128885	-0.083201
-151.025604	18.159599	153.190000	-4.530000	59.120834	74.000000	73.014225	73.014225	73.014225	4.130969	-0.130543
-150.525604	18.659599	153.190000	-4.530000	75.607890	67.000000	73.019840	73.019840	73.019840	4.129364	-0.084250
-150.025604	19.159599	153.190000	-4.530000	91.459521	58.000000	73.027790	72.927790	73.027790	4.128132	-0.044400
-149.525604	19.659599	153.190000	-4.530000	107.791208	48.000000	73.037881	73.037881	73.137881	4.130692	-0.011312
-149.025604	20.159599	153.190000	-4.530000	123.468990	39.000000	72.949926	72.949926	72.949926	4.139449	-0.084770
-157.931000	21.646000	153.190000	-4.530000	-74.516944	77.000000	67.584866	67.584866	67.584866	4.073177	0.356568
-154.691299	17.180099	153.190000	-4.530000	-38.700640	81.000000	71.880331	71.880331	71.880331	4.090645	-0.079684
-159.525604	23.159599	153.190000	-4.530000	-95.139700	44.000000	65.542955	65.542955	65.542955	4.074961	0.352308
-159.025604	23.659599	153.190000	-4.530000	-78.025062	52.000000	65.420324	65.420324	65.420324	4.089087	0.220247
-158.525604	24.159599	153.190000	-4.530000	-61.251987	59.000000	65.499124	65.499124	65.499124	4.102650	0.281758
-158.025604	24.659599	153.190000	-4.530000	-44.108558	66.000000	65.379172	65.279172	65.379172	4.121712	0.137083
-157.525604	25.159599	153.190000	-4.530000	-27.247499	65.000000	65.260291	65.260291	65.260291	4.133961	-0.013909
-157.025604	25.659599	153.190000	-4.530000	-10.455566	59.000000	65.142311	65.042311	65.142311	4.140843	-0.171479
-156.525604	26.159599	153.190000	-4.530000	5.983913	51.000000	65.225067	65.125067	65.225067	4.145452	-0.135404
-156.025604	26.659599	153.190000	-4.530000	22.110789	41.000000	65.608402	65.608402	65.608402	4.156280	0.194189
-155.025604	14.659600	153.190000	-4.530000	-67.284889	40.000000	73.690976	73.690976	73.690976	4.084846	0.222919
-154.525604	15.159600	153.190000	-4.530000	-50.904505	51.000000	73.474825	73.474825	73.474825	4.092281	0.116316
-154.025604	15.659600	153.190000	-4.530000	-34.267862	61.000000	73.462640	73.462640	73.462640	4.101953	0.203549
-153.525604	16.159599	153.190000	-4.530000	-17.972270	71.000000	73.154174	73.154174	73.254174	4.105459	-0.015337
-153.025604	16.659599	153.190000	-4.530000	-1.711374	79.000000	73.049185	73.049185	73.049185	4.114549	-0.040408
-152.525604	17.159599	153.190000	-4.530000	14.269839	78.000000	72.847444	72.847444	72.847444	4.120768	-0.171802
-152.025604	17.659599	153.190000	-4.530000	30.506990	78.000000	72.848727	72.848727	72.848727	4.128360	-0.109482
-151.525604	18.159599	153.190000	-4.530000	47.024410	75.000000	72.852818	72.852818	72.852818	4.130425	-0.053516
-151.025604	18.659599	153.190000	-4.530000	63.141821	73.000000	72.759507	72.759507	72.759507	4.132003	-0.104041
-150.525604	19.159599	153.190000	-4.530000	79.614581	65.000000	72.768594	72.768594	72.768594	4.130408	-0.061023
-150.025604	19.659599	153.190000	-4.530000	95.451506	57.000000	72.779882	72.779882	72.779882	4.129510	-0.024535
-149.525604	20.159599	153.190000	-4.530000	111.699872	48.000000	72.893181	72.893181	72.893181	4.130685	0.105291
-149.025604	20.659599	153.190000	-4.530000	127.405493	38.000000	72.808307	72.808307	72.808307	4.138924	0.028481
-157.859100	14.659600	153.190000	-4.530000	-138.792486	38.000000	72.282897	72.282897	72.282897	4.076318	0.132229
-154.617798	20.088900	153.190000	-4.530000	-10.935842	90.000000	70.302109	70.202109	70.302109	4.107753	0.135584
-159.525604	23.659599	153.190000	-4.530000	-89.457886	42.000000	65.181999	65.181999	65.181999	4.077952	0.321879
-159.025604	24.159599	153.190000	-4.530000	-72.294415	52.000000	65.063710	65.063710	65.063710	4.097113	0.186617
-158.525604	24.659599	153.190000	-4.530000	-55.478269	59.000000	65.146674	65.046674	65.146674	4.110020	0.245013
-158.025604	25.159599	153.190000	-4.530000	-38.297074	60.000000	64.830714	64.830714	64.830714	4.130487	-0.102873
-157.525604	25.659599	153.190000	-4.530000	-21.503307	59.000000	64.715658	64.715658	64.715658	4.138261	-0.257137
-157.025604	26.159599	153.190000	-4.530000	-4.921705	51.000000	64.701341	64.701341	64.801341	4.142346	-0.317901
-156.525604	26.659599	153.190000	-4.530000	11.505595	41.000000	64.887605	64.887605	64.887605	4.147896	-0.185111
-155.525604	14.659600	153.190000	-4.530000	-80.207039	40.000000	73.120902	73.120902	73.120902	4.075291	-0.122007
-155.025604	15.159600	153.190000	-4.530000	-63.327358	50.000000	73.405317	73.305317	73.405317	4.086005	0.274425
-154.525604	15.659600	153.190000	-4.530000	-47.023314	61.000000	72.993787	72.993787	72.993787	4.090294	-0.035358
-154.025604	16.159599	153.190000	-4.530000	-30.349561	70.000000	72.986059	72.986059	72.986059	4.100754	0.048786
-153.525604	16.659599	153.190000	-4.530000	-14.130300	79.000000	72.781889	72.781889	72.781889	4.106244	-0.073163
-153.025604	17.159599	153.190000	-4.530000	2.192118	79.000000	72.681043	72.681043	72.681043	4.116851	-0.101482
-152.525604	17.659599	153.190000	-4.530000	18.271688	81.000000	72.583292	72.583292	72.583292	4.123264	-0.136040
-152.025604	18.159599	153.190000	-4.530000	34.594601	79.000000	72.488419	72.488419	72.488419	4.129917	-0.176862
-151.525604	18.659599	153.190000	-4.530000	51.176839	75.000000	72.496210	72.496210	72.496210	4.132423	-0.124215
-151.025604	19.159599	153.190000	-4.530000	67.198607	72.000000	72.506460	72.506460	72.506460	4.133444	-0.077979
-150.525604	19.659599	153.190000	-4.530000	83.640406	65.000000	72.518971	72.518971	72.518971	4.131975	-0.038182
-150.025604	20.159599	153.190000	-4.530000	99.441003	57.000000	72.533550	72.533550	72.533550	4.132640	-0.005085
-149.525604	20.659599	153.190000	-4.530000	115.675069	48.000000	72.750011	72.750011	72.750011	4.131720	0.221424
-149.025604	21.159599	153.190000	-4.530000	131.464990	38.000000	72.668173	72.668173	72.668173	4.138672	0.141313
-157.700806	16.348400	153.190000	-4.530000	-120.661289	69.000000	71.024247	71.024247	71.024247	4.074537	0.023571
-154.495895	18.401699	153.190000	-4.530000	-23.033525	87.000000	71.254669	71.254669	71.254669	4.097027	-0.026097
-159.525604	24.159599	153.190000	-4.530000	-83.684995	42.000000	64.824056	64.824056	64.824056	4.084503	0.291043
-159.025604	24.659599	153.190000	-4.530000	-66.417111	50.000000	64.610016	64.610016	64.610016	4.106498	0.052553
-158.525604	25.159599	153.190000	-4.530000	-49.561892	53.000000	64.597054	64.597054	64.597054	4.121617	0.007767
-158.025604	25.659599	153.190000	-4.530000	-32.506535	53.000000	64.384997	64.284997	64.384997	4.135225	-0.243274
-157.525604	26.159599	153.190000	-4.530000	-15.764131	51.000000	64.273680	64.273680	64.273680	4.140860	-0.400837
-157.025604	26.659599	153.190000	-4.530000	0.664066	41.000000	64.462943	64.462943	64.462943	4.146015	-0.264856
-156.025604	14.659600	153.190000	-4.530000	-92.613918	41.000000	73.147576	73.147576	73.147576	4.076822	0.132962
-155.525604	15.159600	153.190000	-4.530000	-76.185456	50.000000	72.832585	72.832585	72.832585	4.076457	-0.067821
-155.025604	15.659600	153.190000	-4.530000	-59.388420	61.000000	72.921738	72.921738	72.921738	4.084577	0.125468
-154.525604	16.159599	153.190000	-4.530000	-42.976632	72.000000	72.714778	72.614778	72.714778	4.091372	0.012753
-154.025604	16.659599	153.190000	-4.530000	-26.342633	79.000000	72.611455	72.611455	72.611455	4.100234	-0.006315
-153.525604	17.159599	153.190000	-4.530000	-10.159738	80.000000	72.411532	72.411532	72.411532	4.108413	-0.131476
-153.025604	17.659599	153.190000	-4.530000	6.234363	82.000000	72.314778	72.314778	72.414778	4.118735	-0.162809
-152.525604	18.159599	153.190000	-4.530000	22.457264	82.000000	72.320969	72.220969	72.320969	4.125090	-0.100649
-152.025604	18.659599	153.190000	-4.530000	38.742333	80.000000	72.229889	72.229889	72.229889	4.131553	-0.144753
-151.525604	19.159599	153.190000	-4.530000	55.309753	74.000000	72.241332	72.241332	72.241332	4.133585	-0.095203
-151.025604	19.659599	153.190000	-4.530000	71.316595	70.000000	72.255094	72.255094	72.255094	4.133847	-0.052320
-150.525604	20.159599	153.190000	-4.530000	87.688869	64.000000	72.370982	72.370982	72.370982	4.132329	0.084121
-150.025604	20.659599	153.190000	-4.530000	103.482505	57.000000	72.388805	72.388805	72.388805	4.133614	0.114038
-149.525604	21.159599	153.190000	-4.530000	119.734339	47.000000	72.608381	72.608381	72.608381	4.131840	0.337121
-149.025604	21.659599	153.190000	-4.530000	135.601771	38.000000	72.629533	72.629533	72.729533	4.133750	0.353581
-157.627594	20.346100	153.190000	-4.530000	-80.756952	82.000000	68.496090	68.496090	68.496090	4.064813	0.221517
-154.482803	21.001900	153.190000	-4.530000	0.512098	83.000000	70.032100	70.032100	70.032100	4.120548	0.345547
-159.525604	24.659599	153.190000	-4.530000	-77.756688	39.000000	64.369122	64.369122	64.369122	4.093202	0.159669
-159.025604	25.159599	153.190000	-4.530000	-60.461278	45.000000	64.059238	64.059238	64.059238	4.115789	-0.181886
-158.525604	25.659599	153.190000	-4.530000	-43.643634	47.000000	64.150258	64.150258	64.150258	4.128145	-0.129933
-158.025604	26.159599	153.190000	-4.530000	-26.653918	47.000000	63.942016	63.842016	63.942016	4.138289	-0.384243
-157.525604	26.659599	153.190000	-4.530000	-10.001597	40.000000	63.934352	63.934352	63.934352	4.142115	-0.444951
-156.525604	14.659600	153.190000	-4.530000	-105.407121	41.000000	72.770921	72.770921	72.770921	4.074152	-0.012475
-156.025604	15.159600	153.190000	-4.530000	-88.606807	51.000000	72.756554	72.756554	72.756554	4.076974	0.089839
-155.525604	15.659600	153.190000	-4.530000	-72.100043	61.000000	72.546420	72.546420	72.546420	4.076992	-0.013927
-155.025604	16.159599	153.190000	-4.530000	-55.353369	71.000000	72.540259	72.540259	72.540259	4.084060	0.076278
-154.525604	16.659599	153.190000	-4.530000	-38.888072	81.000000	72.337815	72.337815	72.337815	4.091620	-0.039613
-154.025604	17.159599	153.190000	-4.530000	-22.208906	81.000000	72.238846	72.238846	72.238846	4.101056	-0.061741
-153.525604	17.659599	153.190000	-4.530000	-5.978915	83.000000	72.143118	72.143118	72.143118	4.109977	-0.090059
-153.025604	18.159599	153.190000	-4.530000	10.389881	84.000000	72.050405	72.050405	72.050405	4.120287	-0.124638
-152.525604	18.659599	153.190000	-4.530000	26.746007	83.000000	72.060486	71.960486	72.060486	4.126821	-0.065615
-152.025604	19.159599	153.190000	-4.530000	42.964705	79.000000	71.973151	71.973151	71.973151	4.133513	-0.112951
-151.525604	19.659599	153.190000	-4.530000	59.442405	74.000000	72.088195	71.988195	72.088195	4.133993	0.033281
-151.025604	20.159599	153.190000	-4.530000	75.445790	71.000000	72.105420	72.105420	72.105420	4.134116	0.072947
-150.525604	20.659599	153.190000	-4.530000	91.781916	64.000000	72.224635	72.224635	72.224635	4.132356	0.206080
-150.025604	21.159599	153.190000	-4.530000	107.583187	56.000000	72.345654	72.345654	72.345654	4.132006	0.332607
-149.525604	21.659599	153.190000	-4.530000	123.893791	47.000000	72.568298	72.568298	72.568298	4.127360	0.552394
-149.025604	22.159599	153.190000	-4.530000	139.786193	38.000000	72.592393	72.592393	72.592393	4.126524	0.565469
-157.270004	21.108999	153.190000	-4.530000	-64.466972	85.000000	68.280361	68.280361	68.280361	4.076460	0.293864
-154.393997	19.262501	153.190000	-4.530000	-12.769343	92.000000	70.816952	70.716952	70.816952	4.103414	0.019624
-159.525604	25.159599	153.190000	-4.530000	-71.719697	36.000000	63.917193	63.917193	63.917193	4.099978	0.027906
-159.025604	25.659599	153.190000	-4.530000	-54.508515	39.000000	63.711371	63.711371	63.711371	4.121820	-0.216881
-158.525604	26.159599	153.190000	-4.530000	-37.620173	40.000000	63.606282	63.606282	63.706282	4.133166	-0.368082
-158.025604	26.659599	153.190000	-4.530000	-20.801847	38.000000	63.601766	63.601766	63.601766	4.138956	-0.425640
-157.025604	14.659600	153.190000	-4.530000	-117.664777	42.000000	72.890858	72.890858	72.890858	4.079189	0.341924
-156.525604	15.159600	153.190000	-4.530000	-101.440222	50.000000	72.277148	72.277148	72.277148	4.072488	-0.152769
-156.025604	15.659600	153.190000	-4.530000	-84.409970	62.000000	72.467761	72.467761	72.467761	4.076360	0.146405
-155.525604	16.159599	153.190000	-4.530000	-68.072529	72.000000	72.162430	72.162430	72.162430	4.076599	-0.060409
-155.025604	16.659599	153.190000	-4.530000	-51.192400	80.000000	72.160898	72.160898	72.160898	4.083807	0.026776
-154.525604	17.159599	153.190000	-4.530000	-34.739028	83.000000	71.962917	71.962917	71.962917	4.092017	-0.092322
-154.025604	17.659599	153.190000	-4.530000	-17.955648	85.000000	71.968249	71.868249	71.968249	4.102898	-0.017571
-153.525604	18.159599	153.190000	-4.530000	-1.653612	85.000000	71.876663	71.776663	71.876663	4.110463	-0.048987
-153.025604	18.659599	153.190000	-4.530000	14.621355	86.000000	71.787938	71.787938	71.787938	4.122511	-0.086842
-152.525604	19.159599	153.190000	-4.530000	31.063334	84.000000	71.801858	71.801858	71.801858	4.129368	-0.031016
-152.025604	19.659599	153.190000	-4.530000	47.215230	77.000000	71.818215	71.818215	71.818215	4.134877	0.018472
-151.525604	20.159599	153.190000	-4.530000	63.620982	74.000000	71.836810	71.836810	71.936810	4.135167	0.061357
-151.025604	20.659599	153.190000	-4.530000	79.612514	70.000000	71.957447	71.957447	71.957447	4.134466	0.197750
-150.525604	21.159599	153.190000	-4.530000	95.972466	63.000000	72.179940	72.079940	72.179940	4.130157	0.427628
-150.025604	21.659599	153.190000	-4.530000	111.757566	56.000000	72.204106	72.204106	72.204106	4.131120	0.450735
-149.525604	22.159599	153.190000	-4.530000	128.049301	47.000000	72.429769	72.429769	72.429769	4.125719	0.667171
-149.025604	22.659599	153.190000	-4.530000	143.934450	38.000000	72.556759	72.456759	72.556759	4.117260	0.776912
-157.227295	18.984800	153.190000	-4.530000	-84.432657	85.000000	69.528420	69.528420	69.528420	4.061110	0.106587
-154.251801	21.168699	153.190000	-4.530000	7.521732	83.000000	70.135171	70.135171	70.135171	4.127992	0.417789
-159.525604	25.659599	153.190000	-4.530000	-65.676442	32.000000	63.568263	63.568263	63.568263	4.104967	-0.004289
-159.025604	26.159599	153.190000	-4.530000	-48.488152	34.000000	63.366408	63.366408	63.366408	4.124442	-0.252334
-158.525604	26.659599	153.190000	-4.530000	-31.635435	33.000000	63.365118	63.265118	63.365118	4.132385	-0.306755
-157.525604	14.659600	153.190000	-4.530000	-130.590794	42.000000	72.307306	72.307306	72.307306	4.075064	-0.003767
-157.025604	15.159600	153.190000	-4.530000	-113.690542	51.000000	72.394288	72.394288	72.394288	4.076308	0.204275
-156.525604	15.659600	153.190000	-4.530000	-97.177027	60.000000	72.085682	72.085682	72.085682	4.074279	0.006480
-156.025604	16.159599	153.190000	-4.530000	-80.289854	69.000000	72.081218	72.081218	72.081218	4.074882	0.102765
-155.525604	16.659599	153.190000	-4.530000	-63.911648	79.000000	71.780632	71.780632	71.780632	4.076874	-0.107221
-155.025604	17.159599	153.190000	-4.530000	-46.961732	84.000000	71.783674	71.783674	71.783674	4.084723	-0.023206
-154.525604	17.659599	153.190000	-4.530000	-30.433464	87.000000	71.690101	71.690101	71.690101	4.094481	-0.045276
-154.025604	18.159599	153.190000	-4.530000	-13.579735	87.000000	71.599679	71.599679	71.599679	4.104586	-0.073764
-153.525604	18.659599	153.190000	-4.530000	2.703577	87.000000	71.512181	71.512181	71.612181	4.112560	-0.108420
-153.025604	19.159599	153.190000	-4.530000	18.891467	85.000000	71.527390	71.527390	71.527390	4.125251	-0.049328
-152.525604	19.659599	153.190000	-4.530000	35.318350	82.000000	71.545095	71.545095	71.545095	4.132074	0.003188
-152.025604	20.159599	153.190000	-4.530000	51.485673	75.000000	71.665093	71.665093	71.665093	4.136589	0.149364
-151.525604	20.659599	153.190000	-4.530000	67.861756	71.000000	71.787186	71.687186	71.787186	4.135622	0.289113
-151.025604	21.159599	153.190000	-4.530000	83.838115	70.000000	71.811185	71.811185	71.911185	4.134853	0.322125
-150.525604	21.659599	153.190000	-4.530000	100.201553	63.000000	72.036904	72.036904	72.036904	4.130114	0.548618
-150.025604	22.159599	153.190000	-4.530000	115.963029	56.000000	72.064167	72.064167	72.064167	4.128455	0.568506
-149.525604	22.659599	153.190000	-4.530000	132.196626	47.000000	72.292801	72.292801	72.292801	4.121474	0.781489
-149.025604	23.159599	153.190000	-4.530000	148.075984	38.000000	72.322637	72.322637	72.322637	4.114274	0.787770
-156.964600	24.312099	153.190000	-4.530000	-24.124426	72.000000	66.440060	66.440060	66.440060	4.131272	0.277322
-154.030502	17.988400	153.190000	-4.530000	-15.195095	85.000000	71.692385	71.692385	71.692385	4.103707	-0.085266
-159.525604	26.159599	153.190000	-4.530000	-59.585699	28.000000	63.222323	63.222323	63.222323	4.110238	-0.037039
-159.025604	26.659599	153.190000	-4.530000	-42.508014	28.000000	63.124342	63.124342	63.124342	4.123729	-0.188196
-158.025604	14.659600	153.190000	-4.530000	-142.929235	38.000000	72.320181	72.220181	72.320181	4.078808	0.250140
-157.525604	15.159600	153.190000	-4.530000	-126.418625	51.000000	71.907892	71.907892	71.907892	4.074415	-0.038758
-157.025604	15.659600	153.190000	-4.530000	-109.496275	61.000000	72.000105	72.000105	72.000105	4.075051	0.166344
-156.525604	16.159599	153.190000	-4.530000	-92.836867	70.000000	71.796545	71.796545	71.796545	4.072802	0.065504
-156.025604	16.659599	153.190000	-4.530000	-76.185314	77.000000	71.596944	71.596944	71.596944	4.072890	-0.041347
-155.525604	17.159599	153.190000	-4.530000	-59.631574	83.000000	71.501047	71.501047	71.501047	4.077083	-0.054349
-155.025604	17.659599	153.190000	-4.530000	-42.632284	87.000000	71.408606	71.408606	71.408606	4.086159	-0.073451
-154.525604	18.159599	153.190000	-4.530000	-25.952716	90.000000	71.319384	71.319384	71.419384	4.096505	-0.098724
-154.025604	18.659599	153.190000	-4.530000	-9.204602	88.000000	71.333151	71.333151	71.333151	4.106375	-0.030306
-153.525604	19.159599	153.190000	-4.530000	7.069745	88.000000	71.249686	71.249686	71.349686	4.115611	-0.068152
-153.025604	19.659599	153.190000	-4.530000	23.240605	86.000000	71.268774	71.268774	71.268774	4.129072	-0.012335
-152.525604	20.159599	153.190000	-4.530000	39.588738	81.000000	71.390210	71.390210	71.390210	4.134791	0.137009
-152.025604	20.659599	153.190000	-4.530000	55.737277	76.000000	71.513794	71.513794	71.513794	4.137966	0.279920
-151.525604	21.159599	153.190000	-4.530000	72.140001	69.000000	71.639333	71.539333	71.639333	4.135080	0.416322
-151.025604	21.659599	153.190000	-4.530000	88.072553	69.000000	71.766640	71.666640	71.766640	4.133318	0.546083
-150.525604	22.159599	153.190000	-4.530000	104.434158	63.000000	71.895536	71.895536	71.895536	4.128746	0.669236
-150.025604	22.659599	153.190000	-4.530000	120.142201	56.000000	71.925845	71.925845	71.925845	4.124831	0.685703
-149.525604	23.159599	153.190000	-4.530000	136.346485	47.000000	72.057398	72.057398	72.057398	4.118604	0.795355
-149.025604	23.659599	153.190000	-4.530000	152.198846	38.000000	71.990033	71.990033	71.990033	4.112910	0.698220
-156.932007	19.832701	153.190000	-4.530000	-69.254540	85.000000	69.175416	69.175416	69.175416	4.066174	0.151487
-153.992294	18.797600	153.190000	-4.530000	-7.213782	87.000000	71.289217	71.189217	71.289217	4.107439	-0.006418
-159.525604	26.659599	153.190000	-4.530000	-53.429220	23.000000	62.879367	62.879367	62.879367	4.111085	-0.070210
-158.525604	14.659600	153.190000	-4.530000	-155.687941	34.000000	71.829396	71.829396	71.829396	4.074357	0.003893
-158.025604	15.159600	153.190000	-4.530000	-138.585056	47.000000	72.017876	72.017876	72.017876	4.078851	0.317949
-157.525604	15.659600	153.190000	-4.530000	-122.320421	61.000000	71.510948	71.410948	71.510948	4.074161	-0.074051
-157.025604	16.159599	153.190000	-4.530000	-104.994222	69.000000	71.708333	71.708333	71.708333	4.073732	0.228043
-156.525604	16.659599	153.190000	-4.530000	-88.639960	76.000000	71.409757	71.409757	71.409757	4.071697	0.024226
-156.025604	17.159599	153.190000	-4.530000	-71.869896	83.000000	71.314960	71.214960	71.314960	4.072549	0.014208
-155.525604	17.659599	153.190000	-4.530000	-55.288483	87.000000	71.123692	71.123692	71.123692	4.077841	-0.101875
-155.025604	18.159599	153.190000	-4.530000	-38.118940	92.000000	71.135709	71.135709	71.135709	4.088613	-0.024031
-154.525604	18.659599	153.190000	-4.530000	-21.471891	91.000000	71.050780	71.050780	71.150780	4.098110	-0.052539
-154.025604	19.159599	153.190000	-4.530000	-4.840985	91.000000	71.068679	70.968679	71.068679	4.109505	0.012724
-153.525604	19.659599	153.190000	-4.530000	11.407674	87.000000	71.089189	70.989189	71.089189	4.120427	0.071746
-153.025604	20.159599	153.190000	-4.530000	27.564579	83.000000	71.112100	71.112100	71.112100	4.133831	0.124258
-152.525604	20.659599	153.190000	-4.530000	43.900670	78.000000	71.237211	71.237211	71.237211	4.137096	0.270372
-152.025604	21.159599	153.190000	-4.530000	60.026270	73.000000	71.364327	71.364327	71.364327	4.138623	0.410073
-151.525604	21.659599	153.190000	-4.530000	76.435969	69.000000	71.493258	71.493258	71.493258	4.135078	0.543099
-151.025604	22.159599	153.190000	-4.530000	92.299023	68.000000	71.523821	71.523821	71.523821	4.132429	0.569552
-150.525604	22.659599	153.190000	-4.530000	108.581815	63.000000	71.655840	71.655840	71.655840	4.127560	0.689416
-150.025604	23.159599	153.190000	-4.530000	124.294260	56.000000	71.689144	71.589144	71.689144	4.121955	0.702434
-149.525604	23.659599	153.190000	-4.530000	140.529445	47.000000	71.723568	71.723568	71.723568	4.116797	0.708702
-149.025604	24.159599	153.190000	-4.530000	156.373498	38.000000	71.758949	71.758949	71.758949	4.109608	0.708198
-156.808197	18.404200	153.190000	-4.530000	-79.735736	81.000000	70.068974	70.068974	70.068974	4.065205	0.021707
-153.982697	21.519699	153.190000	-4.530000	16.889935	79.000000	70.148734	70.148734	70.148734	4.138385	0.486322
-159.025604	14.659600	153.190000	-4.530000	-167.827225	29.000000	72.034861	72.034861	72.034861	4.078412	0.457572
-158.525604	15.159600	153.190000	-4.530000	-151.393645	41.000000	71.424153	71.424153	71.524153	4.075591	-0.025685
-158.025604	15.659600	153.190000	-4.530000	-134.339424	55.000000	71.518128	71.518128	71.518128	4.075710	0.185307
-157.525604	16.159599	153.190000	-4.530000	-117.942603	68.000000	71.216500	71.216500	71.216500	4.074483	-0.009540
-157.025604	16.659599	153.190000	-4.530000	-100.600264	77.000000	71.318992	71.318992	71.318992	4.070919	0.189421
-156.525604	17.159599	153.190000	-4.530000	-84.418446	78.000000	71.025338	71.025338	71.025338	4.069861	-0.017527
-156.025604	17.659599	153.190000	-4.530000	-67.391979	87.000000	70.935284	70.935284	70.935284	4.072286	-0.030473
-155.525604	18.159599	153.190000	-4.530000	-50.809759	91.000000	70.848583	70.848583	70.848583	4.078626	-0.049755
-155.025604	18.659599	153.190000	-4.530000	-33.529686	93.000000	70.864998	70.764998	70.864998	4.091646	0.024890
-154.525604	19.159599	153.190000	-4.530000	-16.969677	93.000000	70.784302	70.784302	70.884302	4.100478	-0.006628
-154.025604	19.659599	153.190000	-4.530000	-0.497497	90.000000	70.806274	70.706274	70.806274	4.113538	0.055367
-153.525604	20.159599	153.190000	-4.530000	15.694262	86.000000	70.830701	70.830701	70.830701	4.124966	0.111120
-153.025604	20.659599	153.190000	-4.530000	31.923398	80.000000	70.957379	70.957379	70.957379	4.137789	0.260540
-152.525604	21.159599	153.190000	-4.530000	48.230709	75.000000	71.086109	71.086109	71.086109	4.139404	0.403316
-152.025604	21.659599	153.190000	-4.530000	64.333510	71.000000	71.216700	71.216700	71.216700	4.138084	0.539674
-151.525604	22.159599	153.190000	-4.530000	80.703097	69.000000	71.348968	71.248968	71.348968	4.133805	0.669525
-151.025604	22.659599	153.190000	-4.530000	96.507393	68.000000	71.382734	71.382734	71.382734	4.129305	0.692569
-150.525604	23.159599	153.190000	-4.530000	112.781780	63.000000	71.417824	71.417824	71.417824	4.124475	0.709016
-150.025604	23.659599	153.190000	-4.530000	128.472130	56.000000	71.354071	71.354071	71.354071	4.119724	0.618778
-149.525604	24.159599	153.190000	-4.530000	144.719546	47.000000	71.491313	71.491313	71.491313	4.114405	0.721563
-149.025604	24.659599	153.190000	-4.530000	160.601531	38.000000	71.429392	71.429392	71.429392	4.109250	0.617569
-156.755997	21.136000	153.190000	-4.530000	-51.810648	86.000000	68.567495	68.567495	68.567495	4.083199	0.288788
-153.967499	14.731300	153.190000	-4.530000	-39.789756	40.000000	74.357179	74.357179	74.357179	4.105161	0.469152
-159.525604	14.659600	153.190000	-4.530000	-180.597369	23.000000	71.436483	71.436483	71.536483	4.075679	0.110854
-159.025604	15.159600	153.190000	-4.530000	-163.604071	35.000000	71.526633	71.426633	71.526633	4.076396	0.330621
-158.525604	15.659600	153.190000	-4.530000	-146.980104	48.000000	71.121556	71.121556	71.121556	4.075745	0.044463
-158.025604	16.159599	153.190000	-4.530000	-130.101772	63.000000	71.020962	71.020962	71.020962	4.075014	0.052449
-157.525604	16.659599	153.190000	-4.530000	-113.278775	77.000000	70.924567	70.924567	70.924567	4.073046	0.054506
-157.025604	17.159599	153.190000	-4.530000	-96.396209	78.000000	70.832101	70.832101	70.832101	4.068952	0.050492
-156.525604	17.659599	153.190000	-4.530000	-79.889551	82.000000	70.643306	70.643306	70.643306	4.068604	-0.059533
-156.025604	18.159599	153.190000	-4.530000	-62.934381	87.000000	70.557931	70.557931	70.557931	4.072477	-0.075643
-155.525604	18.659599	153.190000	-4.530000	-46.135728	92.000000	70.575735	70.575735	70.575735	4.081047	0.002024
-155.025604	19.159599	153.190000	-4.530000	-28.924396	97.000000	70.596487	70.496487	70.596487	4.094366	0.073520
-154.525604	19.659599	153.190000	-4.530000	-12.506458	93.000000	70.519963	70.519963	70.519963	4.104488	0.038769
-154.025604	20.159599	153.190000	-4.530000	3.876043	88.000000	70.545948	70.545948	70.545948	4.119033	0.097636
-153.525604	20.659599	153.190000	-4.530000	20.020863	83.000000	70.674233	70.674233	70.674233	4.131696	0.250166
-153.025604	21.159599	153.190000	-4.530000	36.271950	76.000000	70.804618	70.804618	70.804618	4.141789	0.396281
-152.525604	21.659599	153.190000	-4.530000	52.601804	73.000000	70.936911	70.936911	70.936911	4.140840	0.535850
-152.025604	22.159599	153.190000	-4.530000	68.601572	70.000000	71.070922	71.070922	71.070922	4.137219	0.668911
-151.525604	22.659599	153.190000	-4.530000	84.942101	68.000000	71.106472	71.106472	71.106472	4.131845	0.695385
-151.025604	23.159599	153.190000	-4.530000	100.729411	68.000000	71.143385	71.143385	71.143385	4.126966	0.715142
-150.525604	23.659599	153.190000	-4.530000	116.976897	63.000000	71.181492	71.081492	71.181492	4.120516	0.728216
-150.025604	24.159599	153.190000	-4.530000	132.697338	56.000000	71.120629	71.120629	71.120629	4.117202	0.634526
-149.525604	24.659599	153.190000	-4.530000	148.986039	47.000000	71.160637	71.160637	71.160637	4.114120	0.633946
-149.025604	25.159599	153.190000	-4.530000	164.922445	35.000000	71.201363	71.201363	71.201363	4.106456	0.626502
-156.658005	20.891001	153.190000	-4.530000	-51.948539	87.000000	68.785333	68.785333	68.785333	4.082230	0.290769
-153.902405	19.979099	153.190000	-4.530000	5.157392	88.000000	70.693660	70.693660	70.693660	4.117823	0.069702
-159.525604	15.159600	153.190000	-4.530000	-176.348993	29.000000	70.925224	70.925224	71.025224	4.074213	-0.013327
-159.025604	15.659600	153.190000	-4.530000	-159.131481	41.000000	71.121144	71.021144	71.121144	4.074919	0.303376
-158.525604	16.159599	153.190000	-4.530000	-142.713410	55.000000	70.721632	70.721632	70.721632	4.075191	0.014249
-158.025604	16.659599	153.190000	-4.530000	-125.543454	70.000000	70.726398	70.726398	70.726398	4.074270	0.119298
-157.525604	17.159599	153.190000	-4.530000	-108.776604	78.000000	70.635169	70.635169	70.635169	4.069743	0.118226
-157.025604	17.659599	153.190000	-4.530000	-91.980995	80.000000	70.447680	70.447680	70.447680	4.066787	0.011171
-156.525604	18.159599	153.190000	-4.530000	-75.249012	85.000000	70.363678	70.363678	70.363678	4.067324	-0.001866
-156.025604	18.659599	153.190000	-4.530000	-58.389657	87.000000	70.282917	70.282917	70.282917	4.073894	-0.021170
-155.525604	19.159599	153.190000	-4.530000	-41.421142	93.000000	70.305163	70.305163	70.305163	4.084093	0.053382
-155.025604	19.659599	153.190000	-4.530000	-24.366111	96.000000	70.230188	70.230188	70.330188	4.097879	0.021790
-154.525604	20.159599	153.190000	-4.530000	-8.053075	89.000000	70.257774	70.257774	70.357774	4.109520	0.083776
-154.025604	20.659599	153.190000	-4.530000	8.272420	85.000000	70.387710	70.387710	70.387710	4.124447	0.239453
-153.525604	21.159599	153.190000	-4.530000	24.437661	79.000000	70.519794	70.519794	70.519794	4.137683	0.388816
-153.025604	21.659599	153.190000	-4.530000	40.642442	76.000000	70.653828	70.653828	70.653828	4.144488	0.531598
-152.525604	22.159599	153.190000	-4.530000	56.977654	72.000000	70.789624	70.789624	70.789624	4.140715	0.667902
-152.025604	22.659599	153.190000	-4.530000	72.865737	70.000000	70.826998	70.826998	70.826998	4.135547	0.697717
-151.525604	23.159599	153.190000	-4.530000	89.161932	68.000000	70.865773	70.865773	70.865773	4.129130	0.720786
-151.025604	23.659599	153.190000	-4.530000	104.986593	68.000000	70.805778	70.805778	70.805778	4.123780	0.637202
-150.525604	24.159599	153.190000	-4.530000	121.272727	63.000000	70.846848	70.846848	70.846848	4.119529	0.646951
-150.025604	24.659599	153.190000	-4.530000	137.027905	56.000000	70.888821	70.888821	70.888821	4.114903	0.649783
-149.525604	25.159599	153.190000	-4.530000	153.364974	43.000000	70.931544	70.931544	70.931544	4.112195	0.645784
-149.025604	25.659599	153.190000	-4.530000	169.286137	31.000000	70.974865	70.974865	70.974865	4.106929	0.634938
-156.510101	19.477699	153.190000	-4.530000	-62.620264	88.000000	69.553546	69.553546	69.653546	4.070516	0.054855
-153.868195	17.315399	153.190000	-4.530000	-17.097901	82.000000	72.215761	72.215761	72.215761	4.103178	-0.063622
-159.525604	15.659600	153.190000	-4.530000	-171.931871	34.000000	70.616800	70.616800	70.616800	4.075833	0.062048
-159.025604	16.159599	153.190000	-4.530000	-154.656060	46.000000	70.518421	70.518421	70.618421	4.072917	0.075943
-158.525604	16.659599	153.190000	-4.530000	-138.307891	60.000000	70.424400	70.424400	70.424400	4.075490	0.083722
-158.025604	17.159599	153.190000	-4.530000	-120.865475	72.000000	70.334458	70.334458	70.334458	4.072395	0.085679
-157.525604	17.659599	153.190000	-4.530000	-104.381610	80.000000	70.248326	70.248326	70.248326	4.066359	0.081720
-157.025604	18.159599	153.190000	-4.530000	-87.207972	81.000000	70.165746	70.165746	70.165746	4.063838	0.071506
-156.525604	18.659599	153.190000	-4.530000	-70.765946	86.000000	70.086469	69.986469	70.086469	4.067251	0.055310
-156.025604	19.159599	153.190000	-4.530000	-53.610958	91.000000	70.010256	70.010256	70.010256	4.077440	0.033037
-155.525604	19.659599	153.190000	-4.530000	-36.690797	96.000000	70.036878	70.036878	70.036878	4.087336	0.104363
-155.025604	20.159599	153.190000	-4.530000	-19.838206	93.000000	69.966112	69.966112	70.066112	4.102681	0.069542
-154.525604	20.659599	153.190000	-4.530000	-3.618239	89.000000	70.097745	70.097745	70.097745	4.114964	0.228478
-154.025604	21.159599	153.190000	-4.530000	12.701783	82.000000	70.231572	70.231572	70.231572	4.132227	0.380860
-153.525604	21.659599	153.190000	-4.530000	28.909422	78.000000	70.367392	70.367392	70.367392	4.142106	0.526923
-153.025604	22.159599	153.190000	-4.530000	44.983918	73.000000	70.505015	70.505015	70.505015	4.145374	0.666573
-152.525604	22.659599	153.190000	-4.530000	61.341603	71.000000	70.544255	70.544255	70.544255	4.139698	0.699510
-152.025604	23.159599	153.190000	-4.530000	77.178413	68.000000	70.584933	70.584933	70.584933	4.132855	0.725953
-151.525604	23.659599	153.190000	-4.530000	93.475717	69.000000	70.626877	70.526877	70.626877	4.125728	0.745807
-151.025604	24.159599	153.190000	-4.530000	109.285575	69.000000	70.569918	70.569918	70.569918	4.120668	0.658783
-150.525604	24.659599	153.190000	-4.530000	125.640685	64.000000	70.613896	70.613896	70.613896	4.117698	0.665086
-150.025604	25.159599	153.190000	-4.530000	141.458831	51.000000	70.758652	70.758652	70.758652	4.113608	0.764622
-149.525604	25.659599	153.190000	-4.530000	157.821000	38.000000	70.604036	70.604036	70.704036	4.110709	0.557111
-149.025604	26.159599	153.190000	-4.530000	173.766004	27.000000	70.649900	70.649900	70.649900	4.107989	0.542744
-156.465103	18.775000	153.190000	-4.530000	-68.231055	84.000000	69.977620	69.977620	69.977620	4.068348	-0.010047
-153.700806	17.297501	153.190000	-4.530000	-13.350981	83.000000	72.294210	72.294210	72.294210	4.105888	-0.078005
-159.525604	16.159599	153.190000	-4.530000	-167.352524	38.000000	70.311236	70.311236	70.311236	4.072672	0.137216
-159.025604	16.659599	153.190000	-4.530000	-150.222619	50.000000	70.118482	70.118482	70.118482	4.073308	0.048052
-158.525604	17.159599	153.190000	-4.530000	-133.558482	62.000000	70.129881	70.129881	70.129881	4.073779	0.152896
-158.025604	17.659599	153.190000	-4.530000	-116.298584	71.000000	69.945159	69.945159	69.945159	4.070075	0.051816
-157.525604	18.159599	153.190000	-4.530000	-99.687054	80.000000	69.864054	69.864054	69.864054	4.063594	0.044732
-157.025604	18.659599	153.190000	-4.530000	-82.493130	83.000000	69.786313	69.786313	69.786313	4.062287	0.031509
-156.525604	19.159599	153.190000	-4.530000	-66.123575	91.000000	69.711693	69.711693	69.811693	4.068464	0.012204
-156.025604	19.659599	153.190000	-4.530000	-48.747801	95.000000	69.739961	69.739961	69.739961	4.079579	0.086739
-155.525604	20.159599	153.190000	-4.530000	-32.054567	97.000000	69.770893	69.770893	69.770893	4.092176	0.154978
-155.025604	20.659599	153.190000	-4.530000	-15.268630	90.000000	69.804271	69.804271	69.904271	4.109118	0.216975
-154.525604	21.159599	153.190000	-4.530000	0.913737	84.000000	69.939886	69.939886	70.039886	4.122451	0.372648
-154.025604	21.659599	153.190000	-4.530000	17.163426	80.000000	70.077539	70.077539	70.077539	4.138642	0.521866
-153.525604	22.159599	153.190000	-4.530000	33.381798	76.000000	70.217034	70.217034	70.217034	4.144491	0.664673
-153.025604	22.659599	153.190000	-4.530000	49.386324	73.000000	70.258185	70.258185	70.258185	4.145166	0.700988
-152.525604	23.159599	153.190000	-4.530000	65.728312	69.000000	70.300810	70.300810	70.300810	4.138021	0.730682
-152.025604	23.659599	153.190000	-4.530000	81.583081	69.000000	70.344734	70.344734	70.344734	4.129580	0.753793
-151.525604	24.159599	153.190000	-4.530000	97.899924	69.000000	70.289788	70.289788	70.289788	4.123427	0.670240
-151.025604	24.659599	153.190000	-4.530000	113.750967	69.000000	70.435809	70.335809	70.435809	4.118946	0.779894
-150.525604	25.159599	153.190000	-4.530000	130.207028	59.000000	70.382639	70.382639	70.382639	4.116602	0.682790
-150.025604	25.659599	153.190000	-4.530000	146.050028	45.000000	70.530124	70.530124	70.530124	4.114818	0.778845
-149.525604	26.159599	153.190000	-4.530000	162.452180	33.000000	70.278116	70.278116	70.278116	4.109165	0.467933
-149.025604	26.659599	153.190000	-4.530000	178.419945	22.000000	70.226470	70.226470	70.326470	4.103444	0.350083
