-156.387695	17.614901	153.190000	-4.530000	-77.783039	78.000000	70.548495	70.548495	70.548495	4.099999	-0.257382
-153.503204	19.495199	153.190000	-4.530000	9.565402	87.000000	70.481348	70.481348	70.481348	4.064995	-0.646378
-159.525604	16.659599	153.190000	-4.530000	-162.984086	41.000000	69.508553	69.508553	69.508553	4.100912	-0.287901
-159.025604	17.159599	153.190000	-4.530000	-146.421255	50.000000	69.521350	69.521350	69.521350	4.100536	-0.180154
-158.525604	17.659599	153.190000	-4.530000	-129.361357	62.000000	69.338094	69.238094	69.338094	4.103141	-0.278314
-158.025604	18.159599	153.190000	-4.530000	-112.667864	75.000000	69.158519	69.158519	69.158519	4.102880	-0.382366
-157.525604	18.659599	153.190000	-4.530000	-95.703644	81.000000	68.982368	68.982368	68.982368	4.100812	-0.492603
-157.025604	19.159599	153.190000	-4.530000	-78.911710	87.000000	68.909395	68.909395	68.909395	4.096929	-0.508903
-156.525604	19.659599	153.190000	-4.530000	-61.887130	89.000000	68.739363	68.739363	68.739363	4.089236	-0.631255
-156.025604	20.159599	153.190000	-4.530000	-45.240247	93.000000	68.772043	68.772043	68.772043	4.081369	-0.559942
-155.525604	20.659599	153.190000	-4.530000	-27.953835	91.000000	68.707216	68.707216	68.807216	4.074908	-0.594851
-155.025604	21.159599	153.190000	-4.530000	-11.502996	88.000000	68.844672	68.844672	68.844672	4.069847	-0.435979
-154.525604	21.659599	153.190000	-4.530000	5.662111	82.000000	68.884205	68.884205	68.984205	4.070662	-0.383597
-154.025604	22.159599	153.190000	-4.530000	22.244759	77.000000	69.125620	69.125620	69.125620	4.069103	-0.137603
-153.525604	22.659599	153.190000	-4.530000	39.065974	74.000000	69.268727	69.268727	69.268727	4.074179	0.002001
-153.025604	23.159599	153.190000	-4.530000	55.682060	69.000000	69.413344	69.413344	69.413344	4.075515	0.134954
-152.525604	23.659599	153.190000	-4.530000	71.879070	69.000000	69.559293	69.559293	69.559293	4.080361	0.261348
-152.025604	24.159599	153.190000	-4.530000	88.547728	69.000000	69.606403	69.606403	69.606403	4.081696	0.281178
-151.525604	24.659599	153.190000	-4.530000	104.635050	69.000000	69.754510	69.754510	69.754510	4.084719	0.394189
-151.025604	25.159599	153.190000	-4.530000	121.254462	64.000000	69.703454	69.703454	69.703454	4.083745	0.300467
-150.525604	25.659599	153.190000	-4.530000	137.149089	52.000000	69.953080	69.953080	69.953080	4.084102	0.500003
-150.025604	26.159599	153.190000	-4.530000	153.582247	39.000000	69.803238	69.803238	69.803238	4.079566	0.292549
-149.525604	26.659599	153.190000	-4.530000	169.365514	27.000000	70.153783	70.153783	70.153783	4.086813	0.578185
-156.206604	16.162001	153.190000	-4.530000	-86.033032	68.000000	71.911954	71.811954	71.911954	4.102696	0.024319
-153.295898	18.800900	153.190000	-4.530000	8.062186	84.000000	71.134422	71.134422	71.134422	4.067553	-0.518133
-159.525604	17.159599	153.190000	-4.530000	-158.297062	41.000000	69.108774	69.108774	69.108774	4.101399	-0.313478
-159.025604	17.659599	153.190000	-4.530000	-141.552465	52.000000	69.127044	69.127044	69.127044	4.099460	-0.208580
-158.525604	18.159599	153.190000	-4.530000	-124.599946	64.000000	68.849057	68.849057	68.849057	4.103947	-0.409859
-158.025604	18.659599	153.190000	-4.530000	-107.760833	74.000000	68.774554	68.674554	68.774554	4.101233	-0.417030
-157.525604	19.159599	153.190000	-4.530000	-90.721710	85.000000	68.603284	68.603284	68.603284	4.098548	-0.530197
-157.025604	19.659599	153.190000	-4.530000	-73.851658	88.000000	68.535006	68.535006	68.535006	4.093441	-0.549682
-156.525604	20.159599	153.190000	-4.530000	-56.817008	90.000000	68.469489	68.469489	68.469489	4.086385	-0.575221
-156.025604	20.659599	153.190000	-4.530000	-40.080861	92.000000	68.506512	68.506512	68.506512	4.080174	-0.506919
-155.525604	21.159599	153.190000	-4.530000	-22.884720	88.000000	68.545858	68.445858	68.545858	4.074918	-0.445082
-155.025604	21.659599	153.190000	-4.530000	-6.390080	83.000000	68.687324	68.687324	68.687324	4.070563	-0.289468
-154.525604	22.159599	153.190000	-4.530000	10.656251	77.000000	68.830708	68.830708	68.830708	4.072053	-0.140177
-154.025604	22.659599	153.190000	-4.530000	27.201605	75.000000	68.975821	68.975821	68.975821	4.070962	0.002492
-153.525604	23.159599	153.190000	-4.530000	43.918943	72.000000	69.122477	69.122477	69.122477	4.077056	0.138766
-153.025604	23.659599	153.190000	-4.530000	60.464243	69.000000	69.270496	69.170496	69.270496	4.077098	0.268546
-152.525604	24.159599	153.190000	-4.530000	76.652747	69.000000	69.319708	69.319708	69.319708	4.082240	0.291543
-152.025604	24.659599	153.190000	-4.530000	93.271886	69.000000	69.369945	69.369945	69.369945	4.084073	0.307970
-151.525604	25.159599	153.190000	-4.530000	109.316097	64.000000	69.521045	69.521045	69.521045	4.086126	0.417727
-151.025604	25.659599	153.190000	-4.530000	125.993362	57.000000	69.372854	69.372854	69.372854	4.082455	0.220536
-150.525604	26.159599	153.190000	-4.530000	141.897268	45.000000	69.625219	69.625219	69.625219	4.083758	0.416595
-150.025604	26.659599	153.190000	-4.530000	158.227473	32.000000	69.577995	69.577995	69.577995	4.080009	0.305805
-149.025604	14.659600	153.190000	-4.530000	83.738220	21.000000	76.202959	76.202959	76.202959	4.077978	0.242657
-156.167007	18.301001	153.190000	-4.530000	-66.555927	84.000000	70.040333	69.940333	70.040333	4.096253	-0.423924
-153.292099	20.892599	153.190000	-4.530000	27.671315	81.000000	69.801929	69.801929	69.801929	4.064618	-0.614058
-159.525604	17.659599	153.190000	-4.530000	-153.484505	41.000000	68.711916	68.711916	68.811916	4.101596	-0.339290
-159.025604	18.159599	153.190000	-4.530000	-136.622043	51.000000	68.635580	68.635580	68.635580	4.101865	-0.337477
-158.525604	18.659599	153.190000	-4.530000	-119.563732	64.000000	68.462785	68.462785	68.462785	4.100650	-0.441726
-158.025604	19.159599	153.190000	-4.530000	-102.797558	76.000000	68.293277	68.293277	68.393277	4.100809	-0.551968
-157.525604	19.659599	153.190000	-4.530000	-85.494540	85.000000	68.226813	68.226813	68.226813	4.094519	-0.568287
-157.025604	20.159599	153.190000	-4.530000	-68.732297	86.000000	68.163156	68.163156	68.163156	4.091221	-0.590818
-156.525604	20.659599	153.190000	-4.530000	-51.637573	88.000000	68.202083	68.202083	68.202083	4.085640	-0.519500
-156.025604	21.159599	153.190000	-4.530000	-34.993176	87.000000	68.243376	68.243376	68.243376	4.079741	-0.454418
-155.525604	21.659599	153.190000	-4.530000	-17.775940	83.000000	68.386827	68.286827	68.386827	4.076635	-0.295704
-155.025604	22.159599	153.190000	-4.530000	-1.310158	80.000000	68.532233	68.532233	68.532233	4.072792	-0.143306
-154.525604	22.659599	153.190000	-4.530000	15.630106	75.000000	68.679402	68.679402	68.679402	4.074472	0.002692
-154.025604	23.159599	153.190000	-4.530000	32.202043	73.000000	68.828147	68.828147	68.828147	4.073276	0.142160
-153.525604	23.659599	153.190000	-4.530000	48.789899	70.000000	68.878286	68.878286	68.878286	4.079948	0.175144
-153.025604	24.159599	153.190000	-4.530000	65.272785	69.000000	69.029646	68.929646	69.029646	4.080021	0.301559
-152.525604	24.659599	153.190000	-4.530000	81.368183	69.000000	69.082059	69.082059	69.082059	4.084669	0.321277
-152.025604	25.159599	153.190000	-4.530000	97.987220	64.000000	69.135361	69.135361	69.135361	4.085996	0.334338
-151.525604	25.659599	153.190000	-4.530000	114.064798	57.000000	69.389396	69.389396	69.389396	4.089361	0.540656
-151.025604	26.159599	153.190000	-4.530000	130.745212	49.000000	69.044011	69.044011	69.044011	4.080395	0.140108
-150.525604	26.659599	153.190000	-4.530000	146.643237	36.000000	69.399059	69.399059	69.399059	4.084245	0.432725
-149.525604	14.659600	153.190000	-4.530000	70.512776	27.000000	75.566746	75.566746	75.566746	4.084421	-0.199238
-149.025604	15.159600	153.190000	-4.530000	87.023518	27.000000	75.845688	75.845688	75.845688	4.078948	0.160299
-155.996994	20.771000	153.190000	-4.530000	-38.265567	89.000000	68.492444	68.492444	68.492444	4.079619	-0.467145
-153.290604	17.906200	153.190000	-4.530000	0.275764	78.000000	71.845060	71.845060	71.845060	4.075725	-0.352591
-159.525604	18.159599	153.190000	-4.530000	-148.487301	39.000000	68.317997	68.317997	68.317997	4.100294	-0.365411
-159.025604	18.659599	153.190000	-4.530000	-131.589597	52.000000	68.246975	68.146975	68.246975	4.098121	-0.366714
-158.525604	19.159599	153.190000	-4.530000	-114.415668	65.000000	67.979292	67.979292	67.979292	4.101142	-0.574000
-158.025604	19.659599	153.190000	-4.530000	-97.590545	80.000000	67.914701	67.914701	67.914701	4.098393	-0.587249
-157.525604	20.159599	153.190000	-4.530000	-80.308833	85.000000	67.852965	67.852965	67.852965	4.093052	-0.606750
-157.025604	20.659599	153.190000	-4.530000	-63.507454	87.000000	67.893856	67.893856	67.893856	4.090365	-0.532390
-156.525604	21.159599	153.190000	-4.530000	-46.483101	88.000000	67.937152	67.937152	68.037152	4.086277	-0.464156
-156.025604	21.659599	153.190000	-4.530000	-29.961375	85.000000	68.082644	68.082644	68.082644	4.081350	-0.302325
-155.525604	22.159599	153.190000	-4.530000	-12.723282	80.000000	68.230128	68.130128	68.230128	4.078408	-0.146794
-155.025604	22.659599	153.190000	-4.530000	3.731754	76.000000	68.379407	68.379407	68.379407	4.075242	0.002443
-154.525604	23.159599	153.190000	-4.530000	20.602099	74.000000	68.430292	68.430292	68.530292	4.077552	0.045120
-154.025604	23.659599	153.190000	-4.530000	37.162929	71.000000	68.582602	68.582602	68.582602	4.076801	0.181330
-153.525604	24.159599	153.190000	-4.530000	53.669258	69.000000	68.636160	68.636160	68.636160	4.081235	0.211075
-153.025604	24.659599	153.190000	-4.530000	70.082353	69.000000	68.690797	68.690797	68.690797	4.082137	0.234097
-152.525604	25.159599	153.190000	-4.530000	86.104946	64.000000	68.946348	68.946348	68.946348	4.087787	0.450480
-152.025604	25.659599	153.190000	-4.530000	102.766978	57.000000	68.902654	68.902654	68.902654	4.088156	0.360223
-151.525604	26.159599	153.190000	-4.530000	118.926283	50.000000	69.059563	69.059563	69.159563	4.089876	0.463076
-151.025604	26.659599	153.190000	-4.530000	135.559659	40.000000	68.816926	68.816926	68.816926	4.080015	0.159116
-150.025604	14.659600	153.190000	-4.530000	58.152058	32.000000	75.728033	75.728033	75.728033	4.080610	0.158697
-149.525604	15.159600	153.190000	-4.530000	73.788829	34.000000	75.107351	75.107351	75.107351	4.086475	-0.378765
-149.025604	15.659600	153.190000	-4.530000	90.335437	32.000000	75.389774	75.389774	75.389774	4.081517	-0.022542
-155.772995	19.079000	153.190000	-4.530000	-49.787908	91.000000	69.601163	69.601163	69.601163	4.086732	-0.567266
-152.981201	18.301800	153.190000	-4.530000	11.392297	81.000000	71.705570	71.705570	71.705570	4.069314	-0.406026
-159.525604	18.659599	153.190000	-4.530000	-143.441752	41.000000	67.927032	67.927032	67.927032	4.096060	-0.392006
-159.025604	19.159599	153.190000	-4.530000	-126.331740	54.000000	67.661241	67.661241	67.761241	4.103224	-0.596200
-158.525604	19.659599	153.190000	-4.530000	-109.196489	69.000000	67.598589	67.598589	67.598589	4.098354	-0.606633
-158.025604	20.159599	153.190000	-4.530000	-92.345494	79.000000	67.638837	67.638837	67.638837	4.094750	-0.523029
-157.525604	20.659599	153.190000	-4.530000	-75.066558	84.000000	67.581752	67.581752	67.581752	4.091782	-0.545501
-157.025604	21.159599	153.190000	-4.530000	-58.390915	84.000000	67.627113	67.627113	67.727113	4.091153	-0.474355
-156.525604	21.659599	153.190000	-4.530000	-41.442792	85.000000	67.774705	67.774705	67.774705	4.087479	-0.309338
-156.025604	22.159599	153.190000	-4.530000	-24.866881	81.000000	67.924323	67.924323	67.924323	4.082995	-0.150558
-155.525604	22.659599	153.190000	-4.530000	-7.761820	79.000000	67.975767	67.975767	68.075767	4.080715	-0.098311
-155.025604	23.159599	153.190000	-4.530000	8.700456	75.000000	68.128848	68.128848	68.228848	4.077880	0.047639
-154.525604	23.659599	153.190000	-4.530000	25.604926	71.000000	68.283382	68.183382	68.283382	4.079211	0.187183
-154.025604	24.159599	153.190000	-4.530000	42.070544	69.000000	68.339190	68.339190	68.339190	4.079637	0.220038
-153.525604	24.659599	153.190000	-4.530000	58.454877	69.000000	68.396101	68.396101	68.396101	4.083862	0.246422
-153.025604	25.159599	153.190000	-4.530000	74.936447	64.000000	68.453949	68.453949	68.453949	4.084556	0.266230
-152.525604	25.659599	153.190000	-4.530000	90.918596	57.000000	68.812575	68.812575	68.912575	4.092945	0.579186
-152.025604	26.159599	153.190000	-4.530000	107.692857	50.000000	68.671825	68.671825	68.671825	4.090439	0.385495
-151.525604	26.659599	153.190000	-4.530000	123.929854	41.000000	68.731548	68.731548	68.731548	4.088376	0.385053
-150.525604	14.659600	153.190000	-4.530000	45.161561	36.000000	75.286768	75.286768	75.286768	4.083328	-0.083799
-150.025604	15.159600	153.190000	-4.530000	61.502209	41.000000	75.366471	75.366471	75.366471	4.079808	0.082010
-149.525604	15.659600	153.190000	-4.530000	77.191151	39.000000	74.749364	74.749364	74.749364	4.088693	-0.458616
-149.025604	16.159599	153.190000	-4.530000	93.680400	36.000000	75.035236	75.035236	75.035236	4.083857	-0.105649
-159.664993	22.122999	153.190000	-4.530000	-109.320628	43.000000	65.649628	65.649628	65.649628	4.108165	-0.145298
-155.765305	26.776699	153.190000	-4.530000	31.147964	38.000000	64.796646	64.696646	64.796646	4.074090	-0.728467
-152.765793	25.592800	153.190000	-4.530000	85.066797	61.000000	68.491329	68.491329	68.491329	4.088599	0.372311
-159.525604	19.159599	153.190000	-4.530000	-138.195144	43.000000	67.439035	67.439035	67.439035	4.096376	-0.518868
-159.025604	19.659599	153.190000	-4.530000	-121.060502	55.000000	67.278391	67.278391	67.278391	4.101565	-0.626174
-158.525604	20.159599	153.190000	-4.530000	-103.881626	69.000000	67.220688	67.220688	67.220688	4.097432	-0.639612
-158.025604	20.659599	153.190000	-4.530000	-87.061697	78.000000	67.265693	67.265693	67.265693	4.095559	-0.559113
-157.525604	21.159599	153.190000	-4.530000	-69.862078	85.000000	67.313181	67.313181	67.313181	4.092904	-0.484766
-157.025604	21.659599	153.190000	-4.530000	-53.404609	84.000000	67.562935	67.462935	67.562935	4.091961	-0.216702
-156.525604	22.159599	153.190000	-4.530000	-36.341700	81.000000	67.614747	67.614747	67.614747	4.089194	-0.154861
-156.025604	22.659599	153.190000	-4.530000	-19.851134	81.000000	67.768416	67.768416	67.768416	4.084240	0.000667
-155.525604	23.159599	153.190000	-4.530000	-2.832721	73.000000	67.823750	67.823750	67.823750	4.082049	0.049756
-155.025604	23.659599	153.190000	-4.530000	13.659128	71.000000	67.880562	67.880562	67.880562	4.078641	0.092454
-154.525604	24.159599	153.190000	-4.530000	30.580018	71.000000	67.938674	67.938674	67.938674	4.081595	0.128675
-154.025604	24.659599	153.190000	-4.530000	46.963240	69.000000	68.097912	68.097912	68.097912	4.082281	0.258293
-153.525604	25.159599	153.190000	-4.530000	63.254582	64.000000	68.258110	68.258110	68.258110	4.087086	0.381352
-153.025604	25.659599	153.190000	-4.530000	79.866479	57.000000	68.319105	68.319105	68.319105	4.088509	0.397763
-152.525604	26.159599	153.190000	-4.530000	95.914435	50.000000	68.680744	68.680744	68.680744	4.097701	0.707404
-152.025604	26.659599	153.190000	-4.530000	112.718863	41.000000	68.342873	68.342873	68.342873	4.089285	0.310312
-151.025604	14.659600	153.190000	-4.530000	32.526749	40.000000	75.242896	75.242896	75.242896	4.081594	0.073496
-150.525604	15.159600	153.190000	-4.530000	48.478679	45.000000	74.822996	74.822996	74.822996	4.082825	-0.257522
-150.025604	15.659600	153.190000	-4.530000	64.915890	48.000000	74.906369	74.906369	74.906369	4.080545	-0.095020
-149.525604	16.159599	153.190000	-4.530000	80.685060	45.000000	74.492802	74.492802	74.492802	4.089553	-0.438865
-149.025604	16.659599	153.190000	-4.530000	97.206673	39.000000	74.682083	74.682083	74.682083	4.086108	-0.189100
-159.401001	21.971001	153.190000	-4.530000	-104.799844	48.000000	65.847070	65.847070	65.847070	4.107945	-0.224626
-155.714996	18.000299	153.190000	-4.530000	-58.232554	86.000000	70.560037	70.560037	70.560037	4.095518	-0.342929
-152.132401	18.481400	153.190000	-4.530000	33.857321	77.000000	71.892968	71.892968	71.992968	4.071565	-0.532507
-159.525604	19.659599	153.190000	-4.530000	-132.797729	42.000000	66.954018	66.954018	66.954018	4.098366	-0.646061
-159.025604	20.159599	153.190000	-4.530000	-115.756360	57.000000	66.898435	66.898435	66.898435	4.101239	-0.656511
-158.525604	20.659599	153.190000	-4.530000	-98.630368	70.000000	66.945598	66.945598	66.945598	4.095469	-0.573020
-158.025604	21.159599	153.190000	-4.530000	-81.701989	77.000000	66.995279	66.995279	66.995279	4.096327	-0.495565
-157.525604	21.659599	153.190000	-4.530000	-64.818291	82.000000	67.147259	67.147259	67.247259	4.094216	-0.324427
-157.025604	22.159599	153.190000	-4.530000	-48.366724	82.000000	67.401328	67.401328	67.401328	4.092737	-0.059508
-156.525604	22.659599	153.190000	-4.530000	-31.215995	78.000000	67.457284	67.457284	67.457284	4.089732	-0.000788
-156.025604	23.159599	153.190000	-4.530000	-14.828430	74.000000	67.614930	67.514930	67.614930	4.083491	0.151462
-155.525604	23.659599	153.190000	-4.530000	2.163937	71.000000	67.574079	67.574079	67.574079	4.082756	0.097330
-155.025604	24.159599	153.190000	-4.530000	18.659395	70.000000	67.634551	67.634551	67.734551	4.080433	0.136831
-154.525604	24.659599	153.190000	-4.530000	35.538684	70.000000	67.696172	67.696172	67.696172	4.083402	0.169702
-154.025604	25.159599	153.190000	-4.530000	51.925532	64.000000	67.858771	67.858771	67.858771	4.083673	0.296025
-153.525604	25.659599	153.190000	-4.530000	68.217170	57.000000	68.122189	68.122189	68.122189	4.090157	0.515807
-153.025604	26.159599	153.190000	-4.530000	84.904300	50.000000	68.086266	68.086266	68.086266	4.091889	0.428796
-152.525604	26.659599	153.190000	-4.530000	101.137864	41.000000	68.350852	68.350852	68.350852	4.098409	0.635066
-151.525604	14.659600	153.190000	-4.530000	19.729894	40.000000	74.896360	74.896360	74.896360	4.083210	-0.069361
-151.025604	15.159600	153.190000	-4.530000	35.982073	49.000000	74.776870	74.776870	74.776870	4.080287	-0.097435
-150.525604	15.659600	153.190000	-4.530000	52.011896	54.000000	74.560737	74.560737	74.560737	4.082424	-0.231723
-150.025604	16.159599	153.190000	-4.530000	68.428326	54.000000	74.547745	74.547745	74.547745	4.080997	-0.172290
-149.525604	16.659599	153.190000	-4.530000	84.259400	49.000000	74.237678	74.237678	74.237678	4.089544	-0.419476
-149.025604	17.159599	153.190000	-4.530000	100.889087	39.000000	74.430332	74.430332	74.430332	4.084006	-0.173053
-158.982498	15.574000	153.190000	-4.530000	-160.038225	40.000000	70.641998	70.541998	70.641998	4.095881	-0.262754
-155.710999	20.046000	153.190000	-4.530000	-38.670883	95.000000	69.026138	68.926138	69.026138	4.078734	-0.556905
-151.686600	14.689100	153.190000	-4.530000	15.862348	39.000000	74.814981	74.814981	74.914981	4.082818	-0.066808
-159.525604	20.159599	153.190000	-4.530000	-127.401094	45.000000	66.571990	66.571990	66.571990	4.100152	-0.673745
-159.025604	20.659599	153.190000	-4.530000	-110.433680	59.000000	66.621382	66.621382	66.621382	4.100250	-0.587128
-158.525604	21.159599	153.190000	-4.530000	-93.317791	67.000000	66.673326	66.673326	66.673326	4.096786	-0.506811
-158.025604	21.659599	153.190000	-4.530000	-76.494772	76.000000	66.927600	66.827600	66.927600	4.096140	-0.232532
-157.525604	22.159599	153.190000	-4.530000	-59.743674	82.000000	67.083992	67.083992	67.083992	4.094327	-0.064408
-157.025604	22.659599	153.190000	-4.530000	-43.217142	79.000000	67.242297	67.142297	67.242297	4.092915	0.097269
-156.525604	23.159599	153.190000	-4.530000	-26.084266	76.000000	67.202318	67.202318	67.202318	4.090028	0.052743
-156.025604	23.659599	153.190000	-4.530000	-9.688622	71.000000	67.263866	67.263866	67.363866	4.083274	0.101898
-155.525604	24.159599	153.190000	-4.530000	7.272847	70.000000	67.326757	67.326757	67.326757	4.083148	0.144453
-155.025604	24.659599	153.190000	-4.530000	23.812686	70.000000	67.490817	67.490817	67.490817	4.082699	0.280636
-154.525604	25.159599	153.190000	-4.530000	40.593586	65.000000	67.455875	67.455875	67.555875	4.085271	0.210331
-154.025604	25.659599	153.190000	-4.530000	57.070768	58.000000	67.621768	67.621768	67.621768	4.086036	0.333269
-153.525604	26.159599	153.190000	-4.530000	73.396868	51.000000	67.888337	67.888337	67.988337	4.092774	0.549660
-153.025604	26.659599	153.190000	-4.530000	90.171033	41.000000	67.655430	67.655430	67.655430	4.090343	0.259392
-152.025604	14.659600	153.190000	-4.530000	6.803788	41.000000	74.547105	74.547105	74.547105	4.082007	-0.212643
-151.525604	15.159600	153.190000	-4.530000	23.274680	49.000000	74.628037	74.628037	74.628037	4.082501	-0.037493
-151.025604	15.659600	153.190000	-4.530000	39.599536	58.000000	74.512413	74.512413	74.512413	4.079200	-0.068684
-150.525604	16.159599	153.190000	-4.530000	55.679376	61.000000	74.300010	74.300010	74.300010	4.080951	-0.206182
-150.025604	16.659599	153.190000	-4.530000	72.077023	58.000000	74.290611	74.290611	74.290611	4.079709	-0.150053
-149.525604	17.159599	153.190000	-4.530000	87.981053	50.000000	73.984007	73.984007	73.984007	4.088613	-0.400435
-149.025604	17.659599	153.190000	-4.530000	104.678521	40.000000	74.179995	74.179995	74.179995	4.078879	-0.157301
-158.933105	24.573799	153.190000	-4.530000	-65.323753	53.000000	64.848883	64.848883	64.848883	4.099460	0.172961
-155.679398	21.205500	153.190000	-4.530000	-26.083020	88.000000	68.432506	68.432506	68.432506	4.076236	-0.440071
-151.637604	16.737801	153.190000	-4.530000	32.532289	73.000000	73.609653	73.609653	73.609653	4.079673	-0.070597
-159.525604	20.659599	153.190000	-4.530000	-121.970187	46.000000	66.192959	66.192959	66.292959	4.104712	-0.701724
-159.025604	21.159599	153.190000	-4.530000	-105.065619	57.000000	66.447239	66.447239	66.447239	4.099980	-0.418248
-158.525604	21.659599	153.190000	-4.530000	-88.005646	66.000000	66.503878	66.503878	66.503878	4.098995	-0.340973
-158.025604	22.159599	153.190000	-4.530000	-71.409478	74.000000	66.762662	66.762662	66.762662	4.098490	-0.069834
-157.525604	22.659599	153.190000	-4.530000	-54.474637	79.000000	66.823384	66.823384	66.823384	4.096248	-0.004920
-157.025604	23.159599	153.190000	-4.530000	-38.022119	75.000000	66.985845	66.985845	66.985845	4.092206	0.153639
-156.525604	23.659599	153.190000	-4.530000	-20.899245	71.000000	66.949854	66.949854	66.949854	4.088059	0.105900
-156.025604	24.159599	153.190000	-4.530000	-4.461001	70.000000	67.015227	67.015227	67.015227	4.083525	0.151773
-155.525604	24.659599	153.190000	-4.530000	12.559639	70.000000	67.081786	67.081786	67.081786	4.084510	0.191133
-155.025604	25.159599	153.190000	-4.530000	29.162489	66.000000	67.149360	67.149360	67.249360	4.084045	0.224029
-154.525604	25.659599	153.190000	-4.530000	45.837882	58.000000	67.217785	67.217785	67.217785	4.086313	0.250370
-154.025604	26.159599	153.190000	-4.530000	62.443040	51.000000	67.286901	67.286901	67.286901	4.088324	0.270034
-153.525604	26.659599	153.190000	-4.530000	78.786131	42.000000	67.456555	67.456555	67.556555	4.092536	0.383063
-152.525604	14.659600	153.190000	-4.530000	-5.837913	41.000000	74.295069	74.295069	74.295069	4.085721	-0.256122
-152.025604	15.159600	153.190000	-4.530000	10.498032	50.000000	74.276440	74.276440	74.276440	4.082146	-0.177847
-151.525604	15.659600	153.190000	-4.530000	26.966989	58.000000	74.361340	74.361340	74.361340	4.081617	-0.005960
-151.025604	16.159599	153.190000	-4.530000	43.292559	66.000000	74.249543	74.249543	74.249543	4.078703	-0.040325
-150.525604	16.659599	153.190000	-4.530000	59.425211	65.000000	74.040827	74.040827	74.040827	4.080005	-0.180978
-150.025604	17.159599	153.190000	-4.530000	75.899169	59.000000	74.034982	74.034982	74.034982	4.077556	-0.128183
-149.525604	17.659599	153.190000	-4.530000	91.727387	50.000000	73.731801	73.631801	73.731801	4.085207	-0.381817
-149.025604	18.159599	153.190000	-4.530000	108.483135	40.000000	73.831084	73.831084	73.831084	4.076161	-0.241917
-158.903000	21.298401	153.190000	-4.530000	-100.784550	59.000000	66.444321	66.444321	66.444321	4.096387	-0.404291
-155.636200	22.299900	153.190000	-4.530000	-13.888436	79.000000	68.029039	68.029039	68.129039	4.080528	-0.195846
-150.914993	18.914200	153.190000	-4.530000	67.749569	67.000000	72.213614	72.213614	72.213614	4.071910	-0.561483
-159.525604	21.159599	153.190000	-4.530000	-116.542982	46.000000	66.016933	66.016933	66.016933	4.104614	-0.530061
-159.025604	21.659599	153.190000	-4.530000	-99.650732	56.000000	66.176012	66.176012	66.176012	4.104730	-0.349755
-158.525604	22.159599	153.190000	-4.530000	-82.707800	66.000000	66.437260	66.337260	66.437260	4.098998	-0.075588
-158.025604	22.659599	153.190000	-4.530000	-66.145016	74.000000	66.600469	66.600469	66.600469	4.098848	0.092472
-157.525604	23.159599	153.190000	-4.530000	-49.159418	77.000000	66.665438	66.665438	66.665438	4.094821	0.154147
-157.025604	23.659599	153.190000	-4.530000	-32.694312	73.000000	66.731975	66.631975	66.731975	4.090412	0.209525
-156.525604	24.159599	153.190000	-4.530000	-15.587742	72.000000	66.699893	66.699893	66.699893	4.086883	0.158629
-156.025604	24.659599	153.190000	-4.530000	0.825516	70.000000	66.769014	66.769014	66.869014	4.084798	0.201193
-155.525604	25.159599	153.190000	-4.530000	17.975046	65.000000	66.739165	66.739165	66.739165	4.085644	0.137297
-155.025604	25.659599	153.190000	-4.530000	34.671122	59.000000	66.810181	66.810181	66.810181	4.085488	0.166958
-154.525604	26.159599	153.190000	-4.530000	51.236958	51.000000	66.881901	66.881901	66.881901	4.086742	0.189918
-154.025604	26.659599	153.190000	-4.530000	67.951045	42.000000	66.754171	66.754171	66.754171	4.085375	0.006250
-153.025604	14.659600	153.190000	-4.530000	-18.617797	40.000000	74.040192	74.040192	74.040192	4.085802	-0.299738
-152.525604	15.159600	153.190000	-4.530000	-2.086361	50.000000	74.122018	74.122018	74.122018	4.086888	-0.118573
-152.025604	15.659600	153.190000	-4.530000	14.217707	59.000000	74.007459	74.007459	74.007459	4.081686	-0.143524
-151.525604	16.159599	153.190000	-4.530000	30.813583	65.000000	74.096286	74.096286	74.096286	4.080438	0.025341
-151.025604	16.659599	153.190000	-4.530000	47.020315	72.000000	73.888273	73.888273	73.888273	4.078013	-0.112320
-150.525604	17.159599	153.190000	-4.530000	63.175987	67.000000	73.683205	73.683205	73.683205	4.079330	-0.256271
-150.025604	17.659599	153.190000	-4.530000	79.798397	60.000000	73.680873	73.680873	73.680873	4.075687	-0.206583
-149.525604	18.159599	153.190000	-4.530000	95.510930	49.000000	73.281074	73.281074	73.281074	4.085952	-0.563585
-149.025604	18.659599	153.190000	-4.530000	112.307076	40.000000	73.383612	73.383612	73.383612	4.075883	-0.427056
-158.760193	18.564699	153.190000	-4.530000	-126.245293	59.000000	68.373306	68.373306	68.373306	4.103087	-0.462647
-154.994400	21.507000	153.190000	-4.530000	-7.204145	81.000000	68.769547	68.769547	68.769547	4.071172	-0.317859
-149.000900	16.989000	153.190000	-4.530000	100.231236	37.000000	74.525559	74.525559	74.525559	4.084337	-0.179655
-159.525604	21.659599	153.190000	-4.530000	-111.102253	46.000000	65.843917	65.843917	65.843917	4.106859	-0.358902
-159.025604	22.159599	153.190000	-4.530000	-94.253640	55.000000	66.107705	66.007705	66.107705	4.104569	-0.081573
-158.525604	22.659599	153.190000	-4.530000	-77.312035	65.000000	66.173474	66.173474	66.173474	4.102442	-0.010608
-158.025604	23.159599	153.190000	-4.530000	-60.767255	71.000000	66.341022	66.341022	66.341022	4.098965	0.154245
-157.525604	23.659599	153.190000	-4.530000	-43.736136	73.000000	66.310156	66.310156	66.310156	4.094404	0.112863
-157.025604	24.159599	153.190000	-4.530000	-27.232842	71.000000	66.380686	66.380686	66.380686	4.088890	0.164969
-156.525604	24.659599	153.190000	-4.530000	-10.168900	71.000000	66.352434	66.352434	66.352434	4.086931	0.110796
-156.025604	25.159599	153.190000	-4.530000	6.317831	65.000000	66.525226	66.525226	66.625226	4.086307	0.250223
-155.525604	25.659599	153.190000	-4.530000	23.513231	58.000000	66.298895	66.298895	66.298895	4.084639	-0.017016
-155.025604	26.159599	153.190000	-4.530000	40.271862	51.000000	66.273278	66.273278	66.273278	4.083695	-0.090706
-154.525604	26.659599	153.190000	-4.530000	56.781991	42.000000	66.348221	66.348221	66.448221	4.085098	-0.070964
-153.525604	14.659600	153.190000	-4.530000	-31.105429	40.000000	73.982411	73.982411	73.982411	4.092831	-0.143771
-153.025604	15.159600	153.190000	-4.530000	-14.673574	51.000000	73.964710	73.964710	73.964710	4.088209	-0.059427
-152.525604	15.659600	153.190000	-4.530000	1.606955	61.000000	73.750712	73.750712	73.750712	4.085561	-0.181334
-152.025604	16.159599	153.190000	-4.530000	18.044454	68.000000	73.740182	73.740182	73.740182	4.081301	-0.109451
-151.525604	16.659599	153.190000	-4.530000	34.685632	74.000000	73.732891	73.732891	73.732891	4.079081	-0.043847
-151.025604	17.159599	153.190000	-4.530000	50.874610	73.000000	73.528621	73.528621	73.528621	4.077257	-0.184657
-150.525604	17.659599	153.190000	-4.530000	66.974830	67.000000	73.327158	73.327158	73.327158	4.079343	-0.331851
-150.025604	18.159599	153.190000	-4.530000	83.701444	60.000000	73.328297	73.228297	73.328297	4.073823	-0.285495
-149.525604	18.659599	153.190000	-4.530000	99.334092	49.000000	72.831838	72.831838	72.931838	4.086427	-0.745726
-149.025604	19.159599	153.190000	-4.530000	116.139581	40.000000	72.937588	72.937588	72.937588	4.074877	-0.612517
-158.185394	22.620199	153.190000	-4.530000	-70.091561	73.000000	66.472613	66.472613	66.472613	4.099019	0.042140
-154.983002	19.601000	153.190000	-4.530000	-25.706475	94.000000	69.612730	69.612730	69.612730	4.073246	-0.655711
-159.525604	22.159599	153.190000	-4.530000	-105.645021	44.000000	65.673914	65.673914	65.673914	4.111239	-0.188071
-159.025604	22.659599	153.190000	-4.530000	-88.799938	53.000000	65.842320	65.842320	65.842320	4.108073	-0.013912
-158.525604	23.159599	153.190000	-4.530000	-71.775646	63.000000	65.912522	65.912522	65.912522	4.103549	0.053975
-158.025604	23.659599	153.190000	-4.530000	-55.319677	69.000000	66.084324	66.084324	66.084324	4.096539	0.215653
-157.525604	24.159599	153.190000	-4.530000	-38.226275	71.000000	65.957538	65.957538	65.957538	4.092136	0.071030
-157.025604	24.659599	153.190000	-4.530000	-21.682891	70.000000	66.131981	66.031981	66.131981	4.087798	0.219981
-156.525604	25.159599	153.190000	-4.530000	-4.621494	65.000000	66.007479	66.007479	66.007479	4.087340	0.062560
-156.025604	25.659599	153.190000	-4.530000	12.027216	58.000000	66.183863	66.083863	66.183863	4.088305	0.198674
-155.525604	26.159599	153.190000	-4.530000	29.193366	50.000000	65.760973	65.760973	65.760973	4.081307	-0.271799
-155.025604	26.659599	153.190000	-4.530000	45.930548	41.000000	65.738650	65.638650	65.738650	4.080184	-0.348812
-154.025604	14.659600	153.190000	-4.530000	-43.992129	39.000000	73.521659	73.421659	73.521659	4.092266	-0.387990
-153.525604	15.159600	153.190000	-4.530000	-27.121265	51.000000	73.904453	73.904453	73.904453	4.095328	0.099433
-153.025604	15.659600	153.190000	-4.530000	-10.882808	62.000000	73.591036	73.591036	73.591036	4.086756	-0.119444
-152.525604	16.159599	153.190000	-4.530000	5.482872	70.000000	73.481170	73.481170	73.481170	4.083973	-0.144481
-152.025604	16.659599	153.190000	-4.530000	21.870162	75.000000	73.374623	73.374623	73.374623	4.080171	-0.175707
-151.525604	17.159599	153.190000	-4.530000	38.566123	75.000000	73.271172	73.271172	73.271172	4.078349	-0.213393
-151.025604	17.659599	153.190000	-4.530000	54.830736	74.000000	73.170600	73.170600	73.170600	4.076306	-0.257411
-150.525604	18.159599	153.190000	-4.530000	70.770751	67.000000	72.872699	72.872699	72.872699	4.078363	-0.507792
-150.025604	18.659599	153.190000	-4.530000	87.590515	59.000000	72.877266	72.877266	72.877266	4.073956	-0.464798
-149.525604	19.159599	153.190000	-4.530000	103.295215	49.000000	72.484104	72.384104	72.484104	4.084883	-0.828314
-149.025604	19.659599	153.190000	-4.530000	120.072170	39.000000	72.493023	72.493023	72.493023	4.076921	-0.798372
-158.179504	20.377800	153.190000	-4.530000	-93.613146	74.000000	67.321403	67.321403	67.321403	4.095137	-0.599909
-154.797394	18.803101	153.190000	-4.530000	-28.540140	90.000000	70.287101	70.287101	70.387101	4.078873	-0.582877
-159.525604	22.659599	153.190000	-4.530000	-100.140599	44.000000	65.506927	65.506927	65.506927	4.110648	-0.017621
-159.025604	23.159599	153.190000	-4.530000	-83.270310	54.000000	65.579860	65.579860	65.579860	4.110115	0.053339
-158.525604	23.659599	153.190000	-4.530000	-66.234602	62.000000	65.554406	65.554406	65.554406	4.104369	0.018082
-158.025604	24.159599	153.190000	-4.530000	-49.769021	66.000000	65.730375	65.730375	65.830375	4.094816	0.176644
-157.525604	24.659599	153.190000	-4.530000	-32.670030	71.000000	65.707583	65.707583	65.707583	4.089921	0.128752
-157.025604	25.159599	153.190000	-4.530000	-16.059436	66.000000	65.785856	65.785856	65.785856	4.087770	0.174484
-156.525604	25.659599	153.190000	-4.530000	1.101068	58.000000	65.565024	65.565024	65.565024	4.086275	-0.086132
-156.025604	26.159599	153.190000	-4.530000	17.889674	51.000000	65.544923	65.544923	65.544923	4.084907	-0.153357
-155.525604	26.659599	153.190000	-4.530000	34.908454	41.000000	65.225397	65.225397	65.225397	4.077364	-0.527124
-154.525604	14.659600	153.190000	-4.530000	-56.309926	40.000000	73.557871	73.557871	73.557871	4.100975	-0.132330
-154.025604	15.159600	153.190000	-4.530000	-39.950143	51.000000	73.441180	73.441180	73.441180	4.095190	-0.142070
-153.525604	15.659600	153.190000	-4.530000	-23.266685	62.000000	73.528367	73.528367	73.528367	4.092672	0.042169
-153.025604	16.159599	153.190000	-4.530000	-7.089325	72.000000	73.219189	73.219189	73.219189	4.084919	-0.179684
-152.525604	16.659599	153.190000	-4.530000	9.446933	77.000000	73.113408	73.113408	73.113408	4.081849	-0.207975
-152.025604	17.159599	153.190000	-4.530000	25.801331	77.000000	73.010800	73.010800	73.010800	4.078371	-0.242455
-151.525604	17.659599	153.190000	-4.530000	42.440381	75.000000	72.911143	72.911143	72.911143	4.077329	-0.283201
-151.025604	18.159599	153.190000	-4.530000	58.808079	74.000000	72.714225	72.714225	72.714225	4.074471	-0.430543
-150.525604	18.659599	153.190000	-4.530000	74.674880	67.000000	72.519840	72.419840	72.519840	4.076662	-0.584250
-150.025604	19.159599	153.190000	-4.530000	91.503308	58.000000	72.427790	72.427790	72.427790	4.075870	-0.644400
-149.525604	19.659599	153.190000	-4.530000	107.347828	48.000000	72.037881	72.037881	72.137881	4.085846	-1.011312
-149.025604	20.159599	153.190000	-4.530000	124.181911	39.000000	72.249926	72.249926	72.249926	4.075442	-0.784770
-157.931000	21.646000	153.190000	-4.530000	-74.517207	77.000000	66.984866	66.984866	66.984866	4.095401	-0.243432
-154.691299	17.180099	153.190000	-4.530000	-40.192248	81.000000	71.780331	71.780331	71.780331	4.091750	-0.179684
-159.525604	23.159599	153.190000	-4.530000	-94.541553	44.000000	65.242955	65.242955	65.242955	4.111026	0.052308
-159.025604	23.659599	153.190000	-4.530000	-77.676224	52.000000	65.320324	65.220324	65.320324	4.107214	0.120247
-158.525604	24.159599	153.190000	-4.530000	-60.694809	59.000000	65.199124	65.199124	65.299124	4.103643	-0.018242
-158.025604	24.659599	153.190000	-4.530000	-44.154456	66.000000	65.479172	65.479172	65.479172	4.090894	0.237083
-157.525604	25.159599	153.190000	-4.530000	-26.997536	65.000000	65.260291	65.260291	65.260291	4.089281	-0.013909
-157.025604	25.659599	153.190000	-4.530000	-10.349805	59.000000	65.442311	65.442311	65.442311	4.088907	0.128521
-156.525604	26.159599	153.190000	-4.530000	6.945104	51.000000	65.025067	65.025067	65.025067	4.082905	-0.335404
-156.025604	26.659599	153.190000	-4.530000	23.793733	41.000000	64.908402	64.908402	64.908402	4.078210	-0.505811
-155.025604	14.659600	153.190000	-4.530000	-68.846565	40.000000	73.390976	73.390976	73.390976	4.102650	-0.077081
-154.525604	15.159600	153.190000	-4.530000	-52.280125	51.000000	73.374825	73.374825	73.374825	4.101729	0.016316
-154.025604	15.659600	153.190000	-4.530000	-36.017340	61.000000	73.162640	73.162640	73.162640	4.094208	-0.096451
-153.525604	16.159599	153.190000	-4.530000	-19.432698	71.000000	73.054174	73.054174	73.054174	4.089335	-0.115337
-153.025604	16.659599	153.190000	-4.530000	-3.278032	79.000000	72.849185	72.849185	72.849185	4.082646	-0.240408
-152.525604	17.159599	153.190000	-4.530000	13.394418	78.000000	72.747444	72.747444	72.747444	4.079393	-0.271802
-152.025604	17.659599	153.190000	-4.530000	29.842471	78.000000	72.648727	72.648727	72.648727	4.076365	-0.309482
-151.525604	18.159599	153.190000	-4.530000	46.355897	75.000000	72.452818	72.452818	72.452818	4.074787	-0.453516
-151.025604	18.659599	153.190000	-4.530000	62.834955	73.000000	72.359507	72.359507	72.359507	4.072200	-0.504041
-150.525604	19.159599	153.190000	-4.530000	78.706602	65.000000	72.068594	72.068594	72.168594	4.076598	-0.761023
-150.025604	19.659599	153.190000	-4.530000	95.534161	57.000000	72.079882	72.079882	72.079882	4.075748	-0.724535
-149.525604	20.159599	153.190000	-4.530000	111.586133	48.000000	71.793181	71.793181	71.893181	4.085233	-0.994709
-149.025604	20.659599	153.190000	-4.530000	128.448302	38.000000	72.108307	72.108307	72.108307	4.072768	-0.671519
-157.859100	14.659600	153.190000	-4.530000	-139.950927	38.000000	71.882897	71.882897	71.882897	4.091589	-0.267771
-154.617798	20.088900	153.190000	-4.530000	-12.097830	90.000000	69.502109	69.502109	69.502109	4.068576	-0.664416
-159.525604	23.659599	153.190000	-4.530000	-88.834773	42.000000	64.881999	64.881999	64.881999	4.112025	0.021879
-159.025604	24.159599	153.190000	-4.530000	-72.035813	52.000000	64.963710	64.963710	64.963710	4.105658	0.086617
-158.525604	24.659599	153.190000	-4.530000	-55.063361	59.000000	64.946674	64.946674	64.946674	4.099226	0.045013
-158.025604	25.159599	153.190000	-4.530000	-38.470223	60.000000	65.130714	65.130714	65.130714	4.089160	0.197127
-157.525604	25.659599	153.190000	-4.530000	-21.238817	59.000000	64.915658	64.915658	64.915658	4.088801	-0.057137
-157.025604	26.159599	153.190000	-4.530000	-4.519523	51.000000	65.001341	65.001341	65.001341	4.088278	-0.017901
-156.525604	26.659599	153.190000	-4.530000	12.806756	41.000000	64.487605	64.487605	64.487605	4.078219	-0.585111
-155.525604	14.659600	153.190000	-4.530000	-81.232899	40.000000	73.320902	73.320902	73.320902	4.105020	0.077993
-155.025604	15.159600	153.190000	-4.530000	-64.791817	50.000000	73.205317	73.205317	73.205317	4.104346	0.074425
-154.525604	15.659600	153.190000	-4.530000	-48.293509	61.000000	73.093787	73.093787	73.093787	4.100554	0.064642
-154.025604	16.159599	153.190000	-4.530000	-32.140701	70.000000	72.786059	72.786059	72.786059	4.091684	-0.151214
-153.525604	16.659599	153.190000	-4.530000	-15.455562	79.000000	72.681889	72.681889	72.681889	4.086019	-0.173163
-153.025604	17.159599	153.190000	-4.530000	0.563788	79.000000	72.481043	72.481043	72.481043	4.079493	-0.301482
-152.525604	17.659599	153.190000	-4.530000	17.423408	81.000000	72.383292	72.383292	72.383292	4.076838	-0.336040
-152.025604	18.159599	153.190000	-4.530000	33.981843	79.000000	72.288419	72.288419	72.288419	4.073366	-0.376862
-151.525604	18.659599	153.190000	-4.530000	50.359686	75.000000	72.096210	72.096210	72.096210	4.072115	-0.524215
-151.025604	19.159599	153.190000	-4.530000	66.957776	72.000000	72.006460	72.006460	72.006460	4.069875	-0.577979
-150.525604	19.659599	153.190000	-4.530000	82.918640	65.000000	71.818971	71.718971	71.818971	4.074735	-0.738182
-150.025604	20.159599	153.190000	-4.530000	99.806168	57.000000	71.833550	71.833550	71.833550	4.076064	-0.705085
-149.525604	20.659599	153.190000	-4.530000	115.980135	48.000000	71.650011	71.650011	71.650011	4.083211	-0.878576
-149.025604	21.159599	153.190000	-4.530000	132.812055	38.000000	71.968173	71.968173	71.968173	4.073372	-0.558687
-157.700806	16.348400	153.190000	-4.530000	-121.143558	69.000000	70.924247	70.924247	70.924247	4.103180	-0.076429
-154.495895	18.401699	153.190000	-4.530000	-24.758809	87.000000	70.854669	70.854669	70.854669	4.079153	-0.426097
-159.525604	24.159599	153.190000	-4.530000	-83.037606	42.000000	64.524056	64.524056	64.524056	4.110893	-0.008957
-159.025604	24.659599	153.190000	-4.530000	-66.322062	50.000000	64.710016	64.710016	64.710016	4.100336	0.152553
-158.525604	25.159599	153.190000	-4.530000	-49.317039	53.000000	64.597054	64.597054	64.597054	4.093572	0.007767
-158.025604	25.659599	153.190000	-4.530000	-32.599611	53.000000	64.784997	64.784997	64.784997	4.088847	0.156726
-157.525604	26.159599	153.190000	-4.530000	-15.345561	51.000000	64.473680	64.473680	64.473680	4.086735	-0.200837
-157.025604	26.659599	153.190000	-4.530000	1.411924	41.000000	64.562943	64.562943	64.562943	4.085435	-0.164856
-156.025604	14.659600	153.190000	-4.530000	-94.012354	41.000000	72.847576	72.847576	72.847576	4.098998	-0.167038
-155.525604	15.159600	153.190000	-4.530000	-77.143557	50.000000	73.132585	73.132585	73.132585	4.107555	0.232179
-155.025604	15.659600	153.190000	-4.530000	-60.745358	61.000000	72.921738	72.921738	72.921738	4.103169	0.125468
-154.525604	16.159599	153.190000	-4.530000	-44.434450	72.000000	72.614778	72.614778	72.614778	4.096725	-0.087247
-154.025604	16.659599	153.190000	-4.530000	-28.137328	79.000000	72.411455	72.411455	72.411455	4.088486	-0.206315
-153.525604	17.159599	153.190000	-4.530000	-11.441826	80.000000	72.311532	72.311532	72.311532	4.082509	-0.231476
-153.025604	17.659599	153.190000	-4.530000	4.642971	82.000000	72.114778	72.114778	72.214778	4.075390	-0.362809
-152.525604	18.159599	153.190000	-4.530000	21.585563	82.000000	72.020969	72.020969	72.020969	4.073457	-0.400649
-152.025604	18.659599	153.190000	-4.530000	38.226673	80.000000	71.829889	71.829889	71.829889	4.070483	-0.544753
-151.525604	19.159599	153.190000	-4.530000	54.560343	74.000000	71.741332	71.741332	71.741332	4.069766	-0.595203
-151.025604	19.659599	153.190000	-4.530000	71.179722	70.000000	71.655094	71.655094	71.655094	4.069801	-0.652320
-150.525604	20.159599	153.190000	-4.530000	87.249127	64.000000	71.470982	71.470982	71.470982	4.076525	-0.815879
-150.025604	20.659599	153.190000	-4.530000	104.264173	57.000000	71.588805	71.588805	71.688805	4.077166	-0.685962
-149.525604	21.159599	153.190000	-4.530000	120.474843	47.000000	71.608381	71.608381	71.608381	4.080083	-0.662879
-149.025604	21.659599	153.190000	-4.530000	137.254614	38.000000	72.029533	71.929533	72.029533	4.068084	-0.246419
-157.627594	20.346100	153.190000	-4.530000	-80.875108	82.000000	67.696090	67.696090	67.696090	4.092180	-0.578483
-154.482803	21.001900	153.190000	-4.530000	0.132724	83.000000	69.132100	69.132100	69.132100	4.067506	-0.554453
-159.525604	24.659599	153.190000	-4.530000	-77.210235	39.000000	64.169122	64.169122	64.169122	4.108812	-0.040331
-159.025604	25.159599	153.190000	-4.530000	-60.499857	45.000000	64.359238	64.359238	64.359238	4.097316	0.118114
-158.525604	25.659599	153.190000	-4.530000	-43.335706	47.000000	64.150258	64.150258	64.150258	4.092134	-0.129933
-158.025604	26.159599	153.190000	-4.530000	-26.574830	47.000000	64.342016	64.342016	64.342016	4.087625	0.015757
-157.525604	26.659599	153.190000	-4.530000	-9.300977	40.000000	63.934352	63.934352	63.934352	4.082359	-0.444951
-156.525604	14.659600	153.190000	-4.530000	-106.386213	41.000000	72.770921	72.770921	72.770921	4.101160	-0.012475
-156.025604	15.159600	153.190000	-4.530000	-89.949689	51.000000	72.556554	72.556554	72.556554	4.101222	-0.110161
-155.525604	15.659600	153.190000	-4.530000	-73.043520	61.000000	72.746420	72.746420	72.846420	4.106388	0.186073
-155.025604	16.159599	153.190000	-4.530000	-56.823369	71.000000	72.440259	72.440259	72.440259	4.100093	-0.023722
-154.525604	16.659599	153.190000	-4.530000	-40.405776	81.000000	72.237815	72.237815	72.237815	4.093417	-0.139613
-154.025604	17.159599	153.190000	-4.530000	-24.111279	81.000000	72.038846	72.038846	72.038846	4.085464	-0.261741
-153.525604	17.659599	153.190000	-4.530000	-7.356303	83.000000	71.943118	71.943118	71.943118	4.078853	-0.290059
-153.025604	18.159599	153.190000	-4.530000	8.972217	84.000000	71.750405	71.750405	71.750405	4.071000	-0.424638
-152.525604	18.659599	153.190000	-4.530000	25.884464	83.000000	71.660486	71.660486	71.660486	4.069872	-0.465615
-152.025604	19.159599	153.190000	-4.530000	42.550446	79.000000	71.473151	71.473151	71.573151	4.068150	-0.612951
-151.525604	19.659599	153.190000	-4.530000	58.914283	74.000000	71.388195	71.388195	71.388195	4.068505	-0.666719
-151.025604	20.159599	153.190000	-4.530000	75.564378	71.000000	71.405420	71.405420	71.405420	4.068842	-0.627053
-150.525604	20.659599	153.190000	-4.530000	91.745954	64.000000	71.324635	71.224635	71.324635	4.077968	-0.693920
-150.025604	21.159599	153.190000	-4.530000	108.808696	56.000000	71.545654	71.545654	71.545654	4.076314	-0.467393
-149.525604	21.659599	153.190000	-4.530000	124.994709	47.000000	71.568298	71.568298	71.568298	4.078573	-0.447606
-149.025604	22.159599	153.190000	-4.530000	141.656755	38.000000	71.992393	71.992393	71.992393	4.068872	-0.034531
-157.270004	21.108999	153.190000	-4.530000	-64.403595	85.000000	67.480361	67.480361	67.580361	4.090753	-0.506136
-154.393997	19.262501	153.190000	-4.530000	-14.452181	92.000000	70.216952	70.216952	70.216952	4.070888	-0.580376
-159.525604	25.159599	153.190000	-4.530000	-71.265664	36.000000	63.817193	63.817193	63.817193	4.105600	-0.072094
-159.025604	25.659599	153.190000	-4.530000	-54.520394	39.000000	64.011371	64.011371	64.011371	4.090922	0.083119
-158.525604	26.159599	153.190000	-4.530000	-37.231203	40.000000	63.706282	63.706282	63.706282	4.088592	-0.268082
-158.025604	26.659599	153.190000	-4.530000	-20.422278	38.000000	63.801766	63.801766	63.801766	4.084236	-0.225640
-157.025604	14.659600	153.190000	-4.530000	-119.142847	42.000000	72.290858	72.290858	72.290858	4.097018	-0.258076
-156.525604	15.159600	153.190000	-4.530000	-102.243389	50.000000	72.477148	72.477148	72.477148	4.103217	0.047231
-156.025604	15.659600	153.190000	-4.530000	-85.758107	62.000000	72.367761	72.367761	72.367761	4.103241	0.046405
-155.525604	16.159599	153.190000	-4.530000	-68.999218	72.000000	72.362430	72.262430	72.362430	4.104020	0.139591
-155.025604	16.659599	153.190000	-4.530000	-52.875532	80.000000	71.960898	71.960898	71.960898	4.097643	-0.173224
-154.525604	17.159599	153.190000	-4.530000	-36.200976	83.000000	71.862917	71.862917	71.862917	4.090372	-0.192322
-154.025604	17.659599	153.190000	-4.530000	-20.047928	85.000000	71.668249	71.668249	71.668249	4.081468	-0.317571
-153.525604	18.159599	153.190000	-4.530000	-3.059789	85.000000	71.576663	71.576663	71.576663	4.074077	-0.348987
-153.025604	18.659599	153.190000	-4.530000	13.478802	86.000000	71.387938	71.387938	71.387938	4.066971	-0.486842
-152.525604	19.159599	153.190000	-4.530000	30.304968	84.000000	71.301858	71.301858	71.301858	4.068119	-0.531016
-152.025604	19.659599	153.190000	-4.530000	46.973759	77.000000	71.218215	71.218215	71.218215	4.066644	-0.581528
-151.525604	20.159599	153.190000	-4.530000	63.424713	74.000000	71.136810	71.136810	71.136810	4.068295	-0.638643
-151.025604	20.659599	153.190000	-4.530000	80.152371	70.000000	71.157447	71.157447	71.157447	4.070423	-0.602250
-150.525604	21.159599	153.190000	-4.530000	96.278924	63.000000	71.079940	71.079940	71.179940	4.080798	-0.672372
-150.025604	21.659599	153.190000	-4.530000	113.378392	56.000000	71.404106	71.404106	71.504106	4.078457	-0.349265
-149.525604	22.159599	153.190000	-4.530000	129.488336	47.000000	71.529769	71.529769	71.629769	4.078287	-0.232829
-149.025604	22.659599	153.190000	-4.530000	146.004076	38.000000	71.956759	71.856759	71.956759	4.069465	0.176912
-157.227295	18.984800	153.190000	-4.530000	-85.307380	85.000000	68.828420	68.828420	68.928420	4.099668	-0.593413
-154.251801	21.168699	153.190000	-4.530000	7.056150	83.000000	69.235171	69.235171	69.235171	4.065804	-0.482211
-159.525604	25.659599	153.190000	-4.530000	-65.177960	32.000000	63.368263	63.368263	63.368263	4.101853	-0.204289
-159.025604	26.159599	153.190000	-4.530000	-48.398801	34.000000	63.566408	63.566408	63.566408	4.088359	-0.052334
-158.525604	26.659599	153.190000	-4.530000	-31.045830	33.000000	63.165118	63.165118	63.165118	4.085009	-0.506755
-157.525604	14.659600	153.190000	-4.530000	-131.480425	42.000000	72.207306	72.207306	72.207306	4.095762	-0.103767
-157.025604	15.159600	153.190000	-4.530000	-114.842128	51.000000	72.094288	72.094288	72.094288	4.101790	-0.095725
-156.525604	15.659600	153.190000	-4.530000	-98.036581	60.000000	72.185682	72.185682	72.185682	4.104651	0.106480
-156.025604	16.159599	153.190000	-4.530000	-81.575554	69.000000	71.981218	71.981218	71.981218	4.102993	0.002765
-155.525604	16.659599	153.190000	-4.530000	-64.957048	79.000000	71.780632	71.780632	71.780632	4.100739	-0.107221
-155.025604	17.159599	153.190000	-4.530000	-48.732277	84.000000	71.583674	71.583674	71.583674	4.094900	-0.223206
-154.525604	17.659599	153.190000	-4.530000	-32.028428	87.000000	71.490101	71.490101	71.490101	4.086333	-0.245276
-154.025604	18.159599	153.190000	-4.530000	-15.711120	87.000000	71.299679	71.199679	71.299679	4.076424	-0.373764
-153.525604	18.659599	153.190000	-4.530000	1.410898	87.000000	71.112181	71.112181	71.112181	4.069845	-0.508420
-153.025604	19.159599	153.190000	-4.530000	18.072560	85.000000	71.027390	71.027390	71.027390	4.064415	-0.549328
-152.525604	19.659599	153.190000	-4.530000	34.908002	82.000000	70.945095	70.945095	70.945095	4.066329	-0.596812
-152.025604	20.159599	153.190000	-4.530000	51.511587	75.000000	70.865093	70.865093	70.865093	4.065853	-0.650636
-151.525604	20.659599	153.190000	-4.530000	67.973959	71.000000	70.887186	70.887186	70.887186	4.069434	-0.610887
-151.025604	21.159599	153.190000	-4.530000	84.776287	70.000000	70.911185	70.911185	71.011185	4.073113	-0.577875
-150.525604	21.659599	153.190000	-4.530000	100.846288	63.000000	71.036904	70.936904	71.036904	4.081351	-0.451382
-150.025604	22.159599	153.190000	-4.530000	117.876331	56.000000	71.364167	71.264167	71.464167	4.078654	-0.131494
-149.525604	22.659599	153.190000	-4.530000	133.895781	47.000000	71.492801	71.492801	71.492801	4.077783	-0.018511
-149.025604	23.159599	153.190000	-4.530000	150.276043	38.000000	71.822637	71.822637	71.822637	4.073668	0.287770
-156.964600	24.312099	153.190000	-4.530000	-24.163910	72.000000	66.340060	66.340060	66.340060	4.087758	0.177322
-154.030502	17.988400	153.190000	-4.530000	-17.354664	85.000000	71.392385	71.392385	71.492385	4.078782	-0.385266
-159.525604	26.159599	153.190000	-4.530000	-58.990136	28.000000	62.922323	62.922323	62.922323	4.097685	-0.337039
-159.025604	26.659599	153.190000	-4.530000	-42.119419	28.000000	63.024342	63.024342	63.024342	4.086237	-0.288196
-158.025604	14.659600	153.190000	-4.530000	-144.284857	38.000000	71.620181	71.620181	71.620181	4.087752	-0.449860
-157.525604	15.159600	153.190000	-4.530000	-127.230874	51.000000	71.907892	71.907892	71.907892	4.098597	-0.038758
-157.025604	15.659600	153.190000	-4.530000	-110.584626	61.000000	71.800105	71.800105	71.800105	4.104187	-0.033656
-156.525604	16.159599	153.190000	-4.530000	-93.720238	70.000000	71.796545	71.796545	71.796545	4.103954	0.065504
-156.025604	16.659599	153.190000	-4.530000	-77.380631	77.000000	71.496944	71.496944	71.496944	4.101775	-0.141347
-155.525604	17.159599	153.190000	-4.530000	-60.740729	83.000000	71.401047	71.401047	71.401047	4.098133	-0.154349
-155.025604	17.659599	153.190000	-4.530000	-44.529901	87.000000	71.208606	71.208606	71.208606	4.092063	-0.273451
-154.525604	18.159599	153.190000	-4.530000	-27.685716	90.000000	71.019384	71.019384	71.019384	4.081508	-0.398724
-154.025604	18.659599	153.190000	-4.530000	-11.167044	88.000000	70.833151	70.833151	70.933151	4.071346	-0.530306
-153.525604	19.159599	153.190000	-4.530000	5.953781	88.000000	70.749686	70.749686	70.749686	4.067459	-0.568152
-153.025604	19.659599	153.190000	-4.530000	22.703446	86.000000	70.668774	70.668774	70.668774	4.063440	-0.612335
-152.525604	20.159599	153.190000	-4.530000	39.586710	81.000000	70.590210	70.590210	70.590210	4.066370	-0.662991
-152.025604	20.659599	153.190000	-4.530000	56.161490	76.000000	70.613794	70.613794	70.613794	4.066454	-0.620080
-151.525604	21.159599	153.190000	-4.530000	72.521219	69.000000	70.639333	70.639333	70.639333	4.071714	-0.583678
-151.025604	21.659599	153.190000	-4.530000	89.371931	69.000000	70.766640	70.766640	70.866640	4.076049	-0.453917
-150.525604	22.159599	153.190000	-4.530000	105.368902	63.000000	70.895536	70.895536	70.895536	4.083655	-0.330764
-150.025604	22.659599	153.190000	-4.530000	122.231216	56.000000	71.225845	71.225845	71.325845	4.080954	-0.014297
-149.525604	23.159599	153.190000	-4.530000	138.196678	47.000000	71.357398	71.357398	71.357398	4.079879	0.095355
-149.025604	23.659599	153.190000	-4.530000	154.505777	38.000000	71.690033	71.590033	71.690033	4.076181	0.398220
-156.932007	19.832701	153.190000	-4.530000	-69.927956	85.000000	68.475416	68.475416	68.475416	4.092722	-0.548513
-153.992294	18.797600	153.190000	-4.530000	-9.045400	87.000000	70.789217	70.789217	70.789217	4.069673	-0.506418
-159.525604	26.659599	153.190000	-4.530000	-52.724505	23.000000	62.479367	62.479367	62.479367	4.093499	-0.470210
-158.525604	14.659600	153.190000	-4.530000	-156.305269	34.000000	71.829396	71.829396	71.829396	4.095184	0.003893
-158.025604	15.159600	153.190000	-4.530000	-140.018359	47.000000	71.317876	71.317876	71.317876	4.091944	-0.382051
-157.525604	15.659600	153.190000	-4.530000	-122.888100	61.000000	71.610948	71.610948	71.610948	4.102366	0.025949
-157.025604	16.159599	153.190000	-4.530000	-106.265789	69.000000	71.408333	71.408333	71.408333	4.104211	-0.071957
-156.525604	16.659599	153.190000	-4.530000	-89.480231	76.000000	71.309757	71.309757	71.309757	4.102663	-0.075774
-156.025604	17.159599	153.190000	-4.530000	-73.090761	83.000000	71.114960	71.114960	71.114960	4.101066	-0.185792
-155.525604	17.659599	153.190000	-4.530000	-56.421355	87.000000	70.923692	70.923692	70.923692	4.095944	-0.301875
-155.025604	18.159599	153.190000	-4.530000	-40.247488	92.000000	70.735709	70.635709	70.735709	4.087360	-0.424031
-154.525604	18.659599	153.190000	-4.530000	-23.111169	91.000000	70.650780	70.650780	70.650780	4.077543	-0.452539
-154.025604	19.159599	153.190000	-4.530000	-6.611485	91.000000	70.468679	70.468679	70.468679	4.068086	-0.587276
-153.525604	19.659599	153.190000	-4.530000	10.574819	87.000000	70.389189	70.389189	70.389189	4.065397	-0.628254
-153.025604	20.159599	153.190000	-4.530000	27.342239	83.000000	70.312100	70.312100	70.312100	4.062861	-0.675742
-152.525604	20.659599	153.190000	-4.530000	44.219141	78.000000	70.337211	70.237211	70.337211	4.067315	-0.629628
-152.025604	21.159599	153.190000	-4.530000	60.812062	73.000000	70.364327	70.364327	70.364327	4.067914	-0.589927
-151.525604	21.659599	153.190000	-4.530000	77.011894	69.000000	70.493258	70.493258	70.493258	4.074626	-0.456901
-151.025604	22.159599	153.190000	-4.530000	93.894822	68.000000	70.723821	70.623821	70.723821	4.078357	-0.230448
-150.525604	22.659599	153.190000	-4.530000	109.871165	63.000000	70.855840	70.755840	70.855840	4.083633	-0.110584
-150.025604	23.159599	153.190000	-4.530000	126.541475	56.000000	71.089144	71.089144	71.189144	4.082417	0.102434
-149.525604	23.659599	153.190000	-4.530000	142.473897	47.000000	71.223568	71.223568	71.223568	4.080950	0.208702
-149.025604	24.159599	153.190000	-4.530000	158.720579	38.000000	71.358949	71.358949	71.358949	4.084927	0.308198
-156.808197	18.404200	153.190000	-4.530000	-81.031822	81.000000	69.568974	69.568974	69.568974	4.099434	-0.478293
-153.982697	21.519699	153.190000	-4.530000	16.992197	79.000000	69.248734	69.248734	69.348734	4.066775	-0.413678
-159.025604	14.659600	153.190000	-4.530000	-169.223733	29.000000	71.134861	71.134861	71.134861	4.089095	-0.442428
-158.525604	15.159600	153.190000	-4.530000	-151.953059	41.000000	71.524153	71.524153	71.524153	4.096348	0.074315
-158.025604	15.659600	153.190000	-4.530000	-135.603362	55.000000	71.118128	71.118128	71.118128	4.098196	-0.214693
-157.525604	16.159599	153.190000	-4.530000	-118.540190	68.000000	71.216500	71.216500	71.216500	4.103006	-0.009540
-157.025604	16.659599	153.190000	-4.530000	-101.870359	77.000000	71.018992	71.018992	71.018992	4.104198	-0.110579
-156.525604	17.159599	153.190000	-4.530000	-85.194389	78.000000	70.825338	70.825338	70.825338	4.101759	-0.217527
-156.025604	17.659599	153.190000	-4.530000	-68.788826	87.000000	70.635284	70.635284	70.635284	4.099220	-0.330473
-155.525604	18.159599	153.190000	-4.530000	-52.136597	91.000000	70.448583	70.448583	70.548583	4.092606	-0.449755
-155.025604	18.659599	153.190000	-4.530000	-35.662601	93.000000	70.264998	70.264998	70.364998	4.082528	-0.575110
-154.525604	19.159599	153.190000	-4.530000	-18.507956	93.000000	70.184302	70.184302	70.184302	4.073458	-0.606628
-154.025604	19.659599	153.190000	-4.530000	-2.056187	90.000000	70.106274	70.106274	70.106274	4.065736	-0.644633
-153.525604	20.159599	153.190000	-4.530000	15.318706	86.000000	70.030701	70.030701	70.130701	4.064888	-0.688880
-153.025604	20.659599	153.190000	-4.530000	32.007318	80.000000	70.057379	70.057379	70.057379	4.063291	-0.639460
-152.525604	21.159599	153.190000	-4.530000	48.734593	75.000000	70.086109	70.086109	70.086109	4.069363	-0.596684
-152.025604	21.659599	153.190000	-4.530000	65.385749	71.000000	70.216700	70.216700	70.216700	4.070087	-0.460326
-151.525604	22.159599	153.190000	-4.530000	81.491865	69.000000	70.348968	70.348968	70.348968	4.077246	-0.330475
-151.025604	22.659599	153.190000	-4.530000	98.337081	68.000000	70.582734	70.582734	70.582734	4.081186	-0.107431
-150.525604	23.159599	153.190000	-4.530000	114.294878	63.000000	70.717824	70.717824	70.717824	4.084585	0.009016
-150.025604	23.659599	153.190000	-4.530000	130.866957	56.000000	70.954071	70.954071	71.054071	4.082860	0.218778
-149.525604	24.159599	153.190000	-4.530000	146.742941	47.000000	70.991313	70.991313	70.991313	4.083064	0.221563
-149.025604	24.659599	153.190000	-4.530000	162.963563	38.000000	71.129392	71.129392	71.129392	4.086790	0.317569
-156.755997	21.136000	153.190000	-4.530000	-52.301637	86.000000	67.867495	67.867495	67.867495	4.087558	-0.411212
-153.967499	14.731300	153.190000	-4.530000	-41.916803	40.000000	73.557179	73.457179	73.557179	4.092594	-0.330848
-159.525604	14.659600	153.190000	-4.530000	-181.156987	23.000000	71.436483	71.436483	71.436483	4.097302	0.110854
-159.025604	15.159600	153.190000	-4.530000	-164.801364	35.000000	70.826633	70.826633	70.826633	4.092937	-0.369379
-158.525604	15.659600	153.190000	-4.530000	-147.553973	48.000000	71.121556	71.121556	71.121556	4.097386	0.044463
-158.025604	16.159599	153.190000	-4.530000	-131.163553	63.000000	70.720962	70.720962	70.820962	4.101659	-0.247551
-157.525604	16.659599	153.190000	-4.530000	-114.120271	77.000000	70.724567	70.724567	70.724567	4.103408	-0.145494
-157.025604	17.159599	153.190000	-4.530000	-97.514925	78.000000	70.532101	70.532101	70.532101	4.103643	-0.249508
-156.525604	17.659599	153.190000	-4.530000	-80.755342	82.000000	70.443306	70.443306	70.443306	4.100854	-0.259533
-156.025604	18.159599	153.190000	-4.530000	-64.504750	87.000000	70.157931	70.157931	70.257931	4.096828	-0.475643
-155.525604	18.659599	153.190000	-4.530000	-47.618335	92.000000	70.075735	70.075735	70.075735	4.088427	-0.497976
-155.025604	19.159599	153.190000	-4.530000	-30.939598	97.000000	69.896487	69.896487	69.896487	4.077094	-0.626480
-154.525604	19.659599	153.190000	-4.530000	-13.941248	93.000000	69.819963	69.819963	69.819963	4.070582	-0.661231
-154.025604	20.159599	153.190000	-4.530000	2.629884	88.000000	69.845948	69.845948	69.845948	4.064012	-0.602364
-153.525604	20.659599	153.190000	-4.530000	20.114463	83.000000	69.774233	69.774233	69.774233	4.065365	-0.649834
-153.025604	21.159599	153.190000	-4.530000	36.688758	76.000000	69.904618	69.804618	69.904618	4.065378	-0.503719
-152.525604	21.659599	153.190000	-4.530000	53.205490	73.000000	69.936911	69.936911	69.936911	4.071173	-0.464150
-152.025604	22.159599	153.190000	-4.530000	69.947516	70.000000	70.170922	70.070922	70.170922	4.072101	-0.231089
-151.525604	22.659599	153.190000	-4.530000	85.984220	68.000000	70.306472	70.306472	70.306472	4.079584	-0.104615
-151.025604	23.159599	153.190000	-4.530000	102.742432	68.000000	70.543385	70.443385	70.543385	4.081236	0.115142
-150.525604	23.659599	153.190000	-4.530000	118.736696	63.000000	70.581492	70.581492	70.581492	4.084685	0.128216
-150.025604	24.159599	153.190000	-4.530000	135.271216	56.000000	70.820629	70.820629	70.820629	4.082686	0.334526
-149.525604	24.659599	153.190000	-4.530000	151.109383	47.000000	70.860637	70.860637	70.860637	4.081364	0.333946
-149.025604	25.159599	153.190000	-4.530000	167.293342	35.000000	71.001363	70.901363	71.001363	4.086315	0.426502
-156.658005	20.891001	153.190000	-4.530000	-52.404426	87.000000	67.985333	67.985333	67.985333	4.085158	-0.509231
-153.902405	19.979099	153.190000	-4.530000	4.129285	88.000000	69.993660	69.993660	69.993660	4.064917	-0.630298
-159.525604	15.159600	153.190000	-4.530000	-176.692073	29.000000	71.025224	71.025224	71.025224	4.095677	0.086673
-159.025604	15.659600	153.190000	-4.530000	-160.368029	41.000000	70.521144	70.521144	70.521144	4.096149	-0.296624
-158.525604	16.159599	153.190000	-4.530000	-143.071605	55.000000	70.621632	70.621632	70.621632	4.099224	-0.085751
-158.025604	16.659599	153.190000	-4.530000	-126.637361	70.000000	70.426398	70.426398	70.426398	4.102988	-0.180702
-157.525604	17.159599	153.190000	-4.530000	-109.700256	78.000000	70.235169	70.235169	70.235169	4.103997	-0.281774
-157.025604	17.659599	153.190000	-4.530000	-93.042949	80.000000	70.147680	70.147680	70.147680	4.103027	-0.288829
-156.525604	18.159599	153.190000	-4.530000	-76.309744	85.000000	69.963678	69.963678	69.963678	4.098677	-0.401866
-156.025604	18.659599	153.190000	-4.530000	-60.024728	87.000000	69.782917	69.782917	69.782917	4.093417	-0.521170
-155.525604	19.159599	153.190000	-4.530000	-42.814830	93.000000	69.705163	69.605163	69.705163	4.083119	-0.546618
-155.025604	19.659599	153.190000	-4.530000	-26.186092	96.000000	69.630188	69.530188	69.630188	4.073569	-0.578210
-154.525604	20.159599	153.190000	-4.530000	-9.188744	89.000000	69.557774	69.557774	69.557774	4.068718	-0.616224
-154.025604	20.659599	153.190000	-4.530000	7.431721	85.000000	69.587710	69.587710	69.587710	4.063682	-0.560547
-153.525604	21.159599	153.190000	-4.530000	24.849621	79.000000	69.619794	69.519794	69.619794	4.067029	-0.511184
-153.025604	21.659599	153.190000	-4.530000	41.389399	76.000000	69.753828	69.753828	69.753828	4.067360	-0.368402
-152.525604	22.159599	153.190000	-4.530000	57.695254	72.000000	69.889624	69.889624	69.889624	4.073831	-0.232098
-152.025604	22.659599	153.190000	-4.530000	74.521214	70.000000	70.026998	70.026998	70.126998	4.075265	-0.102283
-151.525604	23.159599	153.190000	-4.530000	90.564222	68.000000	70.165773	70.165773	70.165773	4.081813	0.020786
-151.025604	23.659599	153.190000	-4.530000	107.235108	68.000000	70.405778	70.405778	70.405778	4.082464	0.237202
-150.525604	24.159599	153.190000	-4.530000	123.245869	63.000000	70.446848	70.446848	70.446848	4.083548	0.246951
-150.025604	24.659599	153.190000	-4.530000	139.743874	56.000000	70.588821	70.588821	70.588821	4.083009	0.349783
-149.525604	25.159599	153.190000	-4.530000	155.534787	43.000000	70.731544	70.731544	70.731544	4.081213	0.445784
-149.025604	25.659599	153.190000	-4.530000	171.749580	31.000000	70.874865	70.774865	70.874865	4.085634	0.534938
-156.510101	19.477699	153.190000	-4.530000	-63.347612	88.000000	68.853546	68.853546	68.853546	4.090177	-0.645145
-153.868195	17.315399	153.190000	-4.530000	-18.862058	82.000000	72.015761	72.015761	72.015761	4.083387	-0.263622
-159.525604	15.659600	153.190000	-4.530000	-172.224868	34.000000	70.416800	70.416800	70.516800	4.095037	-0.137952
-159.025604	16.159599	153.190000	-4.530000	-155.772014	46.000000	70.218421	70.218421	70.218421	4.099256	-0.224057
-158.525604	16.659599	153.190000	-4.530000	-138.580719	60.000000	70.124400	70.124400	70.124400	4.102357	-0.216278
-158.025604	17.159599	153.190000	-4.530000	-121.998815	72.000000	70.034458	70.034458	70.034458	4.104219	-0.214321
-157.525604	17.659599	153.190000	-4.530000	-105.230716	80.000000	69.848326	69.848326	69.848326	4.103693	-0.318280
-157.025604	18.159599	153.190000	-4.530000	-88.444988	81.000000	69.665746	69.665746	69.665746	4.101914	-0.428494
-156.525604	18.659599	153.190000	-4.530000	-71.720490	86.000000	69.486469	69.486469	69.586469	4.096461	-0.544690
-156.025604	19.159599	153.190000	-4.530000	-55.235104	91.000000	69.410256	69.310256	69.410256	4.087951	-0.566963
-155.525604	19.659599	153.190000	-4.530000	-37.969346	96.000000	69.336878	69.336878	69.336878	4.078910	-0.595637
-155.025604	20.159599	153.190000	-4.530000	-21.394384	93.000000	69.266112	69.266112	69.366112	4.071142	-0.630458
-154.525604	20.659599	153.190000	-4.530000	-4.263776	89.000000	69.297745	69.297745	69.297745	4.067873	-0.571522
-154.025604	21.159599	153.190000	-4.530000	12.331584	82.000000	69.331572	69.331572	69.431572	4.064722	-0.519140
-153.525604	21.659599	153.190000	-4.530000	29.558166	78.000000	69.467392	69.467392	69.467392	4.069421	-0.373077
-153.025604	22.159599	153.190000	-4.530000	46.114502	73.000000	69.605015	69.605015	69.605015	4.069684	-0.233427
-152.525604	22.659599	153.190000	-4.530000	62.317192	71.000000	69.844255	69.844255	69.844255	4.075923	-0.000490
-152.025604	23.159599	153.190000	-4.530000	79.115216	68.000000	69.984933	69.984933	69.984933	4.077053	0.125953
-151.525604	23.659599	153.190000	-4.530000	95.240958	69.000000	70.126877	70.126877	70.126877	4.082365	0.245807
-151.025604	24.159599	153.190000	-4.530000	111.860826	69.000000	70.169918	70.169918	70.269918	4.083767	0.258783
-150.525604	24.659599	153.190000	-4.530000	127.816822	64.000000	70.313896	70.313896	70.313896	4.082584	0.365086
-150.025604	25.159599	153.190000	-4.530000	144.324843	51.000000	70.358652	70.358652	70.358652	4.082873	0.364622
-149.525604	25.659599	153.190000	-4.530000	160.120880	38.000000	70.604036	70.604036	70.604036	4.082995	0.557111
-149.025604	26.159599	153.190000	-4.530000	176.277456	27.000000	70.649900	70.649900	70.649900	4.086271	0.542744
-156.465103	18.775000	153.190000	-4.530000	-69.168461	84.000000	69.477620	69.477620	69.477620	4.094837	-0.510047
-153.700806	17.297501	153.190000	-4.530000	-14.701126	83.000000	72.194210	72.094210	72.194210	4.083346	-0.178005
-159.525604	16.159599	153.190000	-4.530000	-167.665534	38.000000	69.911236	69.911236	69.911236	4.097304	-0.262784
-159.025604	16.659599	153.190000	-4.530000	-151.120748	50.000000	69.918482	69.918482	69.918482	4.100175	-0.151948
-158.525604	17.159599	153.190000	-4.530000	-134.001713	62.000000	69.629881	69.629881	69.729881	4.105123	-0.347104
-158.025604	17.659599	153.190000	-4.530000	-117.379231	71.000000	69.545159	69.545159	69.545159	4.105231	-0.348184
-157.525604	18.159599	153.190000	-4.530000	-100.498034	80.000000	69.364054	69.364054	69.364054	4.102708	-0.455268
-157.025604	18.659599	153.190000	-4.530000	-83.826446	83.000000	69.286313	69.186313	69.286313	4.100154	-0.468491
-156.525604	19.159599	153.190000	-4.530000	-66.871870	91.000000	69.111693	69.111693	69.111693	4.092998	-0.587796
-156.025604	19.659599	153.190000	-4.530000	-50.295337	95.000000	69.039961	69.039961	69.039961	4.084170	-0.613261
-155.525604	20.159599	153.190000	-4.530000	-33.023765	97.000000	68.970893	68.970893	68.970893	4.076221	-0.645022
-155.025604	20.659599	153.190000	-4.530000	-16.494241	90.000000	69.004271	69.004271	69.104271	4.069731	-0.583025
-154.525604	21.159599	153.190000	-4.530000	0.693548	84.000000	69.139886	69.139886	69.139886	4.068204	-0.427352
-154.025604	21.659599	153.190000	-4.530000	17.284931	80.000000	69.277539	69.177539	69.277539	4.066149	-0.278134
-153.525604	22.159599	153.190000	-4.530000	34.276653	76.000000	69.317034	69.317034	69.417034	4.072107	-0.235327
-153.025604	22.659599	153.190000	-4.530000	50.891625	73.000000	69.558185	69.558185	69.558185	4.072316	0.000988
-152.525604	23.159599	153.190000	-4.530000	67.063520	69.000000	69.700810	69.700810	69.700810	4.078490	0.130682
-152.025604	23.659599	153.190000	-4.530000	83.810678	69.000000	69.844734	69.844734	69.844734	4.079468	0.253793
-151.525604	24.159599	153.190000	-4.530000	99.944820	69.000000	69.889788	69.889788	69.889788	4.083650	0.270240
-151.025604	24.659599	153.190000	-4.530000	116.554190	69.000000	69.935809	69.935809	70.035809	4.083650	0.279894
-150.525604	25.159599	153.190000	-4.530000	132.458898	59.000000	70.182639	70.182639	70.182639	4.083000	0.482790
-150.025604	25.659599	153.190000	-4.530000	148.931375	45.000000	70.030124	70.030124	70.130124	4.080683	0.278845
-149.525604	26.159599	153.190000	-4.530000	164.725656	33.000000	70.378116	70.378116	70.378116	4.085402	0.567933
-149.025604	26.659599	153.190000	-4.530000	180.877836	22.000000	70.326470	70.326470	70.326470	4.087417	0.450083
