-156.387695	17.614901	153.190000	-4.530000	-77.254142	78.000000	71.048495	71.048495	71.048495	4.087660	0.242618
-153.503204	19.495199	153.190000	-4.530000	9.776403	87.000000	71.181348	71.181348	71.181348	4.088212	0.053622
-159.525604	16.659599	153.190000	-4.530000	-162.641732	41.000000	70.208553	70.208553	70.208553	4.089577	0.412099
-159.025604	17.159599	153.190000	-4.530000	-146.041911	50.000000	70.221350	70.121350	70.221350	4.089177	0.519846
-158.525604	17.659599	153.190000	-4.530000	-128.916081	62.000000	69.838094	69.838094	69.838094	4.093695	0.221686
-158.025604	18.159599	153.190000	-4.530000	-112.444705	75.000000	69.758519	69.758519	69.858519	4.085046	0.217634
-157.525604	18.659599	153.190000	-4.530000	-95.291291	81.000000	69.582368	69.582368	69.582368	4.082683	0.107397
-157.025604	19.159599	153.190000	-4.530000	-78.650468	87.000000	69.409395	69.409395	69.509395	4.081049	-0.008903
-156.525604	19.659599	153.190000	-4.530000	-61.801811	89.000000	69.339363	69.339363	69.339363	4.083037	-0.031255
-156.025604	20.159599	153.190000	-4.530000	-44.599387	93.000000	69.372043	69.372043	69.372043	4.085131	0.040058
-155.525604	20.659599	153.190000	-4.530000	-27.956098	91.000000	69.407216	69.407216	69.407216	4.091922	0.105149
-155.025604	21.159599	153.190000	-4.530000	-11.208438	88.000000	69.444672	69.444672	69.444672	4.097314	0.164021
-154.525604	21.659599	153.190000	-4.530000	4.916974	82.000000	69.584205	69.584205	69.584205	4.104761	0.316403
-154.025604	22.159599	153.190000	-4.530000	21.557630	77.000000	69.725620	69.725620	69.725620	4.108310	0.462397
-153.525604	22.659599	153.190000	-4.530000	37.820071	74.000000	69.868727	69.768727	69.868727	4.104557	0.602001
-153.025604	23.159599	153.190000	-4.530000	54.306856	69.000000	69.813344	69.813344	69.913344	4.102057	0.534954
-152.525604	23.659599	153.190000	-4.530000	70.564414	69.000000	69.859293	69.859293	69.859293	4.095352	0.561348
-152.025604	24.159599	153.190000	-4.530000	86.894149	69.000000	69.906403	69.906403	69.906403	4.090830	0.581178
-151.525604	24.659599	153.190000	-4.530000	103.201735	69.000000	69.854510	69.854510	69.954510	4.086980	0.494189
-151.025604	25.159599	153.190000	-4.530000	119.424087	64.000000	70.003454	69.903454	70.003454	4.087401	0.600467
-150.525604	25.659599	153.190000	-4.530000	135.756307	52.000000	69.953080	69.953080	69.953080	4.085711	0.500003
-150.025604	26.159599	153.190000	-4.530000	152.046432	39.000000	69.903238	69.903238	69.903238	4.083823	0.392549
-149.525604	26.659599	153.190000	-4.530000	168.539999	27.000000	69.553783	69.553783	69.553783	4.073268	-0.021815
-156.206604	16.162001	153.190000	-4.530000	-85.090176	68.000000	72.311954	72.311954	72.311954	4.094288	0.424319
-153.295898	18.800900	153.190000	-4.530000	8.872582	84.000000	71.734422	71.734422	71.734422	4.087189	0.081867
-159.525604	17.159599	153.190000	-4.530000	-158.099714	41.000000	69.808774	69.808774	69.908774	4.089571	0.386522
-159.025604	17.659599	153.190000	-4.530000	-141.312074	52.000000	69.727044	69.727044	69.727044	4.088875	0.391420
-158.525604	18.159599	153.190000	-4.530000	-124.309667	64.000000	69.449057	69.449057	69.449057	4.089432	0.190141
-158.025604	18.659599	153.190000	-4.530000	-107.577532	74.000000	69.374554	69.274554	69.374554	4.080129	0.182970
-157.525604	19.159599	153.190000	-4.530000	-90.574306	85.000000	69.203284	69.203284	69.203284	4.080796	0.069803
-157.025604	19.659599	153.190000	-4.530000	-73.661620	88.000000	69.035006	69.035006	69.135006	4.080832	-0.049682
-156.525604	20.159599	153.190000	-4.530000	-56.780965	90.000000	69.069489	69.069489	69.069489	4.084427	0.024779
-156.025604	20.659599	153.190000	-4.530000	-39.648253	92.000000	69.006512	69.006512	69.106512	4.088464	-0.006919
-155.525604	21.159599	153.190000	-4.530000	-23.134186	88.000000	69.145858	69.145858	69.145858	4.096487	0.154918
-155.025604	21.659599	153.190000	-4.530000	-6.447569	83.000000	69.287324	69.287324	69.287324	4.103767	0.310532
-154.525604	22.159599	153.190000	-4.530000	9.603232	77.000000	69.430708	69.430708	69.430708	4.109870	0.459823
-154.025604	22.659599	153.190000	-4.530000	26.256898	75.000000	69.475821	69.475821	69.475821	4.110253	0.502492
-153.525604	23.159599	153.190000	-4.530000	42.545159	72.000000	69.522477	69.522477	69.522477	4.104938	0.538766
-153.025604	23.659599	153.190000	-4.530000	58.984615	69.000000	69.570496	69.570496	69.570496	4.100111	0.568546
-152.525604	24.159599	153.190000	-4.530000	75.283362	69.000000	69.519708	69.519708	69.619708	4.093086	0.491543
-152.025604	24.659599	153.190000	-4.530000	91.662847	69.000000	69.569945	69.569945	69.569945	4.089557	0.507970
-151.525604	25.159599	153.190000	-4.530000	107.995804	64.000000	69.621045	69.621045	69.621045	4.087151	0.517727
-151.025604	25.659599	153.190000	-4.530000	124.225857	57.000000	69.672854	69.672854	69.672854	4.087491	0.520536
-150.525604	26.159599	153.190000	-4.530000	140.628122	45.000000	69.525219	69.525219	69.525219	4.084011	0.316595
-150.025604	26.659599	153.190000	-4.530000	157.002300	32.000000	69.377995	69.377995	69.377995	4.077956	0.105805
-149.025604	14.659600	153.190000	-4.530000	85.040497	21.000000	76.402959	76.402959	76.402959	4.079854	0.442657
-156.167007	18.301001	153.190000	-4.530000	-65.975370	84.000000	70.540333	70.540333	70.540333	4.085358	0.076076
-153.292099	20.892599	153.190000	-4.530000	27.533881	81.000000	70.601929	70.601929	70.601929	4.097746	0.185942
-159.525604	17.659599	153.190000	-4.530000	-153.332977	41.000000	69.411916	69.411916	69.411916	4.089641	0.360710
-159.025604	18.159599	153.190000	-4.530000	-136.545963	51.000000	69.335580	69.335580	69.335580	4.085420	0.362523
-158.525604	18.659599	153.190000	-4.530000	-119.480038	64.000000	69.062785	69.062785	69.062785	4.082834	0.158274
-158.025604	19.159599	153.190000	-4.530000	-102.610807	76.000000	68.893277	68.893277	68.893277	4.078607	0.048032
-157.525604	19.659599	153.190000	-4.530000	-85.662201	85.000000	68.826813	68.826813	68.826813	4.079971	0.031713
-157.025604	20.159599	153.190000	-4.530000	-68.539024	86.000000	68.763156	68.763156	68.763156	4.082029	0.009182
-156.525604	20.659599	153.190000	-4.530000	-51.679023	88.000000	68.702083	68.702083	68.802083	4.087363	-0.019500
-156.025604	21.159599	153.190000	-4.530000	-34.704068	87.000000	68.743376	68.743376	68.843376	4.093710	0.045582
-155.525604	21.659599	153.190000	-4.530000	-18.291756	83.000000	68.886827	68.886827	68.886827	4.102525	0.204296
-155.025604	22.159599	153.190000	-4.530000	-1.665917	80.000000	69.032233	69.032233	69.032233	4.109882	0.356694
-154.525604	22.659599	153.190000	-4.530000	14.378300	75.000000	69.179402	69.179402	69.179402	4.112738	0.502692
-154.025604	23.159599	153.190000	-4.530000	31.035172	73.000000	69.228147	69.228147	69.228147	4.110385	0.542160
-153.525604	23.659599	153.190000	-4.530000	47.334550	70.000000	69.278286	69.178286	69.278286	4.103595	0.575144
-153.025604	24.159599	153.190000	-4.530000	63.772976	69.000000	69.229646	69.229646	69.229646	4.099088	0.501559
-152.525604	24.659599	153.190000	-4.530000	80.123732	69.000000	69.282059	69.282059	69.282059	4.091889	0.521277
-152.025604	25.159599	153.190000	-4.530000	96.541966	64.000000	69.235361	69.235361	69.235361	4.088705	0.434338
-151.525604	25.659599	153.190000	-4.530000	112.878754	57.000000	69.289396	69.289396	69.289396	4.087264	0.440656
-151.025604	26.159599	153.190000	-4.530000	129.145462	49.000000	69.244011	69.244011	69.244011	4.085598	0.340108
-150.525604	26.659599	153.190000	-4.530000	145.635726	36.000000	68.999059	68.999059	68.999059	4.078199	0.032725
-149.525604	14.659600	153.190000	-4.530000	72.228783	27.000000	76.266746	76.266746	76.266746	4.077673	0.500762
-149.025604	15.159600	153.190000	-4.530000	88.265544	27.000000	76.145688	76.145688	76.145688	4.079433	0.460299
-155.996994	20.771000	153.190000	-4.530000	-37.861722	89.000000	68.992444	68.992444	68.992444	4.090279	0.032855
-153.290604	17.906200	153.190000	-4.530000	1.270599	78.000000	72.245060	72.245060	72.245060	4.088994	0.047409
-159.525604	18.159599	153.190000	-4.530000	-148.416554	39.000000	68.917997	68.917997	68.917997	4.090562	0.234589
-159.025604	18.659599	153.190000	-4.530000	-131.693415	52.000000	68.846975	68.846975	68.946975	4.081746	0.233286
-158.525604	19.159599	153.190000	-4.530000	-114.441633	65.000000	68.579292	68.579292	68.579292	4.081584	0.026000
-158.025604	19.659599	153.190000	-4.530000	-97.643864	80.000000	68.514701	68.514701	68.514701	4.076406	0.012751
-157.525604	20.159599	153.190000	-4.530000	-80.539313	85.000000	68.452965	68.452965	68.452965	4.080554	-0.006750
-157.025604	20.659599	153.190000	-4.530000	-63.405996	87.000000	68.393856	68.393856	68.393856	4.084722	-0.032390
-156.525604	21.159599	153.190000	-4.530000	-46.641327	88.000000	68.437152	68.437152	68.537152	4.092841	0.035844
-156.025604	21.659599	153.190000	-4.530000	-29.762986	85.000000	68.582644	68.482644	68.582644	4.099967	0.197675
-155.525604	22.159599	153.190000	-4.530000	-13.420360	80.000000	68.730128	68.730128	68.730128	4.109504	0.353206
-155.025604	22.659599	153.190000	-4.530000	3.134441	76.000000	68.779407	68.779407	68.779407	4.115375	0.402443
-154.525604	23.159599	153.190000	-4.530000	19.225753	74.000000	68.930292	68.830292	68.930292	4.114220	0.545120
-154.025604	23.659599	153.190000	-4.530000	35.870102	71.000000	68.882602	68.882602	68.882602	4.110177	0.481330
-153.525604	24.159599	153.190000	-4.530000	52.171901	69.000000	68.936160	68.936160	68.936160	4.104050	0.511075
-153.025604	24.659599	153.190000	-4.530000	68.666726	69.000000	68.890797	68.890797	68.890797	4.097256	0.434097
-152.525604	25.159599	153.190000	-4.530000	85.061041	64.000000	68.946348	68.946348	68.946348	4.090664	0.450480
-152.025604	25.659599	153.190000	-4.530000	101.499429	57.000000	68.902654	68.902654	68.902654	4.087993	0.360223
-151.525604	26.159599	153.190000	-4.530000	117.848476	50.000000	68.859563	68.859563	68.859563	4.085632	0.263076
-151.025604	26.659599	153.190000	-4.530000	134.160044	40.000000	68.816926	68.816926	68.816926	4.082635	0.159116
-150.025604	14.659600	153.190000	-4.530000	59.442476	32.000000	76.028033	76.028033	76.028033	4.083302	0.458697
-149.525604	15.159600	153.190000	-4.530000	75.506602	34.000000	75.907351	75.907351	75.907351	4.078140	0.421235
-149.025604	15.659600	153.190000	-4.530000	91.529027	32.000000	75.789774	75.789774	75.789774	4.081543	0.377458
-155.772995	19.079000	153.190000	-4.530000	-48.895075	91.000000	70.201163	70.201163	70.201163	4.084702	0.032734
-152.981201	18.301800	153.190000	-4.530000	12.379035	81.000000	72.205570	72.205570	72.205570	4.089331	0.093974
-159.525604	18.659599	153.190000	-4.530000	-143.456132	41.000000	68.527032	68.527032	68.527032	4.085385	0.207994
-159.025604	19.159599	153.190000	-4.530000	-126.646994	54.000000	68.461241	68.361241	68.461241	4.076284	0.203800
-158.525604	19.659599	153.190000	-4.530000	-109.392103	69.000000	68.198589	68.198589	68.198589	4.078180	-0.006633
-158.025604	20.159599	153.190000	-4.530000	-92.475372	79.000000	68.138837	68.138837	68.138837	4.076808	-0.023029
-157.525604	20.659599	153.190000	-4.530000	-75.388958	84.000000	68.081752	68.081752	68.081752	4.083291	-0.045501
-157.025604	21.159599	153.190000	-4.530000	-58.283583	84.000000	68.127113	68.127113	68.127113	4.089371	0.025645
-156.525604	21.659599	153.190000	-4.530000	-41.659917	85.000000	68.274705	68.174705	68.274705	4.099123	0.190662
-156.025604	22.159599	153.190000	-4.530000	-24.804156	81.000000	68.324323	68.324323	68.324323	4.107156	0.249442
-155.525604	22.659599	153.190000	-4.530000	-8.597337	79.000000	68.475767	68.475767	68.475767	4.115524	0.401689
-155.025604	23.159599	153.190000	-4.530000	7.977102	75.000000	68.528848	68.528848	68.528848	4.117385	0.447639
-154.525604	23.659599	153.190000	-4.530000	24.090082	71.000000	68.583382	68.483382	68.583382	4.114089	0.487183
-154.025604	24.159599	153.190000	-4.530000	40.760790	69.000000	68.539190	68.539190	68.539190	4.109862	0.420038
-153.525604	24.659599	153.190000	-4.530000	57.111738	69.000000	68.596101	68.596101	68.596101	4.103240	0.446422
-153.025604	25.159599	153.190000	-4.530000	73.616240	64.000000	68.553949	68.553949	68.553949	4.095899	0.366230
-152.525604	25.659599	153.190000	-4.530000	90.087349	57.000000	68.512575	68.512575	68.512575	4.089384	0.279186
-152.025604	26.159599	153.190000	-4.530000	106.490325	50.000000	68.471825	68.471825	68.471825	4.085555	0.185495
-151.525604	26.659599	153.190000	-4.530000	122.821604	41.000000	68.431548	68.431548	68.431548	4.082471	0.085053
-150.525604	14.659600	153.190000	-4.530000	46.427668	36.000000	75.586768	75.586768	75.586768	4.086181	0.216201
-150.025604	15.159600	153.190000	-4.530000	62.718007	41.000000	75.666471	75.666471	75.666471	4.083696	0.382010
-149.525604	15.659600	153.190000	-4.530000	78.846771	39.000000	75.549364	75.549364	75.549364	4.079542	0.341384
-149.025604	16.159599	153.190000	-4.530000	94.812439	36.000000	75.435236	75.435236	75.435236	4.084750	0.294351
-159.664993	22.122999	153.190000	-4.530000	-109.864861	43.000000	65.849628	65.849628	65.849628	4.082947	0.054702
-155.765305	26.776699	153.190000	-4.530000	29.492256	38.000000	65.396646	65.396646	65.396646	4.120901	-0.128467
-152.765793	25.592800	153.190000	-4.530000	83.798313	61.000000	68.491329	68.491329	68.491329	4.092695	0.372311
-159.525604	19.159599	153.190000	-4.530000	-138.356020	43.000000	68.039035	67.939035	68.039035	4.082546	0.081132
-159.025604	19.659599	153.190000	-4.530000	-121.484365	55.000000	67.978391	67.978391	67.978391	4.074986	0.073826
-158.525604	20.159599	153.190000	-4.530000	-104.306132	69.000000	67.820688	67.820688	67.820688	4.077065	-0.039612
-158.025604	20.659599	153.190000	-4.530000	-87.229897	78.000000	67.765693	67.765693	67.765693	4.078651	-0.059113
-157.525604	21.159599	153.190000	-4.530000	-70.223319	85.000000	67.813181	67.813181	67.813181	4.087463	0.015234
-157.025604	21.659599	153.190000	-4.530000	-53.305685	84.000000	67.862935	67.862935	67.862935	4.096030	0.083298
-156.525604	22.159599	153.190000	-4.530000	-36.685996	81.000000	68.014747	68.014747	68.014747	4.106352	0.245139
-156.025604	22.659599	153.190000	-4.530000	-19.876333	81.000000	68.068416	68.068416	68.068416	4.113401	0.300667
-155.525604	23.159599	153.190000	-4.530000	-3.774873	73.000000	68.223750	68.123750	68.223750	4.119214	0.449756
-155.025604	23.659599	153.190000	-4.530000	12.830223	71.000000	68.180562	68.180562	68.180562	4.118500	0.392454
-154.525604	24.159599	153.190000	-4.530000	28.975343	71.000000	68.238674	68.238674	68.238674	4.114355	0.428675
-154.025604	24.659599	153.190000	-4.530000	45.709428	69.000000	68.197912	68.197912	68.197912	4.109187	0.358293
-153.525604	25.159599	153.190000	-4.530000	62.124625	64.000000	68.258110	68.258110	68.258110	4.100453	0.381352
-153.025604	25.659599	153.190000	-4.530000	78.653376	57.000000	68.219105	68.219105	68.219105	4.094107	0.297763
-152.525604	26.159599	153.190000	-4.530000	95.160181	50.000000	68.080744	68.080744	68.080744	4.086660	0.107404
-152.025604	26.659599	153.190000	-4.530000	111.529143	41.000000	68.142873	68.142873	68.142873	4.084436	0.110312
-151.025604	14.659600	153.190000	-4.530000	33.893200	40.000000	75.542896	75.542896	75.542896	4.091153	0.373496
-150.525604	15.159600	153.190000	-4.530000	49.816400	45.000000	75.222996	75.222996	75.222996	4.086418	0.142478
-150.025604	15.659600	153.190000	-4.530000	66.138378	48.000000	75.306369	75.306369	75.306369	4.084646	0.304980
-149.525604	16.159599	153.190000	-4.530000	82.205742	45.000000	75.192802	75.192802	75.192802	4.082496	0.261135
-149.025604	16.659599	153.190000	-4.530000	98.121841	39.000000	74.982083	74.982083	74.982083	4.092748	0.110900
-159.401001	21.971001	153.190000	-4.530000	-105.547851	48.000000	66.147070	66.147070	66.147070	4.083040	0.075374
-155.714996	18.000299	153.190000	-4.530000	-57.413564	86.000000	70.960037	70.960037	71.060037	4.087781	0.057071
-152.132401	18.481400	153.190000	-4.530000	34.712411	77.000000	72.492968	72.492968	72.492968	4.091648	0.067493
-159.525604	19.659599	153.190000	-4.530000	-133.150805	42.000000	67.554018	67.554018	67.554018	4.080300	-0.046061
-159.025604	20.159599	153.190000	-4.530000	-116.311749	57.000000	67.598435	67.598435	67.598435	4.072826	0.043489
-158.525604	20.659599	153.190000	-4.530000	-99.054714	70.000000	67.445598	67.445598	67.445598	4.078739	-0.073020
-158.025604	21.159599	153.190000	-4.530000	-82.027253	77.000000	67.495279	67.495279	67.495279	4.081861	0.004435
-157.525604	21.659599	153.190000	-4.530000	-65.182309	82.000000	67.547259	67.547259	67.547259	4.093456	0.075573
-157.025604	22.159599	153.190000	-4.530000	-48.270441	82.000000	67.601328	67.601328	67.601328	4.102845	0.140492
-156.525604	22.659599	153.190000	-4.530000	-31.704357	78.000000	67.657284	67.657284	67.757284	4.112674	0.199212
-156.025604	23.159599	153.190000	-4.530000	-14.977844	74.000000	67.814930	67.714930	67.814930	4.119944	0.351462
-155.525604	23.659599	153.190000	-4.530000	1.096287	71.000000	67.874079	67.774079	67.874079	4.120429	0.397330
-155.025604	24.159599	153.190000	-4.530000	17.716369	70.000000	67.834551	67.834551	67.834551	4.119022	0.336831
-154.525604	24.659599	153.190000	-4.530000	33.954779	70.000000	67.996172	67.896172	67.996172	4.114533	0.469702
-154.025604	25.159599	153.190000	-4.530000	50.747340	64.000000	67.858771	67.858771	67.858771	4.107251	0.296025
-153.525604	25.659599	153.190000	-4.530000	67.221584	57.000000	67.922189	67.922189	67.922189	4.099264	0.315807
-153.025604	26.159599	153.190000	-4.530000	83.788784	50.000000	67.786266	67.786266	67.786266	4.090174	0.128796
-152.525604	26.659599	153.190000	-4.530000	100.265208	41.000000	67.750852	67.750852	67.750852	4.084698	0.035066
-151.525604	14.659600	153.190000	-4.530000	20.805270	40.000000	74.996360	74.996360	74.996360	4.088907	0.030639
-151.025604	15.159600	153.190000	-4.530000	37.316848	49.000000	75.176870	75.176870	75.176870	4.090802	0.302565
-150.525604	15.659600	153.190000	-4.530000	53.340159	54.000000	74.960737	74.960737	75.060737	4.086727	0.168277
-150.025604	16.159599	153.190000	-4.530000	69.611313	54.000000	75.047745	75.047745	75.047745	4.084165	0.327710
-149.525604	16.659599	153.190000	-4.530000	85.639408	49.000000	74.837678	74.837678	74.837678	4.085876	0.180524
-149.025604	17.159599	153.190000	-4.530000	101.606858	39.000000	74.730332	74.730332	74.730332	4.093893	0.126947
-158.982498	15.574000	153.190000	-4.530000	-159.035407	40.000000	71.341998	71.341998	71.341998	4.089013	0.437246
-155.710999	20.046000	153.190000	-4.530000	-38.231163	95.000000	69.626138	69.526138	69.626138	4.086244	0.043095
-151.686600	14.689100	153.190000	-4.530000	16.893504	39.000000	74.814981	74.814981	74.814981	4.087021	-0.066808
-159.525604	20.159599	153.190000	-4.530000	-127.914589	45.000000	67.171990	67.171990	67.171990	4.078053	-0.073745
-159.025604	20.659599	153.190000	-4.530000	-111.070073	59.000000	67.221382	67.221382	67.221382	4.073800	0.012872
-158.525604	21.159599	153.190000	-4.530000	-93.746993	67.000000	67.073326	67.073326	67.073326	4.082599	-0.106811
-158.025604	21.659599	153.190000	-4.530000	-76.869197	76.000000	67.227600	67.227600	67.227600	4.087261	0.067468
-157.525604	22.159599	153.190000	-4.530000	-60.117248	82.000000	67.283992	67.283992	67.283992	4.100479	0.135592
-157.025604	22.659599	153.190000	-4.530000	-43.140290	79.000000	67.342297	67.342297	67.342297	4.109923	0.197269
-156.525604	23.159599	153.190000	-4.530000	-26.716127	76.000000	67.402318	67.402318	67.402318	4.117875	0.252743
-156.025604	23.659599	153.190000	-4.530000	-10.070925	71.000000	67.463866	67.463866	67.463866	4.122808	0.301898
-155.525604	24.159599	153.190000	-4.530000	6.041237	70.000000	67.526757	67.426757	67.526757	4.122267	0.344453
-155.025604	24.659599	153.190000	-4.530000	22.737622	70.000000	67.590817	67.490817	67.590817	4.119371	0.380636
-154.525604	25.159599	153.190000	-4.530000	39.102880	65.000000	67.755875	67.655875	67.755875	4.114494	0.510331
-154.025604	25.659599	153.190000	-4.530000	55.888911	58.000000	67.621768	67.621768	67.621768	4.106517	0.333269
-153.525604	26.159599	153.190000	-4.530000	72.456516	51.000000	67.488337	67.488337	67.488337	4.095931	0.149660
-153.025604	26.659599	153.190000	-4.530000	89.010611	41.000000	67.455430	67.455430	67.455430	4.087878	0.059392
-152.025604	14.659600	153.190000	-4.530000	8.305861	41.000000	74.947105	74.947105	74.947105	4.091299	0.187357
-151.525604	15.159600	153.190000	-4.530000	24.268314	49.000000	74.628037	74.628037	74.628037	4.088764	-0.037493
-151.025604	15.659600	153.190000	-4.530000	40.861763	58.000000	74.912413	74.912413	74.912413	4.090675	0.331316
-150.525604	16.159599	153.190000	-4.530000	56.933299	61.000000	74.800010	74.800010	74.800010	4.086555	0.293818
-150.025604	16.659599	153.190000	-4.530000	73.143808	58.000000	74.690611	74.690611	74.690611	4.085139	0.249947
-149.525604	17.159599	153.190000	-4.530000	89.214187	50.000000	74.584007	74.584007	74.584007	4.086404	0.199565
-149.025604	17.659599	153.190000	-4.530000	105.223438	40.000000	74.479995	74.479995	74.479995	4.093410	0.142699
-158.933105	24.573799	153.190000	-4.530000	-65.180925	53.000000	64.348883	64.348883	64.348883	4.132894	-0.327039
-155.679398	21.205500	153.190000	-4.530000	-26.199229	88.000000	69.032506	69.032506	69.032506	4.095944	0.159929
-151.637604	16.737801	153.190000	-4.530000	33.116831	73.000000	73.809653	73.809653	73.809653	4.091439	0.129403
-159.525604	20.659599	153.190000	-4.530000	-122.627359	46.000000	66.792959	66.792959	66.792959	4.079593	-0.101724
-159.025604	21.159599	153.190000	-4.530000	-105.738018	57.000000	66.947239	66.947239	66.947239	4.073800	0.081752
-158.525604	21.659599	153.190000	-4.530000	-88.457077	66.000000	66.803878	66.803878	66.803878	4.087173	-0.040973
-158.025604	22.159599	153.190000	-4.530000	-71.699346	74.000000	66.962662	66.962662	66.962662	4.094359	0.130166
-157.525604	22.659599	153.190000	-4.530000	-54.905438	79.000000	67.023384	67.023384	67.023384	4.107749	0.195080
-157.025604	23.159599	153.190000	-4.530000	-37.959000	75.000000	66.985845	66.985845	66.985845	4.116600	0.153639
-156.525604	23.659599	153.190000	-4.530000	-21.639387	71.000000	67.049854	67.049854	67.049854	4.122980	0.205900
-156.025604	24.159599	153.190000	-4.530000	-5.055151	70.000000	67.115227	67.115227	67.115227	4.124779	0.251773
-155.525604	24.659599	153.190000	-4.530000	11.127718	70.000000	67.281786	67.181786	67.281786	4.123347	0.391133
-155.025604	25.159599	153.190000	-4.530000	27.934777	66.000000	67.349360	67.249360	67.349360	4.119832	0.424029
-154.525604	25.659599	153.190000	-4.530000	44.407093	58.000000	67.417785	67.417785	67.417785	4.113958	0.450370
-154.025604	26.159599	153.190000	-4.530000	61.199324	51.000000	67.186901	67.186901	67.186901	4.102014	0.170034
-153.525604	26.659599	153.190000	-4.530000	77.811053	42.000000	67.056555	67.056555	67.156555	4.090699	-0.016937
-152.525604	14.659600	153.190000	-4.530000	-4.635488	41.000000	74.495069	74.495069	74.495069	4.091154	-0.056122
-152.025604	15.159600	153.190000	-4.530000	11.818017	50.000000	74.676440	74.676440	74.676440	4.091523	0.222153
-151.525604	15.659600	153.190000	-4.530000	27.920675	58.000000	74.461340	74.461340	74.461340	4.089764	0.094040
-151.025604	16.159599	153.190000	-4.530000	44.491055	66.000000	74.649543	74.649543	74.649543	4.090458	0.359675
-150.525604	16.659599	153.190000	-4.530000	60.517934	65.000000	74.440827	74.440827	74.440827	4.087320	0.219022
-150.025604	17.159599	153.190000	-4.530000	76.760534	59.000000	74.434982	74.434982	74.434982	4.085107	0.271817
-149.525604	17.659599	153.190000	-4.530000	92.934254	50.000000	74.331801	74.331801	74.331801	4.085888	0.218183
-149.025604	18.159599	153.190000	-4.530000	108.899717	40.000000	74.131084	74.131084	74.131084	4.095447	0.058083
-158.903000	21.298401	153.190000	-4.530000	-101.291494	59.000000	66.844321	66.844321	66.844321	4.077807	-0.004291
-155.636200	22.299900	153.190000	-4.530000	-14.559968	79.000000	68.529039	68.529039	68.529039	4.110265	0.304154
-150.914993	18.914200	153.190000	-4.530000	67.946122	67.000000	72.813614	72.713614	72.813614	4.090838	0.038517
-159.525604	21.159599	153.190000	-4.530000	-117.253778	46.000000	66.516933	66.516933	66.516933	4.078487	-0.030061
-159.025604	21.659599	153.190000	-4.530000	-100.344968	56.000000	66.676012	66.576012	66.676012	4.076084	0.150245
-158.525604	22.159599	153.190000	-4.530000	-83.198903	66.000000	66.637260	66.637260	66.637260	4.091188	0.124412
-158.025604	22.659599	153.190000	-4.530000	-66.368773	74.000000	66.700469	66.700469	66.700469	4.101090	0.192472
-157.525604	23.159599	153.190000	-4.530000	-49.592347	77.000000	66.665438	66.665438	66.665438	4.114940	0.154147
-157.025604	23.659599	153.190000	-4.530000	-32.675627	73.000000	66.631975	66.631975	66.731975	4.121900	0.109525
-156.525604	24.159599	153.190000	-4.530000	-16.435113	72.000000	66.799893	66.699893	66.799893	4.125990	0.258629
-156.025604	24.659599	153.190000	-4.530000	0.170198	70.000000	66.769014	66.769014	66.869014	4.125935	0.201193
-155.525604	25.159599	153.190000	-4.530000	16.410722	65.000000	67.039165	67.039165	67.139165	4.125316	0.437297
-155.025604	25.659599	153.190000	-4.530000	33.335304	59.000000	67.010181	66.910181	67.010181	4.119215	0.366958
-154.525604	26.159599	153.190000	-4.530000	49.911715	51.000000	66.981901	66.981901	66.981901	4.111185	0.289918
-154.025604	26.659599	153.190000	-4.530000	66.649899	42.000000	66.754171	66.754171	66.754171	4.096820	0.006250
-153.025604	14.659600	153.190000	-4.530000	-16.803395	40.000000	74.840192	74.740192	74.840192	4.102161	0.500262
-152.525604	15.159600	153.190000	-4.530000	-1.067586	50.000000	74.222018	74.222018	74.222018	4.091082	-0.018573
-152.025604	15.659600	153.190000	-4.530000	15.466612	59.000000	74.307459	74.307459	74.307459	4.091165	0.156476
-151.525604	16.159599	153.190000	-4.530000	31.651560	65.000000	74.196286	74.196286	74.196286	4.090583	0.125341
-151.025604	16.659599	153.190000	-4.530000	48.139551	72.000000	74.288273	74.288273	74.288273	4.090239	0.287680
-150.525604	17.159599	153.190000	-4.530000	64.193992	67.000000	74.183205	74.083205	74.183205	4.087082	0.243729
-150.025604	17.659599	153.190000	-4.530000	80.488803	60.000000	74.080873	74.080873	74.080873	4.086848	0.193417
-149.525604	18.159599	153.190000	-4.530000	96.683692	49.000000	74.081074	73.981074	74.081074	4.085113	0.236415
-149.025604	18.659599	153.190000	-4.530000	112.566123	40.000000	73.783612	73.783612	73.783612	4.097288	-0.027056
-158.760193	18.564699	153.190000	-4.530000	-126.097981	59.000000	68.973306	68.973306	68.973306	4.085676	0.137353
-154.994400	21.507000	153.190000	-4.530000	-7.171258	81.000000	69.369547	69.369547	69.369547	4.101983	0.282141
-149.000900	16.989000	153.190000	-4.530000	100.992333	37.000000	74.825559	74.825559	74.825559	4.093695	0.120345
-159.525604	21.659599	153.190000	-4.530000	-111.770314	46.000000	66.143917	66.143917	66.143917	4.084079	-0.058902
-159.025604	22.159599	153.190000	-4.530000	-94.902450	55.000000	66.307705	66.307705	66.407705	4.085587	0.118427
-158.525604	22.659599	153.190000	-4.530000	-77.830573	65.000000	66.273474	66.273474	66.273474	4.099704	0.089392
-158.025604	23.159599	153.190000	-4.530000	-60.885978	71.000000	66.341022	66.341022	66.341022	4.109281	0.154245
-157.525604	23.659599	153.190000	-4.530000	-44.194731	73.000000	66.310156	66.310156	66.310156	4.121145	0.112863
-157.025604	24.159599	153.190000	-4.530000	-27.312348	71.000000	66.280686	66.280686	66.280686	4.125492	0.064969
-156.525604	24.659599	153.190000	-4.530000	-11.092608	71.000000	66.452434	66.352434	66.452434	4.128477	0.210796
-156.025604	25.159599	153.190000	-4.530000	5.578893	65.000000	66.525226	66.525226	66.525226	4.128255	0.250223
-155.525604	25.659599	153.190000	-4.530000	21.937133	58.000000	66.798895	66.698895	66.798895	4.126659	0.482984
-155.025604	26.159599	153.190000	-4.530000	38.922408	51.000000	66.473278	66.473278	66.473278	4.114767	0.109294
-154.525604	26.659599	153.190000	-4.530000	55.535049	42.000000	66.448221	66.348221	66.448221	4.104100	0.029036
-153.525604	14.659600	153.190000	-4.530000	-29.670836	40.000000	74.382411	74.382411	74.382411	4.101799	0.256229
-153.025604	15.159600	153.190000	-4.530000	-13.170498	51.000000	74.464710	74.464710	74.464710	4.100025	0.440573
-152.525604	15.659600	153.190000	-4.530000	2.617853	61.000000	73.950712	73.950712	73.950712	4.091236	0.018666
-152.025604	16.159599	153.190000	-4.530000	19.210557	68.000000	74.040182	74.040182	74.040182	4.091874	0.190549
-151.525604	16.659599	153.190000	-4.530000	35.364037	74.000000	73.932891	73.932891	73.932891	4.091454	0.156153
-151.025604	17.159599	153.190000	-4.530000	51.857039	73.000000	73.928621	73.928621	73.928621	4.089996	0.215343
-150.525604	17.659599	153.190000	-4.530000	67.980673	67.000000	73.827158	73.827158	73.827158	4.087488	0.168149
-150.025604	18.159599	153.190000	-4.530000	84.238249	60.000000	73.728297	73.728297	73.728297	4.088504	0.114505
-149.525604	18.659599	153.190000	-4.530000	100.407817	49.000000	73.631838	73.631838	73.631838	4.090130	0.054274
-149.025604	19.159599	153.190000	-4.530000	116.312313	40.000000	73.437588	73.437588	73.437588	4.100167	-0.112517
-158.185394	22.620199	153.190000	-4.530000	-70.579625	73.000000	66.672613	66.672613	66.672613	4.098729	0.242140
-154.983002	19.601000	153.190000	-4.530000	-24.770301	94.000000	70.312730	70.212730	70.312730	4.087315	0.044289
-159.525604	22.159599	153.190000	-4.530000	-106.254002	44.000000	65.873914	65.873914	65.873914	4.088532	0.011929
-159.025604	22.659599	153.190000	-4.530000	-89.337045	53.000000	66.042320	66.042320	66.042320	4.090520	0.186088
-158.525604	23.159599	153.190000	-4.530000	-72.333116	63.000000	65.912522	65.912522	66.012522	4.108491	0.053975
-158.025604	23.659599	153.190000	-4.530000	-55.364118	69.000000	65.884324	65.884324	65.984324	4.118898	0.015653
-157.525604	24.159599	153.190000	-4.530000	-38.687781	71.000000	65.957538	65.957538	65.957538	4.125187	0.071030
-157.025604	24.659599	153.190000	-4.530000	-21.860248	70.000000	65.931981	65.931981	65.931981	4.128742	0.019981
-156.525604	25.159599	153.190000	-4.530000	-5.590563	65.000000	66.107479	66.107479	66.107479	4.130275	0.162560
-156.025604	25.659599	153.190000	-4.530000	11.162624	58.000000	66.083863	66.083863	66.183863	4.127506	0.098674
-155.525604	26.159599	153.190000	-4.530000	27.616679	50.000000	66.260973	66.260973	66.260973	4.123468	0.228201
-155.025604	26.659599	153.190000	-4.530000	44.617983	41.000000	65.838650	65.838650	65.938650	4.106720	-0.248812
-154.025604	14.659600	153.190000	-4.530000	-42.124665	39.000000	74.321659	74.321659	74.321659	4.104601	0.412010
-153.525604	15.159600	153.190000	-4.530000	-25.951746	51.000000	74.104453	74.104453	74.104453	4.101204	0.299433
-153.025604	15.659600	153.190000	-4.530000	-9.485603	62.000000	74.091036	74.091036	74.091036	4.097583	0.380556
-152.525604	16.159599	153.190000	-4.530000	6.424469	70.000000	73.681170	73.681170	73.681170	4.091729	0.055519
-152.025604	16.659599	153.190000	-4.530000	22.970963	75.000000	73.774623	73.774623	73.774623	4.092324	0.224293
-151.525604	17.159599	153.190000	-4.530000	39.112857	75.000000	73.671172	73.571172	73.671172	4.091353	0.186607
-151.025604	17.659599	153.190000	-4.530000	55.664827	74.000000	73.570600	73.570600	73.570600	4.090548	0.142589
-150.525604	18.159599	153.190000	-4.530000	71.832859	67.000000	73.472699	73.472699	73.472699	4.088485	0.092208
-150.025604	18.659599	153.190000	-4.530000	87.990546	59.000000	73.377266	73.377266	73.377266	4.090072	0.035202
-149.525604	19.159599	153.190000	-4.530000	104.134687	49.000000	73.284104	73.284104	73.284104	4.093041	-0.028314
-149.025604	19.659599	153.190000	-4.530000	120.177373	39.000000	73.193023	73.193023	73.193023	4.099913	-0.098372
-158.179504	20.377800	153.190000	-4.530000	-93.933669	74.000000	67.921403	67.921403	67.921403	4.076085	0.000091
-154.797394	18.803101	153.190000	-4.530000	-27.528038	90.000000	70.887101	70.887101	70.887101	4.087153	0.017123
-159.525604	22.659599	153.190000	-4.530000	-100.657294	44.000000	65.606927	65.606927	65.606927	4.091544	0.082379
-159.025604	23.159599	153.190000	-4.530000	-83.643151	54.000000	65.579860	65.579860	65.579860	4.101815	0.053339
-158.525604	23.659599	153.190000	-4.530000	-66.739652	62.000000	65.554406	65.554406	65.554406	4.115694	0.018082
-158.025604	24.159599	153.190000	-4.530000	-49.797149	66.000000	65.530375	65.530375	65.530375	4.124308	-0.023356
-157.525604	24.659599	153.190000	-4.530000	-33.085196	71.000000	65.507583	65.507583	65.607583	4.129575	-0.071248
-157.025604	25.159599	153.190000	-4.530000	-16.277329	66.000000	65.485856	65.485856	65.485856	4.130129	-0.125516
-156.525604	25.659599	153.190000	-4.530000	0.001251	58.000000	65.765024	65.765024	65.765024	4.131674	0.113868
-156.025604	26.159599	153.190000	-4.530000	16.836449	51.000000	65.644923	65.644923	65.644923	4.125307	-0.053357
-155.525604	26.659599	153.190000	-4.530000	33.433356	41.000000	65.625397	65.625397	65.725397	4.116746	-0.127124
-154.525604	14.659600	153.190000	-4.530000	-55.020728	40.000000	73.857871	73.857871	73.857871	4.102900	0.167670
-154.025604	15.159600	153.190000	-4.530000	-38.285573	51.000000	74.141180	74.041180	74.141180	4.105044	0.557930
-153.525604	15.659600	153.190000	-4.530000	-22.216148	62.000000	73.728367	73.728367	73.728367	4.098713	0.242169
-153.025604	16.159599	153.190000	-4.530000	-5.714295	72.000000	73.719189	73.719189	73.719189	4.095874	0.320316
-152.525604	16.659599	153.190000	-4.530000	10.232570	77.000000	73.413408	73.413408	73.413408	4.092080	0.092025
-152.025604	17.159599	153.190000	-4.530000	26.740404	77.000000	73.410800	73.410800	73.410800	4.092416	0.157545
-151.525604	17.659599	153.190000	-4.530000	43.014809	75.000000	73.311143	73.311143	73.311143	4.091153	0.116799
-151.025604	18.159599	153.190000	-4.530000	59.542549	74.000000	73.214225	73.214225	73.214225	4.090872	0.069457
-150.525604	18.659599	153.190000	-4.530000	75.665224	67.000000	73.119840	73.119840	73.119840	4.089618	0.015750
-150.025604	19.159599	153.190000	-4.530000	91.785058	58.000000	73.027790	73.027790	73.027790	4.092872	-0.044400
-149.525604	19.659599	153.190000	-4.530000	108.000966	48.000000	73.037881	73.037881	73.037881	4.093899	-0.011312
-149.025604	20.159599	153.190000	-4.530000	124.132198	39.000000	72.949926	72.949926	72.949926	4.101107	-0.084770
-157.931000	21.646000	153.190000	-4.530000	-74.749605	77.000000	67.284866	67.284866	67.284866	4.087845	0.056568
-154.691299	17.180099	153.190000	-4.530000	-39.060989	81.000000	72.180331	72.180331	72.180331	4.094084	0.220316
-159.525604	23.159599	153.190000	-4.530000	-94.957629	44.000000	65.142955	65.142955	65.142955	4.103512	-0.047692
-159.025604	23.659599	153.190000	-4.530000	-77.892259	52.000000	65.120324	65.120324	65.120324	4.112736	-0.079753
-158.525604	24.159599	153.190000	-4.530000	-61.058827	59.000000	65.199124	65.199124	65.199124	4.122121	-0.018242
-158.025604	24.659599	153.190000	-4.530000	-44.138680	66.000000	65.079172	65.079172	65.079172	4.129742	-0.162917
-157.525604	25.159599	153.190000	-4.530000	-27.467528	65.000000	65.160291	65.160291	65.160291	4.132365	-0.113909
-157.025604	25.659599	153.190000	-4.530000	-10.633919	59.000000	65.042311	65.042311	65.142311	4.130909	-0.271479
-156.525604	26.159599	153.190000	-4.530000	5.654623	51.000000	65.425067	65.425067	65.425067	4.131741	0.064596
-156.025604	26.659599	153.190000	-4.530000	22.590750	41.000000	65.108402	65.108402	65.208402	4.120617	-0.305811
-155.025604	14.659600	153.190000	-4.530000	-67.406270	40.000000	73.790976	73.790976	73.790976	4.101411	0.322919
-154.525604	15.159600	153.190000	-4.530000	-51.179166	51.000000	73.574825	73.574825	73.574825	4.102713	0.216316
-154.025604	15.659600	153.190000	-4.530000	-34.446014	61.000000	73.762640	73.762640	73.762640	4.102222	0.503549
-153.525604	16.159599	153.190000	-4.530000	-18.387196	71.000000	73.354174	73.354174	73.354174	4.096397	0.184663
-153.025604	16.659599	153.190000	-4.530000	-1.920908	79.000000	73.249185	73.249185	73.249185	4.093941	0.159592
-152.525604	17.159599	153.190000	-4.530000	14.029468	78.000000	73.047444	73.047444	73.147444	4.091423	0.028198
-152.025604	17.659599	153.190000	-4.530000	30.640515	78.000000	73.048727	73.048727	73.048727	4.091950	0.090518
-151.525604	18.159599	153.190000	-4.530000	47.005333	75.000000	72.952818	72.952818	72.952818	4.091075	0.046484
-151.025604	18.659599	153.190000	-4.530000	63.413666	73.000000	72.859507	72.859507	72.859507	4.091315	-0.004041
-150.525604	19.159599	153.190000	-4.530000	79.560069	65.000000	72.868594	72.868594	72.868594	4.089688	0.038977
-150.025604	19.659599	153.190000	-4.530000	95.763471	57.000000	72.779882	72.779882	72.779882	4.093777	-0.024535
-149.525604	20.159599	153.190000	-4.530000	112.024439	48.000000	72.793181	72.793181	72.793181	4.095577	0.005291
-149.025604	20.659599	153.190000	-4.530000	128.184574	38.000000	72.808307	72.808307	72.808307	4.098857	0.028481
-157.859100	14.659600	153.190000	-4.530000	-138.703648	38.000000	72.482897	72.482897	72.482897	4.090575	0.332229
-154.617798	20.088900	153.190000	-4.530000	-11.775378	90.000000	70.202109	70.202109	70.202109	4.090241	0.035584
-159.525604	23.659599	153.190000	-4.530000	-89.173182	42.000000	64.781999	64.781999	64.781999	4.109021	-0.078121
-159.025604	24.159599	153.190000	-4.530000	-72.105963	52.000000	64.663710	64.663710	64.663710	4.123382	-0.213383
-158.525604	24.659599	153.190000	-4.530000	-55.305481	59.000000	64.746674	64.746674	64.746674	4.129042	-0.154987
-158.025604	25.159599	153.190000	-4.530000	-38.413368	60.000000	64.730714	64.730714	64.730714	4.133027	-0.202873
-157.525604	25.659599	153.190000	-4.530000	-21.778375	59.000000	64.815658	64.815658	64.815658	4.134160	-0.157137
-157.025604	26.159599	153.190000	-4.530000	-4.926943	51.000000	64.701341	64.701341	64.701341	4.130793	-0.317901
-156.525604	26.659599	153.190000	-4.530000	11.367746	41.000000	65.087605	65.087605	65.087605	4.133074	0.014889
-155.525604	14.659600	153.190000	-4.530000	-80.015073	40.000000	73.620902	73.620902	73.620902	4.100353	0.377993
-155.025604	15.159600	153.190000	-4.530000	-63.521396	50.000000	73.605317	73.605317	73.605317	4.102333	0.474425
-154.525604	15.659600	153.190000	-4.530000	-47.315012	61.000000	73.193787	73.193787	73.193787	4.100470	0.164642
-154.025604	16.159599	153.190000	-4.530000	-30.604090	70.000000	73.286059	73.286059	73.286059	4.098345	0.348786
-153.525604	16.659599	153.190000	-4.530000	-14.499401	79.000000	72.981889	72.981889	72.981889	4.094441	0.126837
-153.025604	17.159599	153.190000	-4.530000	1.908497	79.000000	72.881043	72.881043	72.881043	4.092709	0.098518
-152.525604	17.659599	153.190000	-4.530000	17.938910	81.000000	72.783292	72.783292	72.783292	4.090766	0.063960
-152.025604	18.159599	153.190000	-4.530000	34.690803	79.000000	72.688419	72.688419	72.688419	4.091597	0.023138
-151.525604	18.659599	153.190000	-4.530000	51.028189	75.000000	72.696210	72.696210	72.696210	4.090685	0.075785
-151.025604	19.159599	153.190000	-4.530000	67.346216	72.000000	72.606460	72.606460	72.606460	4.091060	0.022021
-150.525604	19.659599	153.190000	-4.530000	83.582693	65.000000	72.518971	72.518971	72.518971	4.091423	-0.038182
-150.025604	20.159599	153.190000	-4.530000	99.866552	57.000000	72.533550	72.533550	72.533550	4.095549	-0.005085
-149.525604	20.659599	153.190000	-4.530000	116.149667	48.000000	72.650011	72.650011	72.650011	4.094241	0.121424
-149.025604	21.159599	153.190000	-4.530000	132.329717	38.000000	72.668173	72.668173	72.668173	4.097611	0.141313
-157.700806	16.348400	153.190000	-4.530000	-120.402291	69.000000	71.424247	71.424247	71.524247	4.095069	0.423571
-154.495895	18.401699	153.190000	-4.530000	-24.069092	87.000000	71.354669	71.354669	71.354669	4.088252	0.073903
-159.525604	24.159599	153.190000	-4.530000	-83.333675	42.000000	64.424056	64.424056	64.424056	4.115305	-0.108957
-159.025604	24.659599	153.190000	-4.530000	-66.296081	50.000000	64.310016	64.310016	64.310016	4.128085	-0.247447
-158.525604	25.159599	153.190000	-4.530000	-49.452906	53.000000	64.297054	64.297054	64.297054	4.134777	-0.292233
-158.025604	25.659599	153.190000	-4.530000	-32.590377	53.000000	64.284997	64.284997	64.284997	4.135939	-0.343274
-157.525604	26.159599	153.190000	-4.530000	-16.040068	51.000000	64.473680	64.473680	64.473680	4.135069	-0.200837
-157.025604	26.659599	153.190000	-4.530000	0.776602	41.000000	64.362943	64.362943	64.362943	4.131556	-0.364856
-156.025604	14.659600	153.190000	-4.530000	-92.518971	41.000000	73.447576	73.447576	73.447576	4.096803	0.432962
-155.525604	15.159600	153.190000	-4.530000	-76.179921	50.000000	73.232585	73.232585	73.232585	4.099791	0.332179
-155.025604	15.659600	153.190000	-4.530000	-59.596100	61.000000	73.221738	73.221738	73.221738	4.100189	0.425468
-154.525604	16.159599	153.190000	-4.530000	-43.396016	72.000000	72.914778	72.914778	72.914778	4.099130	0.212753
-154.025604	16.659599	153.190000	-4.530000	-26.695927	79.000000	72.911455	72.911455	72.911455	4.095964	0.293685
-153.525604	17.159599	153.190000	-4.530000	-10.609463	80.000000	72.611532	72.611532	72.611532	4.093250	0.068524
-153.025604	17.659599	153.190000	-4.530000	5.888991	82.000000	72.614778	72.614778	72.614778	4.091048	0.137191
-152.525604	18.159599	153.190000	-4.530000	22.054109	82.000000	72.420969	72.420969	72.420969	4.089897	-0.000649
-152.025604	18.659599	153.190000	-4.530000	38.799270	80.000000	72.429889	72.429889	72.429889	4.091326	0.055247
-151.525604	19.159599	153.190000	-4.530000	55.086581	74.000000	72.341332	72.341332	72.341332	4.090370	0.004797
-151.025604	19.659599	153.190000	-4.530000	71.424167	70.000000	72.355094	72.355094	72.355094	4.091189	0.047680
-150.525604	20.159599	153.190000	-4.530000	87.769068	64.000000	72.370982	72.370982	72.370982	4.091618	0.084121
-150.025604	20.659599	153.190000	-4.530000	104.055211	57.000000	72.388805	72.388805	72.388805	4.095817	0.114038
-149.525604	21.159599	153.190000	-4.530000	120.355423	47.000000	72.508381	72.508381	72.508381	4.093998	0.237121
-149.025604	21.659599	153.190000	-4.530000	136.496060	38.000000	72.629533	72.629533	72.629533	4.093380	0.353581
-157.627594	20.346100	153.190000	-4.530000	-80.942575	82.000000	68.196090	68.196090	68.196090	4.080488	-0.078483
-154.482803	21.001900	153.190000	-4.530000	-0.176831	83.000000	69.832100	69.832100	69.932100	4.097664	0.145547
-159.525604	24.659599	153.190000	-4.530000	-77.367829	39.000000	63.969122	63.969122	63.969122	4.123747	-0.240331
-159.025604	25.159599	153.190000	-4.530000	-60.395789	45.000000	63.959238	63.959238	63.959238	4.130871	-0.281886
-158.525604	25.659599	153.190000	-4.530000	-43.554962	47.000000	63.950258	63.950258	63.950258	4.136454	-0.329933
-158.025604	26.159599	153.190000	-4.530000	-26.698024	47.000000	63.842016	63.842016	63.842016	4.136617	-0.484243
-157.525604	26.659599	153.190000	-4.530000	-10.291477	40.000000	64.234352	64.234352	64.234352	4.137011	-0.144951
-156.525604	14.659600	153.190000	-4.530000	-105.066833	41.000000	73.270921	73.270921	73.270921	4.096650	0.487525
-156.025604	15.159600	153.190000	-4.530000	-88.600163	51.000000	73.156554	73.156554	73.156554	4.097207	0.489839
-155.525604	15.659600	153.190000	-4.530000	-72.221093	61.000000	72.946420	72.946420	72.946420	4.099530	0.386073
-155.025604	16.159599	153.190000	-4.530000	-55.666545	71.000000	72.840259	72.840259	72.840259	4.097411	0.376278
-154.525604	16.659599	153.190000	-4.530000	-39.361429	81.000000	72.537815	72.537815	72.537815	4.096281	0.160387
-154.025604	17.159599	153.190000	-4.530000	-22.734730	81.000000	72.438846	72.438846	72.538846	4.093288	0.138259
-153.525604	17.659599	153.190000	-4.530000	-6.616138	83.000000	72.343118	72.343118	72.343118	4.091063	0.109941
-153.025604	18.159599	153.190000	-4.530000	10.085120	84.000000	72.250405	72.250405	72.250405	4.089596	0.075362
-152.525604	18.659599	153.190000	-4.530000	26.266680	83.000000	72.160486	72.160486	72.160486	4.089397	0.034385
-152.025604	19.159599	153.190000	-4.530000	42.954622	79.000000	72.173151	72.173151	72.173151	4.091447	0.087049
-151.525604	19.659599	153.190000	-4.530000	59.264043	74.000000	72.088195	72.088195	72.088195	4.089837	0.033281
-151.025604	20.159599	153.190000	-4.530000	75.656592	71.000000	72.105420	72.105420	72.105420	4.091764	0.072947
-150.525604	20.659599	153.190000	-4.530000	92.005807	64.000000	72.224635	72.224635	72.224635	4.091530	0.206080
-150.025604	21.159599	153.190000	-4.530000	108.294452	56.000000	72.245654	72.245654	72.245654	4.096340	0.232607
-149.525604	21.659599	153.190000	-4.530000	124.588914	47.000000	72.468298	72.468298	72.468298	4.090069	0.452394
-149.025604	22.159599	153.190000	-4.530000	140.688943	38.000000	72.592393	72.592393	72.592393	4.087599	0.565469
-157.270004	21.108999	153.190000	-4.530000	-64.785594	85.000000	67.980361	67.980361	67.980361	4.087452	-0.006136
-154.393997	19.262501	153.190000	-4.530000	-13.878676	92.000000	70.816952	70.816952	70.816952	4.087527	0.019624
-159.525604	25.159599	153.190000	-4.530000	-71.314118	36.000000	63.517193	63.517193	63.517193	4.130512	-0.372094
-159.025604	25.659599	153.190000	-4.530000	-54.397397	39.000000	63.511371	63.511371	63.511371	4.136689	-0.416881
-158.525604	26.159599	153.190000	-4.530000	-37.611171	40.000000	63.606282	63.606282	63.606282	4.136840	-0.368082
-158.025604	26.659599	153.190000	-4.530000	-20.780843	38.000000	63.601766	63.601766	63.601766	4.136814	-0.425640
-157.025604	14.659600	153.190000	-4.530000	-117.715722	42.000000	72.990858	72.990858	72.990858	4.094878	0.441924
-156.525604	15.159600	153.190000	-4.530000	-101.172287	50.000000	72.877148	72.877148	72.877148	4.096143	0.447231
-156.025604	15.659600	153.190000	-4.530000	-84.511250	62.000000	72.867761	72.867761	72.867761	4.096555	0.546405
-155.525604	16.159599	153.190000	-4.530000	-68.268915	72.000000	72.462430	72.462430	72.462430	4.096093	0.239591
-155.025604	16.659599	153.190000	-4.530000	-51.645803	80.000000	72.360898	72.360898	72.360898	4.094973	0.226776
-154.525604	17.159599	153.190000	-4.530000	-35.287055	83.000000	72.262917	72.262917	72.262917	4.094089	0.207678
-154.025604	17.659599	153.190000	-4.530000	-18.671288	85.000000	72.168249	72.168249	72.168249	4.091041	0.182429
-153.525604	18.159599	153.190000	-4.530000	-2.393927	85.000000	71.976663	71.976663	71.976663	4.088359	0.051013
-153.025604	18.659599	153.190000	-4.530000	14.359450	86.000000	71.887938	71.887938	71.887938	4.089016	0.013158
-152.525604	19.159599	153.190000	-4.530000	30.568195	84.000000	71.901858	71.901858	71.901858	4.090238	0.068984
-152.025604	19.659599	153.190000	-4.530000	47.226613	77.000000	71.818215	71.818215	71.818215	4.091536	0.018472
-151.525604	20.159599	153.190000	-4.530000	63.555942	74.000000	71.836810	71.836810	71.936810	4.090558	0.061357
-151.025604	20.659599	153.190000	-4.530000	79.953929	70.000000	71.957447	71.957447	71.957447	4.092583	0.197750
-150.525604	21.159599	153.190000	-4.530000	96.299814	63.000000	72.079940	71.979940	72.079940	4.092011	0.327628
-150.025604	21.659599	153.190000	-4.530000	112.548659	56.000000	72.104106	72.104106	72.104106	4.096206	0.350735
-149.525604	22.159599	153.190000	-4.530000	128.802297	47.000000	72.329769	72.329769	72.329769	4.089455	0.567171
-149.025604	22.659599	153.190000	-4.530000	144.866796	38.000000	72.456759	72.356759	72.456759	4.084149	0.676912
-157.227295	18.984800	153.190000	-4.530000	-85.273690	85.000000	69.428420	69.428420	69.528420	4.081053	0.006587
-154.251801	21.168699	153.190000	-4.530000	6.974660	83.000000	69.935171	69.935171	69.935171	4.099747	0.217789
-159.525604	25.659599	153.190000	-4.530000	-65.235942	32.000000	63.168263	63.168263	63.168263	4.133981	-0.404289
-159.025604	26.159599	153.190000	-4.530000	-48.325017	34.000000	63.166408	63.166408	63.166408	4.137784	-0.452334
-158.525604	26.659599	153.190000	-4.530000	-31.596682	33.000000	63.265118	63.265118	63.265118	4.137107	-0.406755
-157.525604	14.659600	153.190000	-4.530000	-130.176709	42.000000	72.807306	72.807306	72.807306	4.095799	0.496233
-157.025604	15.159600	153.190000	-4.530000	-113.731555	51.000000	72.594288	72.594288	72.594288	4.093954	0.404275
-156.525604	15.659600	153.190000	-4.530000	-97.071060	60.000000	72.585682	72.585682	72.585682	4.096325	0.506480
-156.025604	16.159599	153.190000	-4.530000	-80.447973	69.000000	72.481218	72.481218	72.481218	4.094417	0.502765
-155.525604	16.659599	153.190000	-4.530000	-64.216168	79.000000	72.080632	72.080632	72.080632	4.093835	0.192779
-155.025604	17.159599	153.190000	-4.530000	-47.521146	84.000000	71.983674	71.983674	71.983674	4.092652	0.176794
-154.525604	17.659599	153.190000	-4.530000	-31.179681	87.000000	71.890101	71.890101	71.890101	4.091885	0.154724
-154.025604	18.159599	153.190000	-4.530000	-14.407951	87.000000	71.799679	71.799679	71.799679	4.088561	0.126236
-153.525604	18.659599	153.190000	-4.530000	1.952475	87.000000	71.612181	71.612181	71.612181	4.087422	-0.008420
-153.025604	19.159599	153.190000	-4.530000	18.660976	85.000000	71.627390	71.627390	71.627390	4.089665	0.050672
-152.525604	19.659599	153.190000	-4.530000	34.963274	82.000000	71.645095	71.645095	71.645095	4.090995	0.103188
-152.025604	20.159599	153.190000	-4.530000	51.606774	75.000000	71.665093	71.665093	71.665093	4.092029	0.149364
-151.525604	20.659599	153.190000	-4.530000	67.923563	71.000000	71.687186	71.687186	71.687186	4.091474	0.189113
-151.025604	21.159599	153.190000	-4.530000	84.283277	70.000000	71.811185	71.711185	71.811185	4.093288	0.322125
-150.525604	21.659599	153.190000	-4.530000	100.574140	63.000000	71.836904	71.836904	71.936904	4.094224	0.348618
-150.025604	22.159599	153.190000	-4.530000	116.778480	56.000000	71.964167	71.964167	71.964167	4.094919	0.468506
-149.525604	22.659599	153.190000	-4.530000	132.967934	47.000000	72.092801	72.092801	72.192801	4.089436	0.581489
-149.025604	23.159599	153.190000	-4.530000	149.029067	38.000000	72.222637	72.222637	72.222637	4.081972	0.687770
-156.964600	24.312099	153.190000	-4.530000	-24.294460	72.000000	66.240060	66.240060	66.240060	4.127572	0.077322
-154.030502	17.988400	153.190000	-4.530000	-16.013748	85.000000	71.892385	71.892385	71.892385	4.089304	0.114734
-159.525604	26.159599	153.190000	-4.530000	-59.098758	28.000000	62.822323	62.822323	62.822323	4.135050	-0.437039
-159.025604	26.659599	153.190000	-4.530000	-42.246245	28.000000	62.824342	62.824342	62.824342	4.137275	-0.488196
-158.025604	14.659600	153.190000	-4.530000	-142.927249	38.000000	72.420181	72.420181	72.420181	4.090521	0.350140
-157.525604	15.159600	153.190000	-4.530000	-126.040411	51.000000	72.507892	72.507892	72.507892	4.096582	0.561242
-157.025604	15.659600	153.190000	-4.530000	-109.654769	61.000000	72.200105	72.200105	72.300105	4.093910	0.366344
-156.525604	16.159599	153.190000	-4.530000	-92.863243	70.000000	72.196545	72.196545	72.196545	4.093742	0.465504
-156.025604	16.659599	153.190000	-4.530000	-76.417530	77.000000	71.996944	71.996944	71.996944	4.091694	0.358653
-155.525604	17.159599	153.190000	-4.530000	-60.012984	83.000000	71.801047	71.801047	71.801047	4.092052	0.245651
-155.025604	17.659599	153.190000	-4.530000	-43.338630	87.000000	71.608606	71.608606	71.708606	4.090788	0.126549
-154.525604	18.159599	153.190000	-4.530000	-26.922492	90.000000	71.519384	71.519384	71.519384	4.089624	0.101276
-154.025604	18.659599	153.190000	-4.530000	-9.970486	88.000000	71.433151	71.433151	71.433151	4.087347	0.069694
-153.525604	19.159599	153.190000	-4.530000	6.288585	88.000000	71.349686	71.349686	71.349686	4.087797	0.031848
-153.025604	19.659599	153.190000	-4.530000	23.033744	86.000000	71.368774	71.368774	71.368774	4.091695	0.087665
-152.525604	20.159599	153.190000	-4.530000	39.420898	81.000000	71.390210	71.390210	71.390210	4.092390	0.137009
-152.025604	20.659599	153.190000	-4.530000	55.995727	76.000000	71.413794	71.413794	71.413794	4.093470	0.179920
-151.525604	21.159599	153.190000	-4.530000	72.273894	69.000000	71.539333	71.439333	71.539333	4.091948	0.316322
-151.025604	21.659599	153.190000	-4.530000	88.570023	69.000000	71.566640	71.566640	71.566640	4.095081	0.346083
-150.525604	22.159599	153.190000	-4.530000	104.852897	63.000000	71.695536	71.695536	71.695536	4.094017	0.469236
-150.025604	22.659599	153.190000	-4.530000	121.003556	56.000000	71.825845	71.825845	71.825845	4.092023	0.585703
-149.525604	23.159599	153.190000	-4.530000	137.143443	47.000000	71.857398	71.857398	71.857398	4.086937	0.595355
-149.025604	23.659599	153.190000	-4.530000	153.163192	38.000000	71.890033	71.890033	71.890033	4.081151	0.598220
-156.932007	19.832701	153.190000	-4.530000	-69.608299	85.000000	68.975416	68.975416	68.975416	4.080493	-0.048513
-153.992294	18.797600	153.190000	-4.530000	-7.951299	87.000000	71.389217	71.289217	71.389217	4.086959	0.093582
-159.525604	26.659599	153.190000	-4.530000	-52.975609	23.000000	62.479367	62.479367	62.579367	4.136177	-0.470210
-158.525604	14.659600	153.190000	-4.530000	-155.224552	34.000000	72.429396	72.429396	72.429396	4.092878	0.603893
-158.025604	15.159600	153.190000	-4.530000	-138.731888	47.000000	72.117876	72.117876	72.117876	4.091946	0.417949
-157.525604	15.659600	153.190000	-4.530000	-121.967061	61.000000	72.110948	72.110948	72.110948	4.096184	0.525949
-157.025604	16.159599	153.190000	-4.530000	-105.298472	69.000000	72.008333	72.008333	72.008333	4.093907	0.528043
-156.525604	16.659599	153.190000	-4.530000	-88.770400	76.000000	71.709757	71.709757	71.709757	4.091701	0.324226
-156.025604	17.159599	153.190000	-4.530000	-72.188302	83.000000	71.614960	71.514960	71.614960	4.089849	0.314208
-155.525604	17.659599	153.190000	-4.530000	-55.807497	87.000000	71.423692	71.323692	71.423692	4.090069	0.198125
-155.025604	18.159599	153.190000	-4.530000	-39.011248	92.000000	71.235709	71.235709	71.235709	4.089004	0.075969
-154.525604	18.659599	153.190000	-4.530000	-22.477717	91.000000	71.150780	71.150780	71.150780	4.088002	0.047461
-154.025604	19.159599	153.190000	-4.530000	-5.590087	91.000000	71.068679	71.068679	71.068679	4.087749	0.012724
-153.525604	19.659599	153.190000	-4.530000	10.676639	87.000000	71.089189	71.089189	71.089189	4.089504	0.071746
-153.025604	20.159599	153.190000	-4.530000	27.480794	83.000000	71.112100	71.012100	71.112100	4.093731	0.124258
-152.525604	20.659599	153.190000	-4.530000	43.865120	78.000000	71.137211	71.137211	71.137211	4.094095	0.170372
-152.025604	21.159599	153.190000	-4.530000	60.321278	73.000000	71.164327	71.164327	71.264327	4.094815	0.210073
-151.525604	21.659599	153.190000	-4.530000	76.598913	69.000000	71.293258	71.293258	71.293258	4.093319	0.343099
-151.025604	22.159599	153.190000	-4.530000	92.842748	68.000000	71.423821	71.423821	71.423821	4.095272	0.469552
-150.525604	22.659599	153.190000	-4.530000	109.094547	63.000000	71.555840	71.455840	71.555840	4.092180	0.589416
-150.025604	23.159599	153.190000	-4.530000	125.198406	56.000000	71.589144	71.589144	71.589144	4.089326	0.602434
-149.525604	23.659599	153.190000	-4.530000	141.321196	47.000000	71.523568	71.523568	71.523568	4.085335	0.508702
-149.025604	24.159599	153.190000	-4.530000	157.341384	38.000000	71.558949	71.558949	71.558949	4.082187	0.508198
-156.808197	18.404200	153.190000	-4.530000	-80.273315	81.000000	70.168974	70.168974	70.168974	4.083943	0.121707
-153.982697	21.519699	153.190000	-4.530000	16.674760	79.000000	69.948734	69.948734	69.948734	4.104381	0.286322
-159.025604	14.659600	153.190000	-4.530000	-167.924005	29.000000	72.034861	72.034861	72.034861	4.087912	0.457572
-158.525604	15.159600	153.190000	-4.530000	-151.058064	41.000000	72.024153	72.024153	72.024153	4.092841	0.574315
-158.025604	15.659600	153.190000	-4.530000	-134.504474	55.000000	71.718128	71.718128	71.718128	4.092737	0.385307
-157.525604	16.159599	153.190000	-4.530000	-117.752011	68.000000	71.716500	71.716500	71.716500	4.095499	0.490460
-157.025604	16.659599	153.190000	-4.530000	-100.987977	77.000000	71.518992	71.518992	71.518992	4.091482	0.389421
-156.525604	17.159599	153.190000	-4.530000	-84.559951	78.000000	71.325338	71.325338	71.325338	4.089630	0.282473
-156.025604	17.659599	153.190000	-4.530000	-67.868076	87.000000	71.135284	71.135284	71.135284	4.088005	0.169527
-155.525604	18.159599	153.190000	-4.530000	-51.541229	91.000000	70.948583	70.948583	70.948583	4.088432	0.050245
-155.025604	18.659599	153.190000	-4.530000	-34.451523	93.000000	70.864998	70.864998	70.864998	4.087657	0.024890
-154.525604	19.159599	153.190000	-4.530000	-18.035332	93.000000	70.784302	70.784302	70.784302	4.087687	-0.006628
-154.025604	19.659599	153.190000	-4.530000	-1.198591	90.000000	70.806274	70.806274	70.806274	4.089397	0.055367
-153.525604	20.159599	153.190000	-4.530000	15.129183	86.000000	70.830701	70.830701	70.830701	4.092072	0.111120
-153.025604	20.659599	153.190000	-4.530000	31.957885	80.000000	70.857379	70.857379	70.857379	4.096298	0.160540
-152.525604	21.159599	153.190000	-4.530000	48.268190	75.000000	70.986109	70.886109	70.986109	4.096283	0.303316
-152.025604	21.659599	153.190000	-4.530000	64.618689	71.000000	71.016700	71.016700	71.016700	4.095148	0.339674
-151.525604	22.159599	153.190000	-4.530000	80.905753	69.000000	71.148968	71.148968	71.148968	4.093614	0.469525
-151.025604	22.659599	153.190000	-4.530000	97.129808	68.000000	71.182734	71.182734	71.182734	4.095111	0.492569
-150.525604	23.159599	153.190000	-4.530000	113.323709	63.000000	71.217824	71.217824	71.217824	4.091585	0.509016
-150.025604	23.659599	153.190000	-4.530000	129.410836	56.000000	71.254071	71.254071	71.254071	4.086913	0.518778
-149.525604	24.159599	153.190000	-4.530000	145.577682	47.000000	71.291313	71.291313	71.291313	4.083203	0.521563
-149.025604	24.659599	153.190000	-4.530000	161.608208	38.000000	71.229392	71.229392	71.229392	4.082460	0.417569
-156.755997	21.136000	153.190000	-4.530000	-52.116820	86.000000	68.267495	68.267495	68.367495	4.090624	-0.011212
-153.967499	14.731300	153.190000	-4.530000	-40.078056	40.000000	74.357179	74.357179	74.357179	4.104783	0.469152
-159.525604	14.659600	153.190000	-4.530000	-180.342111	23.000000	71.836483	71.836483	71.836483	4.087193	0.510854
-159.025604	15.159600	153.190000	-4.530000	-163.722126	35.000000	71.626633	71.626633	71.626633	4.088636	0.430621
-158.525604	15.659600	153.190000	-4.530000	-146.718695	48.000000	71.621556	71.621556	71.621556	4.092216	0.544463
-158.025604	16.159599	153.190000	-4.530000	-130.307855	63.000000	71.320962	71.320962	71.320962	4.094404	0.352449
-157.525604	16.659599	153.190000	-4.530000	-113.331100	77.000000	71.324567	71.324567	71.324567	4.093308	0.454506
-157.025604	17.159599	153.190000	-4.530000	-96.846161	78.000000	71.032101	71.032101	71.032101	4.089907	0.250492
-156.525604	17.659599	153.190000	-4.530000	-80.128449	82.000000	70.943306	70.943306	70.943306	4.087569	0.240467
-156.025604	18.159599	153.190000	-4.530000	-63.629890	87.000000	70.757931	70.657931	70.757931	4.085862	0.124357
-155.525604	18.659599	153.190000	-4.530000	-46.984951	92.000000	70.575735	70.575735	70.575735	4.087265	0.002024
-155.025604	19.159599	153.190000	-4.530000	-29.833031	97.000000	70.496487	70.496487	70.596487	4.086634	-0.026480
-154.525604	19.659599	153.190000	-4.530000	-13.546556	93.000000	70.519963	70.519963	70.519963	4.088952	0.038769
-154.025604	20.159599	153.190000	-4.530000	3.266037	88.000000	70.445948	70.445948	70.545948	4.092326	-0.002364
-153.525604	20.659599	153.190000	-4.530000	19.631009	83.000000	70.574233	70.574233	70.574233	4.096142	0.150166
-153.025604	21.159599	153.190000	-4.530000	36.427917	76.000000	70.604618	70.604618	70.704618	4.099394	0.196281
-152.525604	21.659599	153.190000	-4.530000	52.611349	73.000000	70.736911	70.736911	70.736911	4.097312	0.335850
-152.025604	22.159599	153.190000	-4.530000	68.905889	70.000000	70.870922	70.870922	70.870922	4.095399	0.468911
-151.525604	22.659599	153.190000	-4.530000	85.240711	68.000000	70.906472	70.906472	70.906472	4.093506	0.495385
-151.025604	23.159599	153.190000	-4.530000	101.434068	68.000000	70.943385	70.943385	70.943385	4.093667	0.515142
-150.525604	23.659599	153.190000	-4.530000	117.587506	63.000000	70.981492	70.981492	70.981492	4.087618	0.528216
-150.025604	24.159599	153.190000	-4.530000	133.656751	56.000000	70.920629	70.920629	70.920629	4.086361	0.434526
-149.525604	24.659599	153.190000	-4.530000	149.919196	47.000000	71.060637	71.060637	71.060637	4.082069	0.533946
-149.025604	25.159599	153.190000	-4.530000	165.960245	35.000000	71.001363	71.001363	71.101363	4.079963	0.426502
-156.658005	20.891001	153.190000	-4.530000	-52.321203	87.000000	68.485333	68.485333	68.485333	4.088340	-0.009231
-153.902405	19.979099	153.190000	-4.530000	4.574340	88.000000	70.693660	70.693660	70.693660	4.090964	0.069702
-159.525604	15.159600	153.190000	-4.530000	-176.042949	29.000000	71.425224	71.425224	71.425224	4.087687	0.486673
-159.025604	15.659600	153.190000	-4.530000	-159.382746	41.000000	71.221144	71.221144	71.221144	4.089462	0.403376
-158.525604	16.159599	153.190000	-4.530000	-142.398063	55.000000	71.221632	71.121632	71.221632	4.093071	0.514249
-158.025604	16.659599	153.190000	-4.530000	-125.927675	70.000000	71.026398	70.926398	71.026398	4.093815	0.419298
-157.525604	17.159599	153.190000	-4.530000	-108.994633	78.000000	70.835169	70.835169	70.835169	4.091173	0.318226
-157.025604	17.659599	153.190000	-4.530000	-92.455920	80.000000	70.647680	70.647680	70.647680	4.087909	0.211171
-156.525604	18.159599	153.190000	-4.530000	-75.774542	85.000000	70.463678	70.463678	70.463678	4.085365	0.098134
-156.025604	18.659599	153.190000	-4.530000	-59.152973	87.000000	70.382917	70.282917	70.382917	4.084594	0.078830
-155.525604	19.159599	153.190000	-4.530000	-42.238203	93.000000	70.205163	70.205163	70.305163	4.086147	-0.046618
-155.025604	19.659599	153.190000	-4.530000	-25.276235	96.000000	70.230188	70.230188	70.230188	4.087379	0.021790
-154.525604	20.159599	153.190000	-4.530000	-8.962995	89.000000	70.257774	70.257774	70.257774	4.091090	0.083776
-154.025604	20.659599	153.190000	-4.530000	7.806577	85.000000	70.287710	70.287710	70.287710	4.094904	0.139453
-153.525604	21.159599	153.190000	-4.530000	24.152578	79.000000	70.419794	70.419794	70.419794	4.100129	0.288816
-153.025604	21.659599	153.190000	-4.530000	40.820522	76.000000	70.453828	70.453828	70.453828	4.101223	0.331598
-152.525604	22.159599	153.190000	-4.530000	56.974560	72.000000	70.589624	70.589624	70.589624	4.097833	0.467902
-152.025604	22.659599	153.190000	-4.530000	73.256377	70.000000	70.626998	70.626998	70.626998	4.095645	0.497717
-151.525604	23.159599	153.190000	-4.530000	89.598091	68.000000	70.665773	70.665773	70.665773	4.092314	0.520786
-151.025604	23.659599	153.190000	-4.530000	105.771264	68.000000	70.705778	70.705778	70.705778	4.090035	0.537202
-150.525604	24.159599	153.190000	-4.530000	121.913982	63.000000	70.646848	70.646848	70.746848	4.086922	0.446951
-150.025604	24.659599	153.190000	-4.530000	138.024357	56.000000	70.788821	70.688821	70.788821	4.083892	0.549783
-149.525604	25.159599	153.190000	-4.530000	154.416703	43.000000	70.731544	70.731544	70.831544	4.081752	0.445784
-149.025604	25.659599	153.190000	-4.530000	170.451890	31.000000	70.874865	70.774865	70.874865	4.079736	0.534938
-156.510101	19.477699	153.190000	-4.530000	-63.262868	88.000000	69.453546	69.453546	69.453546	4.082325	-0.045145
-153.868195	17.315399	153.190000	-4.530000	-17.627934	82.000000	72.415761	72.415761	72.415761	4.092118	0.136378
-159.525604	15.659600	153.190000	-4.530000	-171.663901	34.000000	71.016800	71.016800	71.016800	4.088822	0.462048
-159.025604	16.159599	153.190000	-4.530000	-154.937676	46.000000	70.818421	70.818421	70.918421	4.089903	0.375943
-158.525604	16.659599	153.190000	-4.530000	-138.100096	60.000000	70.724400	70.724400	70.724400	4.094972	0.383722
-158.025604	17.159599	153.190000	-4.530000	-121.390322	72.000000	70.534458	70.534458	70.534458	4.092740	0.285679
-157.525604	17.659599	153.190000	-4.530000	-104.649294	80.000000	70.448326	70.448326	70.448326	4.088321	0.281720
-157.025604	18.159599	153.190000	-4.530000	-87.858326	81.000000	70.265746	70.165746	70.265746	4.084374	0.171506
-156.525604	18.659599	153.190000	-4.530000	-71.436974	86.000000	70.086469	70.086469	70.086469	4.083832	0.055310
-156.025604	19.159599	153.190000	-4.530000	-54.320043	91.000000	70.010256	70.010256	70.010256	4.083651	0.033037
-155.525604	19.659599	153.190000	-4.530000	-37.543843	96.000000	69.936878	69.936878	69.936878	4.086392	0.004363
-155.025604	20.159599	153.190000	-4.530000	-20.622174	93.000000	69.866112	69.866112	69.966112	4.089883	-0.030458
-154.525604	20.659599	153.190000	-4.530000	-4.349858	89.000000	69.997745	69.997745	69.997745	4.093856	0.128478
-154.025604	21.159599	153.190000	-4.530000	12.361920	82.000000	70.031572	70.031572	70.131572	4.100569	0.180860
-153.525604	21.659599	153.190000	-4.530000	28.664476	78.000000	70.267392	70.167392	70.267392	4.103092	0.426923
-153.025604	22.159599	153.190000	-4.530000	45.222506	73.000000	70.305015	70.305015	70.305015	4.101935	0.466573
-152.525604	22.659599	153.190000	-4.530000	61.413515	71.000000	70.444255	70.444255	70.444255	4.097286	0.599510
-152.025604	23.159599	153.190000	-4.530000	77.709092	68.000000	70.484933	70.384933	70.484933	4.093810	0.625953
-151.525604	23.659599	153.190000	-4.530000	93.990168	69.000000	70.426877	70.426877	70.426877	4.089831	0.545807
-151.025604	24.159599	153.190000	-4.530000	110.212119	69.000000	70.469918	70.369918	70.469918	4.087501	0.558783
-150.525604	24.659599	153.190000	-4.530000	126.376398	64.000000	70.513896	70.413896	70.513896	4.085253	0.565086
-150.025604	25.159599	153.190000	-4.530000	142.553538	51.000000	70.558652	70.558652	70.558652	4.083766	0.564622
-149.525604	25.659599	153.190000	-4.530000	158.997509	38.000000	70.504036	70.504036	70.504036	4.081849	0.457111
-149.025604	26.159599	153.190000	-4.530000	175.067062	27.000000	70.449900	70.449900	70.549900	4.079437	0.342744
-156.465103	18.775000	153.190000	-4.530000	-69.007054	84.000000	69.977620	69.977620	70.077620	4.083444	-0.010047
-153.700806	17.297501	153.190000	-4.530000	-13.786306	83.000000	72.494210	72.494210	72.494210	4.092389	0.121995
-159.525604	16.159599	153.190000	-4.530000	-167.159172	38.000000	70.611236	70.611236	70.611236	4.089342	0.437216
-159.025604	16.659599	153.190000	-4.530000	-150.531646	50.000000	70.518482	70.518482	70.518482	4.090923	0.448052
-158.525604	17.159599	153.190000	-4.530000	-133.574211	62.000000	70.329881	70.329881	70.329881	4.093824	0.352896
-158.025604	17.659599	153.190000	-4.530000	-116.980805	71.000000	70.245159	70.145159	70.245159	4.088343	0.351816
-157.525604	18.159599	153.190000	-4.530000	-100.031172	80.000000	69.964054	69.964054	69.964054	4.085544	0.144732
-157.025604	18.659599	153.190000	-4.530000	-83.313615	83.000000	69.786313	69.786313	69.786313	4.082263	0.031509
-156.525604	19.159599	153.190000	-4.530000	-66.756018	91.000000	69.711693	69.711693	69.711693	4.083030	0.012204
-156.025604	19.659599	153.190000	-4.530000	-49.435184	95.000000	69.639961	69.639961	69.639961	4.083575	-0.013261
-155.525604	20.159599	153.190000	-4.530000	-32.783487	97.000000	69.670893	69.670893	69.670893	4.088475	0.054978
-155.025604	20.659599	153.190000	-4.530000	-15.932143	90.000000	69.704271	69.604271	69.704271	4.092817	0.116975
-154.525604	21.159599	153.190000	-4.530000	0.268173	84.000000	69.839886	69.839886	69.839886	4.098945	0.272648
-154.025604	21.659599	153.190000	-4.530000	16.951949	80.000000	69.877539	69.877539	69.877539	4.104693	0.321866
-153.525604	22.159599	153.190000	-4.530000	33.197847	76.000000	70.017034	70.017034	70.017034	4.104922	0.464673
-153.025604	22.659599	153.190000	-4.530000	49.711653	73.000000	70.058185	70.058185	70.058185	4.102143	0.500988
-152.525604	23.159599	153.190000	-4.530000	65.951597	69.000000	70.200810	70.200810	70.200810	4.096473	0.630682
-152.025604	23.659599	153.190000	-4.530000	82.251313	69.000000	70.144734	70.144734	70.144734	4.092581	0.553793
-151.525604	24.159599	153.190000	-4.530000	98.529493	69.000000	70.189788	70.189788	70.189788	4.087843	0.570240
-151.025604	24.659599	153.190000	-4.530000	114.756869	69.000000	70.235809	70.235809	70.235809	4.086952	0.579894
-150.525604	25.159599	153.190000	-4.530000	130.981530	59.000000	70.282639	70.282639	70.282639	4.085509	0.582790
-150.025604	25.659599	153.190000	-4.530000	147.222260	45.000000	70.330124	70.330124	70.330124	4.085061	0.578845
-149.525604	26.159599	153.190000	-4.530000	163.710102	33.000000	70.078116	70.078116	70.078116	4.079817	0.267933
-149.025604	26.659599	153.190000	-4.530000	179.760836	22.000000	70.126470	70.126470	70.126470	4.077751	0.250083
