-153.503204	19.495199	165.810000	60.860000	29.929256	64.000000	155.624824	155.524824	155.624824	4.103425	0.015126
-159.525604	16.659599	165.810000	60.860000	40.583451	32.000000	158.896326	158.896326	158.896326	4.113626	-0.115561
-158.525604	17.659599	165.810000	60.860000	24.824937	41.000000	157.867659	157.867659	157.867659	4.109301	-0.400057
-158.025604	18.159599	165.810000	60.860000	17.119187	48.000000	157.346863	157.346863	157.346863	4.105602	-0.546165
-157.525604	18.659599	165.810000	60.860000	9.698939	54.000000	157.121820	157.021820	157.121820	4.103602	-0.394804
-157.025604	19.159599	165.810000	60.860000	2.418846	59.000000	156.892578	156.892578	156.892578	4.098279	-0.245871
-156.525604	19.659599	165.810000	60.860000	-4.960324	56.000000	156.659188	156.659188	156.659188	4.092970	-0.099548
-156.025604	20.159599	165.810000	60.860000	-12.279287	59.000000	156.321700	156.321700	156.321700	4.091849	-0.055735
-155.525604	20.659599	165.810000	60.860000	-19.805229	63.000000	155.980170	155.880170	155.980170	4.091187	-0.014317
-155.025604	21.159599	165.810000	60.860000	-27.257668	64.000000	155.534653	155.534653	155.534653	4.095871	-0.075487
-154.525604	21.659599	165.810000	60.860000	-34.204021	58.000000	154.985205	154.885205	154.985205	4.100248	-0.239148
-153.025604	23.159599	165.810000	60.860000	-53.940035	53.000000	153.113890	153.113890	153.113890	4.113375	-0.944811
-152.525604	23.659599	165.810000	60.860000	-60.254271	51.000000	152.749336	152.749336	152.749336	4.113107	-0.918191
-151.025604	25.159599	165.810000	60.860000	-78.873446	46.000000	151.534262	151.534262	151.534262	4.112319	-0.953143
-150.525604	25.659599	165.810000	60.860000	-84.958994	34.000000	151.155664	151.155664	151.155664	4.112568	-0.936316
-150.025604	26.159599	165.810000	60.860000	-91.014047	22.000000	150.873734	150.873734	150.873734	4.110963	-0.821921
-149.525604	26.659599	165.810000	60.860000	-96.754360	14.000000	150.388546	150.388546	150.388546	4.111037	-0.909771
-156.206604	16.162001	165.810000	60.860000	85.161875	44.000000	157.146945	157.146945	157.146945	4.113868	-0.590979
-153.295898	18.800900	165.810000	60.860000	49.470771	57.000000	155.863788	155.863788	155.863788	4.104376	0.097867
-159.525604	17.159599	165.810000	60.860000	27.887179	31.000000	158.663161	158.663161	158.663161	4.112437	-0.200168
-159.025604	17.659599	165.810000	60.860000	20.008005	38.000000	158.146047	158.146047	158.146047	4.109944	-0.341992
-158.525604	18.159599	165.810000	60.860000	12.174795	42.000000	157.524551	157.524551	157.524551	4.104750	-0.586348
-157.025604	19.659599	165.810000	60.860000	-10.105251	57.000000	156.834231	156.834231	156.834231	4.094033	-0.134675
-156.525604	20.159599	165.810000	60.860000	-17.391684	58.000000	156.495676	156.495676	156.495676	4.092870	-0.089211
-155.025604	21.659599	165.810000	60.860000	-39.518083	61.000000	155.255413	155.155413	155.255413	4.098489	-0.167584
-154.525604	22.159599	165.810000	60.860000	-46.433095	55.000000	154.600648	154.600648	154.600648	4.101835	-0.431958
-154.025604	22.659599	165.810000	60.860000	-53.013764	54.000000	154.041977	154.041977	154.041977	4.106868	-0.598808
-153.025604	23.659599	165.810000	60.860000	-65.959213	51.000000	152.913171	152.913171	152.913171	4.111784	-0.939961
-152.525604	24.159599	165.810000	60.860000	-72.172841	50.000000	152.543165	152.543165	152.543165	4.111121	-0.914156
-152.025604	24.659599	165.810000	60.860000	-78.587169	50.000000	152.169515	152.169515	152.169515	4.110908	-0.890892
-151.025604	25.659599	165.810000	60.860000	-90.791458	38.000000	151.311561	151.311561	151.311561	4.111631	-0.951371
-150.025604	26.659599	165.810000	60.860000	-102.750389	18.000000	150.539885	150.539885	150.539885	4.110482	-0.921564
-149.025604	14.659600	165.810000	60.860000	196.863288	15.000000	155.759290	155.759290	155.859290	4.116388	0.247896
-153.292099	20.892599	165.810000	60.860000	-2.137507	58.000000	154.722986	154.722986	154.822986	4.104085	-0.310864
-159.525604	17.659599	165.810000	60.860000	15.341072	30.000000	158.526808	158.526808	158.526808	4.111488	-0.184396
-159.025604	18.159599	165.810000	60.860000	7.311002	36.000000	157.804653	157.804653	157.804653	4.105334	-0.527104
-158.525604	18.659599	165.810000	60.860000	-0.328339	45.000000	157.378070	157.378070	157.378070	4.103343	-0.572357
-157.025604	20.159599	165.810000	60.860000	-22.521136	55.000000	156.672219	156.672219	156.672219	4.093442	-0.123199
-156.525604	20.659599	165.810000	60.860000	-29.811090	60.000000	156.328402	156.328402	156.328402	4.092727	-0.078476
-155.025604	22.159599	165.810000	60.860000	-51.824469	59.000000	154.972108	154.872108	154.972108	4.100921	-0.259273
-154.525604	22.659599	165.810000	60.860000	-58.552651	55.000000	154.311923	154.311923	154.311923	4.103747	-0.524484
-153.525604	23.659599	165.810000	60.860000	-71.629747	52.000000	153.079790	153.079790	153.079790	4.111118	-0.962274
-153.025604	24.159599	165.810000	60.860000	-77.889810	50.000000	152.707973	152.707973	152.707973	4.110505	-0.934835
-152.525604	24.659599	165.810000	60.860000	-84.269658	47.000000	152.332411	152.332411	152.332411	4.109895	-0.909854
-151.525604	25.659599	165.810000	60.860000	-96.625251	40.000000	151.470333	151.470333	151.470333	4.110375	-0.967074
-151.025604	26.159599	165.810000	60.860000	-102.802334	32.000000	151.183960	151.183960	151.183960	4.108180	-0.849337
-149.525604	14.659600	165.810000	60.860000	191.583995	17.000000	155.888687	155.888687	155.988687	4.110524	0.210217
-149.025604	15.159600	165.810000	60.860000	184.543131	20.000000	155.609173	155.609173	155.609173	4.115382	0.236972
-155.996994	20.771000	165.810000	60.860000	-27.311272	59.000000	156.159728	156.159728	156.159728	4.091863	0.012672
-153.290604	17.906200	165.810000	60.860000	71.975259	56.000000	156.225415	156.125415	156.225415	4.108522	0.169588
-159.525604	18.159599	165.810000	60.860000	2.639610	27.000000	158.187176	158.187176	158.187176	4.107427	-0.368344
-159.025604	18.659599	165.810000	60.860000	-5.213624	37.000000	157.659883	157.559883	157.659883	4.105302	-0.511939
-158.525604	19.159599	165.810000	60.860000	-12.707966	45.000000	157.428115	157.428115	157.428115	4.104438	-0.357968
-157.025604	20.659599	165.810000	60.860000	-34.910351	57.000000	156.506435	156.506435	156.606435	4.093334	-0.111319
-156.525604	21.159599	165.810000	60.860000	-42.407708	60.000000	156.157253	156.157253	156.157253	4.092338	-0.067467
-155.025604	22.659599	165.810000	60.860000	-64.027173	56.000000	154.584619	154.584619	154.684619	4.102660	-0.450692
-154.525604	23.159599	165.810000	60.860000	-70.581232	53.000000	154.018908	154.018908	154.018908	4.106361	-0.616745
-154.025604	23.659599	165.810000	60.860000	-77.272611	51.000000	153.349219	153.349219	153.349219	4.110859	-0.885127
-153.525604	24.159599	165.810000	60.860000	-83.598779	49.000000	152.875616	152.875616	152.875616	4.110278	-0.956060
-153.025604	24.659599	165.810000	60.860000	-89.925129	49.000000	152.498166	152.498166	152.498166	4.109009	-0.929448
-152.525604	25.159599	165.810000	60.860000	-96.363264	45.000000	152.116940	152.116940	152.116940	4.108132	-0.905128
-152.025604	25.659599	165.810000	60.860000	-102.448880	39.000000	151.632007	151.632007	151.632007	4.109468	-0.983335
-151.525604	26.159599	165.810000	60.860000	-108.631825	33.000000	151.343441	151.343441	151.343441	4.106297	-0.863978
-151.025604	26.659599	165.810000	60.860000	-114.622330	26.000000	150.951317	150.951317	150.951317	4.104865	-0.846874
-149.525604	15.159600	165.810000	60.860000	179.147652	23.000000	155.839582	155.739582	155.839582	4.112597	0.300464
-149.025604	15.659600	165.810000	60.860000	172.276142	23.000000	155.356361	155.356361	155.456361	4.117763	0.126478
-155.772995	19.079000	165.810000	60.860000	17.317299	58.000000	156.602309	156.502309	156.602309	4.093874	-0.043246
-152.981201	18.301800	165.810000	60.860000	65.181079	56.000000	155.877326	155.877326	155.977326	4.106991	0.065451
-159.525604	18.659599	165.810000	60.860000	-9.901076	28.000000	157.944165	157.944165	157.944165	4.106857	-0.452002
-158.525604	19.659599	165.810000	60.860000	-25.263501	51.000000	157.174582	157.174582	157.174582	4.099289	-0.443307
-157.025604	21.159599	165.810000	60.860000	-47.469054	54.000000	156.336766	156.336766	156.336766	4.091874	-0.099170
-156.525604	21.659599	165.810000	60.860000	-54.947158	60.000000	155.982116	155.982116	155.982116	4.092736	-0.056181
-155.025604	23.159599	165.810000	60.860000	-76.064199	55.000000	154.292821	154.292821	154.292821	4.104555	-0.541841
-154.525604	23.659599	165.810000	60.860000	-82.853675	49.000000	153.621477	153.621477	153.621477	4.108331	-0.808599
-154.025604	24.159599	165.810000	60.860000	-89.293161	47.000000	153.146117	153.146117	153.146117	4.110112	-0.877816
-153.525604	24.659599	165.810000	60.860000	-95.565173	49.000000	152.666806	152.666806	152.666806	4.109095	-0.949584
-153.025604	25.159599	165.810000	60.860000	-102.111781	47.000000	152.283615	152.283615	152.283615	4.107878	-0.923644
-152.525604	25.659599	165.810000	60.860000	-108.252253	39.000000	151.796614	151.796614	151.796614	4.107785	-1.000145
-152.025604	26.159599	165.810000	60.860000	-114.444303	34.000000	151.505875	151.505875	151.505875	4.105056	-0.879173
-151.525604	26.659599	165.810000	60.860000	-120.503672	28.000000	151.111473	151.111473	151.111473	4.102208	-0.860456
-150.525604	14.659600	165.810000	60.860000	181.198249	24.000000	156.353309	156.353309	156.353309	4.105863	0.332792
-149.525604	15.659600	165.810000	60.860000	166.783940	26.000000	155.687769	155.587769	155.687769	4.118709	0.291136
-149.025604	16.159599	165.810000	60.860000	160.131910	27.000000	155.000782	155.000782	155.100782	4.122185	-0.083484
-152.765793	25.592800	165.810000	60.860000	-109.434592	44.000000	152.011914	152.011914	152.011914	4.106655	-0.903727
-159.525604	19.159599	165.810000	60.860000	-22.394313	29.000000	157.897675	157.897675	157.897675	4.107109	-0.335291
-158.525604	20.159599	165.810000	60.860000	-37.725246	50.000000	157.117366	157.117366	157.117366	4.097382	-0.328382
-158.025604	20.659599	165.810000	60.860000	-45.192050	55.000000	156.870400	156.870400	156.870400	4.093960	-0.178666
-157.025604	21.659599	165.810000	60.860000	-59.958750	55.000000	156.163098	156.163098	156.163098	4.089539	-0.086760
-156.525604	22.159599	165.810000	60.860000	-67.534687	58.000000	155.702872	155.702872	155.702872	4.092652	-0.144504
-156.025604	22.659599	165.810000	60.860000	-74.757872	58.000000	155.138338	155.138338	155.138338	4.097064	-0.304739
-155.525604	23.159599	165.810000	60.860000	-81.496826	51.000000	154.569556	154.569556	154.569556	4.101611	-0.467458
-155.025604	23.659599	165.810000	60.860000	-88.366022	50.000000	153.996589	153.996589	153.996589	4.106711	-0.632590
-154.525604	24.159599	165.810000	60.860000	-94.931992	50.000000	153.319500	153.319500	153.319500	4.109693	-0.900190
-153.025604	25.659599	165.810000	60.860000	-114.016291	43.000000	152.064181	152.064181	152.064181	4.105914	-0.917586
-152.525604	26.159599	165.810000	60.860000	-120.199328	34.000000	151.671291	151.671291	151.671291	4.105008	-0.894916
-150.525604	15.159600	165.810000	60.860000	168.642552	33.000000	156.106328	156.106328	156.106328	4.109049	0.225387
-150.025604	15.659600	165.810000	60.860000	161.436114	35.000000	155.821182	155.721182	155.821182	4.115855	0.255086
-149.525604	16.159599	165.810000	60.860000	154.554755	32.000000	155.433175	155.333175	155.433175	4.123439	0.182333
-149.025604	16.659599	165.810000	60.860000	147.999429	30.000000	154.642359	154.642359	154.742359	4.126596	-0.293030
-152.132401	18.481400	165.810000	60.860000	69.378890	53.000000	155.346823	155.346823	155.446823	4.113299	-0.093023
-159.525604	19.659599	165.810000	60.860000	-34.911129	27.000000	157.747602	157.747602	157.747602	4.104537	-0.318318
-158.525604	20.659599	165.810000	60.860000	-50.219706	50.000000	157.056356	156.956356	157.056356	4.094628	-0.213067
-157.525604	21.659599	165.810000	60.860000	-64.945990	52.000000	156.446813	156.446813	156.446813	4.089333	-0.017913
-157.025604	22.159599	165.810000	60.860000	-72.590373	54.000000	155.885311	155.885311	155.885311	4.090672	-0.173952
-156.525604	22.659599	165.810000	60.860000	-79.976877	54.000000	155.419398	155.419398	155.519398	4.094395	-0.232572
-155.525604	23.659599	165.810000	60.860000	-93.796795	49.000000	154.274574	154.274574	154.274574	4.104250	-0.557097
-155.025604	24.159599	165.810000	60.860000	-100.514451	49.000000	153.595789	153.595789	153.595789	4.109354	-0.823087
-154.525604	24.659599	165.810000	60.860000	-106.838062	49.000000	153.112842	153.112842	153.112842	4.108923	-0.891534
-153.025604	26.159599	165.810000	60.860000	-125.938556	35.000000	151.839718	151.839718	151.839718	4.105283	-0.911285
-152.525604	26.659599	165.810000	60.860000	-132.170811	28.000000	151.440823	151.440823	151.440823	4.102411	-0.889268
-150.525604	15.659600	165.810000	60.860000	156.179789	41.000000	155.856614	155.856614	155.956614	4.112987	0.118396
-150.025604	16.159599	165.810000	60.860000	149.070287	40.000000	155.567607	155.567607	155.667607	4.117814	0.147442
-149.525604	16.659599	165.810000	60.860000	142.338018	37.000000	155.175723	155.175723	155.175723	4.124945	0.073940
-149.025604	17.159599	165.810000	60.860000	135.893990	31.000000	154.381015	154.381015	154.381015	4.127337	-0.402167
-151.686600	14.689100	165.810000	60.860000	168.385864	27.000000	156.884856	156.884856	156.884856	4.101521	0.462248
-159.525604	20.159599	165.810000	60.860000	-47.368689	26.000000	157.693837	157.693837	157.693837	4.102473	-0.201073
-158.525604	21.159599	165.810000	60.860000	-62.666880	45.000000	156.891438	156.891438	156.891438	4.092077	-0.197497
-158.025604	21.659599	165.810000	60.860000	-69.961855	49.000000	156.733273	156.733273	156.733273	4.091475	0.050444
-157.525604	22.159599	165.810000	60.860000	-77.608699	52.000000	156.170536	156.170536	156.170536	4.090489	-0.103987
-157.025604	22.659599	165.810000	60.860000	-85.091086	52.000000	155.703281	155.603281	155.703281	4.094533	-0.160894
-156.525604	23.159599	165.810000	60.860000	-92.218881	52.000000	155.231567	155.231567	155.231567	4.098522	-0.220381
-156.025604	23.659599	165.810000	60.860000	-99.169359	49.000000	154.555454	154.555454	154.655454	4.102761	-0.482205
-155.525604	24.159599	165.810000	60.860000	-106.004385	48.000000	153.975005	153.975005	153.975005	4.106767	-0.646489
-155.025604	24.659599	165.810000	60.860000	-112.447755	50.000000	153.390286	153.390286	153.390286	4.109069	-0.813333
-154.525604	25.159599	165.810000	60.860000	-119.047483	46.000000	152.901363	152.901363	152.901363	4.108688	-0.882476
-153.025604	26.659599	165.810000	60.860000	-137.928723	28.000000	151.610079	151.610079	151.610079	4.103968	-0.904572
-152.025604	14.659600	165.810000	60.860000	165.556355	27.000000	156.965011	156.965011	156.965011	4.108236	0.411788
-150.525604	16.159599	165.810000	60.860000	143.730475	46.000000	155.804093	155.704093	155.804093	4.116593	0.211915
-149.525604	17.159599	165.810000	60.860000	130.200666	38.000000	154.815335	154.815335	154.815335	4.127381	-0.134050
-149.025604	17.659599	165.810000	60.860000	123.804520	33.000000	154.116672	154.116672	154.116672	4.128320	-0.510789
-151.637604	16.737801	165.810000	60.860000	117.743798	52.000000	155.911876	155.911876	155.911876	4.118369	0.100545
-159.525604	20.659599	165.810000	60.860000	-60.021849	29.000000	157.436270	157.436270	157.436270	4.097251	-0.283465
-158.525604	21.659599	165.810000	60.860000	-74.994030	44.000000	156.922493	156.922493	156.922493	4.091210	0.018318
-158.025604	22.159599	165.810000	60.860000	-82.593187	48.000000	156.458561	156.458561	156.458561	4.089067	-0.034495
-157.525604	22.659599	165.810000	60.860000	-90.127528	52.000000	155.890004	155.890004	155.890004	4.092034	-0.189800
-157.025604	23.159599	165.810000	60.860000	-97.459237	49.000000	155.416880	155.416880	155.416880	4.096952	-0.247593
-156.525604	23.659599	165.810000	60.860000	-104.469068	50.000000	154.939248	154.939248	154.939248	4.101349	-0.307806
-156.025604	24.159599	165.810000	60.860000	-111.417239	47.000000	154.257171	154.257171	154.357171	4.103923	-0.570491
-155.525604	24.659599	165.810000	60.860000	-118.033119	48.000000	153.670712	153.670712	153.670712	4.108642	-0.735644
-155.025604	25.159599	165.810000	60.860000	-124.594362	47.000000	153.079938	153.079938	153.079938	4.111039	-0.903184
-154.525604	25.659599	165.810000	60.860000	-131.089353	41.000000	152.684918	152.684918	152.684918	4.108466	-0.873175
-152.525604	14.659600	165.810000	60.860000	160.291421	29.000000	157.006233	157.006233	157.006233	4.114001	0.270204
-152.025604	15.159600	165.810000	60.860000	153.113938	34.000000	156.821471	156.721471	156.821471	4.110223	0.407922
-150.525604	16.659599	165.810000	60.860000	131.293654	47.000000	155.648686	155.548686	155.648686	4.121733	0.205834
-150.025604	17.159599	165.810000	60.860000	124.561092	43.000000	155.151764	155.151764	155.251764	4.127033	0.033363
-149.525604	17.659599	165.810000	60.860000	118.097661	38.000000	154.551933	154.551933	154.551933	4.129326	-0.241532
-149.025604	18.159599	165.810000	60.860000	111.725332	33.000000	153.849248	153.849248	153.849248	4.129113	-0.619016
-155.636200	22.299900	165.810000	60.860000	-61.765374	56.000000	155.193862	155.193862	155.193862	4.098451	-0.230206
-150.914993	18.914200	165.810000	60.860000	72.257355	51.000000	154.582694	154.582694	154.582694	4.120857	-0.278967
-159.525604	21.159599	165.810000	60.860000	-72.509340	29.000000	157.374784	157.374784	157.374784	4.095538	-0.165613
-159.025604	21.659599	165.810000	60.860000	-79.998640	36.000000	157.114485	157.114485	157.114485	4.091796	-0.014359
-158.525604	22.159599	165.810000	60.860000	-87.576411	44.000000	156.649400	156.649400	156.649400	4.088213	-0.065482
-157.025604	23.659599	165.810000	60.860000	-109.723660	48.000000	155.125976	155.125976	155.125976	4.100439	-0.333901
-156.525604	24.159599	165.810000	60.860000	-116.745391	49.000000	154.642306	154.642306	154.642306	4.103817	-0.394993
-155.025604	25.659599	165.810000	60.860000	-136.666197	41.000000	152.864599	152.864599	152.864599	4.111370	-0.892801
-154.525604	26.159599	165.810000	60.860000	-143.065452	34.000000	152.463359	152.463359	152.463359	4.108753	-0.863645
-154.025604	26.659599	165.810000	60.860000	-149.363302	26.000000	151.957904	151.957904	151.957904	4.108869	-0.936757
-153.025604	14.659600	165.810000	60.860000	155.078791	27.000000	157.049468	157.049468	157.049468	4.115363	0.127952
-152.525604	15.159600	165.810000	60.860000	147.890538	34.000000	156.863910	156.863910	156.863910	4.116341	0.267522
-152.025604	15.659600	165.810000	60.860000	140.720154	41.000000	156.575165	156.575165	156.575165	4.113245	0.304453
-151.525604	16.159599	165.810000	60.860000	133.367181	47.000000	156.083284	156.083284	156.083284	4.116670	0.138923
-150.525604	17.159599	165.810000	60.860000	119.037675	50.000000	155.490317	155.390317	155.490317	4.125047	0.200145
-149.525604	18.159599	165.810000	60.860000	106.042425	39.000000	154.185433	154.185433	154.185433	4.129902	-0.448624
-149.025604	18.659599	165.810000	60.860000	99.772187	33.000000	153.478660	153.478660	153.478660	4.127885	-0.826857
-158.760193	18.564699	165.810000	60.860000	-0.246788	42.000000	157.497631	157.497631	157.497631	4.103803	-0.586989
-149.000900	16.989000	165.810000	60.860000	140.307114	30.000000	154.544188	154.444188	154.544188	4.128195	-0.283161
-159.525604	21.659599	165.810000	60.860000	-84.897431	30.000000	157.409260	157.409260	157.409260	4.095051	0.052495
-159.025604	22.159599	165.810000	60.860000	-92.506128	35.000000	156.943068	156.943068	156.943068	4.089485	0.002962
-158.525604	22.659599	165.810000	60.860000	-100.015678	44.000000	156.472032	156.472032	156.472032	4.091113	-0.049046
-157.025604	24.159599	165.810000	60.860000	-122.016550	46.000000	154.830432	154.830432	154.930432	4.103476	-0.419976
-156.525604	24.659599	165.810000	60.860000	-128.981477	47.000000	154.340600	154.340600	154.340600	4.107685	-0.481940
-155.025604	26.159599	165.810000	60.860000	-148.662737	33.000000	152.644119	152.644119	152.644119	4.112076	-0.882188
-154.525604	26.659599	165.810000	60.860000	-154.997692	24.000000	152.136531	152.136531	152.136531	4.112886	-0.953719
-153.025604	15.159600	165.810000	60.860000	142.684532	34.000000	157.008399	157.008399	157.008399	4.115224	0.226458
-152.525604	15.659600	165.810000	60.860000	135.541786	44.000000	156.718812	156.718812	156.818812	4.115285	0.265229
-152.025604	16.159599	165.810000	60.860000	128.227110	50.000000	156.326017	156.326017	156.326017	4.114922	0.201475
-151.025604	17.159599	165.810000	60.860000	113.654781	53.000000	155.531010	155.531010	155.631010	4.121037	0.066304
-150.525604	17.659599	165.810000	60.860000	106.822826	52.000000	155.228902	155.128902	155.228902	4.126782	0.094951
-149.525604	18.659599	165.810000	60.860000	94.099604	39.000000	153.815751	153.815751	153.815751	4.128309	-0.655335
-149.025604	19.159599	165.810000	60.860000	87.717289	32.000000	153.304820	153.304820	153.304820	4.128983	-0.834198
-158.185394	22.620199	165.810000	60.860000	-95.671154	49.000000	156.290707	156.290707	156.290707	4.090524	-0.094215
-154.983002	19.601000	165.810000	60.860000	12.308651	67.000000	156.132028	156.132028	156.232028	4.093764	-0.017654
-159.525604	22.159599	165.810000	60.860000	-97.388283	28.000000	157.239575	157.239575	157.239575	4.091488	0.070958
-159.025604	22.659599	165.810000	60.860000	-104.918116	34.000000	156.867366	156.867366	156.867366	4.094032	0.120533
-158.525604	23.159599	165.810000	60.860000	-112.690256	40.000000	156.090258	156.090258	156.090258	4.092394	-0.232382
-157.025604	24.659599	165.810000	60.860000	-134.329842	46.000000	154.630106	154.530106	154.630106	4.106811	-0.405827
-156.525604	25.159599	165.810000	60.860000	-141.036159	44.000000	154.033984	154.033984	154.033984	4.111067	-0.568508
-155.025604	26.659599	165.810000	60.860000	-160.597696	23.000000	152.418342	152.418342	152.418342	4.113724	-0.871183
-154.025604	14.659600	165.810000	60.860000	144.791873	28.000000	157.042021	157.042021	157.042021	4.119515	-0.258315
-153.525604	15.159600	165.810000	60.860000	137.501783	38.000000	156.954947	156.954947	156.954947	4.116611	-0.015199
-153.025604	15.659600	165.810000	60.860000	130.355799	42.000000	156.864544	156.864544	156.864544	4.114481	0.225346
-152.525604	16.159599	165.810000	60.860000	123.102806	51.000000	156.570861	156.570861	156.570861	4.114950	0.263424
-152.025604	16.659599	165.810000	60.860000	115.769751	54.000000	156.173948	156.173948	156.173948	4.114379	0.198878
-151.525604	17.159599	165.810000	60.860000	108.412447	54.000000	155.673858	155.673858	155.773858	4.118257	0.031784
-151.025604	17.659599	165.810000	60.860000	101.345154	55.000000	155.370644	155.270644	155.370644	4.120843	0.062259
-150.525604	18.159599	165.810000	60.860000	94.742845	52.000000	154.864359	154.864359	154.864359	4.127604	-0.109865
-149.525604	19.159599	165.810000	60.860000	82.058001	38.000000	153.542801	153.542801	153.542801	4.128536	-0.761552
-149.025604	19.659599	165.810000	60.860000	75.663525	28.000000	153.127641	153.127641	153.127641	4.129030	-0.841164
-158.179504	20.377800	165.810000	60.860000	-39.759495	53.000000	156.998696	156.998696	156.998696	4.095026	-0.217926
-154.797394	18.803101	165.810000	60.860000	34.093617	63.000000	156.342201	156.342201	156.342201	4.098372	-0.003704
-159.525604	22.659599	165.810000	60.860000	-109.857900	27.000000	157.065598	157.065598	157.165598	4.092378	0.089648
-158.525604	23.659599	165.810000	60.860000	-125.104289	41.000000	155.803941	155.803941	155.803941	4.098113	-0.315340
-157.025604	25.159599	165.810000	60.860000	-146.393805	42.000000	154.324851	154.324851	154.324851	4.111151	-0.491291
-156.525604	25.659599	165.810000	60.860000	-153.217168	40.000000	153.722308	153.722308	153.722308	4.114184	-0.654856
-154.525604	14.659600	165.810000	60.860000	139.684763	29.000000	157.091359	157.091359	157.091359	4.121579	-0.402385
-154.025604	15.159600	165.810000	60.860000	132.383575	38.000000	157.003567	156.903567	157.003567	4.117568	-0.157433
-153.525604	15.659600	165.810000	60.860000	125.183968	46.000000	156.912373	156.912373	156.912373	4.114677	0.084874
-153.025604	16.159599	165.810000	60.860000	117.937475	53.000000	156.717827	156.717827	156.717827	4.113212	0.224711
-152.525604	16.659599	165.810000	60.860000	110.717117	55.000000	156.319978	156.319978	156.319978	4.113582	0.161995
-152.025604	17.159599	165.810000	60.860000	103.300445	54.000000	155.918877	155.918877	155.918877	4.114502	0.096657
-151.525604	17.659599	165.810000	60.860000	96.012684	54.000000	155.514578	155.514578	155.514578	4.116941	0.028886
-151.025604	18.159599	165.810000	60.860000	89.218365	56.000000	155.007135	155.007135	155.107135	4.123016	-0.141414
-150.525604	18.659599	165.810000	60.860000	82.750495	50.000000	154.496602	154.496602	154.496602	4.127472	-0.314310
-149.525604	19.659599	165.810000	60.860000	69.976867	35.000000	153.266492	153.266492	153.266492	4.127588	-0.867401
-149.025604	20.159599	165.810000	60.860000	63.673281	28.000000	152.847032	152.847032	152.847032	4.125686	-0.947768
-159.525604	23.159599	165.810000	60.860000	-122.620962	26.000000	156.587198	156.587198	156.587198	4.092588	-0.191422
-158.525604	24.159599	165.810000	60.860000	-137.512103	40.000000	155.512942	155.512942	155.612942	4.099950	-0.398078
-158.025604	24.659599	165.810000	60.860000	-144.823979	43.000000	155.018343	154.918343	155.018343	4.102222	-0.455209
-157.025604	25.659599	165.810000	60.860000	-158.597314	39.000000	154.014514	154.014514	154.014514	4.115868	-0.576540
-156.525604	26.159599	165.810000	60.860000	-165.226183	34.000000	153.505416	153.405416	153.505416	4.115782	-0.640984
-156.025604	26.659599	165.810000	60.860000	-171.686269	27.000000	152.891621	152.891621	152.891621	4.119382	-0.807702
-154.525604	15.159600	165.810000	60.860000	127.270860	37.000000	157.054269	157.054269	157.054269	4.118412	-0.300309
-154.025604	15.659600	165.810000	60.860000	120.024756	46.000000	156.862312	156.862312	156.862312	4.114730	-0.156180
-152.525604	17.159599	165.810000	60.860000	98.238420	56.000000	156.166081	156.166081	156.166081	4.111685	0.160932
-152.025604	17.659599	165.810000	60.860000	90.814389	53.000000	155.760721	155.660721	155.760721	4.112862	0.094913
-150.525604	19.159599	165.810000	60.860000	70.737386	47.000000	154.125541	154.125541	154.125541	4.124484	-0.518274
-150.025604	19.659599	165.810000	60.860000	64.318918	40.000000	153.507635	153.507635	153.507635	4.126571	-0.794332
-149.525604	20.159599	165.810000	60.860000	57.935264	35.000000	153.086733	153.086733	153.086733	4.126617	-0.872891
-149.025604	20.659599	165.810000	60.860000	51.631565	26.000000	152.762897	152.762897	152.762897	4.124510	-0.853883
-159.525604	23.659599	165.810000	60.860000	-135.024268	23.000000	156.404236	156.404236	156.404236	4.099525	-0.172143
-158.525604	24.659599	165.810000	60.860000	-149.930274	39.000000	155.217114	155.217114	155.217114	4.100691	-0.480605
-157.525604	25.659599	165.810000	60.860000	-163.917545	34.000000	154.209910	154.209910	154.209910	4.113862	-0.598801
-157.025604	26.159599	165.810000	60.860000	-170.639118	33.000000	153.698938	153.698938	153.798938	4.120007	-0.661584
-156.525604	26.659599	165.810000	60.860000	-177.138762	27.000000	153.083145	153.083145	153.083145	4.123899	-0.826734
-155.025604	15.159600	165.810000	60.860000	122.181063	36.000000	157.107061	157.107061	157.107061	4.118831	-0.443754
-154.525604	15.659600	165.810000	60.860000	114.883332	44.000000	156.914369	156.914369	156.914369	4.114986	-0.297869
-154.025604	16.159599	165.810000	60.860000	107.648898	55.000000	156.818176	156.818176	156.818176	4.111261	-0.054458
-152.525604	17.659599	165.810000	60.860000	85.746172	57.000000	156.009088	156.009088	156.009088	4.110776	0.160344
-152.025604	18.159599	165.810000	60.860000	78.480263	55.000000	155.499395	155.499395	155.499395	4.113892	-0.006471
-150.525604	19.659599	165.810000	60.860000	58.685512	43.000000	153.851087	153.851087	153.851087	4.123949	-0.621880
-150.025604	20.159599	165.810000	60.860000	52.236353	39.000000	153.328764	153.328764	153.328764	4.126432	-0.798707
-149.525604	20.659599	165.810000	60.860000	45.917396	34.000000	152.903429	152.903429	152.903429	4.124638	-0.877900
-149.025604	21.159599	165.810000	60.860000	39.597757	26.000000	152.675142	152.675142	152.675142	4.124677	-0.759646
-157.700806	16.348400	165.810000	60.860000	65.559398	49.000000	157.748083	157.748083	157.748083	4.109821	-0.558968
-154.495895	18.401699	165.810000	60.860000	47.275414	57.000000	156.411852	156.311852	156.411852	4.100699	0.052503
-159.525604	24.159599	165.810000	60.860000	-147.573043	21.000000	156.016569	156.016569	156.016569	4.098108	-0.352654
-159.025604	24.659599	165.810000	60.860000	-154.953774	30.000000	155.519010	155.519010	155.519010	4.100353	-0.406548
-158.025604	25.659599	165.810000	60.860000	-169.156552	32.000000	154.508519	154.408519	154.508519	4.112413	-0.521532
-157.525604	26.159599	165.810000	60.860000	-176.003605	29.000000	153.995714	153.895714	153.995714	4.118252	-0.582748
-155.525604	15.159600	165.810000	60.860000	117.074874	36.000000	157.261954	157.261954	157.261954	4.118022	-0.487748
-155.025604	15.659600	165.810000	60.860000	109.735941	43.000000	156.968557	156.968557	156.968557	4.116961	-0.440123
-153.525604	17.159599	165.810000	60.860000	88.158075	62.000000	156.567099	156.567099	156.567099	4.109811	0.187589
-153.025604	17.659599	165.810000	60.860000	80.764584	59.000000	156.159692	156.159692	156.159692	4.109905	0.125116
-152.525604	18.159599	165.810000	60.860000	73.328860	59.000000	155.748910	155.748910	155.848910	4.110814	0.060110
-152.025604	18.659599	165.810000	60.860000	66.170918	56.000000	155.234809	155.234809	155.234809	4.114491	-0.107500
-151.525604	19.159599	165.810000	60.860000	59.492416	55.000000	154.717443	154.717443	154.817443	4.117517	-0.277513
-151.025604	19.659599	165.810000	60.860000	53.055133	49.000000	154.096869	154.096869	154.096869	4.120844	-0.550037
-150.525604	20.159599	165.810000	60.860000	46.573002	42.000000	153.573145	153.573145	153.573145	4.124486	-0.725138
-150.025604	20.659599	165.810000	60.860000	40.181739	38.000000	153.146329	153.146329	153.146329	4.125480	-0.802607
-157.627594	20.346100	165.810000	60.860000	-33.365404	57.000000	156.771791	156.771791	156.871791	4.094377	-0.215632
-154.482803	21.001900	165.810000	60.860000	-17.751556	59.000000	155.404817	155.304817	155.404817	4.097228	-0.048144
-159.525604	24.659599	165.810000	60.860000	-159.889972	21.000000	155.824049	155.824049	155.824049	4.100965	-0.332943
-159.025604	25.159599	165.810000	60.860000	-167.147007	27.000000	155.319810	155.319810	155.319810	4.106515	-0.387606
-158.025604	26.159599	165.810000	60.860000	-181.284123	28.000000	154.195766	154.095766	154.195766	4.119690	-0.604379
-157.525604	26.659599	165.810000	60.860000	-187.906229	24.000000	153.576092	153.576092	153.576092	4.124076	-0.766329
-155.525604	15.659600	165.810000	60.860000	104.582958	43.000000	157.124883	157.124883	157.124883	4.115793	-0.482934
-155.025604	16.159599	165.810000	60.860000	97.358548	47.000000	156.927158	156.927158	156.927158	4.113162	-0.336043
-154.025604	17.159599	165.810000	60.860000	83.062025	62.000000	156.620940	156.620940	156.620940	4.107241	0.050052
-153.525604	17.659599	165.810000	60.860000	75.766337	61.000000	156.312548	156.312548	156.412548	4.109271	0.089314
-153.025604	18.159599	165.810000	60.860000	68.304689	59.000000	156.000704	156.000704	156.000704	4.107410	0.126035
-152.025604	19.159599	165.810000	60.860000	53.951570	58.000000	154.966874	154.966874	154.966874	4.111586	-0.208064
-151.525604	19.659599	165.810000	60.860000	47.422213	55.000000	154.444999	154.444999	154.444999	4.115851	-0.378866
-151.025604	20.159599	165.810000	60.860000	40.948563	49.000000	153.819894	153.819894	153.819894	4.120575	-0.652175
-150.025604	21.159599	165.810000	60.860000	28.175282	40.000000	152.960230	152.960230	152.960230	4.124361	-0.806165
-157.270004	21.108999	165.810000	60.860000	-48.667192	55.000000	156.548402	156.548402	156.548402	4.092675	-0.010569
-154.393997	19.262501	165.810000	60.860000	26.721100	65.000000	156.047110	156.047110	156.147110	4.096937	0.014173
-159.025604	25.659599	165.810000	60.860000	-179.414821	23.000000	155.115458	155.115458	155.115458	4.112206	-0.368449
-158.525604	26.159599	165.810000	60.860000	-186.473932	25.000000	154.499117	154.399117	154.499117	4.119786	-0.526469
-158.025604	26.659599	165.810000	60.860000	-193.221475	23.000000	153.877566	153.877566	153.877566	4.124402	-0.686865
-157.025604	14.659600	165.810000	60.860000	114.411280	28.000000	157.869015	157.869015	157.869015	4.119890	-0.631263
-156.525604	15.159600	165.810000	60.860000	106.960455	36.000000	157.578075	157.578075	157.578075	4.115878	-0.577523
-156.025604	15.659600	165.810000	60.860000	99.469656	42.000000	157.183358	157.183358	157.183358	4.116647	-0.626355
-155.525604	16.159599	165.810000	60.860000	92.218372	50.000000	156.984912	156.984912	156.984912	4.114153	-0.477667
-155.025604	16.659599	165.810000	60.860000	85.092469	53.000000	156.882782	156.882782	156.882782	4.110524	-0.231616
-154.525604	17.159599	165.810000	60.860000	77.915456	58.000000	156.677018	156.677018	156.677018	4.106939	-0.088116
-153.525604	18.159599	165.810000	60.860000	63.292923	60.000000	156.154790	156.154790	156.254790	4.104286	0.091381
-153.025604	18.659599	165.810000	60.860000	55.746250	59.000000	155.838431	155.738431	155.838431	4.105658	0.127294
-151.525604	20.159599	165.810000	60.860000	35.317460	54.000000	154.069032	154.069032	154.069032	4.117181	-0.579882
-151.025604	20.659599	165.810000	60.860000	28.832734	48.000000	153.539315	153.539315	153.539315	4.121448	-0.753848
-150.025604	21.659599	165.810000	60.860000	16.153216	42.000000	152.770365	152.770365	152.770365	4.122852	-0.809391
-149.525604	22.159599	165.810000	60.860000	9.860234	35.000000	152.531253	152.531253	152.531253	4.124812	-0.690740
-157.227295	18.984800	165.810000	60.860000	4.680357	59.000000	156.913888	156.913888	156.913888	4.099772	-0.368401
-154.251801	21.168699	165.810000	60.860000	-19.307962	54.000000	155.050181	155.050181	155.150181	4.098872	-0.250739
-159.025604	26.159599	165.810000	60.860000	-191.564444	21.000000	154.805789	154.805789	154.805789	4.121766	-0.449103
-158.525604	26.659599	165.810000	60.860000	-198.486202	22.000000	154.282405	154.282405	154.282405	4.125612	-0.507856
-157.525604	14.659600	165.810000	60.860000	109.582103	30.000000	158.130791	158.130791	158.130791	4.116290	-0.578751
-157.025604	15.159600	165.810000	60.860000	101.997341	35.000000	157.839317	157.739317	157.839317	4.113443	-0.523206
-156.525604	15.659600	165.810000	60.860000	94.383152	41.000000	157.443990	157.443990	157.443990	4.113532	-0.570318
-156.025604	16.159599	165.810000	60.860000	87.073382	46.000000	157.144855	157.144855	157.144855	4.113108	-0.519911
-155.525604	16.659599	165.810000	60.860000	79.900132	53.000000	156.941957	156.941957	156.941957	4.111361	-0.372059
-155.025604	17.159599	165.810000	60.860000	72.693744	56.000000	156.835346	156.735346	156.835346	4.107591	-0.126842
-154.525604	17.659599	165.810000	60.860000	65.562725	58.000000	156.525071	156.425071	156.525071	4.105742	-0.084071
-153.525604	18.659599	165.810000	60.860000	50.688148	60.000000	155.993735	155.993735	155.993735	4.102745	0.093791
-153.025604	19.159599	165.810000	60.860000	43.256232	60.000000	155.572780	155.472780	155.572780	4.106589	0.029005
-151.525604	20.659599	165.810000	60.860000	23.192356	49.000000	153.789442	153.789442	153.789442	4.118608	-0.680439
-151.025604	21.159599	165.810000	60.860000	16.817884	49.000000	153.355032	153.355032	153.355032	4.122021	-0.755190
-150.025604	22.159599	165.810000	60.860000	4.115598	42.000000	152.576629	152.576629	152.576629	4.122350	-0.812151
-149.025604	23.159599	165.810000	60.860000	-8.139916	23.000000	151.885869	151.885869	151.885869	4.122381	-0.778918
-156.964600	24.312099	165.810000	60.860000	-125.161742	48.000000	154.767376	154.767376	154.767376	4.104294	-0.391981
-154.030502	17.988400	165.810000	60.860000	62.444921	59.000000	156.304830	156.304830	156.404830	4.103745	-0.007175
-159.025604	26.659599	165.810000	60.860000	-203.707689	18.000000	154.590633	154.590633	154.590633	4.127628	-0.429407
-157.525604	15.159600	165.810000	60.860000	97.166600	34.000000	158.102691	158.102691	158.102691	4.110796	-0.469488
-157.025604	15.659600	165.810000	60.860000	89.365232	41.000000	157.606786	157.606786	157.606786	4.114357	-0.614813
-156.525604	16.159599	165.810000	60.860000	81.968445	46.000000	157.306995	157.306995	157.306995	4.112638	-0.562683
-155.525604	17.159599	165.810000	60.860000	67.445927	58.000000	156.895934	156.795934	156.895934	4.108754	-0.266118
-155.025604	17.659599	165.810000	60.860000	60.336003	59.000000	156.684762	156.584762	156.684762	4.105871	-0.121630
-154.525604	18.159599	165.810000	60.860000	53.039871	58.000000	156.469896	156.369896	156.469896	4.102364	0.020314
-153.525604	19.159599	165.810000	60.860000	38.120707	65.000000	155.729288	155.729288	155.729288	4.103598	-0.003355
-153.025604	19.659599	165.810000	60.860000	30.865765	61.000000	155.303656	155.303656	155.303656	4.105927	-0.068950
-151.525604	21.159599	165.810000	60.860000	11.189086	50.000000	153.506130	153.506130	153.506130	4.119090	-0.780669
-151.025604	21.659599	165.810000	60.860000	4.785191	48.000000	153.066941	153.066941	153.066941	4.121251	-0.856210
-150.025604	22.659599	165.810000	60.860000	-7.823957	39.000000	152.378915	152.378915	152.378915	4.122068	-0.814591
-149.525604	23.159599	165.810000	60.860000	-13.933248	30.000000	152.030206	152.030206	152.030206	4.122040	-0.797478
-149.025604	23.659599	165.810000	60.860000	-20.052332	22.000000	151.778452	151.778452	151.778452	4.123865	-0.682745
-156.932007	19.832701	165.810000	60.860000	-13.423006	55.000000	156.736006	156.636006	156.736006	4.093818	-0.133718
-153.992294	18.797600	165.810000	60.860000	42.507066	59.000000	156.141840	156.141840	156.141840	4.099771	0.108792
-158.525604	14.659600	165.810000	60.860000	100.293028	24.000000	158.860638	158.860638	158.860638	4.112009	-0.275256
-158.025604	15.159600	165.810000	60.860000	92.452736	32.000000	158.468201	158.468201	158.468201	4.107684	-0.316290
-157.525604	15.659600	165.810000	60.860000	84.492905	41.000000	157.871754	157.771754	157.871754	4.110920	-0.559895
-157.025604	16.159599	165.810000	60.860000	76.936879	47.000000	157.471341	157.471341	157.471341	4.111348	-0.605986
-156.025604	17.159599	165.810000	60.860000	62.217699	59.000000	156.958794	156.958794	156.958794	4.108359	-0.406002
-155.525604	17.659599	165.810000	60.860000	55.093271	62.000000	156.746756	156.746756	156.746756	4.104619	-0.259737
-155.025604	18.159599	165.810000	60.860000	47.829464	63.000000	156.530941	156.530941	156.630941	4.101919	-0.116092
-153.525604	19.659599	165.810000	60.860000	25.602744	64.000000	155.561355	155.461355	155.561355	4.103057	-0.000177
-153.025604	20.159599	165.810000	60.860000	18.617884	60.000000	155.030961	155.030961	155.030961	4.105344	-0.166585
-151.525604	21.659599	165.810000	60.860000	-0.852392	49.000000	153.218988	153.218988	153.218988	4.119816	-0.880583
-151.025604	22.159599	165.810000	60.860000	-7.261017	48.000000	152.874935	152.874935	152.874935	4.121410	-0.856775
-150.025604	23.159599	165.810000	60.860000	-19.711364	35.000000	152.177112	152.177112	152.177112	4.120558	-0.816719
-149.525604	23.659599	165.810000	60.860000	-25.855765	29.000000	151.823473	151.823473	151.823473	4.119835	-0.800230
-149.025604	24.159599	165.810000	60.860000	-31.896274	24.000000	151.466770	151.466770	151.466770	4.119695	-0.786260
-156.808197	18.404200	165.810000	60.860000	23.402586	56.000000	156.927491	156.927491	156.927491	4.102928	-0.368430
-153.982697	21.519699	165.810000	60.860000	-24.899108	51.000000	154.748325	154.748325	154.748325	4.103269	-0.316841
-158.525604	15.159600	165.810000	60.860000	87.811089	29.000000	158.835854	158.835854	158.835854	4.107816	-0.163589
-157.525604	16.159599	165.810000	60.860000	72.042394	47.000000	157.737900	157.737900	157.737900	4.109979	-0.549886
-157.025604	16.659599	165.810000	60.860000	64.481722	52.000000	157.332896	157.332896	157.432896	4.109419	-0.596834
-155.525604	18.159599	165.810000	60.860000	42.639484	63.000000	156.594333	156.594333	156.694333	4.101366	-0.253034
-155.025604	18.659599	165.810000	60.860000	35.313259	65.000000	156.473791	156.473791	156.473791	4.099475	-0.010226
-154.025604	19.659599	165.810000	60.860000	20.446393	63.000000	155.721488	155.721488	155.721488	4.098494	-0.031959
-153.525604	20.159599	165.810000	60.860000	13.210026	62.000000	155.389837	155.289837	155.389837	4.101129	0.003322
-153.025604	20.659599	165.810000	60.860000	6.453619	57.000000	154.754594	154.654594	154.754594	4.107299	-0.263779
-152.525604	21.159599	165.810000	60.860000	-0.033425	52.000000	154.015818	154.015818	154.115818	4.112305	-0.633373
-152.025604	21.659599	165.810000	60.860000	-6.484680	50.000000	153.473570	153.473570	153.473570	4.117923	-0.805538
-151.525604	22.159599	165.810000	60.860000	-12.901179	49.000000	153.027911	153.027911	153.027911	4.119840	-0.880048
-151.025604	22.659599	165.810000	60.860000	-19.252049	47.000000	152.678904	152.678904	152.678904	4.120020	-0.857030
-150.525604	23.159599	165.810000	60.860000	-25.472186	40.000000	152.326613	152.326613	152.326613	4.119062	-0.836557
-150.025604	23.659599	165.810000	60.860000	-31.639681	34.000000	151.971105	151.971105	151.971105	4.118118	-0.818392
-156.755997	21.136000	165.810000	60.860000	-44.138025	58.000000	156.336807	156.336807	156.336807	4.091684	0.006471
-153.967499	14.731300	165.810000	60.860000	143.595679	29.000000	157.044267	156.944267	157.044267	4.118039	-0.214016
-159.525604	14.659600	165.810000	60.860000	91.278008	15.000000	159.698906	159.698906	159.698906	4.111332	0.126086
-159.025604	15.159600	165.810000	60.860000	83.213547	24.000000	159.205653	159.205653	159.205653	4.109372	-0.011465
-158.525604	15.659600	165.810000	60.860000	75.061247	35.000000	158.508230	158.508230	158.508230	4.108881	-0.351602
-157.525604	16.659599	165.810000	60.860000	59.519354	53.000000	157.601043	157.601043	157.601043	4.109183	-0.539545
-157.025604	17.159599	165.810000	60.860000	51.952116	54.000000	157.191367	157.191367	157.191367	4.108011	-0.587365
-155.525604	18.659599	165.810000	60.860000	30.164121	63.000000	156.538571	156.538571	156.538571	4.097897	-0.146018
-155.025604	19.159599	165.810000	60.860000	22.916010	70.000000	156.313216	156.313216	156.313216	4.095197	-0.003933
-154.025604	20.159599	165.810000	60.860000	7.927320	59.000000	155.551190	155.551190	155.551190	4.096808	-0.027330
-153.525604	20.659599	165.810000	60.860000	0.979532	56.000000	155.014630	155.014630	155.114630	4.103262	-0.192744
-153.025604	21.159599	165.810000	60.860000	-5.624299	53.000000	154.374449	154.374449	154.374449	4.109206	-0.460659
-152.525604	21.659599	165.810000	60.860000	-12.118409	50.000000	153.730707	153.730707	153.730707	4.114352	-0.731067
-152.025604	22.159599	165.810000	60.860000	-18.537233	50.000000	153.183465	153.183465	153.183465	4.117858	-0.903899
-151.525604	22.659599	165.810000	60.860000	-24.932459	49.000000	152.832786	152.832786	152.832786	4.118897	-0.879206
-151.025604	23.159599	165.810000	60.860000	-31.209764	47.000000	152.478734	152.478734	152.478734	4.118292	-0.856983
-150.525604	23.659599	165.810000	60.860000	-37.388119	40.000000	152.021374	152.021374	152.121374	4.115536	-0.937149
-150.025604	24.159599	165.810000	60.860000	-43.566139	35.000000	151.760775	151.760775	151.760775	4.116424	-0.819765
-156.658005	20.891001	165.810000	60.860000	-36.960781	57.000000	156.356390	156.356390	156.356390	4.092707	-0.022317
-153.902405	19.979099	165.810000	60.860000	13.698003	61.000000	155.610751	155.510751	155.610751	4.096759	0.016214
-159.525604	15.159600	165.810000	60.860000	78.685505	19.000000	159.577603	159.577603	159.577603	4.110343	0.140162
-159.025604	15.659600	165.810000	60.860000	70.434087	30.000000	158.979749	158.879749	158.979749	4.109308	-0.098273
-158.525604	16.159599	165.810000	60.860000	62.545390	42.000000	158.377685	158.377685	158.377685	4.109524	-0.339199
-157.525604	17.159599	165.810000	60.860000	46.973092	55.000000	157.461098	157.361098	157.461098	4.108068	-0.528894
-157.025604	17.659599	165.810000	60.860000	39.597050	56.000000	157.146664	157.146664	157.146664	4.107001	-0.477473
-155.525604	19.159599	165.810000	60.860000	17.850641	62.000000	156.479374	156.379374	156.479374	4.093423	-0.038572
-155.025604	19.659599	165.810000	60.860000	10.409196	68.000000	156.149118	156.149118	156.149118	4.092768	0.002667
-153.525604	21.159599	165.810000	60.860000	-11.157963	51.000000	154.735630	154.635630	154.735630	4.106524	-0.288507
-153.025604	21.659599	165.810000	60.860000	-17.725926	55.000000	153.990419	153.990419	153.990419	4.111056	-0.657238
-152.525604	22.159599	165.810000	60.860000	-24.161658	52.000000	153.441619	153.441619	153.441619	4.115879	-0.828320
-151.525604	23.159599	165.810000	60.860000	-36.948332	49.000000	152.633498	152.633498	152.633498	4.117475	-0.878068
-151.025604	23.659599	165.810000	60.860000	-43.093856	49.000000	152.174307	152.174307	152.174307	4.115025	-0.956491
-150.525604	24.159599	165.810000	60.860000	-49.354852	42.000000	151.911785	151.911785	151.911785	4.115133	-0.837445
-150.025604	24.659599	165.810000	60.860000	-55.415231	35.000000	151.546001	151.546001	151.546001	4.114836	-0.820847
-156.510101	19.477699	165.810000	60.860000	-0.287373	56.000000	156.636368	156.636368	156.636368	4.092925	-0.178166
-153.868195	17.315399	165.810000	60.860000	80.846486	62.000000	156.467633	156.467633	156.567633	4.107265	0.005596
-159.525604	15.659600	165.810000	60.860000	65.881695	23.000000	159.353460	159.353460	159.353460	4.110749	0.054562
-159.025604	16.159599	165.810000	60.860000	57.885029	35.000000	158.850923	158.850923	158.850923	4.111489	-0.084686
-158.525604	16.659599	165.810000	60.860000	49.916994	45.000000	158.144134	158.144134	158.144134	4.110411	-0.426487
-157.525604	17.659599	165.810000	60.860000	34.602797	55.000000	157.317974	157.317974	157.317974	4.107111	-0.517837
-157.025604	18.159599	165.810000	60.860000	27.169194	56.000000	156.998695	156.998695	156.998695	4.104242	-0.467275
-155.525604	19.659599	165.810000	60.860000	5.367872	64.000000	156.316644	156.316644	156.316644	4.089686	-0.030823
-155.025604	20.159599	165.810000	60.860000	-2.214577	66.000000	155.981395	155.881395	155.981395	4.091874	0.009575
-154.025604	21.159599	165.810000	60.860000	-16.642132	52.000000	154.999379	154.999379	154.999379	4.101020	-0.216902
-153.525604	21.659599	165.810000	60.860000	-23.292259	53.000000	154.352727	154.352727	154.352727	4.108014	-0.483967
-153.025604	22.159599	165.810000	60.860000	-29.768259	55.000000	153.702393	153.702393	153.702393	4.111847	-0.753386
-152.025604	23.159599	165.810000	60.860000	-42.674961	51.000000	152.790930	152.790930	152.790930	4.116140	-0.899727
-151.525604	23.659599	165.810000	60.860000	-48.794319	51.000000	152.329929	152.329929	152.329929	4.113856	-0.976491
-151.025604	24.159599	165.810000	60.860000	-55.077190	49.000000	151.965504	151.965504	151.965504	4.113280	-0.955708
-150.025604	25.159599	165.810000	60.860000	-67.194782	34.000000	151.226656	151.126656	151.226656	4.113689	-0.921481
-156.465103	18.775000	165.810000	60.860000	17.656734	56.000000	156.747409	156.747409	156.747409	4.098612	-0.284111
-153.700806	17.297501	165.810000	60.860000	82.984168	63.000000	156.491145	156.491145	156.491145	4.108287	0.087637
-158.525604	17.159599	165.810000	60.860000	37.304135	45.000000	157.907488	157.907488	157.907488	4.109750	-0.513476
-158.025604	17.659599	165.810000	60.860000	29.689111	45.000000	157.491637	157.491637	157.591637	4.107564	-0.558697
-157.525604	18.159599	165.810000	60.860000	22.100187	53.000000	157.171580	157.171580	157.171580	4.104380	-0.506467
-157.025604	18.659599	165.810000	60.860000	14.781826	56.000000	156.847366	156.847366	156.947366	4.101954	-0.456780
-156.525604	19.159599	165.810000	60.860000	7.545357	61.000000	156.719043	156.719043	156.719043	4.096898	-0.209588
-156.025604	19.659599	165.810000	60.860000	0.214200	59.000000	156.486663	156.486663	156.586663	4.090639	-0.064924
-155.525604	20.159599	165.810000	60.860000	-7.211066	65.000000	156.150278	156.150278	156.150278	4.090907	-0.022780
-155.025604	20.659599	165.810000	60.860000	-14.802837	66.000000	155.709943	155.709943	155.709943	4.093128	-0.083100
-154.525604	21.159599	165.810000	60.860000	-22.017363	59.000000	155.265714	155.165714	155.265714	4.097614	-0.145925
-153.525604	22.159599	165.810000	60.860000	-35.379378	54.000000	154.065810	154.065810	154.065810	4.109126	-0.579003
-153.025604	22.659599	165.810000	60.860000	-41.818121	57.000000	153.410256	153.410256	153.410256	4.112956	-0.849239
-151.525604	24.159599	165.810000	60.860000	-60.757321	51.000000	152.121956	152.121956	152.121956	4.112689	-0.974626
-151.025604	24.659599	165.810000	60.860000	-67.097089	49.000000	151.852198	151.852198	151.852198	4.114031	-0.854644
-150.025604	25.659599	165.810000	60.860000	-79.100344	28.000000	151.002612	151.002612	151.002612	4.112360	-0.921837
-149.525604	26.159599	165.810000	60.860000	-85.038223	19.000000	150.622928	150.622928	150.622928	4.111980	-0.909075
