-153.503204	19.495199	165.810000	60.860000	29.625492	64.000000	155.224824	155.224824	155.224824	4.094792	-0.384874
-159.525604	16.659599	165.810000	60.860000	39.967071	32.000000	158.896326	158.896326	158.896326	4.106139	-0.115561
-158.525604	17.659599	165.810000	60.860000	24.023216	41.000000	157.567659	157.567659	157.567659	4.103159	-0.700057
-158.025604	18.159599	165.810000	60.860000	16.391320	48.000000	157.146863	157.146863	157.146863	4.102029	-0.746165
-157.525604	18.659599	165.810000	60.860000	9.166340	54.000000	156.921820	156.921820	156.921820	4.100638	-0.594804
-157.025604	19.159599	165.810000	60.860000	1.845391	59.000000	156.692578	156.692578	156.692578	4.097563	-0.445871
-156.525604	19.659599	165.810000	60.860000	-5.345567	56.000000	156.459188	156.459188	156.459188	4.094595	-0.299548
-156.025604	20.159599	165.810000	60.860000	-12.760509	59.000000	156.121700	156.121700	156.121700	4.094972	-0.255735
-155.525604	20.659599	165.810000	60.860000	-20.308518	63.000000	155.680170	155.680170	155.780170	4.097422	-0.314317
-155.025604	21.159599	165.810000	60.860000	-27.710956	64.000000	155.334653	155.234653	155.334653	4.105009	-0.275487
-154.525604	21.659599	165.810000	60.860000	-34.547729	58.000000	154.685205	154.585205	154.685205	4.109424	-0.539148
-153.025604	23.159599	165.810000	60.860000	-53.794952	53.000000	152.713890	152.713890	152.713890	4.122936	-1.344811
-152.525604	23.659599	165.810000	60.860000	-60.057402	51.000000	152.249336	152.249336	152.249336	4.121422	-1.418191
-151.025604	25.159599	165.810000	60.860000	-78.150835	46.000000	151.134262	151.134262	151.134262	4.119430	-1.353143
-150.525604	25.659599	165.810000	60.860000	-84.098570	34.000000	150.855664	150.855664	150.855664	4.120004	-1.236316
-150.025604	26.159599	165.810000	60.860000	-89.888617	22.000000	150.373734	150.373734	150.373734	4.119577	-1.321921
-149.525604	26.659599	165.810000	60.860000	-95.640270	14.000000	150.088546	150.088546	150.088546	4.118786	-1.209771
-156.206604	16.162001	165.810000	60.860000	84.536488	44.000000	156.946945	156.946945	156.946945	4.104151	-0.790979
-153.295898	18.800900	165.810000	60.860000	49.212207	57.000000	155.463788	155.463788	155.463788	4.094146	-0.302133
-159.525604	17.159599	165.810000	60.860000	27.484370	31.000000	158.863161	158.863161	158.863161	4.108254	-0.000168
-159.025604	17.659599	165.810000	60.860000	19.208896	38.000000	157.846047	157.846047	157.846047	4.102992	-0.641992
-158.525604	18.159599	165.810000	60.860000	11.458671	42.000000	157.324551	157.324551	157.324551	4.101384	-0.786348
-157.025604	19.659599	165.810000	60.860000	-10.502106	57.000000	156.634231	156.634231	156.634231	4.096867	-0.334675
-156.525604	20.159599	165.810000	60.860000	-17.875144	58.000000	156.295676	156.295676	156.295676	4.096825	-0.289211
-155.025604	21.659599	165.810000	60.860000	-39.921480	61.000000	154.955413	154.955413	155.055413	4.109172	-0.467584
-154.525604	22.159599	165.810000	60.860000	-46.713161	55.000000	154.300648	154.300648	154.400648	4.113726	-0.731958
-154.025604	22.659599	165.810000	60.860000	-53.142197	54.000000	153.641977	153.641977	153.641977	4.119110	-0.998808
-153.025604	23.659599	165.810000	60.860000	-65.771710	51.000000	152.513171	152.513171	152.513171	4.123415	-1.339961
-152.525604	24.159599	165.810000	60.860000	-71.889483	50.000000	152.043165	152.043165	152.043165	4.121694	-1.414156
-152.025604	24.659599	165.810000	60.860000	-78.059319	50.000000	151.769515	151.669515	151.769515	4.119438	-1.290892
-151.025604	25.659599	165.810000	60.860000	-90.006099	38.000000	150.911561	150.911561	150.911561	4.119574	-1.351371
-150.025604	26.659599	165.810000	60.860000	-101.666592	18.000000	150.239885	150.239885	150.239885	4.119160	-1.221564
-149.025604	14.659600	165.810000	60.860000	197.391906	15.000000	155.259290	155.259290	155.359290	4.122519	-0.252104
-153.292099	20.892599	165.810000	60.860000	-2.238985	58.000000	154.322986	154.322986	154.322986	4.101541	-0.710864
-159.525604	17.659599	165.810000	60.860000	14.490484	30.000000	158.226808	158.226808	158.226808	4.102498	-0.484396
-159.025604	18.159599	165.810000	60.860000	6.603081	36.000000	157.604653	157.604653	157.604653	4.101312	-0.727104
-158.525604	18.659599	165.810000	60.860000	-0.971070	45.000000	157.278070	157.278070	157.278070	4.101578	-0.672357
-157.025604	20.159599	165.810000	60.860000	-23.000597	55.000000	156.472219	156.472219	156.472219	4.098068	-0.323199
-156.525604	20.659599	165.810000	60.860000	-30.414686	60.000000	156.128402	156.128402	156.128402	4.100250	-0.278476
-155.025604	22.159599	165.810000	60.860000	-52.121413	59.000000	154.672108	154.672108	154.672108	4.113888	-0.559273
-154.525604	22.659599	165.810000	60.860000	-58.673778	55.000000	154.011923	153.911923	154.011923	4.117876	-0.824484
-153.525604	23.659599	165.810000	60.860000	-71.424214	52.000000	152.679790	152.679790	152.679790	4.124391	-1.362274
-153.025604	24.159599	165.810000	60.860000	-77.605855	50.000000	152.307973	152.307973	152.307973	4.123092	-1.334835
-152.525604	24.659599	165.810000	60.860000	-83.846091	47.000000	151.932411	151.932411	151.932411	4.120672	-1.309854
-151.525604	25.659599	165.810000	60.860000	-95.858293	40.000000	151.070333	151.070333	151.070333	4.119465	-1.367074
-151.025604	26.159599	165.810000	60.860000	-101.766552	32.000000	150.683960	150.683960	150.683960	4.118875	-1.349337
-149.525604	14.659600	165.810000	60.860000	191.935162	17.000000	155.488687	155.388687	155.588687	4.109159	-0.189783
-149.025604	15.159600	165.810000	60.860000	185.156797	20.000000	155.109173	155.009173	155.209173	4.116606	-0.263028
-155.996994	20.771000	165.810000	60.860000	-27.826494	59.000000	155.859728	155.859728	155.959728	4.099579	-0.287328
-153.290604	17.906200	165.810000	60.860000	71.670797	56.000000	155.825415	155.825415	155.825415	4.095452	-0.230412
-159.525604	18.159599	165.810000	60.860000	1.903688	27.000000	157.987176	157.987176	157.987176	4.102974	-0.568344
-159.025604	18.659599	165.810000	60.860000	-5.919745	37.000000	157.459883	157.459883	157.459883	4.101316	-0.711939
-158.525604	19.159599	165.810000	60.860000	-13.606970	45.000000	157.028115	157.028115	157.028115	4.101596	-0.757968
-157.025604	20.659599	165.810000	60.860000	-35.527784	57.000000	156.306435	156.306435	156.306435	4.101348	-0.311319
-156.525604	21.159599	165.810000	60.860000	-42.861516	60.000000	155.957253	155.957253	155.957253	4.102411	-0.267467
-155.025604	22.659599	165.810000	60.860000	-64.119065	56.000000	154.284619	154.284619	154.284619	4.117332	-0.750692
-154.525604	23.159599	165.810000	60.860000	-70.597440	53.000000	153.618908	153.618908	153.618908	4.121182	-1.016745
-154.025604	23.659599	165.810000	60.860000	-77.041474	51.000000	152.949219	152.949219	152.949219	4.124473	-1.285127
-153.525604	24.159599	165.810000	60.860000	-83.261696	49.000000	152.475616	152.475616	152.475616	4.124149	-1.356060
-153.025604	24.659599	165.810000	60.860000	-89.572729	49.000000	152.098166	152.098166	152.098166	4.121827	-1.329448
-152.525604	25.159599	165.810000	60.860000	-95.646690	45.000000	151.616940	151.616940	151.616940	4.121285	-1.405128
-152.025604	25.659599	165.810000	60.860000	-101.710997	39.000000	151.232007	151.232007	151.232007	4.119733	-1.383335
-151.525604	26.159599	165.810000	60.860000	-107.698447	33.000000	150.843441	150.843441	150.843441	4.118287	-1.363978
-151.025604	26.659599	165.810000	60.860000	-113.541412	26.000000	150.451317	150.451317	150.451317	4.118117	-1.346874
-149.525604	15.159600	165.810000	60.860000	179.641416	23.000000	155.339582	155.239582	155.439582	4.108098	-0.199536
-149.025604	15.659600	165.810000	60.860000	173.032161	23.000000	154.756361	154.756361	154.856361	4.112563	-0.473522
-155.772995	19.079000	165.810000	60.860000	16.791928	58.000000	156.402309	156.302309	156.402309	4.090548	-0.243246
-152.981201	18.301800	165.810000	60.860000	64.871555	56.000000	155.577326	155.577326	155.577326	4.094071	-0.234549
-159.525604	18.659599	165.810000	60.860000	-10.720939	28.000000	157.744165	157.644165	157.744165	4.102952	-0.652002
-158.525604	19.659599	165.810000	60.860000	-25.923526	51.000000	156.974582	156.974582	156.974582	4.102173	-0.643307
-157.025604	21.159599	165.810000	60.860000	-47.909468	54.000000	156.136766	156.136766	156.136766	4.102359	-0.299170
-156.525604	21.659599	165.810000	60.860000	-55.424141	60.000000	155.782116	155.682116	155.782116	4.104835	-0.256181
-155.025604	23.159599	165.810000	60.860000	-76.099127	55.000000	153.992821	153.892821	153.992821	4.119951	-0.841841
-154.525604	23.659599	165.810000	60.860000	-82.600202	49.000000	153.321477	153.321477	153.321477	4.122547	-1.108599
-154.025604	24.159599	165.810000	60.860000	-88.932931	47.000000	152.746117	152.646117	152.746117	4.123215	-1.277816
-153.525604	24.659599	165.810000	60.860000	-95.230704	49.000000	152.266806	152.266806	152.266806	4.121412	-1.349584
-153.025604	25.159599	165.810000	60.860000	-101.435312	47.000000	151.883615	151.783615	151.883615	4.119885	-1.323644
-152.525604	25.659599	165.810000	60.860000	-107.463030	39.000000	151.396614	151.396614	151.396614	4.119876	-1.400145
-152.025604	26.159599	165.810000	60.860000	-113.596096	34.000000	151.005875	151.005875	151.005875	4.118837	-1.379173
-151.525604	26.659599	165.810000	60.860000	-119.472319	28.000000	150.611473	150.611473	150.611473	4.116550	-1.360456
-150.525604	14.659600	165.810000	60.860000	181.383091	24.000000	155.853309	155.753309	155.853309	4.097836	-0.167208
-149.525604	15.659600	165.810000	60.860000	167.447679	26.000000	155.087769	155.087769	155.187769	4.109930	-0.308864
-149.025604	16.159599	165.810000	60.860000	160.950031	27.000000	154.400782	154.400782	154.500782	4.114838	-0.683484
-152.765793	25.592800	165.810000	60.860000	-108.658081	44.000000	151.511914	151.511914	151.511914	4.119003	-1.403727
-159.525604	19.159599	165.810000	60.860000	-23.360019	29.000000	157.397675	157.397675	157.397675	4.102594	-0.835291
-158.525604	20.159599	165.810000	60.860000	-38.462347	50.000000	156.817366	156.817366	156.817366	4.102021	-0.628382
-158.025604	20.659599	165.810000	60.860000	-45.735348	55.000000	156.670400	156.670400	156.670400	4.102332	-0.378666
-157.025604	21.659599	165.810000	60.860000	-60.445851	55.000000	155.963098	155.963098	155.963098	4.101901	-0.286760
-156.525604	22.159599	165.810000	60.860000	-67.835932	58.000000	155.502872	155.402872	155.502872	4.106044	-0.344504
-156.025604	22.659599	165.810000	60.860000	-74.825555	58.000000	154.938338	154.838338	154.938338	4.111192	-0.504739
-155.525604	23.159599	165.810000	60.860000	-81.605800	51.000000	154.269556	154.269556	154.269556	4.115881	-0.767458
-155.025604	23.659599	165.810000	60.860000	-88.081889	50.000000	153.596589	153.596589	153.596589	4.119092	-1.032590
-154.525604	24.159599	165.810000	60.860000	-94.587587	50.000000	152.919500	152.919500	152.919500	4.121462	-1.300190
-153.025604	25.659599	165.810000	60.860000	-113.239730	43.000000	151.564181	151.564181	151.564181	4.118144	-1.417586
-152.525604	26.159599	165.810000	60.860000	-119.418341	34.000000	151.171291	151.171291	151.171291	4.117673	-1.394916
-150.525604	15.159600	165.810000	60.860000	168.910392	33.000000	155.606328	155.606328	155.606328	4.098885	-0.274613
-150.025604	15.659600	165.810000	60.860000	161.860422	35.000000	155.321182	155.221182	155.421182	4.104773	-0.244914
-149.525604	16.159599	165.810000	60.860000	155.228947	32.000000	154.833175	154.833175	154.833175	4.112688	-0.417667
-149.025604	16.659599	165.810000	60.860000	148.964123	30.000000	153.942359	153.942359	153.942359	4.116032	-0.993030
-152.132401	18.481400	165.810000	60.860000	69.247925	53.000000	154.846823	154.846823	154.946823	4.098377	-0.593023
-159.525604	19.659599	165.810000	60.860000	-35.613438	27.000000	157.547602	157.547602	157.547602	4.107374	-0.518318
-158.525604	20.659599	165.810000	60.860000	-50.729953	50.000000	156.856356	156.856356	156.856356	4.103083	-0.413067
-157.525604	21.659599	165.810000	60.860000	-65.463718	52.000000	156.146813	156.146813	156.246813	4.100308	-0.317913
-157.025604	22.159599	165.810000	60.860000	-72.883507	54.000000	155.685311	155.685311	155.685311	4.103539	-0.373952
-156.525604	22.659599	165.810000	60.860000	-80.074388	54.000000	155.219398	155.219398	155.219398	4.107442	-0.432572
-155.525604	23.659599	165.810000	60.860000	-93.549071	49.000000	153.974574	153.974574	153.974574	4.115438	-0.857097
-155.025604	24.159599	165.810000	60.860000	-100.233158	49.000000	153.195789	153.195789	153.195789	4.119906	-1.223087
-154.525604	24.659599	165.810000	60.860000	-106.515743	49.000000	152.712842	152.612842	152.712842	4.118650	-1.291534
-153.025604	26.159599	165.810000	60.860000	-125.213142	35.000000	151.339718	151.339718	151.339718	4.115066	-1.411285
-152.525604	26.659599	165.810000	60.860000	-131.295277	28.000000	150.940823	150.940823	150.940823	4.115445	-1.389268
-150.525604	15.659600	165.810000	60.860000	156.458753	41.000000	155.456614	155.356614	155.456614	4.099824	-0.281604
-150.025604	16.159599	165.810000	60.860000	149.617911	40.000000	155.067607	155.067607	155.167607	4.104209	-0.352558
-149.525604	16.659599	165.810000	60.860000	143.124450	37.000000	154.475723	154.475723	154.475723	4.110474	-0.626060
-149.025604	17.159599	165.810000	60.860000	136.979408	31.000000	153.481015	153.481015	153.581015	4.110447	-1.302167
-151.686600	14.689100	165.810000	60.860000	168.585078	27.000000	156.484856	156.484856	156.584856	4.089747	0.062248
-159.525604	20.159599	165.810000	60.860000	-48.276066	26.000000	157.293837	157.193837	157.293837	4.104995	-0.601073
-158.525604	21.159599	165.810000	60.860000	-63.034190	45.000000	156.791438	156.791438	156.791438	4.102281	-0.297497
-158.025604	21.659599	165.810000	60.860000	-70.475171	49.000000	156.433273	156.433273	156.433273	4.101186	-0.249556
-157.525604	22.159599	165.810000	60.860000	-77.861296	52.000000	155.970536	155.970536	155.970536	4.102611	-0.303987
-157.025604	22.659599	165.810000	60.860000	-85.237534	52.000000	155.403281	155.403281	155.403281	4.105452	-0.460894
-156.525604	23.159599	165.810000	60.860000	-92.432981	52.000000	154.931567	154.931567	154.931567	4.109429	-0.520381
-156.025604	23.659599	165.810000	60.860000	-99.004482	49.000000	154.255454	154.255454	154.255454	4.112425	-0.782205
-155.525604	24.159599	165.810000	60.860000	-105.800744	48.000000	153.575005	153.575005	153.575005	4.114126	-1.046489
-155.025604	24.659599	165.810000	60.860000	-112.190888	50.000000	152.890286	152.890286	152.890286	4.115648	-1.313333
-154.525604	25.159599	165.810000	60.860000	-118.585036	46.000000	152.401363	152.401363	152.401363	4.115606	-1.382476
-153.025604	26.659599	165.810000	60.860000	-137.103058	28.000000	151.110079	151.110079	151.110079	4.112641	-1.404572
-152.025604	14.659600	165.810000	60.860000	165.748837	27.000000	156.665011	156.665011	156.665011	4.092772	0.111788
-150.525604	16.159599	165.810000	60.860000	144.105475	46.000000	155.304093	155.204093	155.304093	4.100618	-0.288085
-149.525604	17.159599	165.810000	60.860000	131.088102	38.000000	154.015335	154.015335	154.115335	4.111522	-0.934050
-149.025604	17.659599	165.810000	60.860000	124.957599	33.000000	153.216672	153.116672	153.216672	4.110375	-1.410789
-151.637604	16.737801	165.810000	60.860000	117.897090	52.000000	155.511876	155.411876	155.511876	4.101652	-0.299455
-159.525604	20.659599	165.810000	60.860000	-60.533737	29.000000	157.336270	157.336270	157.336270	4.107828	-0.383465
-158.525604	21.659599	165.810000	60.860000	-75.500934	44.000000	156.622493	156.622493	156.622493	4.099752	-0.281682
-158.025604	22.159599	165.810000	60.860000	-82.822837	48.000000	156.258561	156.258561	156.258561	4.099884	-0.234495
-157.525604	22.659599	165.810000	60.860000	-90.320876	52.000000	155.690004	155.690004	155.690004	4.102747	-0.389800
-157.025604	23.159599	165.810000	60.860000	-97.672215	49.000000	155.116880	155.116880	155.116880	4.105130	-0.547593
-156.525604	23.659599	165.810000	60.860000	-104.451282	50.000000	154.639248	154.639248	154.639248	4.107433	-0.607806
-156.025604	24.159599	165.810000	60.860000	-111.296633	47.000000	153.957171	153.957171	153.957171	4.107138	-0.870491
-155.525604	24.659599	165.810000	60.860000	-117.852688	48.000000	153.270712	153.270712	153.270712	4.112264	-1.135644
-155.025604	25.159599	165.810000	60.860000	-124.207533	47.000000	152.679938	152.679938	152.679938	4.112710	-1.303184
-154.525604	25.659599	165.810000	60.860000	-130.596047	41.000000	152.184918	152.184918	152.184918	4.112123	-1.373175
-152.525604	14.659600	165.810000	60.860000	160.488303	29.000000	156.806233	156.806233	156.806233	4.095309	0.070204
-152.025604	15.159600	165.810000	60.860000	153.318805	34.000000	156.521471	156.521471	156.521471	4.092484	0.107922
-150.525604	16.659599	165.810000	60.860000	131.833073	47.000000	155.048686	155.048686	155.148686	4.106182	-0.394166
-150.025604	17.159599	165.810000	60.860000	125.239073	43.000000	154.551764	154.551764	154.551764	4.112444	-0.566637
-149.525604	17.659599	165.810000	60.860000	119.089045	38.000000	153.651933	153.651933	153.651933	4.111798	-1.141532
-149.025604	18.159599	165.810000	60.860000	112.880852	33.000000	152.949248	152.949248	152.949248	4.109594	-1.519016
-155.636200	22.299900	165.810000	60.860000	-62.033662	56.000000	154.893862	154.893862	154.993862	4.112293	-0.530206
-150.914993	18.914200	165.810000	60.860000	72.702822	51.000000	153.982694	153.882694	153.982694	4.105557	-0.878967
-159.525604	21.159599	165.810000	60.860000	-73.009749	29.000000	157.174784	157.174784	157.274784	4.105471	-0.365613
-159.025604	21.659599	165.810000	60.860000	-80.476295	36.000000	156.914485	156.914485	156.914485	4.102027	-0.214359
-158.525604	22.159599	165.810000	60.860000	-87.789147	44.000000	156.549400	156.549400	156.649400	4.100879	-0.165482
-157.025604	23.659599	165.810000	60.860000	-109.839138	48.000000	154.825976	154.825976	154.825976	4.103289	-0.633901
-156.525604	24.159599	165.810000	60.860000	-116.725493	49.000000	154.342306	154.342306	154.342306	4.104038	-0.694993
-155.025604	25.659599	165.810000	60.860000	-136.297864	41.000000	152.464599	152.464599	152.464599	4.110111	-1.292801
-154.525604	26.159599	165.810000	60.860000	-142.607495	34.000000	151.963359	151.963359	151.963359	4.108552	-1.363645
-154.025604	26.659599	165.810000	60.860000	-148.787596	26.000000	151.457904	151.457904	151.457904	4.109486	-1.436757
-153.025604	14.659600	165.810000	60.860000	155.215452	27.000000	156.849468	156.849468	156.949468	4.095752	-0.072048
-152.525604	15.159600	165.810000	60.860000	148.064163	34.000000	156.663910	156.663910	156.663910	4.095931	0.067522
-152.025604	15.659600	165.810000	60.860000	140.775236	41.000000	156.175165	156.175165	156.175165	4.095993	-0.095547
-151.525604	16.159599	165.810000	60.860000	133.459173	47.000000	155.683284	155.583284	155.683284	4.099323	-0.261077
-150.525604	17.159599	165.810000	60.860000	119.519799	50.000000	154.890317	154.790317	154.890317	4.110157	-0.399855
-149.525604	18.159599	165.810000	60.860000	107.104110	39.000000	153.285433	153.285433	153.285433	4.110910	-1.348624
-149.025604	18.659599	165.810000	60.860000	100.691489	33.000000	152.878660	152.878660	152.878660	4.112832	-1.426857
-158.760193	18.564699	165.810000	60.860000	-1.014981	42.000000	157.297631	157.297631	157.297631	4.099694	-0.786989
-149.000900	16.989000	165.810000	60.860000	141.357473	30.000000	153.644188	153.644188	153.744188	4.112093	-1.183161
-159.525604	21.659599	165.810000	60.860000	-85.395608	30.000000	157.209260	157.209260	157.209260	4.105611	-0.147505
-159.025604	22.159599	165.810000	60.860000	-92.771310	35.000000	156.943068	156.943068	156.943068	4.103361	0.002962
-158.525604	22.659599	165.810000	60.860000	-100.409152	44.000000	156.272032	156.172032	156.272032	4.099475	-0.249046
-157.025604	24.159599	165.810000	60.860000	-122.110430	46.000000	154.530432	154.530432	154.530432	4.102161	-0.719976
-156.525604	24.659599	165.810000	60.860000	-128.940162	47.000000	154.040600	153.940600	154.040600	4.104523	-0.781940
-155.025604	26.159599	165.810000	60.860000	-148.306073	33.000000	152.244119	152.244119	152.244119	4.105973	-1.282188
-154.525604	26.659599	165.810000	60.860000	-154.584666	24.000000	151.736531	151.736531	151.736531	4.105394	-1.353719
-153.025604	15.159600	165.810000	60.860000	142.797769	34.000000	156.808399	156.808399	156.808399	4.094728	0.026458
-152.525604	15.659600	165.810000	60.860000	135.532395	44.000000	156.418812	156.418812	156.418812	4.096791	-0.034771
-152.025604	16.159599	165.810000	60.860000	128.295653	50.000000	155.926017	155.926017	155.926017	4.097172	-0.198525
-151.025604	17.159599	165.810000	60.860000	113.923086	53.000000	155.031010	155.031010	155.131010	4.106196	-0.433696
-150.525604	17.659599	165.810000	60.860000	107.351046	52.000000	154.528902	154.528902	154.628902	4.111834	-0.605049
-149.525604	18.659599	165.810000	60.860000	94.975305	39.000000	153.115751	153.115751	153.115751	4.111850	-1.355335
-149.025604	19.159599	165.810000	60.860000	88.593203	32.000000	152.804820	152.704820	152.804820	4.114674	-1.334198
-158.185394	22.620199	165.810000	60.860000	-96.018945	49.000000	156.090707	156.090707	156.090707	4.099350	-0.294215
-154.983002	19.601000	165.810000	60.860000	11.839333	67.000000	156.032028	155.932028	156.032028	4.091451	-0.117654
-159.525604	22.159599	165.810000	60.860000	-97.733501	28.000000	157.139575	157.139575	157.139575	4.104128	-0.029042
-159.025604	22.659599	165.810000	60.860000	-105.419375	34.000000	156.567366	156.567366	156.567366	4.100401	-0.179467
-158.525604	23.159599	165.810000	60.860000	-112.768532	40.000000	155.990258	155.990258	155.990258	4.099059	-0.332382
-157.025604	24.659599	165.810000	60.860000	-134.331140	46.000000	154.230106	154.230106	154.230106	4.101767	-0.805827
-156.525604	25.159599	165.810000	60.860000	-141.022684	44.000000	153.633984	153.633984	153.733984	4.104683	-0.968508
-155.025604	26.659599	165.810000	60.860000	-160.295288	23.000000	151.918342	151.918342	151.918342	4.106015	-1.371183
-154.025604	14.659600	165.810000	60.860000	144.711143	28.000000	156.842021	156.842021	156.842021	4.099368	-0.458315
-153.525604	15.159600	165.810000	60.860000	137.569126	38.000000	156.854947	156.754947	156.854947	4.095160	-0.115199
-153.025604	15.659600	165.810000	60.860000	130.291234	42.000000	156.564544	156.564544	156.564544	4.096526	-0.074654
-152.525604	16.159599	165.810000	60.860000	123.127940	51.000000	156.170861	156.170861	156.270861	4.097775	-0.136576
-152.025604	16.659599	165.810000	60.860000	115.749016	54.000000	155.673948	155.673948	155.773948	4.098083	-0.301122
-151.525604	17.159599	165.810000	60.860000	108.512336	54.000000	155.273858	155.173858	155.273858	4.102751	-0.368216
-151.025604	17.659599	165.810000	60.860000	101.682082	55.000000	154.770644	154.770644	154.870644	4.105822	-0.537741
-150.525604	18.159599	165.810000	60.860000	95.307462	52.000000	154.264359	154.164359	154.264359	4.113073	-0.709865
-149.525604	19.159599	165.810000	60.860000	82.851550	38.000000	152.842801	152.842801	152.842801	4.110726	-1.461552
-149.025604	19.659599	165.810000	60.860000	76.567009	28.000000	152.627641	152.627641	152.627641	4.113264	-1.341164
-158.179504	20.377800	165.810000	60.860000	-40.183515	53.000000	156.898696	156.798696	156.898696	4.104405	-0.317926
-154.797394	18.803101	165.810000	60.860000	33.684163	63.000000	156.142201	156.142201	156.142201	4.092421	-0.203704
-159.525604	22.659599	165.810000	60.860000	-110.410245	27.000000	156.765598	156.765598	156.765598	4.098976	-0.210352
-158.525604	23.659599	165.810000	60.860000	-125.364721	41.000000	155.603941	155.603941	155.603941	4.096453	-0.515340
-157.025604	25.159599	165.810000	60.860000	-146.499652	42.000000	153.924851	153.924851	153.924851	4.102899	-0.891291
-156.525604	25.659599	165.810000	60.860000	-153.153285	40.000000	153.322308	153.322308	153.422308	4.103944	-1.054856
-154.525604	14.659600	165.810000	60.860000	139.494362	29.000000	156.891359	156.891359	156.891359	4.102102	-0.602385
-154.025604	15.159600	165.810000	60.860000	132.299276	38.000000	156.803567	156.703567	156.803567	4.098227	-0.357433
-153.525604	15.659600	165.810000	60.860000	125.059616	46.000000	156.712373	156.612373	156.712373	4.096259	-0.115126
-153.025604	16.159599	165.810000	60.860000	118.016044	53.000000	156.417827	156.417827	156.417827	4.096218	-0.075289
-152.525604	16.659599	165.810000	60.860000	110.603158	55.000000	156.019978	156.019978	156.019978	4.096142	-0.138005
-152.025604	17.159599	165.810000	60.860000	103.189422	54.000000	155.518877	155.418877	155.518877	4.097534	-0.303343
-151.525604	17.659599	165.810000	60.860000	96.163646	54.000000	155.014578	155.014578	155.114578	4.101618	-0.471114
-151.025604	18.159599	165.810000	60.860000	89.526202	56.000000	154.507135	154.407135	154.507135	4.108524	-0.641414
-150.525604	18.659599	165.810000	60.860000	83.288224	50.000000	153.796602	153.796602	153.896602	4.111856	-1.014310
-149.525604	19.659599	165.810000	60.860000	70.802075	35.000000	152.666492	152.666492	152.666492	4.110216	-1.467401
-149.025604	20.159599	165.810000	60.860000	64.570049	28.000000	152.447032	152.447032	152.447032	4.109938	-1.347768
-159.525604	23.159599	165.810000	60.860000	-122.792565	26.000000	156.587198	156.587198	156.687198	4.099898	-0.191422
-158.525604	24.159599	165.810000	60.860000	-137.811070	40.000000	155.312942	155.312942	155.312942	4.094567	-0.598078
-158.025604	24.659599	165.810000	60.860000	-144.945596	43.000000	154.718343	154.718343	154.718343	4.093829	-0.755209
-157.025604	25.659599	165.810000	60.860000	-158.644206	39.000000	153.614514	153.614514	153.614514	4.103460	-0.976540
-156.525604	26.159599	165.810000	60.860000	-165.255223	34.000000	153.105416	153.105416	153.105416	4.101651	-1.040984
-156.025604	26.659599	165.810000	60.860000	-171.731035	27.000000	152.591621	152.591621	152.591621	4.097657	-1.107702
-154.525604	15.159600	165.810000	60.860000	127.058915	37.000000	156.854269	156.854269	156.854269	4.100540	-0.500309
-154.025604	15.659600	165.810000	60.860000	119.831387	46.000000	156.662312	156.662312	156.662312	4.096447	-0.356180
-152.525604	17.159599	165.810000	60.860000	98.075580	56.000000	155.866081	155.766081	155.866081	4.095395	-0.139068
-152.025604	17.659599	165.810000	60.860000	90.767254	53.000000	155.260721	155.260721	155.260721	4.096703	-0.405087
-150.525604	19.159599	165.810000	60.860000	71.335721	47.000000	153.425541	153.425541	153.425541	4.108533	-1.218274
-150.025604	19.659599	165.810000	60.860000	65.076986	40.000000	152.807635	152.807635	152.807635	4.108382	-1.494332
-149.525604	20.159599	165.810000	60.860000	58.760501	35.000000	152.486733	152.486733	152.486733	4.107833	-1.472891
-149.025604	20.659599	165.810000	60.860000	52.664408	26.000000	152.262897	152.262897	152.262897	4.106497	-1.353883
-159.525604	23.659599	165.810000	60.860000	-135.374108	23.000000	156.204236	156.204236	156.204236	4.096167	-0.372143
-158.525604	24.659599	165.810000	60.860000	-150.141730	39.000000	155.017114	155.017114	155.017114	4.093368	-0.680605
-157.525604	25.659599	165.810000	60.860000	-164.081524	34.000000	153.909910	153.909910	153.909910	4.098817	-0.898801
-157.025604	26.159599	165.810000	60.860000	-170.738436	33.000000	153.398938	153.398938	153.398938	4.101340	-0.961584
-156.525604	26.659599	165.810000	60.860000	-177.366320	27.000000	152.883145	152.883145	152.883145	4.098898	-1.026734
-155.025604	15.159600	165.810000	60.860000	121.808389	36.000000	156.807061	156.807061	156.807061	4.106355	-0.743754
-154.525604	15.659600	165.810000	60.860000	114.633327	44.000000	156.714369	156.714369	156.714369	4.098652	-0.497869
-154.025604	16.159599	165.810000	60.860000	107.588618	55.000000	156.618176	156.618176	156.718176	4.094737	-0.254458
-152.525604	17.659599	165.810000	60.860000	85.555974	57.000000	155.609088	155.609088	155.609088	4.095730	-0.239656
-152.025604	18.159599	165.810000	60.860000	78.374584	55.000000	154.999395	154.899395	155.099395	4.098624	-0.506471
-150.525604	19.659599	165.810000	60.860000	59.329954	43.000000	153.151087	153.151087	153.151087	4.107029	-1.321880
-150.025604	20.159599	165.810000	60.860000	52.926705	39.000000	152.728764	152.728764	152.728764	4.108632	-1.398707
-149.525604	20.659599	165.810000	60.860000	46.832488	34.000000	152.303429	152.303429	152.303429	4.104960	-1.477900
-149.025604	21.159599	165.810000	60.860000	40.744898	26.000000	151.975142	151.975142	151.975142	4.102481	-1.459646
-157.700806	16.348400	165.810000	60.860000	65.082701	49.000000	157.648083	157.648083	157.648083	4.102923	-0.658968
-154.495895	18.401699	165.810000	60.860000	46.933607	57.000000	156.211852	156.111852	156.211852	4.092718	-0.147497
-159.525604	24.159599	165.810000	60.860000	-147.805419	21.000000	155.916569	155.916569	155.916569	4.094548	-0.452654
-159.025604	24.659599	165.810000	60.860000	-155.248743	30.000000	155.319010	155.319010	155.319010	4.091964	-0.606548
-158.025604	25.659599	165.810000	60.860000	-169.453982	32.000000	154.108519	154.108519	154.108519	4.095596	-0.921532
-157.525604	26.159599	165.810000	60.860000	-176.185466	29.000000	153.595714	153.595714	153.595714	4.100130	-0.982748
-155.525604	15.159600	165.810000	60.860000	116.538970	36.000000	156.861954	156.861954	156.861954	4.109332	-0.887748
-155.025604	15.659600	165.810000	60.860000	109.403805	43.000000	156.768557	156.768557	156.768557	4.101940	-0.640123
-153.525604	17.159599	165.810000	60.860000	88.023043	62.000000	156.267099	156.267099	156.267099	4.094044	-0.112411
-153.025604	17.659599	165.810000	60.860000	80.479604	59.000000	155.859692	155.859692	155.859692	4.095232	-0.174884
-152.525604	18.159599	165.810000	60.860000	73.078880	59.000000	155.348910	155.348910	155.448910	4.096330	-0.339890
-152.025604	18.659599	165.810000	60.860000	66.049336	56.000000	154.734809	154.634809	154.834809	4.099854	-0.607500
-151.525604	19.159599	165.810000	60.860000	59.695135	55.000000	154.217443	154.117443	154.217443	4.102559	-0.777513
-151.025604	19.659599	165.810000	60.860000	53.557448	49.000000	153.496869	153.396869	153.496869	4.105265	-1.150037
-150.525604	20.159599	165.810000	60.860000	47.173867	42.000000	152.973145	152.973145	152.973145	4.108149	-1.325138
-150.025604	20.659599	165.810000	60.860000	40.970006	38.000000	152.446329	152.446329	152.446329	4.105468	-1.502607
-157.627594	20.346100	165.810000	60.860000	-33.770928	57.000000	156.671791	156.671791	156.671791	4.101757	-0.315632
-154.482803	21.001900	165.810000	60.860000	-18.103771	59.000000	155.104817	155.004817	155.104817	4.102945	-0.348144
-159.525604	24.659599	165.810000	60.860000	-160.274673	21.000000	155.624049	155.624049	155.624049	4.091988	-0.532943
-159.025604	25.159599	165.810000	60.860000	-167.596022	27.000000	155.019810	155.019810	155.019810	4.091343	-0.687606
-158.025604	26.159599	165.810000	60.860000	-181.589359	28.000000	153.795766	153.795766	153.795766	4.099095	-1.004379
-157.525604	26.659599	165.810000	60.860000	-188.338138	24.000000	153.376092	153.376092	153.376092	4.098684	-0.966329
-155.525604	15.659600	165.810000	60.860000	104.123964	43.000000	156.824883	156.824883	156.824883	4.104345	-0.782934
-155.025604	16.159599	165.810000	60.860000	97.083648	47.000000	156.827158	156.727158	156.827158	4.098404	-0.436043
-154.025604	17.159599	165.810000	60.860000	82.947000	62.000000	156.420940	156.320940	156.420940	4.093825	-0.149948
-153.525604	17.659599	165.810000	60.860000	75.504942	61.000000	156.012548	156.012548	156.012548	4.095260	-0.210686
-153.025604	18.159599	165.810000	60.860000	67.934477	59.000000	155.700704	155.600704	155.700704	4.094082	-0.173965
-152.025604	19.159599	165.810000	60.860000	53.965847	58.000000	154.466874	154.366874	154.466874	4.097367	-0.708064
-151.525604	19.659599	165.810000	60.860000	47.741335	55.000000	153.844999	153.744999	153.844999	4.100969	-0.978866
-151.025604	20.159599	165.810000	60.860000	41.426164	49.000000	153.219894	153.219894	153.219894	4.105452	-1.252175
-150.025604	21.159599	165.810000	60.860000	29.046692	40.000000	152.260230	152.260230	152.260230	4.104136	-1.506165
-157.270004	21.108999	165.810000	60.860000	-49.129392	55.000000	156.348402	156.348402	156.348402	4.103156	-0.210569
-154.393997	19.262501	165.810000	60.860000	26.326513	65.000000	155.847110	155.847110	155.847110	4.091002	-0.185827
-159.025604	25.659599	165.810000	60.860000	-179.894102	23.000000	154.715458	154.715458	154.815458	4.092753	-0.768449
-158.525604	26.159599	165.810000	60.860000	-186.896547	25.000000	154.199117	154.099117	154.199117	4.096086	-0.826469
-158.025604	26.659599	165.810000	60.860000	-193.685577	23.000000	153.577566	153.577566	153.577566	4.100162	-0.986865
-157.025604	14.659600	165.810000	60.860000	114.134404	28.000000	157.869015	157.869015	157.869015	4.103468	-0.631263
-156.525604	15.159600	165.810000	60.860000	106.328486	36.000000	157.278075	157.278075	157.378075	4.108889	-0.877523
-156.025604	15.659600	165.810000	60.860000	98.917906	42.000000	156.983358	156.983358	156.983358	4.105810	-0.826355
-155.525604	16.159599	165.810000	60.860000	91.745104	50.000000	156.784912	156.784912	156.784912	4.102460	-0.677667
-155.025604	16.659599	165.810000	60.860000	84.663093	53.000000	156.682782	156.682782	156.682782	4.098615	-0.431616
-154.525604	17.159599	165.810000	60.860000	77.724770	58.000000	156.477018	156.477018	156.577018	4.095380	-0.288116
-153.525604	18.159599	165.810000	60.860000	62.921923	60.000000	155.854790	155.854790	155.854790	4.092247	-0.208619
-153.025604	18.659599	165.810000	60.860000	55.449038	59.000000	155.438431	155.338431	155.438431	4.093870	-0.272706
-151.525604	20.159599	165.810000	60.860000	35.669832	54.000000	153.469032	153.469032	153.469032	4.103301	-1.179882
-151.025604	20.659599	165.810000	60.860000	29.421071	48.000000	152.939315	152.939315	152.939315	4.106136	-1.353848
-150.025604	21.659599	165.810000	60.860000	16.990450	42.000000	152.070365	152.070365	152.070365	4.104420	-1.509391
-149.525604	22.159599	165.810000	60.860000	10.900425	35.000000	151.831253	151.831253	151.831253	4.104994	-1.390740
-157.227295	18.984800	165.810000	60.860000	4.146769	59.000000	156.713888	156.713888	156.713888	4.098390	-0.568401
-154.251801	21.168699	165.810000	60.860000	-19.704388	54.000000	154.750181	154.750181	154.850181	4.103452	-0.550739
-159.025604	26.159599	165.810000	60.860000	-192.124275	21.000000	154.505789	154.505789	154.505789	4.096691	-0.749103
-158.525604	26.659599	165.810000	60.860000	-198.977502	22.000000	153.982405	153.882405	153.982405	4.099962	-0.807856
-157.525604	14.659600	165.810000	60.860000	109.293052	30.000000	158.230791	158.230791	158.230791	4.101854	-0.478751
-157.025604	15.159600	165.810000	60.860000	101.376172	35.000000	157.539317	157.539317	157.539317	4.108957	-0.823206
-156.525604	15.659600	165.810000	60.860000	93.799752	41.000000	157.243990	157.143990	157.243990	4.104768	-0.770318
-156.025604	16.159599	165.810000	60.860000	86.483079	46.000000	156.944855	156.844855	156.944855	4.102748	-0.719911
-155.525604	16.659599	165.810000	60.860000	79.303334	53.000000	156.741957	156.741957	156.741957	4.100864	-0.572059
-155.025604	17.159599	165.810000	60.860000	72.377226	56.000000	156.635346	156.635346	156.635346	4.097209	-0.326842
-154.525604	17.659599	165.810000	60.860000	65.284528	58.000000	156.325071	156.225071	156.325071	4.096005	-0.284071
-153.525604	18.659599	165.810000	60.860000	50.372146	60.000000	155.693735	155.593735	155.693735	4.092431	-0.206209
-153.025604	19.159599	165.810000	60.860000	43.050209	60.000000	155.072780	155.072780	155.172780	4.094823	-0.470995
-151.525604	20.659599	165.810000	60.860000	23.677261	49.000000	153.189442	153.189442	153.189442	4.105130	-1.280439
-151.025604	21.159599	165.810000	60.860000	17.327786	49.000000	152.755032	152.755032	152.755032	4.107027	-1.355190
-150.025604	22.159599	165.810000	60.860000	5.009978	42.000000	151.976629	151.976629	151.976629	4.106269	-1.412151
-149.025604	23.159599	165.810000	60.860000	-7.129786	23.000000	151.385869	151.385869	151.385869	4.109299	-1.278918
-156.964600	24.312099	165.810000	60.860000	-125.195410	48.000000	154.467376	154.467376	154.467376	4.102764	-0.691981
-154.030502	17.988400	165.810000	60.860000	62.154554	59.000000	156.104830	156.104830	156.104830	4.093174	-0.207175
-159.025604	26.659599	165.810000	60.860000	-204.254304	18.000000	154.290633	154.290633	154.290633	4.101423	-0.729407
-157.525604	15.159600	165.810000	60.860000	96.510901	34.000000	157.902691	157.802691	157.902691	4.104432	-0.669488
-157.025604	15.659600	165.810000	60.860000	88.841310	41.000000	157.406786	157.406786	157.406786	4.106792	-0.814813
-156.525604	16.159599	165.810000	60.860000	81.315169	46.000000	157.106995	157.106995	157.106995	4.104298	-0.762683
-155.525604	17.159599	165.810000	60.860000	67.026828	58.000000	156.695934	156.695934	156.695934	4.099431	-0.466118
-155.025604	17.659599	165.810000	60.860000	59.974662	59.000000	156.484762	156.484762	156.484762	4.096991	-0.321630
-154.525604	18.159599	165.810000	60.860000	52.741848	58.000000	156.269896	156.169896	156.269896	4.093746	-0.179686
-153.525604	19.159599	165.810000	60.860000	37.852274	65.000000	155.429288	155.329288	155.429288	4.093997	-0.303355
-153.025604	19.659599	165.810000	60.860000	30.736516	61.000000	154.903656	154.803656	154.903656	4.096050	-0.468950
-151.525604	21.159599	165.810000	60.860000	11.522470	50.000000	152.906130	152.906130	152.906130	4.106342	-1.380669
-151.025604	21.659599	165.810000	60.860000	5.280538	48.000000	152.466941	152.466941	152.466941	4.107231	-1.456210
-150.025604	22.659599	165.810000	60.860000	-7.019963	39.000000	151.878915	151.878915	151.878915	4.108473	-1.314591
-149.525604	23.159599	165.810000	60.860000	-13.043847	30.000000	151.530206	151.530206	151.530206	4.109718	-1.297478
-149.025604	23.659599	165.810000	60.860000	-19.018067	22.000000	151.278452	151.278452	151.278452	4.112977	-1.182745
-156.932007	19.832701	165.810000	60.860000	-13.924147	55.000000	156.536006	156.536006	156.536006	4.097160	-0.333718
-153.992294	18.797600	165.810000	60.860000	42.148305	59.000000	155.841840	155.841840	155.841840	4.091477	-0.191208
-158.525604	14.659600	165.810000	60.860000	99.825259	24.000000	158.960638	158.960638	158.960638	4.102799	-0.175256
-158.025604	15.159600	165.810000	60.860000	91.738461	32.000000	158.268201	158.168201	158.268201	4.102254	-0.516290
-157.525604	15.659600	165.810000	60.860000	84.017758	41.000000	157.771754	157.771754	157.771754	4.103118	-0.659895
-157.025604	16.159599	165.810000	60.860000	76.317475	47.000000	157.271341	157.271341	157.371341	4.104294	-0.805986
-156.025604	17.159599	165.810000	60.860000	61.732414	59.000000	156.758794	156.758794	156.758794	4.099644	-0.606002
-155.525604	17.659599	165.810000	60.860000	54.637738	62.000000	156.646756	156.546756	156.646756	4.097199	-0.359737
-155.025604	18.159599	165.810000	60.860000	47.497579	63.000000	156.430941	156.330941	156.430941	4.094801	-0.216092
-153.525604	19.659599	165.810000	60.860000	25.356206	64.000000	155.161355	155.161355	155.261355	4.095310	-0.400177
-153.025604	20.159599	165.810000	60.860000	18.494527	60.000000	154.630961	154.530961	154.630961	4.096776	-0.566585
-151.525604	21.659599	165.810000	60.860000	-0.505701	49.000000	152.718988	152.718988	152.718988	4.109104	-1.380583
-151.025604	22.159599	165.810000	60.860000	-6.740337	48.000000	152.274935	152.274935	152.274935	4.109089	-1.456775
-150.025604	23.159599	165.810000	60.860000	-18.957202	35.000000	151.677112	151.677112	151.677112	4.111044	-1.316719
-149.525604	23.659599	165.810000	60.860000	-24.932714	29.000000	151.323473	151.323473	151.323473	4.111664	-1.300230
-149.025604	24.159599	165.810000	60.860000	-30.896182	24.000000	151.066770	151.066770	151.066770	4.115072	-1.186260
-156.808197	18.404200	165.810000	60.860000	22.831224	56.000000	156.727491	156.727491	156.727491	4.098511	-0.568430
-153.982697	21.519699	165.810000	60.860000	-25.175741	51.000000	154.348325	154.348325	154.448325	4.109103	-0.716841
-158.525604	15.159600	165.810000	60.860000	87.042122	29.000000	158.635854	158.635854	158.635854	4.102447	-0.363589
-157.525604	16.159599	165.810000	60.860000	71.442259	47.000000	157.537900	157.537900	157.637900	4.103444	-0.749886
-157.025604	16.659599	165.810000	60.860000	63.817291	52.000000	157.232896	157.132896	157.232896	4.102389	-0.696834
-155.525604	18.159599	165.810000	60.860000	42.218571	63.000000	156.494333	156.494333	156.494333	4.095331	-0.353034
-155.025604	18.659599	165.810000	60.860000	34.980162	65.000000	156.273791	156.273791	156.273791	4.093462	-0.210226
-154.025604	19.659599	165.810000	60.860000	20.072086	63.000000	155.421488	155.421488	155.521488	4.093482	-0.331959
-153.525604	20.159599	165.810000	60.860000	12.973779	62.000000	154.989837	154.989837	155.089837	4.095135	-0.396678
-153.025604	20.659599	165.810000	60.860000	6.418232	57.000000	154.254594	154.254594	154.254594	4.101046	-0.763779
-152.525604	21.159599	165.810000	60.860000	-0.041536	52.000000	153.515818	153.515818	153.615818	4.106295	-1.133373
-152.025604	21.659599	165.810000	60.860000	-6.302844	50.000000	152.973570	152.973570	152.973570	4.110692	-1.305538
-151.525604	22.159599	165.810000	60.860000	-12.554179	49.000000	152.527911	152.527911	152.527911	4.111522	-1.380048
-151.025604	22.659599	165.810000	60.860000	-18.791079	47.000000	152.178904	152.178904	152.178904	4.111868	-1.357030
-150.525604	23.159599	165.810000	60.860000	-24.834675	40.000000	151.826613	151.826613	151.826613	4.113106	-1.336557
-150.025604	23.659599	165.810000	60.860000	-30.869124	34.000000	151.471105	151.471105	151.471105	4.113235	-1.318392
-156.755997	21.136000	165.810000	60.860000	-44.582736	58.000000	156.136807	156.036807	156.136807	4.101530	-0.193529
-153.967499	14.731300	165.810000	60.860000	143.509683	29.000000	156.744267	156.744267	156.744267	4.101207	-0.514016
-159.525604	14.659600	165.810000	60.860000	90.716568	15.000000	159.698906	159.698906	159.698906	4.104201	0.126086
-159.025604	15.159600	165.810000	60.860000	82.424499	24.000000	159.005653	159.005653	159.005653	4.102873	-0.211465
-158.525604	15.659600	165.810000	60.860000	74.610095	35.000000	158.608230	158.608230	158.608230	4.101266	-0.251602
-157.525604	16.659599	165.810000	60.860000	58.909238	53.000000	157.401043	157.401043	157.401043	4.102830	-0.739545
-157.025604	17.159599	165.810000	60.860000	51.481027	54.000000	157.091367	157.091367	157.091367	4.101352	-0.687365
-155.525604	18.659599	165.810000	60.860000	29.865132	63.000000	156.338571	156.338571	156.438571	4.093137	-0.346018
-155.025604	19.159599	165.810000	60.860000	22.414190	70.000000	156.113216	156.113216	156.213216	4.090844	-0.203933
-154.025604	20.159599	165.810000	60.860000	7.590271	59.000000	155.251190	155.251190	155.351190	4.093564	-0.327330
-153.525604	20.659599	165.810000	60.860000	0.783391	56.000000	154.714630	154.614630	154.714630	4.101466	-0.492744
-153.025604	21.159599	165.810000	60.860000	-5.753569	53.000000	153.874449	153.874449	153.874449	4.106436	-0.960659
-152.525604	21.659599	165.810000	60.860000	-12.055371	50.000000	153.230707	153.230707	153.230707	4.110300	-1.231067
-152.025604	22.159599	165.810000	60.860000	-18.386464	50.000000	152.683465	152.683465	152.683465	4.113147	-1.403899
-151.525604	22.659599	165.810000	60.860000	-24.630879	49.000000	152.332786	152.332786	152.332786	4.113840	-1.379206
-151.025604	23.159599	165.810000	60.860000	-30.686652	47.000000	151.978734	151.978734	151.978734	4.114497	-1.356983
-150.525604	23.659599	165.810000	60.860000	-36.748387	40.000000	151.621374	151.621374	151.621374	4.114729	-1.337149
-150.025604	24.159599	165.810000	60.860000	-42.771078	35.000000	151.360775	151.360775	151.360775	4.116944	-1.219765
-156.658005	20.891001	165.810000	60.860000	-37.545317	57.000000	156.156390	156.156390	156.156390	4.101546	-0.222317
-153.902405	19.979099	165.810000	60.860000	13.389884	61.000000	155.210751	155.210751	155.310751	4.091732	-0.383786
-159.525604	15.159600	165.810000	60.860000	77.903499	19.000000	159.377603	159.377603	159.377603	4.103163	-0.059838
-159.025604	15.659600	165.810000	60.860000	70.008437	30.000000	159.079749	159.079749	159.079749	4.101680	0.001727
-158.525604	16.159599	165.810000	60.860000	61.939482	42.000000	158.377685	158.377685	158.377685	4.101825	-0.339199
-157.525604	17.159599	165.810000	60.860000	46.540519	55.000000	157.361098	157.361098	157.361098	4.102950	-0.628894
-157.025604	17.659599	165.810000	60.860000	38.995510	56.000000	156.946664	156.946664	156.946664	4.101092	-0.677473
-155.525604	19.159599	165.810000	60.860000	17.350153	62.000000	156.279374	156.279374	156.279374	4.090331	-0.238572
-155.025604	19.659599	165.810000	60.860000	9.925020	68.000000	155.949118	155.949118	155.949118	4.091007	-0.197333
-153.525604	21.159599	165.810000	60.860000	-11.414969	51.000000	154.335630	154.335630	154.435630	4.108164	-0.688507
-153.025604	21.659599	165.810000	60.860000	-17.763717	55.000000	153.490419	153.490419	153.590419	4.110408	-1.157238
-152.525604	22.159599	165.810000	60.860000	-24.146391	52.000000	152.941619	152.941619	152.941619	4.114992	-1.328320
-151.525604	23.159599	165.810000	60.860000	-36.540438	49.000000	152.133498	152.133498	152.133498	4.116230	-1.378068
-151.025604	23.659599	165.810000	60.860000	-42.583829	49.000000	151.774307	151.774307	151.774307	4.115938	-1.356491
-150.525604	24.159599	165.810000	60.860000	-48.706398	42.000000	151.511785	151.511785	151.511785	4.118345	-1.237445
-150.025604	24.659599	165.810000	60.860000	-54.501347	35.000000	151.046001	151.046001	151.046001	4.117763	-1.320847
-156.510101	19.477699	165.810000	60.860000	-0.623248	56.000000	156.536368	156.536368	156.536368	4.092383	-0.278166
-153.868195	17.315399	165.810000	60.860000	80.609605	62.000000	156.267633	156.167633	156.267633	4.093484	-0.194404
-159.525604	15.659600	165.810000	60.860000	65.473238	23.000000	159.453460	159.453460	159.553460	4.103011	0.154562
-159.025604	16.159599	165.810000	60.860000	57.312565	35.000000	158.850923	158.850923	158.850923	4.103548	-0.084686
-158.525604	16.659599	165.810000	60.860000	49.253857	45.000000	158.044134	158.044134	158.044134	4.103720	-0.526487
-157.525604	17.659599	165.810000	60.860000	33.929047	55.000000	157.117974	157.117974	157.117974	4.101245	-0.717837
-157.025604	18.159599	165.810000	60.860000	26.600992	56.000000	156.798695	156.798695	156.798695	4.099204	-0.667275
-155.525604	19.659599	165.810000	60.860000	4.892232	64.000000	156.116644	156.116644	156.116644	4.088898	-0.230823
-155.025604	20.159599	165.810000	60.860000	-2.644838	66.000000	155.781395	155.781395	155.781395	4.092333	-0.190425
-154.025604	21.159599	165.810000	60.860000	-16.997890	52.000000	154.699379	154.599379	154.699379	4.105032	-0.516902
-153.525604	21.659599	165.810000	60.860000	-23.429278	53.000000	153.952727	153.952727	153.952727	4.112045	-0.883967
-153.025604	22.159599	165.810000	60.860000	-29.872363	55.000000	153.202393	153.202393	153.302393	4.114449	-1.253386
-152.025604	23.159599	165.810000	60.860000	-42.371141	51.000000	152.290930	152.290930	152.290930	4.119052	-1.399727
-151.525604	23.659599	165.810000	60.860000	-48.402300	51.000000	151.929929	151.929929	151.929929	4.118256	-1.376491
-151.025604	24.159599	165.810000	60.860000	-54.528587	49.000000	151.565504	151.565504	151.565504	4.117490	-1.355708
-150.025604	25.159599	165.810000	60.860000	-66.344033	34.000000	150.826656	150.826656	150.826656	4.118333	-1.321481
-156.465103	18.775000	165.810000	60.860000	17.304282	56.000000	156.647409	156.647409	156.647409	4.094973	-0.384111
-153.700806	17.297501	165.810000	60.860000	82.757865	63.000000	156.191145	156.191145	156.291145	4.093552	-0.212363
-158.525604	17.159599	165.810000	60.860000	36.831675	45.000000	158.007488	158.007488	158.007488	4.105819	-0.413476
-158.025604	17.659599	165.810000	60.860000	28.901731	45.000000	157.291637	157.291637	157.291637	4.102148	-0.758697
-157.525604	18.159599	165.810000	60.860000	21.475073	53.000000	156.971580	156.971580	157.071580	4.100341	-0.706467
-157.025604	18.659599	165.810000	60.860000	14.337805	56.000000	156.747366	156.747366	156.747366	4.099031	-0.556780
-156.525604	19.159599	165.810000	60.860000	7.045487	61.000000	156.519043	156.519043	156.619043	4.094865	-0.409588
-156.025604	19.659599	165.810000	60.860000	-0.208721	59.000000	156.386663	156.286663	156.386663	4.090720	-0.164924
-155.525604	20.159599	165.810000	60.860000	-7.684706	65.000000	155.950278	155.950278	155.950278	4.093113	-0.222780
-155.025604	20.659599	165.810000	60.860000	-15.268293	66.000000	155.509943	155.509943	155.609943	4.098699	-0.283100
-154.525604	21.159599	165.810000	60.860000	-22.453871	59.000000	154.965714	154.865714	155.065714	4.104154	-0.445925
-153.525604	22.159599	165.810000	60.860000	-35.578050	54.000000	153.665810	153.665810	153.665810	4.116937	-0.979003
-153.025604	22.659599	165.810000	60.860000	-41.815771	57.000000	152.910256	152.910256	152.910256	4.119855	-1.349239
-151.525604	24.159599	165.810000	60.860000	-60.328636	51.000000	151.721956	151.721956	151.721956	4.119187	-1.374626
-151.025604	24.659599	165.810000	60.860000	-66.339511	49.000000	151.352198	151.352198	151.352198	4.118577	-1.354644
-150.025604	25.659599	165.810000	60.860000	-78.154709	28.000000	150.702612	150.702612	150.702612	4.119550	-1.221837
-149.525604	26.159599	165.810000	60.860000	-83.889333	19.000000	150.222928	150.222928	150.222928	4.119414	-1.309075
