-153.503204	19.495199	153.730000	46.140000	31.238724	65.000000	135.087834	135.087834	135.087834	4.099642	0.711970
-159.525604	16.659599	153.730000	46.140000	-22.802965	32.000000	136.690372	136.690372	136.690372	4.117428	-1.012398
-158.525604	17.659599	153.730000	46.140000	-24.403060	41.000000	135.848205	135.848205	135.848205	4.112820	-0.929754
-158.025604	18.159599	153.730000	46.140000	-25.121251	48.000000	135.427557	135.427557	135.427557	4.109104	-0.893816
-157.525604	18.659599	153.730000	46.140000	-25.684458	54.000000	135.107391	135.107391	135.107391	4.106434	-0.761545
-157.025604	19.159599	153.730000	46.140000	-26.139690	59.000000	134.887846	134.887846	134.887846	4.105564	-0.532675
-156.525604	19.659599	153.730000	46.140000	-26.442151	56.000000	134.869057	134.769057	134.869057	4.104319	-0.107460
-156.025604	20.159599	153.730000	46.140000	-26.809550	59.000000	134.751157	134.651157	134.751157	4.105962	0.214093
-155.525604	20.659599	153.730000	46.140000	-27.386856	63.000000	134.434274	134.434274	134.534274	4.106234	0.332259
-155.025604	21.159599	153.730000	46.140000	-27.979428	64.000000	134.118532	134.118532	134.118532	4.112456	0.446795
-154.525604	21.659599	153.730000	46.140000	-28.584008	58.000000	133.804052	133.704052	133.804052	4.120952	0.557676
-153.025604	23.159599	153.730000	46.140000	-28.507520	53.000000	132.069329	132.069329	132.069329	4.134251	0.069361
-152.525604	23.659599	153.730000	46.140000	-28.312629	51.000000	131.561023	131.561023	131.561023	4.135219	-0.033727
-151.025604	25.159599	153.730000	46.140000	-26.840419	46.000000	130.247304	130.247304	130.247304	4.131276	-0.164289
-150.525604	25.659599	153.730000	46.140000	-26.276665	34.000000	129.946769	129.946769	129.946769	4.130173	-0.081440
-150.025604	26.159599	153.730000	46.140000	-25.533721	22.000000	129.448396	129.448396	129.448396	4.128712	-0.202202
-149.525604	26.659599	153.730000	46.140000	-24.723459	14.000000	129.152263	129.152263	129.152263	4.129074	-0.126274
-156.206604	16.162001	153.730000	46.140000	46.350667	44.000000	135.868862	135.868862	135.868862	4.096600	-1.080624
-153.295898	18.800900	153.730000	46.140000	48.471849	58.000000	135.348742	135.348742	135.348742	4.098863	0.613654
-159.525604	17.159599	153.730000	46.140000	-32.578728	31.000000	136.439068	136.439068	136.439068	4.118465	-0.964116
-159.025604	17.659599	153.730000	46.140000	-33.448259	38.000000	136.013582	136.013582	136.013582	4.115930	-0.922100
-158.525604	18.159599	153.730000	46.140000	-34.067490	42.000000	135.588379	135.588379	135.588379	4.112629	-0.883753
-157.025604	19.659599	153.730000	46.140000	-35.626992	57.000000	134.815926	134.815926	134.815926	4.105096	-0.290173
-156.525604	20.159599	153.730000	46.140000	-35.998763	58.000000	134.593293	134.593293	134.693293	4.107286	-0.066202
-155.025604	21.659599	153.730000	46.140000	-37.547583	61.000000	133.831805	133.831805	133.831805	4.119072	0.484637
-154.525604	22.159599	153.730000	46.140000	-37.953681	55.000000	133.413863	133.413863	133.413863	4.125618	0.494586
-154.025604	22.659599	153.730000	46.140000	-37.936551	54.000000	132.797395	132.797395	132.797395	4.129935	0.300883
-153.025604	23.659599	153.730000	46.140000	-37.439817	51.000000	131.669327	131.669327	131.669327	4.135824	0.002949
-152.525604	24.159599	153.730000	46.140000	-37.223699	50.000000	131.157940	131.157940	131.157940	4.136065	-0.101331
-152.025604	24.659599	153.730000	46.140000	-36.724265	50.000000	130.748452	130.748452	130.748452	4.134943	-0.109168
-151.025604	25.659599	153.730000	46.140000	-35.575088	38.000000	129.935546	129.935546	129.935546	4.130628	-0.135120
-150.025604	26.659599	153.730000	46.140000	-33.980115	18.000000	129.031318	129.031318	129.031318	4.129283	-0.275042
-149.025604	14.659600	153.730000	46.140000	205.494363	15.000000	136.447585	136.447585	136.447585	4.133061	0.482618
-153.292099	20.892599	153.730000	46.140000	8.098459	58.000000	134.196993	134.196993	134.196993	4.113081	0.704441
-159.525604	17.659599	153.730000	46.140000	-42.304523	30.000000	136.182552	136.182552	136.182552	4.118677	-0.915240
-159.025604	18.159599	153.730000	46.140000	-43.109544	36.000000	135.752742	135.752742	135.752742	4.116333	-0.874500
-158.525604	18.659599	153.730000	46.140000	-43.705956	45.000000	135.423309	135.423309	135.423309	4.114039	-0.737373
-157.025604	20.159599	153.730000	46.140000	-45.112611	56.000000	134.638731	134.638731	134.638731	4.106788	-0.147292
-156.525604	20.659599	153.730000	46.140000	-45.487464	60.000000	134.412249	134.412249	134.512249	4.107900	0.075656
-155.025604	22.159599	153.730000	46.140000	-46.960371	59.000000	133.439799	133.439799	133.439799	4.123323	0.423080
-154.525604	22.659599	153.730000	46.140000	-47.024916	55.000000	132.918398	132.918398	133.018398	4.129355	0.331808
-153.525604	23.659599	153.730000	46.140000	-46.710156	52.000000	131.780425	131.780425	131.780425	4.137469	0.038684
-153.025604	24.159599	153.730000	46.140000	-46.386937	50.000000	131.264074	131.264074	131.264074	4.136522	-0.063156
-152.525604	24.659599	153.730000	46.140000	-45.970998	47.000000	130.749619	130.749619	130.749619	4.136718	-0.168554
-151.525604	25.659599	153.730000	46.140000	-44.918268	40.000000	130.026789	130.026789	130.026789	4.132011	-0.089693
-151.025604	26.159599	153.730000	46.140000	-44.211021	32.000000	129.618597	129.618597	129.618597	4.130760	-0.105571
-149.525604	14.659600	153.730000	46.140000	196.476023	17.000000	136.563556	136.563556	136.563556	4.133800	0.497339
-149.025604	15.159600	153.730000	46.140000	195.704234	20.000000	136.231309	136.231309	136.231309	4.133942	0.494395
-155.996994	20.771000	153.730000	46.140000	-37.991193	59.000000	134.438998	134.438998	134.438998	4.108876	0.300382
-153.290604	17.906200	153.730000	46.140000	65.913348	57.000000	135.553194	135.453194	135.553194	4.103345	0.315222
-159.525604	18.159599	153.730000	46.140000	-51.946208	27.000000	136.020721	136.020721	136.020721	4.121524	-0.765991
-159.025604	18.659599	153.730000	46.140000	-52.740824	37.000000	135.486571	135.486571	135.486571	4.114372	-0.826529
-158.525604	19.159599	153.730000	46.140000	-53.321946	46.000000	135.152893	135.152893	135.152893	4.111942	-0.690453
-157.025604	20.659599	153.730000	46.140000	-54.556133	58.000000	134.456166	134.356166	134.456166	4.108781	-0.003875
-156.525604	21.159599	153.730000	46.140000	-54.918987	61.000000	134.225831	134.225831	134.225831	4.111454	0.217886
-155.025604	22.659599	153.730000	46.140000	-56.111009	56.000000	133.042422	133.042422	133.042422	4.128588	0.361895
-154.525604	23.159599	153.730000	46.140000	-56.034706	53.000000	132.517569	132.517569	132.517569	4.134631	0.269401
-154.025604	23.659599	153.730000	46.140000	-55.878064	51.000000	131.894389	131.894389	131.894389	4.136789	0.073563
-153.525604	24.159599	153.730000	46.140000	-55.618042	49.000000	131.372993	131.372993	131.372993	4.137730	-0.025849
-153.025604	24.659599	153.730000	46.140000	-55.191804	49.000000	130.853489	130.853489	130.853489	4.137605	-0.128890
-152.525604	25.159599	153.730000	46.140000	-54.734200	45.000000	130.435980	130.435980	130.435980	4.136207	-0.135257
-152.025604	25.659599	153.730000	46.140000	-54.214248	39.000000	130.120565	130.120565	130.120565	4.132580	-0.045163
-151.525604	26.159599	153.730000	46.140000	-53.530888	33.000000	129.707336	129.707336	129.707336	4.131773	-0.058682
-151.025604	26.659599	153.730000	46.140000	-52.630869	26.000000	129.096383	129.096383	129.096383	4.132161	-0.275508
-149.525604	15.159600	153.730000	46.140000	186.708895	23.000000	136.346419	136.346419	136.346419	4.132810	0.510754
-149.025604	15.659600	153.730000	46.140000	185.962439	23.000000	136.111588	136.011588	136.111588	4.131985	0.606714
-155.772995	19.079000	153.730000	46.140000	-1.629104	58.000000	135.046199	134.946199	135.046199	4.100134	-0.099089
-152.981201	18.301800	153.730000	46.140000	63.805671	57.000000	135.432296	135.432296	135.532296	4.101119	0.482703
-159.525604	18.659599	153.730000	46.140000	-61.592560	28.000000	135.753470	135.753470	135.753470	4.120184	-0.716429
-158.525604	19.659599	153.730000	46.140000	-62.895807	52.000000	134.877032	134.877032	134.877032	4.108401	-0.643169
-157.025604	21.159599	153.730000	46.140000	-63.992288	55.000000	134.268134	134.168134	134.268134	4.109654	0.139906
-156.525604	21.659599	153.730000	46.140000	-64.398223	61.000000	133.933945	133.933945	133.933945	4.113812	0.260416
-155.025604	23.159599	153.730000	46.140000	-65.179986	55.000000	132.639588	132.639588	132.639588	4.134083	0.301006
-154.525604	23.659599	153.730000	46.140000	-65.064158	49.000000	132.011290	132.011290	132.011290	4.137338	0.107587
-154.025604	24.159599	153.730000	46.140000	-64.790522	47.000000	131.484768	131.484768	131.484768	4.137376	0.010530
-153.525604	24.659599	153.730000	46.140000	-64.371208	49.000000	130.960132	130.960132	130.960132	4.138939	-0.090091
-153.025604	25.159599	153.730000	46.140000	-63.979104	47.000000	130.537490	130.537490	130.537490	4.136727	-0.094031
-152.525604	25.659599	153.730000	46.140000	-63.496986	39.000000	130.216943	130.216943	130.216943	4.132566	-0.001595
-152.025604	26.159599	153.730000	46.140000	-62.851949	34.000000	129.798590	129.798590	129.798590	4.131636	-0.012687
-151.525604	26.659599	153.730000	46.140000	-62.001314	28.000000	129.282524	129.282524	129.282524	4.132419	-0.127079
-150.525604	14.659600	153.730000	46.140000	178.473675	24.000000	136.602543	136.602543	136.602543	4.133759	0.323790
-149.525604	15.659600	153.730000	46.140000	176.990676	26.000000	136.125779	136.125779	136.125779	4.129313	0.524751
-149.025604	16.159599	153.730000	46.140000	176.315726	27.000000	135.888362	135.888362	135.888362	4.127651	0.619787
-152.765793	25.592800	153.730000	46.140000	-66.768225	44.000000	130.278118	130.278118	130.278118	4.133145	-0.014763
-159.525604	19.159599	153.730000	46.140000	-71.217994	30.000000	135.480696	135.480696	135.480696	4.116615	-0.666286
-158.525604	20.159599	153.730000	46.140000	-72.409093	51.000000	134.695622	134.695622	134.695622	4.108909	-0.495530
-158.025604	20.659599	153.730000	46.140000	-72.807945	56.000000	134.454243	134.454243	134.454243	4.108388	-0.265418
-157.025604	21.659599	153.730000	46.140000	-73.427498	56.000000	133.974538	133.974538	133.974538	4.111962	0.184043
-156.525604	22.159599	153.730000	46.140000	-73.892079	58.000000	133.536495	133.536495	133.636495	4.116623	0.203533
-156.025604	22.659599	153.730000	46.140000	-74.290388	58.000000	133.199840	133.199840	133.199840	4.125046	0.319447
-155.525604	23.159599	153.730000	46.140000	-74.323099	51.000000	132.764701	132.664701	132.764701	4.131844	0.331787
-155.025604	23.659599	153.730000	46.140000	-74.199535	50.000000	132.131205	132.131205	132.231205	4.136748	0.140703
-154.525604	24.159599	153.730000	46.140000	-73.936151	50.000000	131.599473	131.599473	131.599473	4.138144	0.046057
-153.025604	25.659599	153.730000	46.140000	-72.769667	43.000000	130.215995	130.215995	130.215995	4.134568	-0.058892
-152.525604	26.159599	153.730000	46.140000	-72.132565	34.000000	129.792429	129.792429	129.892429	4.133568	-0.067576
-150.525604	15.159600	153.730000	46.140000	168.735552	33.000000	136.483710	136.383710	136.483710	4.129581	0.440532
-150.025604	15.659600	153.730000	46.140000	167.986343	35.000000	136.242318	136.242318	136.242318	4.127682	0.541747
-149.525604	16.159599	153.730000	46.140000	167.318756	32.000000	136.001576	136.001576	136.001576	4.124541	0.639445
-149.025604	16.659599	153.730000	46.140000	166.661440	30.000000	135.761566	135.761566	135.761566	4.121975	0.733435
-152.132401	18.481400	153.730000	46.140000	75.562323	54.000000	135.449400	135.449400	135.449400	4.101621	0.776375
-159.525604	19.659599	153.730000	46.140000	-80.810911	28.000000	135.202292	135.202292	135.202292	4.113527	-0.615793
-158.525604	20.659599	153.730000	46.140000	-81.852405	51.000000	134.508560	134.508560	134.508560	4.108282	-0.347368
-157.525604	21.659599	153.730000	46.140000	-82.432167	53.000000	134.118536	134.118536	134.118536	4.112919	0.206788
-157.025604	22.159599	153.730000	46.140000	-82.906422	55.000000	133.675281	133.675281	133.675281	4.115816	0.228698
-156.525604	22.659599	153.730000	46.140000	-83.314324	54.000000	133.233387	133.233387	133.233387	4.121548	0.247001
-155.525604	23.659599	153.730000	46.140000	-83.362109	49.000000	132.254211	132.254211	132.254211	4.134291	0.172997
-155.025604	24.159599	153.730000	46.140000	-83.101295	49.000000	131.717185	131.717185	131.717185	4.137376	0.080751
-154.525604	24.659599	153.730000	46.140000	-82.721827	49.000000	131.182031	131.182031	131.182031	4.139521	-0.015123
-153.025604	26.159599	153.730000	46.140000	-81.403939	35.000000	129.888923	129.888923	129.888923	4.133084	-0.023403
-152.525604	26.659599	153.730000	46.140000	-80.637717	28.000000	129.462359	129.362359	129.462359	4.131647	-0.033056
-150.525604	15.659600	153.730000	46.140000	159.019628	41.000000	136.261257	136.261257	136.261257	4.127314	0.457789
-150.025604	16.159599	153.730000	46.140000	158.340087	40.000000	136.017145	136.017145	136.017145	4.123211	0.558113
-149.525604	16.659599	153.730000	46.140000	157.693952	37.000000	135.773743	135.773743	135.773743	4.119234	0.654703
-149.025604	17.159599	153.730000	46.140000	157.019841	31.000000	135.531137	135.531137	135.531137	4.116344	0.747593
-151.686600	14.689100	153.730000	46.140000	157.203531	27.000000	136.764132	136.764132	136.764132	4.122901	0.235680
-159.525604	20.159599	153.730000	46.140000	-90.365742	27.000000	135.018149	135.018149	135.018149	4.114743	-0.465014
-158.525604	21.159599	153.730000	46.140000	-91.225600	46.000000	134.315744	134.315744	134.315744	4.109029	-0.198864
-158.025604	21.659599	153.730000	46.140000	-91.546167	50.000000	134.066018	134.066018	134.066018	4.112351	0.028761
-157.525604	22.159599	153.730000	46.140000	-91.881890	53.000000	133.717477	133.717477	133.717477	4.115797	0.153049
-157.025604	22.659599	153.730000	46.140000	-92.356731	53.000000	133.270265	133.270265	133.270265	4.120639	0.173695
-156.525604	23.159599	153.730000	46.140000	-92.518331	52.000000	132.824522	132.824522	132.824522	4.126130	0.190741
-156.025604	23.659599	153.730000	46.140000	-92.500925	49.000000	132.380384	132.380384	132.380384	4.132199	0.204463
-155.525604	24.159599	153.730000	46.140000	-92.263242	48.000000	131.837981	131.837981	131.837981	4.136550	0.114549
-155.025604	24.659599	153.730000	46.140000	-91.945277	50.000000	131.297438	131.297438	131.297438	4.138643	0.021067
-154.525604	25.159599	153.730000	46.140000	-91.631378	46.000000	130.758875	130.758875	130.758875	4.139619	-0.075725
-153.025604	26.659599	153.730000	46.140000	-89.924478	28.000000	129.456195	129.456195	129.456195	4.134465	-0.087337
-152.025604	14.659600	153.730000	46.140000	151.736590	27.000000	136.779423	136.779423	136.879423	4.121659	0.156250
-150.525604	16.159599	153.730000	46.140000	149.373881	46.000000	136.135121	136.135121	136.135121	4.122445	0.575777
-149.525604	17.159599	153.730000	46.140000	148.096991	38.000000	135.542217	135.542217	135.542217	4.113533	0.670515
-149.025604	17.659599	153.730000	46.140000	147.388412	33.000000	135.297013	135.297013	135.297013	4.112958	0.762483
-151.637604	16.737801	153.730000	46.140000	118.310269	53.000000	135.973524	135.973524	135.973524	4.117300	0.473229
-159.525604	20.659599	153.730000	46.140000	-99.905931	30.000000	134.728161	134.728161	134.728161	4.112266	-0.413665
-158.525604	21.659599	153.730000	46.140000	-100.549152	45.000000	134.217068	134.117068	134.217068	4.114023	0.049973
-158.025604	22.159599	153.730000	46.140000	-100.910756	49.000000	133.863164	133.863164	133.863164	4.115066	0.176562
-157.525604	22.659599	153.730000	46.140000	-101.323531	53.000000	133.310556	133.310556	133.310556	4.119494	0.099579
-157.025604	23.159599	153.730000	46.140000	-101.587262	49.000000	132.859390	132.859390	132.959390	4.123701	0.119026
-156.525604	23.659599	153.730000	46.140000	-101.589614	50.000000	132.509806	132.409806	132.509806	4.129523	0.235054
-156.025604	24.159599	153.730000	46.140000	-101.449617	47.000000	131.961939	131.961939	131.961939	4.133377	0.147523
-155.525604	24.659599	153.730000	46.140000	-101.122402	48.000000	131.415920	131.415920	131.415920	4.136591	0.056436
-155.025604	25.159599	153.730000	46.140000	-100.854952	47.000000	130.871873	130.871873	130.871873	4.138534	-0.038044
-154.525604	25.659599	153.730000	46.140000	-100.441398	41.000000	130.429918	130.429918	130.429918	4.138301	-0.036069
-152.525604	14.659600	153.730000	46.140000	142.823731	29.000000	136.810170	136.810170	136.910170	4.113340	0.065201
-152.025604	15.159600	153.730000	46.140000	141.967678	34.000000	136.558121	136.558121	136.658121	4.121178	0.177960
-150.525604	16.659599	153.730000	46.140000	139.785938	47.000000	135.905232	135.905232	135.905232	4.118295	0.594311
-150.025604	17.159599	153.730000	46.140000	139.149773	43.000000	135.555661	135.555661	135.655661	4.113337	0.592398
-149.525604	17.659599	153.730000	46.140000	138.479992	38.000000	135.306932	135.306932	135.306932	4.111507	0.686998
-149.025604	18.159599	153.730000	46.140000	137.727350	33.000000	135.159129	135.159129	135.159129	4.113167	0.877919
-158.903000	21.298401	153.730000	46.140000	-100.696985	41.000000	134.321685	134.321685	134.321685	4.110628	-0.199778
-155.636200	22.299900	153.730000	46.140000	-60.534785	56.000000	133.424494	133.424494	133.424494	4.122529	0.378347
-150.914993	18.914200	153.730000	46.140000	89.029408	52.000000	135.040577	135.040577	135.040577	4.103122	0.836666
-159.525604	21.159599	153.730000	46.140000	-109.366227	30.000000	134.432217	134.432217	134.532217	4.110408	-0.361988
-159.025604	21.659599	153.730000	46.140000	-109.673706	37.000000	134.171769	134.171769	134.271769	4.112228	-0.129670
-158.525604	22.159599	153.730000	46.140000	-109.931743	45.000000	133.912426	133.912426	133.912426	4.114641	0.099315
-157.025604	23.659599	153.730000	46.140000	-110.682860	48.000000	132.542559	132.542559	132.542559	4.128432	0.164856
-156.525604	24.159599	153.730000	46.140000	-110.608725	49.000000	132.089142	132.089142	132.089142	4.131430	0.179697
-155.025604	25.659599	153.730000	46.140000	-109.658711	41.000000	130.540401	130.540401	130.540401	4.137025	0.003174
-154.525604	26.159599	153.730000	46.140000	-109.128397	34.000000	130.095074	130.095074	130.095074	4.135904	0.003914
-154.025604	26.659599	153.730000	46.140000	-108.516997	26.000000	129.652067	129.652067	129.652067	4.135796	0.001363
-153.025604	14.659600	153.730000	46.140000	133.885367	27.000000	136.843569	136.843569	136.943569	4.103411	-0.026779
-152.525604	15.159600	153.730000	46.140000	133.072491	34.000000	136.688068	136.588068	136.688068	4.112184	0.188552
-152.025604	15.659600	153.730000	46.140000	132.209223	41.000000	136.433017	136.333017	136.433017	4.118693	0.300159
-151.525604	16.159599	153.730000	46.140000	131.498958	47.000000	136.178515	136.178515	136.278515	4.120208	0.408268
-150.525604	17.159599	153.730000	46.140000	130.171660	50.000000	135.671525	135.671525	135.771525	4.115066	0.613330
-149.525604	18.159599	153.730000	46.140000	128.804410	39.000000	135.067823	135.067823	135.067823	4.108030	0.704018
-149.025604	18.659599	153.730000	46.140000	128.100043	33.000000	134.917419	134.917419	135.017419	4.110628	0.893836
-158.760193	18.564699	153.730000	46.140000	-46.123146	42.000000	135.528993	135.528993	135.528993	4.114782	-0.762405
-149.000900	16.989000	153.730000	46.140000	160.752512	30.000000	135.558142	135.558142	135.558142	4.118758	0.694973
-159.525604	21.659599	153.730000	46.140000	-118.696188	31.000000	134.330206	134.330206	134.330206	4.116034	-0.110054
-159.025604	22.159599	153.730000	46.140000	-119.000867	36.000000	134.065348	133.965348	134.065348	4.117825	0.121280
-158.525604	22.659599	153.730000	46.140000	-119.369449	45.000000	133.501712	133.501712	133.501712	4.117136	0.048978
-157.025604	24.159599	153.730000	46.140000	-119.735976	46.000000	132.119671	132.119671	132.119671	4.130529	0.111007
-156.525604	24.659599	153.730000	46.140000	-119.490738	47.000000	131.662432	131.662432	131.662432	4.132818	0.124584
-155.025604	26.159599	153.730000	46.140000	-118.363663	33.000000	130.202934	130.202934	130.202934	4.134566	0.044633
-154.525604	26.659599	153.730000	46.140000	-117.768081	24.000000	129.754255	129.754255	129.754255	4.134405	0.044463
-153.025604	15.159600	153.730000	46.140000	124.115546	34.000000	136.720680	136.620680	136.720680	4.103764	0.098213
-152.525604	15.659600	153.730000	46.140000	123.319985	44.000000	136.462103	136.362103	136.462103	4.111941	0.212431
-152.025604	16.159599	153.730000	46.140000	122.502841	50.000000	136.204045	136.204045	136.204045	4.117160	0.323067
-151.025604	17.159599	153.730000	46.140000	121.187208	54.000000	135.789866	135.789866	135.789866	4.115343	0.633323
-150.525604	17.659599	153.730000	46.140000	120.558570	53.000000	135.433933	135.433933	135.533933	4.112120	0.633058
-149.525604	18.659599	153.730000	46.140000	119.121526	39.000000	134.924824	134.924824	134.924824	4.108590	0.821566
-149.025604	19.159599	153.730000	46.140000	118.565350	32.000000	134.671820	134.671820	134.671820	4.111983	0.910462
-158.185394	22.620199	153.730000	46.140000	-112.488974	50.000000	133.537283	133.537283	133.537283	4.119139	0.140328
-154.983002	19.601000	153.730000	46.140000	2.625641	67.000000	134.965710	134.965710	134.965710	4.098614	0.327542
-159.525604	22.159599	153.730000	46.140000	-127.993553	29.000000	134.122018	134.122018	134.122018	4.117787	0.042440
-159.025604	22.659599	153.730000	46.140000	-128.353214	35.000000	133.652748	133.652748	133.652748	4.118956	0.072479
-158.525604	23.159599	153.730000	46.140000	-128.672593	41.000000	133.084820	133.084820	133.084820	4.118879	-0.001048
-157.025604	24.659599	153.730000	46.140000	-128.611558	46.000000	131.690626	131.690626	131.690626	4.131514	0.057471
-156.525604	25.159599	153.730000	46.140000	-128.313947	44.000000	131.129579	131.129579	131.129579	4.133941	-0.029967
-155.025604	26.659599	153.730000	46.140000	-126.974541	23.000000	129.759381	129.759381	129.759381	4.135810	-0.013349
-154.025604	14.659600	153.730000	46.140000	115.699215	28.000000	136.618545	136.618545	136.618545	4.089649	-0.513467
-153.525604	15.159600	153.730000	46.140000	115.079100	38.000000	136.656013	136.556013	136.656013	4.096954	-0.093007
-153.025604	15.659600	153.730000	46.140000	114.327684	42.000000	136.393865	136.393865	136.493865	4.106010	0.023724
-152.525604	16.159599	153.730000	46.140000	113.556562	51.000000	136.132205	136.132205	136.232205	4.112176	0.136962
-152.025604	16.659599	153.730000	46.140000	112.819746	55.000000	135.971130	135.971130	135.971130	4.115486	0.346494
-151.525604	17.159599	153.730000	46.140000	112.179854	55.000000	135.910739	135.910739	135.910739	4.114247	0.652309
-151.025604	17.659599	153.730000	46.140000	111.539717	56.000000	135.551127	135.551127	135.651127	4.112251	0.654647
-150.525604	18.159599	153.730000	46.140000	110.824891	53.000000	135.292386	135.292386	135.292386	4.109486	0.753305
-149.525604	19.159599	153.730000	46.140000	109.487091	38.000000	134.777869	134.777869	134.777869	4.112850	0.939759
-149.025604	19.659599	153.730000	46.140000	109.123152	28.000000	134.422264	134.422264	134.422264	4.114511	0.927608
-158.179504	20.377800	153.730000	46.140000	-70.284340	54.000000	134.568321	134.568321	134.568321	4.107227	-0.381254
-154.797394	18.803101	153.730000	46.140000	21.237847	64.000000	135.144445	135.044445	135.144445	4.098693	0.071535
-159.525604	22.659599	153.730000	46.140000	-137.296331	28.000000	133.807540	133.807540	133.907540	4.118977	0.095241
-158.525604	23.659599	153.730000	46.140000	-137.897574	41.000000	132.761642	132.761642	132.761642	4.123387	0.049415
-157.025604	25.159599	153.730000	46.140000	-137.435077	42.000000	131.255327	131.255327	131.255327	4.132820	0.004416
-156.525604	25.659599	153.730000	46.140000	-137.152791	40.000000	130.690487	130.690487	130.690487	4.135597	-0.084210
-154.525604	14.659600	153.730000	46.140000	106.510525	29.000000	136.560236	136.560236	136.560236	4.089541	-0.708146
-154.025604	15.159600	153.730000	46.140000	105.914705	38.000000	136.394126	136.394126	136.494126	4.091856	-0.485144
-153.525604	15.659600	153.730000	46.140000	105.311483	46.000000	136.428362	136.428362	136.428362	4.100192	-0.065863
-153.025604	16.159599	153.730000	46.140000	104.551940	53.000000	136.163053	136.063053	136.163053	4.106206	0.049930
-152.525604	16.659599	153.730000	46.140000	103.822603	56.000000	135.898299	135.898299	135.998299	4.110748	0.162003
-152.025604	17.159599	153.730000	46.140000	103.100383	55.000000	135.834203	135.834203	135.834203	4.112320	0.470379
-151.525604	17.659599	153.730000	46.140000	102.511902	55.000000	135.670860	135.670860	135.670860	4.111549	0.675284
-151.025604	18.159599	153.730000	46.140000	101.804363	57.000000	135.408367	135.408367	135.408367	4.108469	0.776481
-150.525604	18.659599	153.730000	46.140000	101.065066	51.000000	135.046816	135.046816	135.046816	4.106755	0.774006
-149.525604	19.659599	153.730000	46.140000	99.934642	35.000000	134.526890	134.526890	134.526890	4.113048	0.958463
-149.025604	20.159599	153.730000	46.140000	99.796796	28.000000	133.968686	133.868686	133.968686	4.117502	0.745204
-159.525604	23.159599	153.730000	46.140000	-146.632187	27.000000	133.386660	133.386660	133.486660	4.122281	0.048272
-158.525604	24.159599	153.730000	46.140000	-147.015412	40.000000	132.332071	132.332071	132.332071	4.125215	0.000176
-158.025604	24.659599	153.730000	46.140000	-146.831281	43.000000	131.957321	131.957321	131.957321	4.129733	0.120735
-157.025604	25.659599	153.730000	46.140000	-146.282906	39.000000	130.813672	130.813672	130.813672	4.134062	-0.048339
-156.525604	26.159599	153.730000	46.140000	-145.911816	34.000000	130.345060	130.345060	130.345060	4.134842	-0.038235
-156.025604	26.659599	153.730000	46.140000	-145.364741	27.000000	129.878770	129.878770	129.878770	4.134677	-0.031403
-154.525604	15.159600	153.730000	46.140000	96.736473	37.000000	136.335075	136.335075	136.435075	4.092305	-0.678182
-154.025604	15.659600	153.730000	46.140000	96.165543	46.000000	136.265652	136.165652	136.265652	4.090956	-0.356320
-152.525604	17.159599	153.730000	46.140000	94.085504	57.000000	135.760315	135.660315	135.760315	4.108296	0.287546
-152.025604	17.659599	153.730000	46.140000	93.417893	54.000000	135.693191	135.693191	135.693191	4.108982	0.594952
-150.525604	19.159599	153.730000	46.140000	91.306977	48.000000	134.897153	134.897153	134.897153	4.105846	0.895397
-150.025604	19.659599	153.730000	46.140000	90.747472	40.000000	134.633892	134.633892	134.633892	4.111034	0.988345
-149.525604	20.159599	153.730000	46.140000	90.547021	35.000000	134.071820	134.071820	134.171820	4.116386	0.777668
-149.025604	20.659599	153.730000	46.140000	90.651753	26.000000	133.311018	133.311018	133.311018	4.116269	0.363489
-159.525604	23.659599	153.730000	46.140000	-156.039222	23.000000	132.859264	132.859264	132.859264	4.118240	-0.098147
-158.525604	24.659599	153.730000	46.140000	-155.913885	39.000000	132.095998	132.095998	132.095998	4.130933	0.151229
-157.525604	25.659599	153.730000	46.140000	-155.436968	34.000000	130.940245	130.940245	130.940245	4.132714	-0.013253
-157.025604	26.159599	153.730000	46.140000	-155.067420	33.000000	130.365563	130.365563	130.365563	4.134633	-0.100802
-156.525604	26.659599	153.730000	46.140000	-154.580294	27.000000	129.893200	129.893200	129.893200	4.135163	-0.091710
-155.025604	15.159600	153.730000	46.140000	87.527898	36.000000	136.278921	136.278921	136.278921	4.092292	-0.872066
-154.525604	15.659600	153.730000	46.140000	87.023506	44.000000	136.205795	136.205795	136.205795	4.089486	-0.547724
-154.025604	16.159599	153.730000	46.140000	86.462095	55.000000	136.033050	136.033050	136.133050	4.092850	-0.326864
-152.525604	17.659599	153.730000	46.140000	84.405591	58.000000	135.618179	135.618179	135.618179	4.105971	0.413718
-152.025604	18.159599	153.730000	46.140000	83.723027	56.000000	135.548023	135.548023	135.548023	4.104631	0.720019
-150.525604	19.659599	153.730000	46.140000	81.658933	44.000000	134.643329	134.643329	134.643329	4.106322	0.917280
-150.025604	20.159599	153.730000	46.140000	81.324029	39.000000	134.177329	134.177329	134.177329	4.112580	0.809101
-149.525604	20.659599	153.730000	46.140000	81.358773	34.000000	133.512590	133.412590	133.512590	4.117747	0.497494
-149.025604	21.159599	153.730000	46.140000	81.592753	26.000000	132.749195	132.749195	132.749195	4.115585	0.082268
-157.700806	16.348400	153.730000	46.140000	15.677830	49.000000	136.165956	136.065956	136.165956	4.107461	-1.125999
-154.495895	18.401699	153.730000	46.140000	34.454153	58.000000	135.248914	135.148914	135.248914	4.096479	0.013287
-159.525604	24.159599	153.730000	46.140000	-165.200029	21.000000	132.525238	132.525238	132.525238	4.121340	-0.044280
-159.025604	24.659599	153.730000	46.140000	-165.058340	30.000000	132.138349	132.138349	132.138349	4.128369	0.080877
-158.025604	25.659599	153.730000	46.140000	-164.624705	32.000000	131.070296	131.070296	131.070296	4.131717	0.021068
-157.525604	26.159599	153.730000	46.140000	-164.295047	29.000000	130.489442	130.489442	130.489442	4.133641	-0.064231
-155.525604	15.159600	153.730000	46.140000	78.290205	36.000000	136.125724	136.125724	136.225724	4.096124	-1.166830
-155.025604	15.659600	153.730000	46.140000	77.803960	43.000000	136.148850	136.148850	136.148850	4.090904	-0.739975
-153.525604	17.159599	153.730000	46.140000	76.095789	63.000000	135.720727	135.720727	135.720727	4.102341	0.019049
-153.025604	17.659599	153.730000	46.140000	75.431794	60.000000	135.545884	135.545884	135.545884	4.104854	0.231562
-152.525604	18.159599	153.730000	46.140000	74.715911	60.000000	135.471815	135.471815	135.571815	4.102280	0.540374
-152.025604	18.659599	153.730000	46.140000	74.019487	57.000000	135.398624	135.298624	135.398624	4.101619	0.845514
-151.525604	19.159599	153.730000	46.140000	73.284198	56.000000	135.026406	135.026406	135.026406	4.101864	0.847213
-151.025604	19.659599	153.730000	46.140000	72.618296	50.000000	134.655258	134.655258	134.655258	4.103976	0.845222
-150.525604	20.159599	153.730000	46.140000	72.160377	42.000000	134.285271	134.285271	134.285271	4.109378	0.839588
-150.025604	20.659599	153.730000	46.140000	72.061338	38.000000	133.616534	133.616534	133.716534	4.115076	0.530533
-157.627594	20.346100	153.730000	46.140000	-59.581661	58.000000	134.599489	134.599489	134.599489	4.109214	-0.222174
-154.482803	21.001900	153.730000	46.140000	-15.300651	59.000000	134.204289	134.204289	134.204289	4.112024	0.545233
-159.525604	24.659599	153.730000	46.140000	-174.205450	21.000000	132.184468	132.184468	132.184468	4.124929	0.009789
-159.025604	25.159599	153.730000	46.140000	-174.047530	27.000000	131.693195	131.693195	131.693195	4.128995	0.033983
-158.025604	26.159599	153.730000	46.140000	-173.525516	28.000000	130.616787	130.616787	130.616787	4.132446	-0.028425
-157.525604	26.659599	153.730000	46.140000	-173.068977	24.000000	130.131963	130.131963	130.131963	4.132114	-0.014665
-155.525604	15.659600	153.730000	46.140000	68.555209	43.000000	135.994879	135.994879	136.094879	4.094534	-1.033059
-155.025604	16.159599	153.730000	46.140000	68.159037	47.000000	136.014515	136.014515	136.014515	4.091747	-0.607218
-154.025604	17.159599	153.730000	46.140000	67.089839	63.000000	135.655147	135.555147	135.655147	4.097407	-0.166508
-153.525604	17.659599	153.730000	46.140000	66.434742	62.000000	135.476367	135.476367	135.576367	4.103331	0.048473
-153.025604	18.159599	153.730000	46.140000	65.757268	60.000000	135.498333	135.398333	135.498333	4.101481	0.459810
-152.525604	18.659599	153.730000	46.140000	65.046355	61.000000	135.421151	135.321151	135.421151	4.100322	0.767505
-152.025604	19.159599	153.730000	46.140000	64.293143	59.000000	135.044920	135.044920	135.044920	4.101475	0.771678
-151.525604	19.659599	153.730000	46.140000	63.580293	56.000000	134.769741	134.669741	134.769741	4.102373	0.872222
-151.025604	20.159599	153.730000	46.140000	63.090842	50.000000	134.395707	134.295707	134.395707	4.108146	0.869142
-150.025604	21.159599	153.730000	46.140000	62.960230	40.000000	133.051439	133.051439	133.051439	4.116421	0.252379
-157.270004	21.108999	153.730000	46.140000	-67.472776	56.000000	134.335285	134.235285	134.335285	4.111918	0.112727
-154.393997	19.262501	153.730000	46.140000	19.633097	66.000000	135.069484	135.069484	135.169484	4.097292	0.362029
-159.025604	25.659599	153.730000	46.140000	-183.058974	23.000000	131.241198	131.241198	131.241198	4.128392	-0.012718
-158.525604	26.159599	153.730000	46.140000	-182.726931	25.000000	130.747691	130.747691	130.747691	4.130295	0.006629
-158.025604	26.659599	153.730000	46.140000	-182.295542	23.000000	130.256476	130.256476	130.256476	4.130300	0.022621
-157.025604	14.659600	153.730000	46.140000	61.150187	28.000000	136.813073	136.813073	136.813073	4.100655	-1.194476
-156.525604	15.159600	153.730000	46.140000	60.173084	36.000000	136.328441	136.328441	136.328441	4.100903	-1.258915
-156.025604	15.659600	153.730000	46.140000	59.399025	42.000000	136.043943	136.043943	136.043943	4.096239	-1.127061
-155.525604	16.159599	153.730000	46.140000	58.895821	50.000000	135.859701	135.859701	135.859701	4.094195	-0.898676
-155.025604	16.659599	153.730000	46.140000	58.535649	53.000000	135.875835	135.775835	135.875835	4.094465	-0.473993
-154.525604	17.159599	153.730000	46.140000	57.988381	58.000000	135.592460	135.592460	135.592460	4.095695	-0.353011
-153.525604	18.159599	153.730000	46.140000	56.728740	61.000000	135.527638	135.427638	135.527638	4.101768	0.378366
-153.025604	18.659599	153.730000	46.140000	56.099032	60.000000	135.346409	135.346409	135.346409	4.100346	0.588523
-151.525604	20.159599	153.730000	46.140000	53.950909	55.000000	134.408697	134.408697	134.408697	4.105808	0.797697
-151.025604	20.659599	153.730000	46.140000	53.691098	48.000000	133.931778	133.831778	133.931778	4.112967	0.693665
-150.025604	21.659599	153.730000	46.140000	53.912759	42.000000	132.581973	132.581973	132.581973	4.119937	0.074692
-149.525604	22.159599	153.730000	46.140000	54.251842	35.000000	131.909260	131.909260	131.909260	4.116479	-0.240024
-157.227295	18.984800	153.730000	46.140000	-26.506183	59.000000	134.933526	134.933526	134.933526	4.104699	-0.650647
-154.251801	21.168699	153.730000	46.140000	-14.355554	54.000000	134.046385	134.046385	134.146385	4.115176	0.539816
-159.025604	26.159599	153.730000	46.140000	-191.912310	21.000000	130.782246	130.782246	130.782246	4.127319	-0.059156
-158.525604	26.659599	153.730000	46.140000	-191.481015	22.000000	130.284533	130.284533	130.384533	4.128761	-0.040844
-157.525604	14.659600	153.730000	46.140000	52.258667	30.000000	137.072939	137.072939	137.072939	4.103495	-1.094257
-157.025604	15.159600	153.730000	46.140000	51.211914	35.000000	136.484480	136.484480	136.484480	4.103392	-1.256209
-156.525604	15.659600	153.730000	46.140000	50.337232	41.000000	136.096105	136.096105	136.196105	4.100752	-1.221876
-156.025604	16.159599	153.730000	46.140000	49.713628	46.000000	135.907941	135.907941	135.907941	4.095017	-0.991003
-155.525604	16.659599	153.730000	46.140000	49.259994	53.000000	135.720108	135.720108	135.720108	4.094968	-0.763833
-155.025604	17.159599	153.730000	46.140000	48.886184	56.000000	135.632728	135.632728	135.632728	4.096035	-0.440359
-154.525604	17.659599	153.730000	46.140000	48.337158	59.000000	135.345918	135.345918	135.345918	4.098090	-0.320331
-153.525604	18.659599	153.730000	46.140000	47.042551	61.000000	135.374461	135.374461	135.374461	4.099938	0.508663
-153.025604	19.159599	153.730000	46.140000	46.369373	61.000000	135.190033	135.190033	135.190033	4.100087	0.717894
-151.525604	20.659599	153.730000	46.140000	44.489288	50.000000	134.043199	133.943199	134.043199	4.111013	0.723830
-151.025604	21.159599	153.730000	46.140000	44.444232	49.000000	133.363399	133.363399	133.463399	4.117894	0.418647
-150.025604	22.159599	153.730000	46.140000	44.886216	42.000000	132.108066	132.108066	132.108066	4.123348	-0.102338
-149.025604	23.159599	153.730000	46.140000	45.578509	23.000000	131.258993	131.258993	131.258993	4.124907	-0.237602
-156.964600	24.312099	153.730000	46.140000	-121.340420	48.000000	132.006345	132.006345	132.006345	4.130861	0.123734
-154.030502	17.988400	153.730000	46.140000	50.935561	60.000000	135.318594	135.218594	135.318594	4.098214	-0.043247
-159.025604	26.659599	153.730000	46.140000	-200.693706	18.000000	130.416230	130.416230	130.416230	4.125596	-0.005057
-157.525604	15.159600	153.730000	46.140000	42.268458	34.000000	136.743722	136.743722	136.743722	4.105812	-1.154346
-157.025604	15.659600	153.730000	46.140000	41.302726	41.000000	136.251428	136.251428	136.251428	4.102449	-1.217490
-156.525604	16.159599	153.730000	46.140000	40.572656	46.000000	135.959296	135.959296	135.959296	4.098558	-1.084190
-155.525604	17.159599	153.730000	46.140000	39.636274	58.000000	135.576017	135.576017	135.576017	4.096616	-0.628540
-155.025604	17.659599	153.730000	46.140000	39.234887	59.000000	135.385114	135.285114	135.385114	4.097750	-0.406077
-154.525604	18.159599	153.730000	46.140000	38.627925	59.000000	135.194861	135.194861	135.294861	4.097088	-0.187252
-153.525604	19.159599	153.730000	46.140000	37.334344	66.000000	135.216758	135.216758	135.216758	4.098733	0.639610
-153.025604	19.659599	153.730000	46.140000	36.653580	62.000000	134.929129	134.929129	134.929129	4.100946	0.747658
-151.525604	21.159599	153.730000	46.140000	35.195295	50.000000	133.473175	133.473175	133.573175	4.115867	0.450352
-151.025604	21.659599	153.730000	46.140000	35.318282	48.000000	132.890496	132.890496	132.890496	4.123727	0.244079
-150.025604	22.659599	153.730000	46.140000	35.893159	39.000000	131.729646	131.729646	131.729646	4.125407	-0.178983
-149.525604	23.159599	153.730000	46.140000	36.221465	30.000000	131.351648	131.351648	131.351648	4.126848	-0.195886
-149.025604	23.659599	153.730000	46.140000	36.670948	22.000000	130.975375	130.975375	130.975375	4.125726	-0.216224
-156.932007	19.832701	153.730000	46.140000	-37.203112	55.000000	134.667507	134.667507	134.767507	4.105429	-0.304074
-153.992294	18.797600	153.730000	46.140000	35.910951	60.000000	135.250371	135.250371	135.350371	4.097374	0.360380
-158.525604	14.659600	153.730000	46.140000	34.628562	24.000000	137.702462	137.702462	137.702462	4.111242	-0.796229
-158.025604	15.159600	153.730000	46.140000	33.389012	32.000000	137.006231	137.006231	137.006231	4.108926	-1.053262
-157.525604	15.659600	153.730000	46.140000	32.312453	41.000000	136.409977	136.409977	136.409977	4.106913	-1.213993
-157.025604	16.159599	153.730000	46.140000	31.504282	47.000000	136.013834	136.013834	136.013834	4.103846	-1.178177
-156.025604	17.159599	153.730000	46.140000	30.445051	59.000000	135.522390	135.522390	135.522390	4.097830	-0.817638
-155.525604	17.659599	153.730000	46.140000	30.032451	62.000000	135.427343	135.427343	135.427343	4.098168	-0.492656
-155.025604	18.159599	153.730000	46.140000	29.562762	63.000000	135.232909	135.232909	135.332909	4.097903	-0.271352
-153.525604	19.659599	153.730000	46.140000	27.643650	65.000000	134.954450	134.954450	134.954450	4.101053	0.671000
-153.025604	20.159599	153.730000	46.140000	26.980920	61.000000	134.663617	134.663617	134.663617	4.104471	0.777864
-151.525604	21.659599	153.730000	46.140000	26.015893	49.000000	132.998548	132.998548	133.098548	4.122425	0.277315
-151.025604	22.159599	153.730000	46.140000	26.272227	48.000000	132.412995	132.412995	132.412995	4.126774	0.070092
-150.025604	23.159599	153.730000	46.140000	26.944676	35.000000	131.346644	131.346644	131.346644	4.126208	-0.255186
-149.525604	23.659599	153.730000	46.140000	27.300460	29.000000	131.066016	131.066016	131.066016	4.128327	-0.173016
-149.025604	24.159599	153.730000	46.140000	27.861145	24.000000	130.687193	130.687193	130.687193	4.126361	-0.194404
-156.808197	18.404200	153.730000	46.140000	-7.684253	56.000000	135.094923	135.094923	135.094923	4.105800	-0.730024
-153.982697	21.519699	153.730000	46.140000	-16.152223	51.000000	133.778698	133.778698	133.778698	4.119315	0.547888
-158.525604	15.159600	153.730000	46.140000	24.606117	29.000000	137.272073	137.272073	137.272073	4.113716	-0.952989
-157.525604	16.159599	153.730000	46.140000	22.479000	47.000000	136.171618	136.171618	136.171618	4.106823	-1.173006
-157.025604	16.659599	153.730000	46.140000	21.807447	52.000000	135.871606	135.871606	135.871606	4.103158	-1.038430
-155.525604	18.159599	153.730000	46.140000	20.403144	63.000000	135.174003	135.174003	135.274003	4.100353	-0.456337
-155.025604	18.659599	153.730000	46.140000	19.888655	65.000000	135.076030	135.076030	135.176030	4.098923	-0.136246
-154.025604	19.659599	153.730000	46.140000	18.685584	64.000000	134.982642	134.982642	134.982642	4.100662	0.593418
-153.525604	20.159599	153.730000	46.140000	17.944344	63.000000	134.687455	134.687455	134.687455	4.104396	0.702764
-153.025604	20.659599	153.730000	46.140000	17.368887	58.000000	134.293418	134.293418	134.293418	4.110712	0.708709
-152.525604	21.159599	153.730000	46.140000	16.911949	52.000000	133.800637	133.700637	133.800637	4.117011	0.610984
-152.025604	21.659599	153.730000	46.140000	16.845923	50.000000	133.109214	133.109214	133.209214	4.121629	0.309643
-151.525604	22.159599	153.730000	46.140000	16.957922	49.000000	132.619244	132.519244	132.619244	4.127704	0.204918
-151.025604	22.659599	153.730000	46.140000	17.321028	47.000000	131.930824	131.930824	132.030824	4.128819	-0.103461
-150.525604	23.159599	153.730000	46.140000	17.584218	40.000000	131.544043	131.544043	131.544043	4.130488	-0.115424
-150.025604	23.659599	153.730000	46.140000	18.025643	34.000000	131.058987	131.058987	131.058987	4.127855	-0.230750
-156.755997	21.136000	153.730000	46.140000	-58.614949	59.000000	134.252337	134.252337	134.352337	4.111042	0.173771
-153.967499	14.731300	153.730000	46.140000	115.367135	29.000000	136.606796	136.606796	136.606796	4.088306	-0.473715
-159.525604	14.659600	153.730000	46.140000	16.974699	15.000000	137.945469	137.945469	137.945469	4.117123	-0.901390
-159.025604	15.159600	153.730000	46.140000	15.757477	24.000000	137.441313	137.441313	137.441313	4.116983	-0.953532
-158.525604	15.659600	153.730000	46.140000	14.655020	35.000000	136.937014	136.937014	136.937014	4.113982	-1.009322
-157.525604	16.659599	153.730000	46.140000	12.758403	53.000000	135.928551	135.928551	135.928551	4.106662	-1.131638
-157.025604	17.159599	153.730000	46.140000	12.181321	54.000000	135.624658	135.624658	135.624658	4.103748	-0.998256
-155.525604	18.659599	153.730000	46.140000	10.801173	63.000000	135.115911	135.115911	135.115911	4.101281	-0.219592
-155.025604	19.159599	153.730000	46.140000	10.249421	70.000000	135.014391	135.014391	135.114391	4.098580	0.099490
-154.025604	20.159599	153.730000	46.140000	9.060157	60.000000	134.714168	134.714168	134.714168	4.104081	0.626801
-153.525604	20.659599	153.730000	46.140000	8.330916	57.000000	134.415693	134.415693	134.415693	4.110691	0.735162
-153.025604	21.159599	153.730000	46.140000	7.920252	53.000000	133.918454	133.818454	133.918454	4.116963	0.639918
-152.525604	21.659599	153.730000	46.140000	7.623690	50.000000	133.322556	133.322556	133.322556	4.121855	0.441076
-152.025604	22.159599	153.730000	46.140000	7.764640	50.000000	132.728102	132.628102	132.728102	4.126956	0.238771
-151.525604	22.659599	153.730000	46.140000	8.004758	49.000000	132.135188	132.135188	132.135188	4.130952	0.032881
-151.025604	23.159599	153.730000	46.140000	8.415613	47.000000	131.543908	131.543908	131.543908	4.129318	-0.176588
-150.525604	23.659599	153.730000	46.140000	8.653250	40.000000	131.154352	131.154352	131.154352	4.129818	-0.189491
-150.025604	24.159599	153.730000	46.140000	9.209410	35.000000	130.766605	130.766605	130.766605	4.128825	-0.205958
-156.658005	20.891001	153.730000	46.140000	-52.221615	58.000000	134.404836	134.404836	134.404836	4.110050	0.187656
-153.902405	19.979099	153.730000	46.140000	14.717351	62.000000	134.878296	134.878296	134.878296	4.102049	0.707275
-159.525604	15.159600	153.730000	46.140000	6.973411	19.000000	137.714015	137.714015	137.714015	4.119160	-0.854821
-159.025604	15.659600	153.730000	46.140000	5.801723	30.000000	137.205635	137.205635	137.205635	4.118210	-0.908230
-158.525604	16.159599	153.730000	46.140000	4.774060	42.000000	136.597193	136.597193	136.597193	4.113247	-1.065079
-157.525604	17.159599	153.730000	46.140000	3.098173	55.000000	135.780688	135.780688	135.780688	4.107078	-0.989853
-157.025604	17.659599	153.730000	46.140000	2.575826	56.000000	135.472900	135.472900	135.472900	4.105175	-0.857509
-155.525604	19.159599	153.730000	46.140000	1.254759	62.000000	134.952979	134.952979	135.052979	4.099265	-0.082276
-155.025604	19.659599	153.730000	46.140000	0.749358	68.000000	134.947909	134.947909	134.947909	4.098950	0.335646
-153.525604	21.159599	153.730000	46.140000	-1.146372	51.000000	134.039082	134.039082	134.039082	4.116637	0.667978
-153.025604	21.659599	153.730000	46.140000	-1.430849	55.000000	133.438643	133.338643	133.438643	4.122608	0.471545
-152.525604	22.159599	153.730000	46.140000	-1.511460	52.000000	132.839633	132.839633	132.839633	4.126680	0.271731
-151.525604	23.159599	153.730000	46.140000	-0.923135	49.000000	131.746303	131.746303	131.746303	4.132577	-0.038738
-151.025604	23.659599	153.730000	46.140000	-0.498310	49.000000	131.252172	131.252172	131.252172	4.131250	-0.149157
-150.525604	24.159599	153.730000	46.140000	-0.181705	42.000000	130.859851	130.859851	130.859851	4.131335	-0.163139
-150.025604	24.659599	153.730000	46.140000	0.491445	35.000000	130.469426	130.469426	130.469426	4.129435	-0.180748
-156.510101	19.477699	153.730000	46.140000	-22.680737	56.000000	134.827031	134.827031	134.927031	4.102414	-0.259455
-153.868195	17.315399	153.730000	46.140000	66.901480	63.000000	135.479846	135.479846	135.579846	4.098467	-0.218293
-159.525604	15.659600	153.730000	46.140000	-2.988859	23.000000	137.377746	137.377746	137.377746	4.119740	-0.907884
-159.025604	16.159599	153.730000	46.140000	-4.101990	35.000000	136.865120	136.865120	136.865120	4.117471	-0.962313
-158.525604	16.659599	153.730000	46.140000	-5.041151	45.000000	136.352515	136.352515	136.352515	4.113487	-1.020424
-157.525604	17.659599	153.730000	46.140000	-6.512105	55.000000	135.527936	135.527936	135.527936	4.106609	-0.947450
-157.025604	18.159599	153.730000	46.140000	-7.017159	56.000000	135.216240	135.216240	135.216240	4.104501	-0.816350
-155.525604	19.659599	153.730000	46.140000	-8.244223	64.000000	134.885121	134.885121	134.985121	4.098387	0.155451
-155.025604	20.159599	153.730000	46.140000	-8.796830	66.000000	134.676496	134.676496	134.676496	4.101246	0.372153
-154.025604	21.159599	153.730000	46.140000	-10.080493	52.000000	134.062592	134.062592	134.062592	4.114390	0.595113
-153.525604	21.659599	153.730000	46.140000	-10.561531	53.000000	133.557542	133.557542	133.657542	4.122091	0.501141
-153.025604	22.159599	153.730000	46.140000	-10.631535	55.000000	132.953906	132.953906	132.953906	4.127115	0.303795
-152.025604	23.159599	153.730000	46.140000	-10.090220	51.000000	131.851293	131.851293	131.851293	4.133428	-0.001792
-151.525604	23.659599	153.730000	46.140000	-9.860629	51.000000	131.352513	131.352513	131.352513	4.133592	-0.109734
-151.025604	24.159599	153.730000	46.140000	-9.366173	49.000000	130.855542	130.855542	130.855542	4.130943	-0.221315
-150.025604	25.159599	153.730000	46.140000	-8.185490	34.000000	130.067379	130.067379	130.067379	4.127566	-0.254916
-156.465103	18.775000	153.730000	46.140000	-8.464642	56.000000	135.044003	135.044003	135.044003	4.103497	-0.463843
-153.700806	17.297501	153.730000	46.140000	70.251659	64.000000	135.550396	135.550396	135.650396	4.100102	-0.117601
-158.525604	17.159599	153.730000	46.140000	-14.739276	45.000000	136.102884	136.102884	136.102884	4.113486	-0.975368
-158.025604	17.659599	153.730000	46.140000	-15.506596	45.000000	135.686347	135.686347	135.686347	4.109126	-0.938220
-157.525604	18.159599	153.730000	46.140000	-16.120653	53.000000	135.370202	135.370202	135.370202	4.107011	-0.804694
-157.025604	18.659599	153.730000	46.140000	-16.581455	56.000000	135.054586	135.054586	135.054586	4.105656	-0.674790
-156.525604	19.159599	153.730000	46.140000	-16.914986	61.000000	134.939635	134.939635	134.939635	4.105472	-0.348389
-156.025604	19.659599	153.730000	46.140000	-17.259643	59.000000	134.925480	134.925480	134.925480	4.101047	0.074400
-155.525604	20.159599	153.730000	46.140000	-17.798771	65.000000	134.712249	134.712249	134.712249	4.102494	0.293579
-155.025604	20.659599	153.730000	46.140000	-18.411754	66.000000	134.400066	134.400066	134.500066	4.106322	0.409277
-154.525604	21.159599	153.730000	46.140000	-19.058122	59.000000	134.089051	134.089051	134.089051	4.114673	0.521374
-153.525604	22.159599	153.730000	46.140000	-19.824269	54.000000	133.170988	133.070988	133.170988	4.128169	0.434921
-153.025604	22.659599	153.730000	46.140000	-19.606466	57.000000	132.464162	132.464162	132.564162	4.130391	0.136381
-151.525604	24.159599	153.730000	46.140000	-18.744196	51.000000	131.053743	130.953743	131.053743	4.134331	-0.080399
-151.025604	24.659599	153.730000	46.140000	-18.129118	49.000000	130.553944	130.553944	130.553944	4.131398	-0.193070
-150.025604	25.659599	153.730000	46.140000	-16.879073	28.000000	129.760393	129.760393	129.760393	4.128397	-0.228756
-149.525604	26.159599	153.730000	46.140000	-16.222415	19.000000	129.466803	129.466803	129.466803	4.128714	-0.151903
