-153.503204	19.495199	153.730000	46.140000	31.573240	65.000000	135.287834	135.287834	135.287834	4.092041	0.911970
-159.525604	16.659599	153.730000	46.140000	-22.130204	32.000000	137.090372	137.090372	137.090372	4.096833	-0.612398
-158.525604	17.659599	153.730000	46.140000	-24.115579	41.000000	136.048205	136.048205	136.048205	4.088414	-0.729754
-158.025604	18.159599	153.730000	46.140000	-24.960873	48.000000	135.627557	135.627557	135.627557	4.083039	-0.693816
-157.525604	18.659599	153.730000	46.140000	-25.598025	54.000000	135.307391	135.307391	135.307391	4.077656	-0.561545
-157.025604	19.159599	153.730000	46.140000	-25.937302	59.000000	135.087846	135.087846	135.087846	4.075328	-0.332675
-156.525604	19.659599	153.730000	46.140000	-26.279499	56.000000	134.969057	134.969057	135.069057	4.072928	-0.007460
-156.025604	20.159599	153.730000	46.140000	-26.787439	59.000000	134.851157	134.851157	134.851157	4.074648	0.314093
-155.525604	20.659599	153.730000	46.140000	-27.399372	63.000000	134.634274	134.534274	134.634274	4.074854	0.532259
-155.025604	21.159599	153.730000	46.140000	-28.164579	64.000000	134.318532	134.318532	134.318532	4.082157	0.646795
-154.525604	21.659599	153.730000	46.140000	-28.772413	58.000000	133.904052	133.904052	133.904052	4.088676	0.657676
-153.025604	23.159599	153.730000	46.140000	-28.803689	53.000000	131.969329	131.969329	132.069329	4.102035	-0.030639
-152.525604	23.659599	153.730000	46.140000	-28.482083	51.000000	131.461023	131.461023	131.461023	4.103211	-0.133727
-151.025604	25.159599	153.730000	46.140000	-26.964587	46.000000	130.147304	130.147304	130.147304	4.102550	-0.264289
-150.525604	25.659599	153.730000	46.140000	-26.333031	34.000000	129.846769	129.846769	129.846769	4.103395	-0.181440
-150.025604	26.159599	153.730000	46.140000	-25.369211	22.000000	129.248396	129.248396	129.248396	4.101947	-0.402202
-149.525604	26.659599	153.730000	46.140000	-24.230224	14.000000	128.652263	128.652263	128.652263	4.101766	-0.626274
-156.206604	16.162001	153.730000	46.140000	46.866500	44.000000	135.968862	135.968862	136.068862	4.092584	-0.980624
-153.295898	18.800900	153.730000	46.140000	48.941681	58.000000	135.548742	135.448742	135.548742	4.095703	0.813654
-159.525604	17.159599	153.730000	46.140000	-31.995442	31.000000	136.839068	136.839068	136.939068	4.097344	-0.564116
-159.025604	17.659599	153.730000	46.140000	-32.877720	38.000000	136.413582	136.413582	136.513582	4.096120	-0.522100
-158.525604	18.159599	153.730000	46.140000	-33.931901	42.000000	135.788379	135.788379	135.788379	4.084157	-0.683753
-157.025604	19.659599	153.730000	46.140000	-35.484412	57.000000	135.015926	135.015926	135.015926	4.072395	-0.090173
-156.525604	20.159599	153.730000	46.140000	-35.904130	58.000000	134.793293	134.793293	134.793293	4.074730	0.133798
-155.025604	21.659599	153.730000	46.140000	-37.694415	61.000000	133.931805	133.931805	133.931805	4.086610	0.584637
-154.525604	22.159599	153.730000	46.140000	-38.103995	55.000000	133.513863	133.513863	133.513863	4.092482	0.594586
-154.025604	22.659599	153.730000	46.140000	-38.149597	54.000000	132.897395	132.897395	132.897395	4.097720	0.400883
-153.025604	23.659599	153.730000	46.140000	-37.836781	51.000000	131.569327	131.569327	131.569327	4.102741	-0.097051
-152.525604	24.159599	153.730000	46.140000	-37.443168	50.000000	131.057940	131.057940	131.057940	4.102339	-0.201331
-152.025604	24.659599	153.730000	46.140000	-36.957993	50.000000	130.648452	130.648452	130.648452	4.101329	-0.209168
-151.025604	25.659599	153.730000	46.140000	-35.692799	38.000000	129.835546	129.835546	129.835546	4.101173	-0.235120
-150.025604	26.659599	153.730000	46.140000	-33.832913	18.000000	128.831318	128.831318	128.831318	4.103245	-0.475042
-149.025604	14.659600	153.730000	46.140000	206.565193	15.000000	136.847585	136.847585	136.947585	4.074222	0.882618
-153.292099	20.892599	153.730000	46.140000	8.233975	58.000000	134.296993	134.296993	134.396993	4.093639	0.804441
-159.525604	17.659599	153.730000	46.140000	-41.872185	30.000000	136.582552	136.582552	136.582552	4.096826	-0.515240
-159.025604	18.159599	153.730000	46.140000	-42.734084	36.000000	136.152742	136.152742	136.152742	4.093054	-0.474500
-158.525604	18.659599	153.730000	46.140000	-43.659835	45.000000	135.523309	135.523309	135.523309	4.077389	-0.637373
-157.025604	20.159599	153.730000	46.140000	-45.070508	56.000000	134.838731	134.738731	134.838731	4.073250	0.052708
-156.525604	20.659599	153.730000	46.140000	-45.509319	60.000000	134.612249	134.512249	134.612249	4.074461	0.275656
-155.025604	22.159599	153.730000	46.140000	-47.093524	59.000000	133.539799	133.539799	133.539799	4.090297	0.523080
-154.525604	22.659599	153.730000	46.140000	-47.354537	55.000000	133.018398	133.018398	133.018398	4.095253	0.431808
-153.525604	23.659599	153.730000	46.140000	-47.043625	52.000000	131.680425	131.680425	131.680425	4.102688	-0.061316
-153.025604	24.159599	153.730000	46.140000	-46.766327	50.000000	131.264074	131.264074	131.264074	4.102823	-0.063156
-152.525604	24.659599	153.730000	46.140000	-46.315460	47.000000	130.749619	130.749619	130.749619	4.101459	-0.168554
-151.525604	25.659599	153.730000	46.140000	-45.064425	40.000000	129.826789	129.826789	129.826789	4.100247	-0.289693
-151.025604	26.159599	153.730000	46.140000	-44.237508	32.000000	129.318597	129.318597	129.318597	4.100720	-0.405571
-149.525604	14.659600	153.730000	46.140000	197.621000	17.000000	136.963556	136.863556	136.963556	4.075620	0.897339
-149.025604	15.159600	153.730000	46.140000	196.827361	20.000000	136.731309	136.631309	136.731309	4.076413	0.994395
-155.996994	20.771000	153.730000	46.140000	-38.052157	59.000000	134.638998	134.538998	134.638998	4.076614	0.500382
-153.290604	17.906200	153.730000	46.140000	66.608421	57.000000	135.753194	135.653194	135.853194	4.105267	0.515222
-159.525604	18.159599	153.730000	46.140000	-51.729283	27.000000	136.320721	136.320721	136.320721	4.093022	-0.465991
-159.025604	18.659599	153.730000	46.140000	-52.534285	37.000000	135.786571	135.786571	135.886571	4.083636	-0.526529
-158.525604	19.159599	153.730000	46.140000	-53.340618	46.000000	135.352893	135.352893	135.352893	4.076040	-0.490453
-157.025604	20.659599	153.730000	46.140000	-54.630700	58.000000	134.556166	134.556166	134.656166	4.074290	0.096125
-156.525604	21.159599	153.730000	46.140000	-55.166758	61.000000	134.325831	134.325831	134.325831	4.077362	0.317886
-155.025604	22.659599	153.730000	46.140000	-56.344418	56.000000	133.142422	133.142422	133.142422	4.094717	0.461895
-154.525604	23.159599	153.730000	46.140000	-56.458484	53.000000	132.617569	132.517569	132.617569	4.099334	0.369401
-154.025604	23.659599	153.730000	46.140000	-56.357762	51.000000	131.894389	131.894389	131.894389	4.102217	0.073563
-153.525604	24.159599	153.730000	46.140000	-56.064179	49.000000	131.372993	131.372993	131.372993	4.102423	-0.025849
-153.025604	24.659599	153.730000	46.140000	-55.549375	49.000000	130.753489	130.753489	130.753489	4.102789	-0.228890
-152.525604	25.159599	153.730000	46.140000	-55.065825	45.000000	130.335980	130.335980	130.335980	4.101122	-0.235257
-152.025604	25.659599	153.730000	46.140000	-54.457964	39.000000	129.920565	129.920565	129.920565	4.100298	-0.245163
-151.525604	26.159599	153.730000	46.140000	-53.590537	33.000000	129.407336	129.407336	129.407336	4.100464	-0.358682
-151.025604	26.659599	153.730000	46.140000	-52.728422	26.000000	128.896383	128.896383	128.896383	4.102335	-0.475508
-149.525604	15.159600	153.730000	46.140000	187.766085	23.000000	136.746419	136.746419	136.846419	4.078255	0.910754
-149.025604	15.659600	153.730000	46.140000	187.002254	23.000000	136.411588	136.411588	136.411588	4.076480	0.906714
-155.772995	19.079000	153.730000	46.140000	-1.269263	58.000000	135.146199	135.146199	135.246199	4.073781	0.000911
-152.981201	18.301800	153.730000	46.140000	64.315572	57.000000	135.732296	135.632296	135.732296	4.102069	0.782703
-159.525604	18.659599	153.730000	46.140000	-61.490770	28.000000	136.053470	136.053470	136.053470	4.088867	-0.416429
-158.525604	19.659599	153.730000	46.140000	-62.972994	52.000000	135.077032	135.077032	135.177032	4.071632	-0.443169
-157.025604	21.159599	153.730000	46.140000	-64.192496	55.000000	134.368134	134.368134	134.368134	4.074590	0.239906
-156.525604	21.659599	153.730000	46.140000	-64.819023	61.000000	134.033945	134.033945	134.033945	4.078381	0.360416
-155.025604	23.159599	153.730000	46.140000	-65.518408	55.000000	132.639588	132.639588	132.739588	4.098308	0.301006
-154.525604	23.659599	153.730000	46.140000	-65.544902	49.000000	132.111290	132.111290	132.111290	4.101138	0.207587
-154.025604	24.159599	153.730000	46.140000	-65.320955	47.000000	131.484768	131.484768	131.484768	4.100570	0.010530
-153.525604	24.659599	153.730000	46.140000	-64.951030	49.000000	130.960132	130.960132	130.960132	4.100829	-0.090091
-153.025604	25.159599	153.730000	46.140000	-64.282396	47.000000	130.337490	130.337490	130.337490	4.102613	-0.294031
-152.525604	25.659599	153.730000	46.140000	-63.831315	39.000000	130.016943	129.916943	130.016943	4.099803	-0.201595
-152.025604	26.159599	153.730000	46.140000	-62.995675	34.000000	129.398590	129.398590	129.398590	4.102837	-0.412687
-151.525604	26.659599	153.730000	46.140000	-62.025550	28.000000	128.882524	128.882524	128.882524	4.103398	-0.527079
-150.525604	14.659600	153.730000	46.140000	179.583798	24.000000	137.002543	137.002543	137.002543	4.083211	0.723790
-149.525604	15.659600	153.730000	46.140000	177.941192	26.000000	136.525779	136.525779	136.525779	4.079831	0.924751
-149.025604	16.159599	153.730000	46.140000	177.034209	27.000000	136.288362	136.188362	136.288362	4.078498	1.019787
-152.765793	25.592800	153.730000	46.140000	-67.155591	44.000000	130.078118	130.078118	130.078118	4.099383	-0.214763
-159.525604	19.159599	153.730000	46.140000	-71.234412	30.000000	135.780696	135.780696	135.780696	4.084440	-0.366286
-158.525604	20.159599	153.730000	46.140000	-72.583515	51.000000	134.895622	134.895622	134.895622	4.072159	-0.295530
-158.025604	20.659599	153.730000	46.140000	-73.054551	56.000000	134.554243	134.554243	134.654243	4.070867	-0.165418
-157.025604	21.659599	153.730000	46.140000	-73.751691	56.000000	134.174538	134.074538	134.174538	4.076202	0.384043
-156.525604	22.159599	153.730000	46.140000	-74.405559	58.000000	133.736495	133.736495	133.736495	4.079389	0.403533
-156.025604	22.659599	153.730000	46.140000	-74.601842	58.000000	133.299840	133.299840	133.299840	4.088545	0.419447
-155.525604	23.159599	153.730000	46.140000	-74.742266	51.000000	132.864701	132.764701	132.864701	4.094413	0.431787
-155.025604	23.659599	153.730000	46.140000	-74.702637	50.000000	132.231205	132.231205	132.231205	4.098893	0.240703
-154.525604	24.159599	153.730000	46.140000	-74.607044	50.000000	131.599473	131.599473	131.599473	4.098952	0.046057
-153.025604	25.659599	153.730000	46.140000	-73.020968	43.000000	129.915995	129.915995	129.915995	4.102454	-0.358892
-152.525604	26.159599	153.730000	46.140000	-72.434800	34.000000	129.492429	129.492429	129.492429	4.101266	-0.367576
-150.525604	15.159600	153.730000	46.140000	169.650241	33.000000	136.883710	136.883710	136.883710	4.083527	0.840532
-150.025604	15.659600	153.730000	46.140000	168.953527	35.000000	136.642318	136.642318	136.642318	4.084783	0.941747
-149.525604	16.159599	153.730000	46.140000	168.126049	32.000000	136.301576	136.201576	136.301576	4.082465	0.939445
-149.025604	16.659599	153.730000	46.140000	166.978668	30.000000	136.161566	136.161566	136.261566	4.084745	1.133435
-152.132401	18.481400	153.730000	46.140000	75.704241	54.000000	135.749400	135.649400	135.749400	4.106955	1.076375
-159.525604	19.659599	153.730000	46.140000	-80.925982	28.000000	135.502292	135.502292	135.502292	4.080766	-0.315793
-158.525604	20.659599	153.730000	46.140000	-82.226240	51.000000	134.608560	134.608560	134.608560	4.069329	-0.247368
-157.525604	21.659599	153.730000	46.140000	-82.955924	53.000000	134.218536	134.218536	134.218536	4.075130	0.306788
-157.025604	22.159599	153.730000	46.140000	-83.347252	55.000000	133.775281	133.775281	133.775281	4.077828	0.328698
-156.525604	22.659599	153.730000	46.140000	-83.786778	54.000000	133.333387	133.333387	133.433387	4.082719	0.347001
-155.525604	23.659599	153.730000	46.140000	-83.912331	49.000000	132.354211	132.354211	132.354211	4.094679	0.272997
-155.025604	24.159599	153.730000	46.140000	-83.768100	49.000000	131.717185	131.717185	131.717185	4.097038	0.080751
-154.525604	24.659599	153.730000	46.140000	-83.641383	49.000000	131.182031	131.182031	131.182031	4.097463	-0.015123
-153.025604	26.159599	153.730000	46.140000	-81.662815	35.000000	129.488923	129.488923	129.488923	4.102286	-0.423403
-152.525604	26.659599	153.730000	46.140000	-80.928854	28.000000	129.062359	129.062359	129.062359	4.102174	-0.433056
-150.525604	15.659600	153.730000	46.140000	159.800338	41.000000	136.661257	136.661257	136.761257	4.089282	0.857789
-150.025604	16.159599	153.730000	46.140000	159.032825	40.000000	136.417145	136.317145	136.417145	4.088644	0.958113
-149.525604	16.659599	153.730000	46.140000	158.175887	37.000000	136.073743	136.073743	136.073743	4.087612	0.954703
-149.025604	17.159599	153.730000	46.140000	157.111901	31.000000	136.031137	136.031137	136.031137	4.094750	1.247593
-151.686600	14.689100	153.730000	46.140000	158.173056	27.000000	137.064132	137.064132	137.064132	4.079100	0.535680
-159.525604	20.159599	153.730000	46.140000	-90.610676	27.000000	135.318149	135.318149	135.318149	4.080821	-0.165014
-158.525604	21.159599	153.730000	46.140000	-91.782556	46.000000	134.415744	134.415744	134.415744	4.070475	-0.098864
-158.025604	21.659599	153.730000	46.140000	-92.042751	50.000000	134.266018	134.166018	134.266018	4.075180	0.228761
-157.525604	22.159599	153.730000	46.140000	-92.518699	53.000000	133.917477	133.817477	133.917477	4.078206	0.353049
-157.025604	22.659599	153.730000	46.140000	-92.791430	53.000000	133.470265	133.470265	133.470265	4.082296	0.373695
-156.525604	23.159599	153.730000	46.140000	-93.055581	52.000000	133.024522	132.924522	133.024522	4.086828	0.390741
-156.025604	23.659599	153.730000	46.140000	-93.112789	49.000000	132.480384	132.480384	132.480384	4.092549	0.304463
-155.525604	24.159599	153.730000	46.140000	-93.087547	48.000000	131.937981	131.937981	131.937981	4.094850	0.214549
-155.025604	24.659599	153.730000	46.140000	-92.787802	50.000000	131.297438	131.297438	131.297438	4.095125	0.021067
-154.525604	25.159599	153.730000	46.140000	-92.446692	46.000000	130.758875	130.758875	130.858875	4.095749	-0.075725
-153.025604	26.659599	153.730000	46.140000	-90.337227	28.000000	129.156195	129.156195	129.156195	4.099754	-0.387337
-152.025604	14.659600	153.730000	46.140000	152.689542	27.000000	137.079423	137.079423	137.179423	4.087952	0.456250
-150.525604	16.159599	153.730000	46.140000	150.029762	46.000000	136.435121	136.435121	136.535121	4.097734	0.875777
-149.525604	17.159599	153.730000	46.140000	148.233594	38.000000	135.942217	135.942217	135.942217	4.092955	1.070515
-149.025604	17.659599	153.730000	46.140000	147.240247	33.000000	135.897013	135.897013	135.897013	4.104682	1.362483
-151.637604	16.737801	153.730000	46.140000	118.522777	53.000000	136.273524	136.173524	136.273524	4.106598	0.773229
-159.525604	20.659599	153.730000	46.140000	-100.314091	30.000000	134.928161	134.928161	134.928161	4.073650	-0.213665
-158.525604	21.659599	153.730000	46.140000	-101.279889	45.000000	134.217068	134.217068	134.217068	4.070981	0.049973
-158.025604	22.159599	153.730000	46.140000	-101.605738	49.000000	133.963164	133.963164	133.963164	4.074807	0.276562
-157.525604	22.659599	153.730000	46.140000	-101.988989	53.000000	133.510556	133.510556	133.510556	4.079546	0.299579
-157.025604	23.159599	153.730000	46.140000	-102.105046	49.000000	133.059390	133.059390	133.059390	4.084203	0.319026
-156.525604	23.659599	153.730000	46.140000	-102.242106	50.000000	132.609806	132.609806	132.609806	4.088634	0.335054
-156.025604	24.159599	153.730000	46.140000	-102.264968	47.000000	132.061939	132.061939	132.061939	4.092142	0.247523
-155.525604	24.659599	153.730000	46.140000	-102.212892	48.000000	131.515920	131.515920	131.515920	4.093568	0.156436
-155.025604	25.159599	153.730000	46.140000	-101.623399	47.000000	130.871873	130.871873	130.871873	4.094287	-0.038044
-154.525604	25.659599	153.730000	46.140000	-101.272374	41.000000	130.429918	130.429918	130.429918	4.092420	-0.036069
-152.525604	14.659600	153.730000	46.140000	143.593137	29.000000	137.010170	136.910170	137.010170	4.090354	0.265201
-152.025604	15.159600	153.730000	46.140000	142.713848	34.000000	136.758121	136.758121	136.858121	4.097790	0.377960
-150.525604	16.659599	153.730000	46.140000	140.155737	47.000000	136.305232	136.205232	136.305232	4.099693	0.994311
-150.025604	17.159599	153.730000	46.140000	139.196897	43.000000	135.955661	135.955661	136.055661	4.096059	0.992398
-149.525604	17.659599	153.730000	46.140000	138.287012	38.000000	135.806932	135.806932	135.806932	4.099759	1.186998
-149.025604	18.159599	153.730000	46.140000	137.546007	33.000000	135.659129	135.559129	135.659129	4.109812	1.377919
-158.903000	21.298401	153.730000	46.140000	-101.268142	41.000000	134.421685	134.421685	134.421685	4.070210	-0.099778
-155.636200	22.299900	153.730000	46.140000	-60.905214	56.000000	133.524494	133.524494	133.524494	4.087323	0.478347
-150.914993	18.914200	153.730000	46.140000	88.900884	52.000000	135.340577	135.340577	135.340577	4.108518	1.136666
-159.525604	21.159599	153.730000	46.140000	-109.935182	30.000000	134.632217	134.632217	134.632217	4.071235	-0.161988
-159.025604	21.659599	153.730000	46.140000	-110.360804	37.000000	134.271769	134.271769	134.271769	4.070372	-0.029670
-158.525604	22.159599	153.730000	46.140000	-110.721959	45.000000	134.012426	134.012426	134.012426	4.073216	0.199315
-157.025604	23.659599	153.730000	46.140000	-111.379190	48.000000	132.642559	132.642559	132.642559	4.087173	0.264856
-156.525604	24.159599	153.730000	46.140000	-111.437935	49.000000	132.189142	132.189142	132.189142	4.090828	0.279697
-155.025604	25.659599	153.730000	46.140000	-110.483409	41.000000	130.440401	130.440401	130.440401	4.094797	-0.096826
-154.525604	26.159599	153.730000	46.140000	-110.064201	34.000000	130.095074	129.995074	130.095074	4.088983	0.003914
-154.025604	26.659599	153.730000	46.140000	-109.240767	26.000000	129.452067	129.452067	129.452067	4.094228	-0.198637
-153.025604	14.659600	153.730000	46.140000	134.563677	27.000000	136.943569	136.943569	137.043569	4.090446	0.073221
-152.525604	15.159600	153.730000	46.140000	133.597133	34.000000	136.688068	136.688068	136.688068	4.102442	0.188552
-152.025604	15.659600	153.730000	46.140000	132.754250	41.000000	136.533017	136.533017	136.533017	4.104015	0.400159
-151.525604	16.159599	153.730000	46.140000	131.931980	47.000000	136.478515	136.478515	136.478515	4.104162	0.708268
-150.525604	17.159599	153.730000	46.140000	130.218794	50.000000	136.071525	136.071525	136.071525	4.102495	1.013330
-149.525604	18.159599	153.730000	46.140000	128.501460	39.000000	135.667823	135.567823	135.667823	4.107531	1.304018
-149.025604	18.659599	153.730000	46.140000	128.007789	33.000000	135.317419	135.217419	135.317419	4.113043	1.293836
-158.760193	18.564699	153.730000	46.140000	-45.949739	42.000000	135.728993	135.728993	135.728993	4.080450	-0.562405
-149.000900	16.989000	153.730000	46.140000	160.911053	30.000000	136.058142	136.058142	136.058142	4.090037	1.194973
-159.525604	21.659599	153.730000	46.140000	-119.479275	31.000000	134.330206	134.330206	134.430206	4.070145	-0.110054
-159.025604	22.159599	153.730000	46.140000	-119.796822	36.000000	134.065348	134.065348	134.065348	4.073288	0.121280
-158.525604	22.659599	153.730000	46.140000	-120.155562	45.000000	133.701712	133.701712	133.701712	4.076425	0.248978
-157.025604	24.159599	153.730000	46.140000	-120.534363	46.000000	132.319671	132.319671	132.319671	4.090826	0.311007
-156.525604	24.659599	153.730000	46.140000	-120.645530	47.000000	131.762432	131.762432	131.762432	4.092663	0.224584
-155.025604	26.159599	153.730000	46.140000	-119.304336	33.000000	130.102934	130.102934	130.102934	4.092582	-0.055367
-154.525604	26.659599	153.730000	46.140000	-118.669888	24.000000	129.554255	129.554255	129.554255	4.092668	-0.155537
-153.025604	15.159600	153.730000	46.140000	124.639349	34.000000	136.720680	136.720680	136.720680	4.099259	0.098213
-152.525604	15.659600	153.730000	46.140000	123.658976	44.000000	136.362103	136.362103	136.462103	4.105622	0.112431
-152.025604	16.159599	153.730000	46.140000	122.850124	50.000000	136.304045	136.304045	136.304045	4.105898	0.423067
-151.025604	17.159599	153.730000	46.140000	121.236009	54.000000	136.089866	136.089866	136.189866	4.103664	0.933323
-150.525604	17.659599	153.730000	46.140000	120.257694	53.000000	135.933933	135.933933	135.933933	4.105189	1.133058
-149.525604	18.659599	153.730000	46.140000	118.850868	39.000000	135.424824	135.324824	135.424824	4.114151	1.321566
-149.025604	19.159599	153.730000	46.140000	118.513927	32.000000	134.871820	134.871820	134.871820	4.120257	1.110462
-158.185394	22.620199	153.730000	46.140000	-113.296912	50.000000	133.637283	133.637283	133.637283	4.076352	0.240328
-154.983002	19.601000	153.730000	46.140000	2.968184	67.000000	135.165710	135.065710	135.165710	4.074571	0.527542
-159.525604	22.159599	153.730000	46.140000	-128.912613	29.000000	134.122018	134.122018	134.122018	4.073015	0.042440
-159.025604	22.659599	153.730000	46.140000	-129.257537	35.000000	133.752748	133.752748	133.752748	4.076255	0.172479
-158.525604	23.159599	153.730000	46.140000	-129.520436	41.000000	133.284820	133.284820	133.384820	4.079296	0.198952
-157.025604	24.659599	153.730000	46.140000	-129.708684	46.000000	131.890626	131.890626	131.890626	4.091367	0.257471
-156.525604	25.159599	153.730000	46.140000	-129.610701	44.000000	131.429579	131.429579	131.429579	4.092160	0.270033
-155.025604	26.659599	153.730000	46.140000	-128.030640	23.000000	129.659381	129.659381	129.659381	4.092361	-0.113349
-154.025604	14.659600	153.730000	46.140000	115.983301	28.000000	136.418545	136.418545	136.418545	4.099675	-0.713467
-153.525604	15.159600	153.730000	46.140000	115.451819	38.000000	136.556013	136.456013	136.556013	4.097213	-0.193007
-153.025604	15.659600	153.730000	46.140000	114.771086	42.000000	136.493865	136.393865	136.493865	4.102048	0.123724
-152.525604	16.159599	153.730000	46.140000	113.889080	51.000000	136.232205	136.232205	136.332205	4.105778	0.236962
-152.025604	16.659599	153.730000	46.140000	113.043601	55.000000	136.171130	136.171130	136.171130	4.106836	0.546494
-151.525604	17.159599	153.730000	46.140000	112.318352	55.000000	136.210739	136.210739	136.210739	4.105575	0.952309
-151.025604	17.659599	153.730000	46.140000	111.378163	56.000000	135.951127	135.951127	135.951127	4.106032	1.054647
-150.525604	18.159599	153.730000	46.140000	110.434497	53.000000	135.692386	135.692386	135.792386	4.107619	1.153305
-149.525604	19.159599	153.730000	46.140000	109.393609	38.000000	134.977869	134.977869	134.977869	4.120916	1.139759
-149.025604	19.659599	153.730000	46.140000	109.181814	28.000000	134.322264	134.322264	134.422264	4.122636	0.827608
-158.179504	20.377800	153.730000	46.140000	-70.496230	54.000000	134.768321	134.768321	134.768321	4.071121	-0.181254
-154.797394	18.803101	153.730000	46.140000	21.779424	64.000000	135.244445	135.244445	135.344445	4.081413	0.171535
-159.525604	22.659599	153.730000	46.140000	-138.414204	28.000000	133.807540	133.807540	133.807540	4.074959	0.095241
-158.525604	23.659599	153.730000	46.140000	-138.800439	41.000000	132.961642	132.961642	132.961642	4.085848	0.249415
-157.025604	25.159599	153.730000	46.140000	-138.775593	42.000000	131.455327	131.455327	131.455327	4.092079	0.204416
-156.525604	25.659599	153.730000	46.140000	-138.510567	40.000000	130.990487	130.990487	130.990487	4.091193	0.215790
-154.525604	14.659600	153.730000	46.140000	106.701406	29.000000	136.260236	136.260236	136.260236	4.105520	-1.008146
-154.025604	15.159600	153.730000	46.140000	106.262536	38.000000	136.294126	136.294126	136.394126	4.099785	-0.585144
-153.525604	15.659600	153.730000	46.140000	105.691368	46.000000	136.428362	136.328362	136.428362	4.099351	-0.065863
-153.025604	16.159599	153.730000	46.140000	104.995497	53.000000	136.263053	136.163053	136.263053	4.104095	0.149930
-152.525604	16.659599	153.730000	46.140000	104.188375	56.000000	136.098299	136.098299	136.098299	4.106493	0.362003
-152.025604	17.159599	153.730000	46.140000	103.396379	55.000000	136.134203	136.034203	136.134203	4.107334	0.770379
-151.525604	17.659599	153.730000	46.140000	102.544274	55.000000	135.970860	135.970860	135.970860	4.106525	0.975284
-151.025604	18.159599	153.730000	46.140000	101.591945	57.000000	135.708367	135.708367	135.708367	4.107440	1.076481
-150.525604	18.659599	153.730000	46.140000	100.716789	51.000000	135.446816	135.446816	135.546816	4.110905	1.174006
-149.525604	19.659599	153.730000	46.140000	100.103730	35.000000	134.426890	134.426890	134.426890	4.120192	0.858463
-149.025604	20.159599	153.730000	46.140000	99.995342	28.000000	133.668686	133.668686	133.768686	4.121958	0.445204
-159.525604	23.159599	153.730000	46.140000	-147.922400	27.000000	133.386660	133.386660	133.386660	4.076180	0.048272
-158.525604	24.159599	153.730000	46.140000	-148.037415	40.000000	132.632071	132.632071	132.632071	4.090374	0.300176
-158.025604	24.659599	153.730000	46.140000	-148.059075	43.000000	132.057321	132.057321	132.057321	4.088639	0.220735
-157.025604	25.659599	153.730000	46.140000	-147.772895	39.000000	131.113672	131.113672	131.113672	4.091381	0.251661
-156.525604	26.159599	153.730000	46.140000	-147.363032	34.000000	130.545060	130.545060	130.545060	4.090178	0.161765
-156.025604	26.659599	153.730000	46.140000	-146.865699	27.000000	130.078770	130.078770	130.078770	4.086161	0.168597
-154.525604	15.159600	153.730000	46.140000	96.990858	37.000000	136.235075	136.235075	136.235075	4.101950	-0.778182
-154.025604	15.659600	153.730000	46.140000	96.554293	46.000000	136.265652	136.165652	136.265652	4.096332	-0.356320
-152.525604	17.159599	153.730000	46.140000	94.525080	57.000000	135.960315	135.860315	135.960315	4.105821	0.487546
-152.025604	17.659599	153.730000	46.140000	93.671249	54.000000	135.993191	135.993191	135.993191	4.107426	0.894952
-150.525604	19.159599	153.730000	46.140000	91.176444	48.000000	135.097153	135.097153	135.197153	4.112825	1.095397
-150.025604	19.659599	153.730000	46.140000	90.828731	40.000000	134.633892	134.633892	134.733892	4.119134	0.988345
-149.525604	20.159599	153.730000	46.140000	90.825900	35.000000	133.871820	133.871820	133.871820	4.123738	0.577668
-149.025604	20.659599	153.730000	46.140000	90.858764	26.000000	133.111018	133.111018	133.111018	4.125348	0.163489
-159.525604	23.659599	153.730000	46.140000	-157.196898	23.000000	133.059264	133.059264	133.059264	4.082373	0.101853
-158.525604	24.659599	153.730000	46.140000	-157.326334	39.000000	132.095998	132.095998	132.195998	4.087438	0.151229
-157.525604	25.659599	153.730000	46.140000	-157.084468	34.000000	131.240245	131.140245	131.240245	4.090722	0.286747
-157.025604	26.159599	153.730000	46.140000	-156.613926	33.000000	130.665563	130.665563	130.665563	4.091732	0.199198
-156.525604	26.659599	153.730000	46.140000	-156.128015	27.000000	130.093200	130.093200	130.093200	4.090825	0.108290
-155.025604	15.159600	153.730000	46.140000	87.852311	36.000000	136.178921	136.078921	136.178921	4.101670	-0.972066
-154.525604	15.659600	153.730000	46.140000	87.314508	44.000000	136.105795	136.105795	136.105795	4.097359	-0.647724
-154.025604	16.159599	153.730000	46.140000	86.932279	55.000000	136.133050	136.133050	136.233050	4.096131	-0.226864
-152.525604	17.659599	153.730000	46.140000	84.823210	58.000000	135.818179	135.818179	135.918179	4.105116	0.613718
-152.025604	18.159599	153.730000	46.140000	83.928085	56.000000	135.848023	135.848023	135.848023	4.106754	1.020019
-150.525604	19.659599	153.730000	46.140000	81.774885	44.000000	134.743329	134.743329	134.743329	4.114776	1.017280
-150.025604	20.159599	153.730000	46.140000	81.555244	39.000000	134.077329	133.977329	134.077329	4.120839	0.709101
-149.525604	20.659599	153.730000	46.140000	81.662855	34.000000	133.212590	133.212590	133.212590	4.122277	0.197494
-149.025604	21.159599	153.730000	46.140000	81.714600	26.000000	132.649195	132.649195	132.649195	4.124094	-0.017732
-157.700806	16.348400	153.730000	46.140000	16.537146	49.000000	136.565956	136.565956	136.565956	4.092478	-0.725999
-154.495895	18.401699	153.730000	46.140000	35.066285	58.000000	135.348914	135.348914	135.448914	4.085562	0.113287
-159.525604	24.159599	153.730000	46.140000	-166.436057	21.000000	132.725238	132.725238	132.725238	4.085367	0.155720
-159.025604	24.659599	153.730000	46.140000	-166.356810	30.000000	132.338349	132.338349	132.338349	4.091407	0.280877
-158.025604	25.659599	153.730000	46.140000	-166.281766	32.000000	131.270296	131.270296	131.270296	4.090531	0.221068
-157.525604	26.159599	153.730000	46.140000	-165.901424	29.000000	130.789442	130.789442	130.789442	4.090168	0.235769
-155.525604	15.159600	153.730000	46.140000	78.757289	36.000000	136.125724	136.125724	136.225724	4.105215	-1.166830
-155.025604	15.659600	153.730000	46.140000	78.133670	43.000000	136.048850	136.048850	136.048850	4.097261	-0.839975
-153.525604	17.159599	153.730000	46.140000	76.813529	63.000000	135.920727	135.820727	136.020727	4.104368	0.219049
-153.025604	17.659599	153.730000	46.140000	76.055295	60.000000	135.745884	135.645884	135.745884	4.106597	0.431562
-152.525604	18.159599	153.730000	46.140000	75.112138	60.000000	135.771815	135.671815	135.771815	4.105458	0.840374
-152.025604	18.659599	153.730000	46.140000	74.128800	57.000000	135.598624	135.598624	135.598624	4.106935	1.045514
-151.525604	19.159599	153.730000	46.140000	73.283624	56.000000	135.226406	135.226406	135.226406	4.108428	1.047213
-151.025604	19.659599	153.730000	46.140000	72.636117	50.000000	134.855258	134.755258	134.855258	4.112465	1.045222
-150.525604	20.159599	153.730000	46.140000	72.427775	42.000000	134.185271	134.185271	134.285271	4.116717	0.739588
-150.025604	20.659599	153.730000	46.140000	72.413501	38.000000	133.416534	133.416534	133.416534	4.120592	0.330533
-157.627594	20.346100	153.730000	46.140000	-59.773348	58.000000	134.699489	134.699489	134.799489	4.072619	-0.122174
-154.482803	21.001900	153.730000	46.140000	-15.443971	59.000000	134.404289	134.404289	134.404289	4.084190	0.745233
-159.525604	24.659599	153.730000	46.140000	-175.551624	21.000000	132.384468	132.384468	132.384468	4.089366	0.209789
-159.025604	25.159599	153.730000	46.140000	-175.481590	27.000000	131.893195	131.893195	131.893195	4.091112	0.233983
-158.025604	26.159599	153.730000	46.140000	-175.115361	28.000000	130.816787	130.816787	130.816787	4.091270	0.171575
-157.525604	26.659599	153.730000	46.140000	-174.694132	24.000000	130.331963	130.331963	130.331963	4.090489	0.185335
-155.525604	15.659600	153.730000	46.140000	68.994195	43.000000	135.994879	135.994879	136.094879	4.098417	-1.033059
-155.025604	16.159599	153.730000	46.140000	68.512084	47.000000	136.014515	136.014515	136.014515	4.092506	-0.607218
-154.025604	17.159599	153.730000	46.140000	67.814705	63.000000	135.855147	135.755147	135.855147	4.096043	0.033492
-153.525604	17.659599	153.730000	46.140000	67.177367	62.000000	135.676367	135.576367	135.776367	4.106214	0.248473
-153.025604	18.159599	153.730000	46.140000	66.316932	60.000000	135.698333	135.598333	135.698333	4.102410	0.659810
-152.525604	18.659599	153.730000	46.140000	65.286185	61.000000	135.621151	135.621151	135.621151	4.101948	0.967505
-152.025604	19.159599	153.730000	46.140000	64.331793	59.000000	135.244920	135.244920	135.244920	4.104519	0.971678
-151.525604	19.659599	153.730000	46.140000	63.689253	56.000000	134.869741	134.869741	134.869741	4.106597	0.972222
-151.025604	20.159599	153.730000	46.140000	63.271608	50.000000	134.395707	134.395707	134.395707	4.112963	0.869142
-150.025604	21.159599	153.730000	46.140000	63.279990	40.000000	132.851439	132.851439	132.851439	4.118560	0.052379
-157.270004	21.108999	153.730000	46.140000	-67.727087	56.000000	134.435285	134.435285	134.435285	4.076560	0.212727
-154.393997	19.262501	153.730000	46.140000	20.057241	66.000000	135.269484	135.169484	135.269484	4.079661	0.562029
-159.025604	25.659599	153.730000	46.140000	-184.520235	23.000000	131.441198	131.441198	131.441198	4.092211	0.187282
-158.525604	26.159599	153.730000	46.140000	-184.253381	25.000000	130.847691	130.847691	130.847691	4.093601	0.106629
-158.025604	26.659599	153.730000	46.140000	-183.901656	23.000000	130.356476	130.356476	130.356476	4.092803	0.122621
-157.025604	14.659600	153.730000	46.140000	62.030942	28.000000	137.313073	137.313073	137.313073	4.093874	-0.694476
-156.525604	15.159600	153.730000	46.140000	60.926251	36.000000	136.628441	136.628441	136.628441	4.097965	-0.958915
-156.025604	15.659600	153.730000	46.140000	59.941926	42.000000	136.143943	136.143943	136.143943	4.095026	-1.027061
-155.525604	16.159599	153.730000	46.140000	59.339634	50.000000	135.959701	135.959701	135.959701	4.092046	-0.798676
-155.025604	16.659599	153.730000	46.140000	58.909646	53.000000	135.875835	135.875835	135.875835	4.091263	-0.473993
-154.525604	17.159599	153.730000	46.140000	58.681330	58.000000	135.792460	135.692460	135.792460	4.091601	-0.153011
-153.525604	18.159599	153.730000	46.140000	57.444559	61.000000	135.727638	135.627638	135.827638	4.100321	0.578366
-153.025604	18.659599	153.730000	46.140000	56.496346	60.000000	135.546409	135.546409	135.646409	4.099391	0.788523
-151.525604	20.159599	153.730000	46.140000	54.215652	55.000000	134.408697	134.408697	134.508697	4.107908	0.797697
-151.025604	20.659599	153.730000	46.140000	54.028095	48.000000	133.831778	133.831778	133.831778	4.115338	0.593665
-150.025604	21.659599	153.730000	46.140000	54.184760	42.000000	132.381973	132.381973	132.381973	4.115642	-0.125308
-149.525604	22.159599	153.730000	46.140000	54.443138	35.000000	131.909260	131.909260	131.909260	4.114771	-0.240024
-157.227295	18.984800	153.730000	46.140000	-26.295844	59.000000	135.133526	135.133526	135.133526	4.074489	-0.450647
-154.251801	21.168699	153.730000	46.140000	-14.474672	54.000000	134.246385	134.246385	134.246385	4.086972	0.739816
-159.025604	26.159599	153.730000	46.140000	-193.360098	21.000000	131.082246	131.082246	131.082246	4.095771	0.240844
-158.525604	26.659599	153.730000	46.140000	-193.009410	22.000000	130.384533	130.384533	130.384533	4.095943	0.059156
-157.525604	14.659600	153.730000	46.140000	53.156084	30.000000	137.472939	137.472939	137.472939	4.097608	-0.694257
-157.025604	15.159600	153.730000	46.140000	52.087316	35.000000	136.984480	136.984480	136.984480	4.093985	-0.756209
-156.525604	15.659600	153.730000	46.140000	51.042987	41.000000	136.396105	136.396105	136.396105	4.093803	-0.921876
-156.025604	16.159599	153.730000	46.140000	50.156456	46.000000	136.007941	135.907941	136.007941	4.090732	-0.891003
-155.525604	16.659599	153.730000	46.140000	49.685540	53.000000	135.820108	135.820108	135.820108	4.090242	-0.663833
-155.025604	17.159599	153.730000	46.140000	49.443660	56.000000	135.732728	135.732728	135.832728	4.090574	-0.340359
-154.525604	17.659599	153.730000	46.140000	49.032630	59.000000	135.445918	135.345918	135.545918	4.092535	-0.220331
-153.525604	18.659599	153.730000	46.140000	47.606597	61.000000	135.574461	135.574461	135.674461	4.096230	0.708663
-153.025604	19.159599	153.730000	46.140000	46.644096	61.000000	135.390033	135.390033	135.390033	4.097911	0.917894
-151.525604	20.659599	153.730000	46.140000	44.858200	50.000000	133.943199	133.943199	133.943199	4.109504	0.623830
-151.025604	21.159599	153.730000	46.140000	44.816187	49.000000	133.263399	133.263399	133.263399	4.115437	0.318647
-150.025604	22.159599	153.730000	46.140000	45.107696	42.000000	132.008066	132.008066	132.008066	4.113628	-0.202338
-149.025604	23.159599	153.730000	46.140000	45.944255	23.000000	131.158993	131.058993	131.158993	4.108398	-0.337602
-156.964600	24.312099	153.730000	46.140000	-122.234694	48.000000	132.106345	132.106345	132.106345	4.090704	0.223734
-154.030502	17.988400	153.730000	46.140000	51.702986	60.000000	135.418594	135.318594	135.518594	4.093506	0.056753
-159.025604	26.659599	153.730000	46.140000	-202.127120	18.000000	130.516230	130.516230	130.516230	4.098060	0.094943
-157.525604	15.159600	153.730000	46.140000	43.204576	34.000000	137.243722	137.243722	137.243722	4.095002	-0.654346
-157.025604	15.659600	153.730000	46.140000	42.172221	41.000000	136.651428	136.651428	136.651428	4.094134	-0.817490
-156.525604	16.159599	153.730000	46.140000	41.213343	46.000000	136.159296	136.159296	136.159296	4.091953	-0.884190
-155.525604	17.159599	153.730000	46.140000	40.107456	58.000000	135.676017	135.676017	135.676017	4.089098	-0.528540
-155.025604	17.659599	153.730000	46.140000	39.842967	59.000000	135.485114	135.485114	135.585114	4.090814	-0.306077
-154.525604	18.159599	153.730000	46.140000	39.295940	59.000000	135.394861	135.294861	135.394861	4.088554	0.012748
-153.525604	19.159599	153.730000	46.140000	37.764434	66.000000	135.416758	135.316758	135.416758	4.092439	0.839610
-153.025604	19.659599	153.730000	46.140000	36.791216	62.000000	135.129129	135.129129	135.129129	4.095880	0.947658
-151.525604	21.159599	153.730000	46.140000	35.596777	50.000000	133.473175	133.373175	133.473175	4.110046	0.450352
-151.025604	21.659599	153.730000	46.140000	35.684768	48.000000	132.790496	132.790496	132.790496	4.115090	0.144079
-150.025604	22.659599	153.730000	46.140000	36.105767	39.000000	131.629646	131.629646	131.629646	4.109613	-0.278983
-149.525604	23.159599	153.730000	46.140000	36.686692	30.000000	131.051648	131.051648	131.051648	4.101028	-0.495886
-149.025604	23.659599	153.730000	46.140000	37.077180	22.000000	130.775375	130.775375	130.775375	4.102781	-0.416224
-156.932007	19.832701	153.730000	46.140000	-37.080777	55.000000	134.867507	134.867507	134.967507	4.072381	-0.104074
-153.992294	18.797600	153.730000	46.140000	36.471571	60.000000	135.450371	135.450371	135.550371	4.088011	0.560380
-158.525604	14.659600	153.730000	46.140000	35.396692	24.000000	137.802462	137.802462	137.802462	4.101810	-0.696229
-158.025604	15.159600	153.730000	46.140000	34.308473	32.000000	137.406231	137.406231	137.406231	4.096874	-0.653262
-157.525604	15.659600	153.730000	46.140000	33.292587	41.000000	136.909977	136.909977	136.909977	4.094853	-0.713993
-157.025604	16.159599	153.730000	46.140000	32.281493	47.000000	136.313834	136.313834	136.313834	4.093160	-0.878177
-156.025604	17.159599	153.730000	46.140000	30.849028	59.000000	135.622390	135.622390	135.622390	4.087870	-0.717638
-155.525604	17.659599	153.730000	46.140000	30.485290	62.000000	135.527343	135.527343	135.527343	4.086726	-0.392656
-155.025604	18.159599	153.730000	46.140000	30.174271	63.000000	135.432909	135.332909	135.532909	4.086046	-0.071352
-153.525604	19.659599	153.730000	46.140000	27.966622	65.000000	135.154450	135.154450	135.154450	4.090176	0.871000
-153.025604	20.159599	153.730000	46.140000	27.049787	61.000000	134.863617	134.863617	134.863617	4.095570	0.977864
-151.525604	21.659599	153.730000	46.140000	26.455657	49.000000	132.898548	132.898548	132.898548	4.109615	0.177315
-151.025604	22.159599	153.730000	46.140000	26.542057	48.000000	132.312995	132.312995	132.312995	4.111416	-0.029908
-150.025604	23.159599	153.730000	46.140000	27.216265	35.000000	131.246644	131.246644	131.246644	4.105553	-0.355186
-149.525604	23.659599	153.730000	46.140000	27.762279	29.000000	130.766016	130.766016	130.766016	4.099812	-0.473016
-149.025604	24.159599	153.730000	46.140000	28.278368	24.000000	130.487193	130.487193	130.487193	4.101426	-0.394404
-156.808197	18.404200	153.730000	46.140000	-7.568774	56.000000	135.294923	135.294923	135.294923	4.080209	-0.530024
-153.982697	21.519699	153.730000	46.140000	-16.288125	51.000000	133.878698	133.878698	133.978698	4.091075	0.647888
-158.525604	15.159600	153.730000	46.140000	25.460393	29.000000	137.672073	137.572073	137.672073	4.098458	-0.552989
-157.525604	16.159599	153.730000	46.140000	23.417903	47.000000	136.571618	136.571618	136.571618	4.093054	-0.773006
-157.025604	16.659599	153.730000	46.140000	22.397153	52.000000	136.071606	136.071606	136.071606	4.090778	-0.838430
-155.525604	18.159599	153.730000	46.140000	20.928305	63.000000	135.374003	135.274003	135.374003	4.083419	-0.256337
-155.025604	18.659599	153.730000	46.140000	20.451267	65.000000	135.276030	135.176030	135.376030	4.081884	0.063754
-154.025604	19.659599	153.730000	46.140000	18.900962	64.000000	135.082642	135.082642	135.182642	4.082671	0.693418
-153.525604	20.159599	153.730000	46.140000	18.152792	63.000000	134.887455	134.887455	134.887455	4.087942	0.902764
-153.025604	20.659599	153.730000	46.140000	17.446819	58.000000	134.493418	134.393418	134.493418	4.096952	0.908709
-152.525604	21.159599	153.730000	46.140000	17.108926	52.000000	133.800637	133.800637	133.900637	4.101369	0.610984
-152.025604	21.659599	153.730000	46.140000	17.120705	50.000000	133.109214	133.109214	133.109214	4.105157	0.309643
-151.525604	22.159599	153.730000	46.140000	17.300784	49.000000	132.419244	132.419244	132.419244	4.108754	0.004918
-151.025604	22.659599	153.730000	46.140000	17.420913	47.000000	131.930824	131.930824	131.930824	4.109760	-0.103461
-150.525604	23.159599	153.730000	46.140000	17.884304	40.000000	131.344043	131.344043	131.344043	4.104952	-0.315424
-150.025604	23.659599	153.730000	46.140000	18.288482	34.000000	130.958987	130.958987	130.958987	4.104638	-0.330750
-156.755997	21.136000	153.730000	46.140000	-58.886238	59.000000	134.452337	134.352337	134.452337	4.077004	0.373771
-153.967499	14.731300	153.730000	46.140000	115.659782	29.000000	136.406796	136.406796	136.406796	4.098342	-0.673715
-159.525604	14.659600	153.730000	46.140000	17.529271	15.000000	137.845469	137.845469	137.845469	4.100581	-1.001390
-159.025604	15.159600	153.730000	46.140000	16.539953	24.000000	137.641313	137.641313	137.641313	4.098801	-0.753532
-158.525604	15.659600	153.730000	46.140000	15.544819	35.000000	137.437014	137.437014	137.437014	4.097921	-0.509322
-157.525604	16.659599	153.730000	46.140000	13.472611	53.000000	136.228551	136.228551	136.228551	4.091323	-0.831638
-157.025604	17.159599	153.730000	46.140000	12.635372	54.000000	135.824658	135.824658	135.824658	4.088011	-0.798256
-155.525604	18.659599	153.730000	46.140000	11.329567	63.000000	135.215911	135.215911	135.315911	4.078570	-0.119592
-155.025604	19.159599	153.730000	46.140000	10.734490	70.000000	135.214391	135.214391	135.314391	4.076892	0.299490
-154.025604	20.159599	153.730000	46.140000	9.077825	60.000000	134.914168	134.914168	134.914168	4.082673	0.826801
-153.525604	20.659599	153.730000	46.140000	8.423302	57.000000	134.515693	134.515693	134.515693	4.090526	0.835162
-153.025604	21.159599	153.730000	46.140000	7.970180	53.000000	134.018454	133.918454	134.018454	4.098761	0.739918
-152.525604	21.659599	153.730000	46.140000	7.868196	50.000000	133.322556	133.322556	133.322556	4.102379	0.441076
-152.025604	22.159599	153.730000	46.140000	7.937963	50.000000	132.628102	132.628102	132.628102	4.106048	0.138771
-151.525604	22.659599	153.730000	46.140000	8.131780	49.000000	132.035188	132.035188	132.035188	4.107830	-0.067119
-151.025604	23.159599	153.730000	46.140000	8.449449	47.000000	131.543908	131.543908	131.543908	4.107265	-0.176588
-150.525604	23.659599	153.730000	46.140000	8.925890	40.000000	131.054352	131.054352	131.054352	4.104665	-0.289491
-150.025604	24.159599	153.730000	46.140000	9.416420	35.000000	130.666605	130.666605	130.666605	4.103944	-0.305958
-156.658005	20.891001	153.730000	46.140000	-52.412504	58.000000	134.504836	134.504836	134.504836	4.075962	0.287656
-153.902405	19.979099	153.730000	46.140000	14.837809	62.000000	134.978296	134.978296	134.978296	4.082800	0.807275
-159.525604	15.159600	153.730000	46.140000	7.544228	19.000000	137.614015	137.614015	137.614015	4.096387	-0.954821
-159.025604	15.659600	153.730000	46.140000	6.623541	30.000000	137.505635	137.505635	137.505635	4.098486	-0.608230
-158.525604	16.159599	153.730000	46.140000	5.646826	42.000000	137.197193	137.197193	137.197193	4.097753	-0.465079
-157.525604	17.159599	153.730000	46.140000	3.600419	55.000000	135.980688	135.980688	135.980688	4.088886	-0.789853
-157.025604	17.659599	153.730000	46.140000	2.829945	56.000000	135.572900	135.572900	135.572900	4.085131	-0.757509
-155.525604	19.159599	153.730000	46.140000	1.733097	62.000000	135.152979	135.052979	135.252979	4.073110	0.117724
-155.025604	19.659599	153.730000	46.140000	1.061243	68.000000	135.047909	135.047909	135.147909	4.074041	0.435646
-153.525604	21.159599	153.730000	46.140000	-1.171138	51.000000	134.139082	134.139082	134.139082	4.093538	0.767978
-153.025604	21.659599	153.730000	46.140000	-1.332173	55.000000	133.438643	133.438643	133.538643	4.099321	0.471545
-152.525604	22.159599	153.730000	46.140000	-1.309443	52.000000	132.839633	132.739633	132.839633	4.102504	0.271731
-151.525604	23.159599	153.730000	46.140000	-0.828375	49.000000	131.646303	131.646303	131.646303	4.105684	-0.138738
-151.025604	23.659599	153.730000	46.140000	-0.506325	49.000000	131.152172	131.152172	131.152172	4.104991	-0.249157
-150.525604	24.159599	153.730000	46.140000	-0.020872	42.000000	130.759851	130.759851	130.759851	4.103798	-0.263139
-150.025604	24.659599	153.730000	46.140000	0.614265	35.000000	130.269426	130.269426	130.269426	4.101920	-0.380748
-156.510101	19.477699	153.730000	46.140000	-22.532896	56.000000	135.027031	135.027031	135.127031	4.071674	-0.059455
-153.868195	17.315399	153.730000	46.140000	67.658203	63.000000	135.679846	135.579846	135.779846	4.097265	-0.018293
-159.525604	15.659600	153.730000	46.140000	-2.393284	23.000000	137.477746	137.477746	137.477746	4.094612	-0.807884
-159.025604	16.159599	153.730000	46.140000	-3.266170	35.000000	137.365120	137.365120	137.365120	4.099839	-0.462313
-158.525604	16.659599	153.730000	46.140000	-4.294004	45.000000	136.752515	136.752515	136.752515	4.095497	-0.620424
-157.525604	17.659599	153.730000	46.140000	-6.262763	55.000000	135.727936	135.627936	135.727936	4.085619	-0.747450
-157.025604	18.159599	153.730000	46.140000	-6.844504	56.000000	135.416240	135.416240	135.416240	4.081062	-0.616350
-155.525604	19.659599	153.730000	46.140000	-7.868771	64.000000	135.085121	134.985121	135.085121	4.070151	0.355451
-155.025604	20.159599	153.730000	46.140000	-8.773983	66.000000	134.876496	134.776496	134.876496	4.074193	0.572153
-154.025604	21.159599	153.730000	46.140000	-10.263791	52.000000	134.262592	134.162592	134.262592	4.088956	0.795113
-153.525604	21.659599	153.730000	46.140000	-10.519199	53.000000	133.657542	133.657542	133.657542	4.095994	0.601141
-153.025604	22.159599	153.730000	46.140000	-10.500447	55.000000	132.953906	132.953906	133.053906	4.099868	0.303795
-152.025604	23.159599	153.730000	46.140000	-10.267798	51.000000	131.751293	131.751293	131.751293	4.104421	-0.101792
-151.525604	23.659599	153.730000	46.140000	-9.772687	51.000000	131.252513	131.252513	131.252513	4.103760	-0.209734
-151.025604	24.159599	153.730000	46.140000	-9.424306	49.000000	130.855542	130.855542	130.855542	4.104603	-0.221315
-150.025604	25.159599	153.730000	46.140000	-8.155685	34.000000	129.967379	129.967379	129.967379	4.102855	-0.354916
-156.465103	18.775000	153.730000	46.140000	-8.314752	56.000000	135.244003	135.144003	135.244003	4.076520	-0.263843
-153.700806	17.297501	153.730000	46.140000	70.975476	64.000000	135.750396	135.650396	135.850396	4.101228	0.082399
-158.525604	17.159599	153.730000	46.140000	-14.212288	45.000000	136.402884	136.402884	136.402884	4.093420	-0.675368
-158.025604	17.659599	153.730000	46.140000	-15.167473	45.000000	135.886347	135.886347	135.886347	4.086682	-0.738220
-157.525604	18.159599	153.730000	46.140000	-15.987913	53.000000	135.470202	135.470202	135.470202	4.080899	-0.704694
-157.025604	18.659599	153.730000	46.140000	-16.413491	56.000000	135.154586	135.154586	135.254586	4.077801	-0.574790
-156.525604	19.159599	153.730000	46.140000	-16.759568	61.000000	135.139635	135.039635	135.139635	4.075967	-0.148389
-156.025604	19.659599	153.730000	46.140000	-17.069596	59.000000	135.125480	135.025480	135.125480	4.071466	0.274400
-155.525604	20.159599	153.730000	46.140000	-17.662398	65.000000	134.812249	134.812249	134.912249	4.072268	0.393579
-155.025604	20.659599	153.730000	46.140000	-18.492857	66.000000	134.600066	134.600066	134.600066	4.077925	0.609277
-154.525604	21.159599	153.730000	46.140000	-19.271098	59.000000	134.289051	134.289051	134.289051	4.086198	0.721374
-153.525604	22.159599	153.730000	46.140000	-19.706954	54.000000	133.170988	133.170988	133.170988	4.097113	0.434921
-153.025604	22.659599	153.730000	46.140000	-19.709465	57.000000	132.464162	132.464162	132.464162	4.099379	0.136381
-151.525604	24.159599	153.730000	46.140000	-18.723301	51.000000	130.853743	130.853743	130.853743	4.102903	-0.280399
-151.025604	24.659599	153.730000	46.140000	-18.229783	49.000000	130.453944	130.453944	130.453944	4.102916	-0.293070
-150.025604	25.659599	153.730000	46.140000	-16.868513	28.000000	129.760393	129.760393	129.760393	4.103528	-0.228756
-149.525604	26.159599	153.730000	46.140000	-15.822673	19.000000	129.066803	129.066803	129.066803	4.100278	-0.551903
