-153.503204	19.495199	153.730000	46.140000	31.492860	65.000000	135.087834	135.087834	135.187834	4.082892	0.711970
-159.525604	16.659599	153.730000	46.140000	-22.609712	32.000000	136.890372	136.890372	136.890372	4.096248	-0.812398
-158.525604	17.659599	153.730000	46.140000	-24.343020	41.000000	135.948205	135.948205	135.948205	4.089458	-0.829754
-158.025604	18.159599	153.730000	46.140000	-25.208366	48.000000	135.427557	135.427557	135.427557	4.082677	-0.893816
-157.525604	18.659599	153.730000	46.140000	-25.816086	54.000000	135.107391	135.107391	135.107391	4.079679	-0.761545
-157.025604	19.159599	153.730000	46.140000	-26.172280	59.000000	134.987846	134.987846	134.987846	4.079595	-0.432675
-156.525604	19.659599	153.730000	46.140000	-26.466531	56.000000	134.869057	134.869057	134.969057	4.077939	-0.107460
-156.025604	20.159599	153.730000	46.140000	-26.887431	59.000000	134.751157	134.751157	134.851157	4.079868	0.214093
-155.525604	20.659599	153.730000	46.140000	-27.488811	63.000000	134.534274	134.534274	134.534274	4.080514	0.432259
-155.025604	21.159599	153.730000	46.140000	-28.201552	64.000000	134.218532	134.218532	134.218532	4.087758	0.546795
-154.525604	21.659599	153.730000	46.140000	-28.764732	58.000000	133.804052	133.804052	133.804052	4.094744	0.557676
-153.025604	23.159599	153.730000	46.140000	-28.609710	53.000000	132.069329	131.969329	132.069329	4.107981	0.069361
-152.525604	23.659599	153.730000	46.140000	-28.421831	51.000000	131.561023	131.561023	131.561023	4.109090	-0.033727
-151.025604	25.159599	153.730000	46.140000	-26.935518	46.000000	130.247304	130.247304	130.247304	4.106144	-0.164289
-150.525604	25.659599	153.730000	46.140000	-26.401304	34.000000	129.946769	129.946769	129.946769	4.106034	-0.081440
-150.025604	26.159599	153.730000	46.140000	-25.568612	22.000000	129.448396	129.448396	129.448396	4.105676	-0.202202
-149.525604	26.659599	153.730000	46.140000	-24.597552	14.000000	128.952263	128.952263	128.952263	4.105185	-0.326274
-156.206604	16.162001	153.730000	46.140000	46.723555	44.000000	135.968862	135.968862	135.968862	4.081245	-0.980624
-153.295898	18.800900	153.730000	46.140000	48.816351	58.000000	135.348742	135.348742	135.448742	4.086839	0.613654
-159.525604	17.159599	153.730000	46.140000	-32.452619	31.000000	136.639068	136.639068	136.639068	4.097361	-0.764116
-159.025604	17.659599	153.730000	46.140000	-33.336196	38.000000	136.213582	136.213582	136.213582	4.095708	-0.722100
-158.525604	18.159599	153.730000	46.140000	-34.136329	42.000000	135.688379	135.688379	135.688379	4.088067	-0.783753
-157.025604	19.659599	153.730000	46.140000	-35.736256	57.000000	134.915926	134.915926	134.915926	4.078843	-0.190173
-156.525604	20.159599	153.730000	46.140000	-36.055045	58.000000	134.693293	134.693293	134.693293	4.081123	0.033798
-155.025604	21.659599	153.730000	46.140000	-37.780276	61.000000	133.831805	133.831805	133.831805	4.093654	0.484637
-154.525604	22.159599	153.730000	46.140000	-38.166699	55.000000	133.413863	133.413863	133.413863	4.099658	0.494586
-154.025604	22.659599	153.730000	46.140000	-38.154121	54.000000	132.797395	132.797395	132.797395	4.104343	0.300883
-153.025604	23.659599	153.730000	46.140000	-37.679870	51.000000	131.669327	131.669327	131.669327	4.110104	0.002949
-152.525604	24.159599	153.730000	46.140000	-37.437295	50.000000	131.157940	131.157940	131.157940	4.110097	-0.101331
-152.025604	24.659599	153.730000	46.140000	-36.891616	50.000000	130.748452	130.748452	130.748452	4.108855	-0.109168
-151.025604	25.659599	153.730000	46.140000	-35.753557	38.000000	129.935546	129.935546	129.935546	4.106469	-0.135120
-150.025604	26.659599	153.730000	46.140000	-34.027992	18.000000	128.931318	128.931318	128.931318	4.106092	-0.375042
-149.025604	14.659600	153.730000	46.140000	206.164243	15.000000	136.647585	136.547585	136.647585	4.106432	0.682618
-153.292099	20.892599	153.730000	46.140000	8.171837	58.000000	134.196993	134.196993	134.296993	4.089889	0.704441
-159.525604	17.659599	153.730000	46.140000	-42.237732	30.000000	136.382552	136.382552	136.382552	4.097903	-0.715240
-159.025604	18.159599	153.730000	46.140000	-43.120640	36.000000	135.952742	135.852742	135.952742	4.095301	-0.674500
-158.525604	18.659599	153.730000	46.140000	-43.866637	45.000000	135.423309	135.423309	135.423309	4.085411	-0.737373
-157.025604	20.159599	153.730000	46.140000	-45.262786	56.000000	134.738731	134.638731	134.738731	4.080841	-0.047292
-156.525604	20.659599	153.730000	46.140000	-45.618251	60.000000	134.512249	134.412249	134.512249	4.082031	0.175656
-155.025604	22.159599	153.730000	46.140000	-47.281996	59.000000	133.539799	133.439799	133.539799	4.098992	0.523080
-154.525604	22.659599	153.730000	46.140000	-47.307291	55.000000	133.018398	132.918398	133.018398	4.103934	0.431808
-153.525604	23.659599	153.730000	46.140000	-46.912632	52.000000	131.680425	131.680425	131.680425	4.111389	-0.061316
-153.025604	24.159599	153.730000	46.140000	-46.727692	50.000000	131.264074	131.264074	131.264074	4.111269	-0.063156
-152.525604	24.659599	153.730000	46.140000	-46.213102	47.000000	130.749619	130.749619	130.749619	4.110977	-0.168554
-151.525604	25.659599	153.730000	46.140000	-45.125521	40.000000	130.026789	130.026789	130.026789	4.107441	-0.089693
-151.025604	26.159599	153.730000	46.140000	-44.368902	32.000000	129.518597	129.518597	129.518597	4.107622	-0.205571
-149.525604	14.659600	153.730000	46.140000	197.144672	17.000000	136.763556	136.763556	136.763556	4.111974	0.697339
-149.025604	15.159600	153.730000	46.140000	196.311282	20.000000	136.331309	136.331309	136.431309	4.113315	0.594395
-155.996994	20.771000	153.730000	46.140000	-38.172767	59.000000	134.538998	134.438998	134.538998	4.083345	0.400382
-153.290604	17.906200	153.730000	46.140000	66.397165	57.000000	135.553194	135.553194	135.653194	4.098010	0.315222
-159.525604	18.159599	153.730000	46.140000	-52.012918	27.000000	136.120721	136.120721	136.120721	4.096391	-0.665991
-159.025604	18.659599	153.730000	46.140000	-52.857484	37.000000	135.586571	135.586571	135.586571	4.089046	-0.726529
-158.525604	19.159599	153.730000	46.140000	-53.546037	46.000000	135.152893	135.152893	135.152893	4.083288	-0.690453
-157.025604	20.659599	153.730000	46.140000	-54.790837	58.000000	134.456166	134.456166	134.456166	4.083091	-0.003875
-156.525604	21.159599	153.730000	46.140000	-55.171227	61.000000	134.225831	134.225831	134.225831	4.086299	0.217886
-155.025604	22.659599	153.730000	46.140000	-56.453590	56.000000	133.042422	133.042422	133.142422	4.103695	0.361895
-154.525604	23.159599	153.730000	46.140000	-56.289556	53.000000	132.517569	132.517569	132.517569	4.109042	0.269401
-154.025604	23.659599	153.730000	46.140000	-56.187821	51.000000	131.894389	131.894389	131.894389	4.111548	0.073563
-153.525604	24.159599	153.730000	46.140000	-55.950647	49.000000	131.372993	131.372993	131.372993	4.112259	-0.025849
-153.025604	24.659599	153.730000	46.140000	-55.503277	49.000000	130.853489	130.853489	130.853489	4.112229	-0.128890
-152.525604	25.159599	153.730000	46.140000	-54.993582	45.000000	130.435980	130.435980	130.435980	4.110721	-0.135257
-152.025604	25.659599	153.730000	46.140000	-54.483288	39.000000	130.120565	130.120565	130.120565	4.107639	-0.045163
-151.525604	26.159599	153.730000	46.140000	-53.771152	33.000000	129.707336	129.707336	129.707336	4.107636	-0.058682
-151.025604	26.659599	153.730000	46.140000	-52.822939	26.000000	129.096383	129.096383	129.096383	4.108974	-0.275508
-149.525604	15.159600	153.730000	46.140000	187.291711	23.000000	136.546419	136.446419	136.546419	4.116074	0.710754
-149.025604	15.659600	153.730000	46.140000	186.493360	23.000000	136.111588	136.111588	136.111588	4.114556	0.606714
-155.772995	19.079000	153.730000	46.140000	-1.498852	58.000000	135.046199	135.046199	135.146199	4.074429	-0.099089
-152.981201	18.301800	153.730000	46.140000	64.256964	57.000000	135.532296	135.532296	135.532296	4.094441	0.582703
-159.525604	18.659599	153.730000	46.140000	-61.757492	28.000000	135.853470	135.853470	135.853470	4.094760	-0.616429
-158.525604	19.659599	153.730000	46.140000	-63.192840	52.000000	134.977032	134.977032	134.977032	4.082812	-0.543169
-157.025604	21.159599	153.730000	46.140000	-64.298293	55.000000	134.268134	134.268134	134.268134	4.084318	0.139906
-156.525604	21.659599	153.730000	46.140000	-64.773966	61.000000	133.933945	133.933945	133.933945	4.088681	0.260416
-155.025604	23.159599	153.730000	46.140000	-65.493122	55.000000	132.639588	132.639588	132.639588	4.109211	0.301006
-154.525604	23.659599	153.730000	46.140000	-65.370190	49.000000	132.011290	132.011290	132.011290	4.111920	0.107587
-154.025604	24.159599	153.730000	46.140000	-65.226274	47.000000	131.484768	131.484768	131.484768	4.112095	0.010530
-153.525604	24.659599	153.730000	46.140000	-64.741077	49.000000	130.960132	130.960132	130.960132	4.113031	-0.090091
-153.025604	25.159599	153.730000	46.140000	-64.300586	47.000000	130.537490	130.537490	130.537490	4.111452	-0.094031
-152.525604	25.659599	153.730000	46.140000	-63.799778	39.000000	130.116943	130.116943	130.116943	4.109792	-0.101595
-152.025604	26.159599	153.730000	46.140000	-63.114070	34.000000	129.698590	129.698590	129.698590	4.109389	-0.112687
-151.525604	26.659599	153.730000	46.140000	-62.247962	28.000000	129.182524	129.182524	129.182524	4.110815	-0.227079
-150.525604	14.659600	153.730000	46.140000	179.044189	24.000000	136.802543	136.802543	136.802543	4.118668	0.523790
-149.525604	15.659600	153.730000	46.140000	177.463814	26.000000	136.225779	136.225779	136.225779	4.116732	0.624751
-149.025604	16.159599	153.730000	46.140000	176.705279	27.000000	135.988362	135.988362	135.988362	4.114324	0.719787
-152.765793	25.592800	153.730000	46.140000	-67.074043	44.000000	130.178118	130.178118	130.178118	4.110412	-0.114763
-159.525604	19.159599	153.730000	46.140000	-71.470228	30.000000	135.580696	135.580696	135.580696	4.091717	-0.566286
-158.525604	20.159599	153.730000	46.140000	-72.748762	51.000000	134.695622	134.695622	134.695622	4.080889	-0.495530
-158.025604	20.659599	153.730000	46.140000	-73.155107	56.000000	134.454243	134.454243	134.554243	4.081568	-0.265418
-157.025604	21.659599	153.730000	46.140000	-73.815704	56.000000	134.074538	133.974538	134.074538	4.087790	0.284043
-156.525604	22.159599	153.730000	46.140000	-74.362698	58.000000	133.636495	133.636495	133.636495	4.091858	0.303533
-156.025604	22.659599	153.730000	46.140000	-74.730446	58.000000	133.199840	133.199840	133.199840	4.100407	0.319447
-155.525604	23.159599	153.730000	46.140000	-74.670044	51.000000	132.764701	132.764701	132.764701	4.107191	0.331787
-155.025604	23.659599	153.730000	46.140000	-74.603315	50.000000	132.131205	132.131205	132.131205	4.111996	0.140703
-154.525604	24.159599	153.730000	46.140000	-74.368291	50.000000	131.599473	131.599473	131.599473	4.113094	0.046057
-153.025604	25.659599	153.730000	46.140000	-73.099497	43.000000	130.215995	130.215995	130.215995	4.109558	-0.058892
-152.525604	26.159599	153.730000	46.140000	-72.435785	34.000000	129.692429	129.692429	129.792429	4.111059	-0.167576
-150.525604	15.159600	153.730000	46.140000	169.155308	33.000000	136.583710	136.583710	136.583710	4.120048	0.540532
-150.025604	15.659600	153.730000	46.140000	168.395002	35.000000	136.342318	136.342318	136.342318	4.118983	0.641747
-149.525604	16.159599	153.730000	46.140000	167.660364	32.000000	136.101576	136.101576	136.101576	4.116158	0.739445
-149.025604	16.659599	153.730000	46.140000	166.929955	30.000000	135.861566	135.861566	135.861566	4.114779	0.833435
-152.132401	18.481400	153.730000	46.140000	75.901750	54.000000	135.549400	135.549400	135.549400	4.100536	0.876375
-159.525604	19.659599	153.730000	46.140000	-81.151516	28.000000	135.302292	135.302292	135.302292	4.088725	-0.515793
-158.525604	20.659599	153.730000	46.140000	-82.267894	51.000000	134.508560	134.508560	134.608560	4.081030	-0.347368
-157.525604	21.659599	153.730000	46.140000	-82.863702	53.000000	134.118536	134.118536	134.118536	4.088328	0.206788
-157.025604	22.159599	153.730000	46.140000	-83.383501	55.000000	133.675281	133.675281	133.675281	4.091739	0.228698
-156.525604	22.659599	153.730000	46.140000	-83.768878	54.000000	133.233387	133.233387	133.233387	4.097391	0.247001
-155.525604	23.659599	153.730000	46.140000	-83.738212	49.000000	132.254211	132.254211	132.254211	4.110313	0.172997
-155.025604	24.159599	153.730000	46.140000	-83.626196	49.000000	131.717185	131.717185	131.717185	4.113303	0.080751
-154.525604	24.659599	153.730000	46.140000	-83.260119	49.000000	131.182031	131.182031	131.182031	4.114234	-0.015123
-153.025604	26.159599	153.730000	46.140000	-81.765332	35.000000	129.788923	129.788923	129.788923	4.110745	-0.123403
-152.525604	26.659599	153.730000	46.140000	-80.996032	28.000000	129.362359	129.362359	129.362359	4.109635	-0.133056
-150.525604	15.659600	153.730000	46.140000	159.358450	41.000000	136.361257	136.361257	136.361257	4.120882	0.557789
-150.025604	16.159599	153.730000	46.140000	158.691887	40.000000	136.117145	136.117145	136.117145	4.117641	0.658113
-149.525604	16.659599	153.730000	46.140000	157.921872	37.000000	135.873743	135.873743	135.873743	4.115327	0.754703
-149.025604	17.159599	153.730000	46.140000	157.150512	31.000000	135.731137	135.731137	135.731137	4.118013	0.947593
-151.686600	14.689100	153.730000	46.140000	157.661448	27.000000	136.864132	136.864132	136.864132	4.114659	0.335680
-159.525604	20.159599	153.730000	46.140000	-90.769776	27.000000	135.118149	135.118149	135.118149	4.089765	-0.365014
-158.525604	21.159599	153.730000	46.140000	-91.713435	46.000000	134.315744	134.315744	134.315744	4.083458	-0.198864
-158.025604	21.659599	153.730000	46.140000	-91.981568	50.000000	134.166018	134.166018	134.166018	4.089861	0.128761
-157.525604	22.159599	153.730000	46.140000	-92.410158	53.000000	133.717477	133.717477	133.817477	4.092343	0.153049
-157.025604	22.659599	153.730000	46.140000	-92.849923	53.000000	133.370265	133.270265	133.370265	4.098718	0.273695
-156.525604	23.159599	153.730000	46.140000	-92.983412	52.000000	132.924522	132.824522	132.924522	4.104016	0.290741
-156.025604	23.659599	153.730000	46.140000	-92.940382	49.000000	132.380384	132.380384	132.380384	4.109638	0.204463
-155.525604	24.159599	153.730000	46.140000	-92.753586	48.000000	131.837981	131.837981	131.837981	4.113571	0.114549
-155.025604	24.659599	153.730000	46.140000	-92.559283	50.000000	131.297438	131.297438	131.297438	4.115209	0.021067
-154.525604	25.159599	153.730000	46.140000	-92.147206	46.000000	130.758875	130.758875	130.758875	4.115249	-0.075725
-153.025604	26.659599	153.730000	46.140000	-90.335647	28.000000	129.356195	129.356195	129.356195	4.112630	-0.187337
-152.025604	14.659600	153.730000	46.140000	152.168211	27.000000	136.879423	136.879423	136.879423	4.117030	0.256250
-150.525604	16.159599	153.730000	46.140000	149.638040	46.000000	136.235121	136.235121	136.235121	4.120197	0.675777
-149.525604	17.159599	153.730000	46.140000	148.221593	38.000000	135.742217	135.742217	135.742217	4.115473	0.870515
-149.025604	17.659599	153.730000	46.140000	147.492235	33.000000	135.497013	135.497013	135.497013	4.118429	0.962483
-151.637604	16.737801	153.730000	46.140000	118.594860	53.000000	136.073524	136.073524	136.073524	4.118407	0.573229
-159.525604	20.659599	153.730000	46.140000	-100.376005	30.000000	134.828161	134.828161	134.828161	4.087434	-0.313665
-158.525604	21.659599	153.730000	46.140000	-101.090637	45.000000	134.217068	134.217068	134.217068	4.089754	0.049973
-158.025604	22.159599	153.730000	46.140000	-101.482997	49.000000	133.863164	133.863164	133.863164	4.092095	0.176562
-157.525604	22.659599	153.730000	46.140000	-101.896251	53.000000	133.410556	133.410556	133.410556	4.097723	0.199579
-157.025604	23.159599	153.730000	46.140000	-102.108927	49.000000	132.959390	132.959390	132.959390	4.103342	0.219026
-156.525604	23.659599	153.730000	46.140000	-102.073816	50.000000	132.509806	132.509806	132.509806	4.109126	0.235054
-156.025604	24.159599	153.730000	46.140000	-102.005915	47.000000	131.961939	131.961939	131.961939	4.113435	0.147523
-155.525604	24.659599	153.730000	46.140000	-101.755777	48.000000	131.415920	131.415920	131.415920	4.115185	0.056436
-155.025604	25.159599	153.730000	46.140000	-101.421053	47.000000	130.871873	130.871873	130.871873	4.116163	-0.038044
-154.525604	25.659599	153.730000	46.140000	-100.935715	41.000000	130.429918	130.429918	130.429918	4.114653	-0.036069
-152.525604	14.659600	153.730000	46.140000	143.239147	29.000000	136.910170	136.910170	136.910170	4.112096	0.165201
-152.025604	15.159600	153.730000	46.140000	142.317215	34.000000	136.658121	136.558121	136.658121	4.118832	0.277960
-150.525604	16.659599	153.730000	46.140000	139.992517	47.000000	136.005232	136.005232	136.005232	4.118018	0.694311
-150.025604	17.159599	153.730000	46.140000	139.293385	43.000000	135.755661	135.755661	135.755661	4.115864	0.792398
-149.525604	17.659599	153.730000	46.140000	138.559214	38.000000	135.506932	135.506932	135.506932	4.115908	0.886998
-149.025604	18.159599	153.730000	46.140000	137.845140	33.000000	135.259129	135.259129	135.259129	4.119327	0.977919
-158.903000	21.298401	153.730000	46.140000	-101.230019	41.000000	134.321685	134.321685	134.421685	4.084484	-0.199778
-155.636200	22.299900	153.730000	46.140000	-60.942617	56.000000	133.424494	133.424494	133.424494	4.097178	0.378347
-150.914993	18.914200	153.730000	46.140000	89.340933	52.000000	135.040577	135.040577	135.040577	4.104035	0.836666
-159.525604	21.159599	153.730000	46.140000	-109.918160	30.000000	134.532217	134.532217	134.532217	4.086855	-0.261988
-159.025604	21.659599	153.730000	46.140000	-110.260314	37.000000	134.171769	134.171769	134.271769	4.088008	-0.129670
-158.525604	22.159599	153.730000	46.140000	-110.550288	45.000000	133.912426	133.912426	133.912426	4.091642	0.099315
-157.025604	23.659599	153.730000	46.140000	-111.233143	48.000000	132.542559	132.542559	132.542559	4.109544	0.164856
-156.525604	24.159599	153.730000	46.140000	-111.172164	49.000000	132.089142	132.089142	132.089142	4.113720	0.179697
-155.025604	25.659599	153.730000	46.140000	-110.236554	41.000000	130.540401	130.540401	130.540401	4.115405	0.003174
-154.525604	26.159599	153.730000	46.140000	-109.692706	34.000000	130.095074	130.095074	130.095074	4.113074	0.003914
-154.025604	26.659599	153.730000	46.140000	-109.064218	26.000000	129.652067	129.652067	129.652067	4.111538	0.001363
-153.025604	14.659600	153.730000	46.140000	134.270403	27.000000	136.943569	136.843569	136.943569	4.104775	0.073221
-152.525604	15.159600	153.730000	46.140000	133.410783	34.000000	136.688068	136.588068	136.688068	4.115136	0.188552
-152.025604	15.659600	153.730000	46.140000	132.532289	41.000000	136.433017	136.433017	136.433017	4.120100	0.300159
-151.525604	16.159599	153.730000	46.140000	131.718504	47.000000	136.278515	136.278515	136.278515	4.120220	0.508268
-150.525604	17.159599	153.730000	46.140000	130.342092	50.000000	135.871525	135.771525	135.871525	4.117252	0.813330
-149.525604	18.159599	153.730000	46.140000	128.882865	39.000000	135.267823	135.267823	135.267823	4.116769	0.904018
-149.025604	18.659599	153.730000	46.140000	128.297370	33.000000	135.017419	135.017419	135.017419	4.119846	0.993836
-158.760193	18.564699	153.730000	46.140000	-46.266257	42.000000	135.528993	135.528993	135.528993	4.085982	-0.762405
-149.000900	16.989000	153.730000	46.140000	160.915733	30.000000	135.758142	135.758142	135.758142	4.117041	0.894973
-159.525604	21.659599	153.730000	46.140000	-119.358592	31.000000	134.230206	134.230206	134.330206	4.089073	-0.210054
-159.025604	22.159599	153.730000	46.140000	-119.672173	36.000000	133.965348	133.965348	133.965348	4.092698	0.021280
-158.525604	22.659599	153.730000	46.140000	-120.031706	45.000000	133.501712	133.501712	133.501712	4.095007	0.048978
-157.025604	24.159599	153.730000	46.140000	-120.381520	46.000000	132.119671	132.119671	132.119671	4.113766	0.111007
-156.525604	24.659599	153.730000	46.140000	-120.201913	47.000000	131.662432	131.662432	131.662432	4.116536	0.124584
-155.025604	26.159599	153.730000	46.140000	-118.997158	33.000000	130.202934	130.202934	130.202934	4.113987	0.044633
-154.525604	26.659599	153.730000	46.140000	-118.371861	24.000000	129.654255	129.654255	129.654255	4.115084	-0.055537
-153.025604	15.159600	153.730000	46.140000	124.485876	34.000000	136.720680	136.720680	136.720680	4.108167	0.098213
-152.525604	15.659600	153.730000	46.140000	123.610990	44.000000	136.462103	136.362103	136.462103	4.114420	0.212431
-152.025604	16.159599	153.730000	46.140000	122.819610	50.000000	136.204045	136.204045	136.304045	4.119234	0.323067
-151.025604	17.159599	153.730000	46.140000	121.435367	54.000000	135.889866	135.889866	135.889866	4.116294	0.733323
-150.525604	17.659599	153.730000	46.140000	120.661233	53.000000	135.633933	135.633933	135.633933	4.116146	0.833058
-149.525604	18.659599	153.730000	46.140000	119.270832	39.000000	135.024824	135.024824	135.024824	4.117447	0.921566
-149.025604	19.159599	153.730000	46.140000	118.869417	32.000000	134.671820	134.671820	134.671820	4.120482	0.910462
-158.185394	22.620199	153.730000	46.140000	-113.104488	50.000000	133.537283	133.537283	133.537283	4.097055	0.140328
-154.983002	19.601000	153.730000	46.140000	2.768161	67.000000	135.065710	134.965710	135.065710	4.073950	0.427542
-159.525604	22.159599	153.730000	46.140000	-128.736349	29.000000	134.022018	134.022018	134.022018	4.092949	-0.057560
-159.025604	22.659599	153.730000	46.140000	-129.077189	35.000000	133.652748	133.652748	133.652748	4.098068	0.072479
-158.525604	23.159599	153.730000	46.140000	-129.446502	41.000000	133.084820	133.084820	133.084820	4.099683	-0.001048
-157.025604	24.659599	153.730000	46.140000	-129.400489	46.000000	131.790626	131.790626	131.790626	4.115995	0.157471
-156.525604	25.159599	153.730000	46.140000	-129.151139	44.000000	131.229579	131.229579	131.229579	4.117603	0.070033
-155.025604	26.659599	153.730000	46.140000	-127.648961	23.000000	129.759381	129.759381	129.759381	4.115922	-0.013349
-154.025604	14.659600	153.730000	46.140000	116.066894	28.000000	136.618545	136.618545	136.618545	4.093238	-0.513467
-153.525604	15.159600	153.730000	46.140000	115.489930	38.000000	136.656013	136.656013	136.656013	4.099577	-0.093007
-153.025604	15.659600	153.730000	46.140000	114.722513	42.000000	136.493865	136.393865	136.493865	4.107659	0.123724
-152.525604	16.159599	153.730000	46.140000	113.862413	51.000000	136.232205	136.232205	136.232205	4.113569	0.236962
-152.025604	16.659599	153.730000	46.140000	113.159235	55.000000	136.071130	136.071130	136.071130	4.116406	0.446494
-151.525604	17.159599	153.730000	46.140000	112.461261	55.000000	136.010739	136.010739	136.010739	4.115313	0.752309
-151.025604	17.659599	153.730000	46.140000	111.783400	56.000000	135.651127	135.651127	135.651127	4.114348	0.754647
-150.525604	18.159599	153.730000	46.140000	110.944240	53.000000	135.392386	135.392386	135.392386	4.113910	0.853305
-149.525604	19.159599	153.730000	46.140000	109.690533	38.000000	134.777869	134.777869	134.877869	4.120872	0.939759
-149.025604	19.659599	153.730000	46.140000	109.511651	28.000000	134.222264	134.222264	134.222264	4.117140	0.727608
-158.179504	20.377800	153.730000	46.140000	-70.608640	54.000000	134.668321	134.668321	134.668321	4.081974	-0.281254
-154.797394	18.803101	153.730000	46.140000	21.540575	64.000000	135.144445	135.144445	135.244445	4.077013	0.071535
-159.525604	22.659599	153.730000	46.140000	-138.140956	28.000000	133.707540	133.707540	133.707540	4.096164	-0.004759
-158.525604	23.659599	153.730000	46.140000	-138.672132	41.000000	132.661642	132.661642	132.661642	4.104356	-0.050585
-157.025604	25.159599	153.730000	46.140000	-138.319666	42.000000	131.355327	131.355327	131.355327	4.117625	0.104416
-156.525604	25.659599	153.730000	46.140000	-138.038679	40.000000	130.890487	130.890487	130.890487	4.117515	0.115790
-154.525604	14.659600	153.730000	46.140000	106.869022	29.000000	136.460236	136.460236	136.460236	4.095605	-0.808146
-154.025604	15.159600	153.730000	46.140000	106.332289	38.000000	136.494126	136.394126	136.494126	4.092655	-0.385144
-153.525604	15.659600	153.730000	46.140000	105.737197	46.000000	136.428362	136.428362	136.528362	4.102191	-0.065863
-153.025604	16.159599	153.730000	46.140000	104.998230	53.000000	136.263053	136.163053	136.263053	4.106857	0.149930
-152.525604	16.659599	153.730000	46.140000	104.190480	56.000000	135.998299	135.998299	135.998299	4.111831	0.262003
-152.025604	17.159599	153.730000	46.140000	103.477107	55.000000	135.934203	135.934203	135.934203	4.113535	0.570379
-151.525604	17.659599	153.730000	46.140000	102.816819	55.000000	135.770860	135.670860	135.770860	4.113016	0.775284
-151.025604	18.159599	153.730000	46.140000	102.048850	57.000000	135.408367	135.408367	135.408367	4.111510	0.776481
-150.525604	18.659599	153.730000	46.140000	101.237840	51.000000	135.146816	135.146816	135.146816	4.111449	0.874006
-149.525604	19.659599	153.730000	46.140000	100.264018	35.000000	134.426890	134.426890	134.526890	4.116927	0.858463
-149.025604	20.159599	153.730000	46.140000	100.307383	28.000000	133.668686	133.668686	133.668686	4.112767	0.445204
-159.525604	23.159599	153.730000	46.140000	-147.553200	27.000000	133.286660	133.286660	133.286660	4.101490	-0.051728
-158.525604	24.159599	153.730000	46.140000	-147.762385	40.000000	132.332071	132.332071	132.332071	4.111389	0.000176
-158.025604	24.659599	153.730000	46.140000	-147.688335	43.000000	131.957321	131.957321	131.957321	4.115711	0.120735
-157.025604	25.659599	153.730000	46.140000	-147.216667	39.000000	130.913672	130.913672	130.913672	4.119286	0.051661
-156.525604	26.159599	153.730000	46.140000	-146.796431	34.000000	130.445060	130.445060	130.445060	4.118388	0.061765
-156.025604	26.659599	153.730000	46.140000	-146.218458	27.000000	129.978770	129.978770	129.978770	4.116517	0.068597
-154.525604	15.159600	153.730000	46.140000	97.154843	37.000000	136.435075	136.335075	136.435075	4.090987	-0.578182
-154.025604	15.659600	153.730000	46.140000	96.642626	46.000000	136.265652	136.265652	136.365652	4.092947	-0.356320
-152.525604	17.159599	153.730000	46.140000	94.533468	57.000000	135.760315	135.760315	135.860315	4.108843	0.287546
-152.025604	17.659599	153.730000	46.140000	93.844528	54.000000	135.793191	135.793191	135.793191	4.110191	0.694952
-150.525604	19.159599	153.730000	46.140000	91.575813	48.000000	134.897153	134.897153	134.897153	4.107576	0.895397
-150.025604	19.659599	153.730000	46.140000	91.173404	40.000000	134.533892	134.433892	134.533892	4.111693	0.888345
-149.525604	20.159599	153.730000	46.140000	91.078487	35.000000	133.871820	133.871820	133.871820	4.112792	0.577668
-149.025604	20.659599	153.730000	46.140000	91.170937	26.000000	133.111018	133.111018	133.111018	4.109298	0.163489
-159.525604	23.659599	153.730000	46.140000	-156.844565	23.000000	132.859264	132.859264	132.859264	4.105535	-0.098147
-158.525604	24.659599	153.730000	46.140000	-156.717462	39.000000	131.995998	131.995998	131.995998	4.115195	0.051229
-157.525604	25.659599	153.730000	46.140000	-156.368323	34.000000	131.040245	131.040245	131.040245	4.118956	0.086747
-157.025604	26.159599	153.730000	46.140000	-155.970189	33.000000	130.565563	130.565563	130.565563	4.119333	0.099198
-156.525604	26.659599	153.730000	46.140000	-155.427539	27.000000	129.993200	129.993200	129.993200	4.120165	0.008290
-155.025604	15.159600	153.730000	46.140000	87.933645	36.000000	136.278921	136.278921	136.278921	4.091672	-0.872066
-154.525604	15.659600	153.730000	46.140000	87.483169	44.000000	136.205795	136.205795	136.305795	4.089231	-0.547724
-154.025604	16.159599	153.730000	46.140000	86.953014	55.000000	136.133050	136.133050	136.233050	4.091797	-0.226864
-152.525604	17.659599	153.730000	46.140000	84.874594	58.000000	135.718179	135.618179	135.718179	4.105218	0.513718
-152.025604	18.159599	153.730000	46.140000	84.120546	56.000000	135.648023	135.648023	135.648023	4.105005	0.820019
-150.525604	19.659599	153.730000	46.140000	82.007324	44.000000	134.643329	134.543329	134.643329	4.105935	0.917280
-150.025604	20.159599	153.730000	46.140000	81.838140	39.000000	133.977329	133.977329	133.977329	4.107245	0.609101
-149.525604	20.659599	153.730000	46.140000	81.909937	34.000000	133.212590	133.212590	133.212590	4.106389	0.197494
-149.025604	21.159599	153.730000	46.140000	82.100898	26.000000	132.549195	132.549195	132.549195	4.102670	-0.117732
-157.700806	16.348400	153.730000	46.140000	16.076065	49.000000	136.265956	136.265956	136.265956	4.086389	-1.025999
-154.495895	18.401699	153.730000	46.140000	34.886257	58.000000	135.248914	135.248914	135.348914	4.078942	0.013287
-159.525604	24.159599	153.730000	46.140000	-165.931087	21.000000	132.525238	132.525238	132.525238	4.109880	-0.044280
-159.025604	24.659599	153.730000	46.140000	-165.830527	30.000000	132.138349	132.138349	132.138349	4.117208	0.080877
-158.025604	25.659599	153.730000	46.140000	-165.522947	32.000000	131.070296	131.070296	131.070296	4.120466	0.021068
-157.525604	26.159599	153.730000	46.140000	-165.121080	29.000000	130.589442	130.589442	130.589442	4.120515	0.035769
-155.525604	15.159600	153.730000	46.140000	78.725312	36.000000	136.225724	136.225724	136.225724	4.090103	-1.066830
-155.025604	15.659600	153.730000	46.140000	78.272375	43.000000	136.148850	136.148850	136.148850	4.088091	-0.739975
-153.525604	17.159599	153.730000	46.140000	76.666963	63.000000	135.820727	135.720727	135.920727	4.099949	0.119049
-153.025604	17.659599	153.730000	46.140000	75.952629	60.000000	135.545884	135.545884	135.645884	4.101497	0.231562
-152.525604	18.159599	153.730000	46.140000	75.135070	60.000000	135.571815	135.571815	135.571815	4.100245	0.640374
-152.025604	18.659599	153.730000	46.140000	74.347335	57.000000	135.398624	135.398624	135.398624	4.100086	0.845514
-151.525604	19.159599	153.730000	46.140000	73.587707	56.000000	135.026406	135.026406	135.026406	4.100062	0.847213
-151.025604	19.659599	153.730000	46.140000	72.975833	50.000000	134.655258	134.655258	134.655258	4.101089	0.845222
-150.525604	20.159599	153.730000	46.140000	72.635528	42.000000	134.185271	134.185271	134.185271	4.104757	0.739588
-150.025604	20.659599	153.730000	46.140000	72.605463	38.000000	133.416534	133.416534	133.516534	4.105633	0.330533
-157.627594	20.346100	153.730000	46.140000	-59.838155	58.000000	134.699489	134.599489	134.699489	4.083477	-0.122174
-154.482803	21.001900	153.730000	46.140000	-15.434205	59.000000	134.304289	134.304289	134.304289	4.086867	0.645233
-159.525604	24.659599	153.730000	46.140000	-174.840647	21.000000	132.284468	132.284468	132.284468	4.120437	0.109789
-159.025604	25.159599	153.730000	46.140000	-174.760705	27.000000	131.793195	131.793195	131.793195	4.122922	0.133983
-158.025604	26.159599	153.730000	46.140000	-174.307028	28.000000	130.616787	130.616787	130.616787	4.123162	-0.028425
-157.525604	26.659599	153.730000	46.140000	-173.798667	24.000000	130.131963	130.131963	130.131963	4.123262	-0.014665
-155.525604	15.659600	153.730000	46.140000	69.006836	43.000000	136.094879	136.094879	136.094879	4.085642	-0.933059
-155.025604	16.159599	153.730000	46.140000	68.595643	47.000000	136.014515	136.014515	136.014515	4.085103	-0.607218
-154.025604	17.159599	153.730000	46.140000	67.601036	63.000000	135.755147	135.655147	135.755147	4.090534	-0.066508
-153.525604	17.659599	153.730000	46.140000	66.981812	62.000000	135.576367	135.476367	135.576367	4.098692	0.148473
-153.025604	18.159599	153.730000	46.140000	66.219377	60.000000	135.498333	135.498333	135.598333	4.095067	0.459810
-152.525604	18.659599	153.730000	46.140000	65.377395	61.000000	135.421151	135.421151	135.421151	4.093667	0.767505
-152.025604	19.159599	153.730000	46.140000	64.598284	59.000000	135.144920	135.144920	135.144920	4.095061	0.871678
-151.525604	19.659599	153.730000	46.140000	63.878933	56.000000	134.769741	134.669741	134.769741	4.096480	0.872222
-151.025604	20.159599	153.730000	46.140000	63.453762	50.000000	134.295707	134.295707	134.295707	4.100546	0.769142
-150.025604	21.159599	153.730000	46.140000	63.462880	40.000000	132.951439	132.851439	132.951439	4.105737	0.152379
-157.270004	21.108999	153.730000	46.140000	-67.773593	56.000000	134.335285	134.335285	134.335285	4.086845	0.112727
-154.393997	19.262501	153.730000	46.140000	19.887663	66.000000	135.169484	135.169484	135.169484	4.075433	0.462029
-159.025604	25.659599	153.730000	46.140000	-183.743449	23.000000	131.341198	131.341198	131.341198	4.125531	0.087282
-158.525604	26.159599	153.730000	46.140000	-183.412838	25.000000	130.747691	130.747691	130.747691	4.125343	0.006629
-158.025604	26.659599	153.730000	46.140000	-183.009286	23.000000	130.256476	130.256476	130.256476	4.124765	0.022621
-157.025604	14.659600	153.730000	46.140000	61.664566	28.000000	136.913073	136.913073	137.013073	4.088459	-1.094476
-156.525604	15.159600	153.730000	46.140000	60.648680	36.000000	136.428441	136.428441	136.428441	4.087609	-1.158915
-156.025604	15.659600	153.730000	46.140000	59.834527	42.000000	136.043943	136.043943	136.143943	4.085561	-1.127061
-155.525604	16.159599	153.730000	46.140000	59.290117	50.000000	135.959701	135.959701	135.959701	4.082509	-0.798676
-155.025604	16.659599	153.730000	46.140000	58.938381	53.000000	135.875835	135.875835	135.875835	4.084062	-0.473993
-154.525604	17.159599	153.730000	46.140000	58.516701	58.000000	135.692460	135.592460	135.692460	4.085817	-0.253011
-153.525604	18.159599	153.730000	46.140000	57.236150	61.000000	135.527638	135.527638	135.627638	4.091465	0.378366
-153.025604	18.659599	153.730000	46.140000	56.437047	60.000000	135.446409	135.446409	135.446409	4.091011	0.688523
-151.525604	20.159599	153.730000	46.140000	54.338914	55.000000	134.308697	134.308697	134.408697	4.095981	0.697697
-151.025604	20.659599	153.730000	46.140000	54.088729	48.000000	133.831778	133.831778	133.831778	4.102039	0.593665
-150.025604	21.659599	153.730000	46.140000	54.349213	42.000000	132.481973	132.481973	132.481973	4.104738	-0.025308
-149.525604	22.159599	153.730000	46.140000	54.603819	35.000000	131.909260	131.909260	131.909260	4.101188	-0.240024
-157.227295	18.984800	153.730000	46.140000	-26.559815	59.000000	134.933526	134.933526	135.033526	4.078029	-0.650647
-154.251801	21.168699	153.730000	46.140000	-14.473941	54.000000	134.146385	134.146385	134.146385	4.089351	0.639816
-159.025604	26.159599	153.730000	46.140000	-192.560113	21.000000	130.882246	130.882246	130.882246	4.129457	0.040844
-158.525604	26.659599	153.730000	46.140000	-192.157279	22.000000	130.284533	130.284533	130.284533	4.130273	-0.040844
-157.525604	14.659600	153.730000	46.140000	52.728308	30.000000	137.172939	137.172939	137.172939	4.088431	-0.994257
-157.025604	15.159600	153.730000	46.140000	51.720006	35.000000	136.684480	136.684480	136.684480	4.086126	-1.056209
-156.525604	15.659600	153.730000	46.140000	50.809072	41.000000	136.196105	136.196105	136.196105	4.084857	-1.121876
-156.025604	16.159599	153.730000	46.140000	50.079782	46.000000	135.907941	135.907941	135.907941	4.081426	-0.991003
-155.525604	16.659599	153.730000	46.140000	49.655603	53.000000	135.820108	135.820108	135.820108	4.081568	-0.663833
-155.025604	17.159599	153.730000	46.140000	49.269707	56.000000	135.632728	135.632728	135.732728	4.083314	-0.440359
-154.525604	17.659599	153.730000	46.140000	48.826956	59.000000	135.345918	135.345918	135.445918	4.085313	-0.320331
-153.525604	18.659599	153.730000	46.140000	47.447503	61.000000	135.474461	135.474461	135.474461	4.087594	0.608663
-153.025604	19.159599	153.730000	46.140000	46.661334	61.000000	135.290033	135.190033	135.290033	4.087858	0.817894
-151.525604	20.659599	153.730000	46.140000	44.905721	50.000000	133.943199	133.943199	133.943199	4.097550	0.623830
-151.025604	21.159599	153.730000	46.140000	44.849855	49.000000	133.363399	133.263399	133.363399	4.104137	0.418647
-150.025604	22.159599	153.730000	46.140000	45.272616	42.000000	132.008066	132.008066	132.008066	4.103356	-0.202338
-149.025604	23.159599	153.730000	46.140000	45.887477	23.000000	131.258993	131.258993	131.258993	4.101290	-0.237602
-156.964600	24.312099	153.730000	46.140000	-122.032707	48.000000	132.006345	132.006345	132.006345	4.114186	0.123734
-154.030502	17.988400	153.730000	46.140000	51.415059	60.000000	135.318594	135.318594	135.418594	4.086243	-0.043247
-159.025604	26.659599	153.730000	46.140000	-201.336809	18.000000	130.416230	130.416230	130.416230	4.132263	-0.005057
-157.525604	15.159600	153.730000	46.140000	42.755734	34.000000	136.843722	136.843722	136.843722	4.088962	-1.054346
-157.025604	15.659600	153.730000	46.140000	41.828341	41.000000	136.451428	136.451428	136.451428	4.084581	-1.017490
-156.525604	16.159599	153.730000	46.140000	40.993949	46.000000	136.059296	136.059296	136.059296	4.081944	-0.984190
-155.525604	17.159599	153.730000	46.140000	40.014416	58.000000	135.576017	135.576017	135.576017	4.081408	-0.628540
-155.025604	17.659599	153.730000	46.140000	39.633223	59.000000	135.385114	135.385114	135.485114	4.082883	-0.406077
-154.525604	18.159599	153.730000	46.140000	39.072818	59.000000	135.294861	135.194861	135.294861	4.081505	-0.087252
-153.525604	19.159599	153.730000	46.140000	37.655939	66.000000	135.216758	135.216758	135.316758	4.083555	0.639610
-153.025604	19.659599	153.730000	46.140000	36.884153	62.000000	135.029129	134.929129	135.029129	4.085661	0.847658
-151.525604	21.159599	153.730000	46.140000	35.590761	50.000000	133.473175	133.373175	133.473175	4.099438	0.450352
-151.025604	21.659599	153.730000	46.140000	35.682094	48.000000	132.790496	132.790496	132.790496	4.104629	0.144079
-150.025604	22.659599	153.730000	46.140000	36.202666	39.000000	131.729646	131.729646	131.729646	4.103774	-0.178983
-149.525604	23.159599	153.730000	46.140000	36.489406	30.000000	131.351648	131.351648	131.351648	4.102708	-0.195886
-149.025604	23.659599	153.730000	46.140000	36.992264	22.000000	130.975375	130.975375	130.975375	4.101486	-0.216224
-156.932007	19.832701	153.730000	46.140000	-37.308229	55.000000	134.767507	134.767507	134.767507	4.079143	-0.204074
-153.992294	18.797600	153.730000	46.140000	36.249596	60.000000	135.350371	135.350371	135.350371	4.080283	0.460380
-158.525604	14.659600	153.730000	46.140000	35.019482	24.000000	137.702462	137.702462	137.702462	4.094303	-0.796229
-158.025604	15.159600	153.730000	46.140000	33.851160	32.000000	137.106231	137.106231	137.106231	4.090019	-0.953262
-157.525604	15.659600	153.730000	46.140000	32.818043	41.000000	136.609977	136.609977	136.609977	4.087251	-1.013993
-157.025604	16.159599	153.730000	46.140000	31.980142	47.000000	136.213834	136.213834	136.213834	4.083954	-0.978177
-156.025604	17.159599	153.730000	46.140000	30.667329	59.000000	135.622390	135.622390	135.622390	4.080014	-0.717638
-155.525604	17.659599	153.730000	46.140000	30.370827	62.000000	135.427343	135.427343	135.527343	4.079961	-0.492656
-155.025604	18.159599	153.730000	46.140000	29.944565	63.000000	135.332909	135.332909	135.332909	4.079478	-0.171352
-153.525604	19.659599	153.730000	46.140000	27.864827	65.000000	135.054450	135.054450	135.054450	4.082714	0.771000
-153.025604	20.159599	153.730000	46.140000	27.111745	61.000000	134.663617	134.663617	134.663617	4.085768	0.777864
-151.525604	21.659599	153.730000	46.140000	26.379031	49.000000	132.998548	132.998548	132.998548	4.102453	0.277315
-151.025604	22.159599	153.730000	46.140000	26.584800	48.000000	132.312995	132.312995	132.312995	4.104022	-0.029908
-150.025604	23.159599	153.730000	46.140000	27.127904	35.000000	131.446644	131.446644	131.446644	4.104382	-0.155186
-149.525604	23.659599	153.730000	46.140000	27.606323	29.000000	130.966016	130.966016	130.966016	4.099574	-0.273016
-149.025604	24.159599	153.730000	46.140000	28.152866	24.000000	130.587193	130.587193	130.587193	4.097574	-0.294404
-156.808197	18.404200	153.730000	46.140000	-7.707036	56.000000	135.194923	135.194923	135.194923	4.080459	-0.630024
-153.982697	21.519699	153.730000	46.140000	-16.279829	51.000000	133.778698	133.778698	133.878698	4.093756	0.547888
-158.525604	15.159600	153.730000	46.140000	24.987990	29.000000	137.372073	137.372073	137.372073	4.093938	-0.852989
-157.525604	16.159599	153.730000	46.140000	22.923732	47.000000	136.271618	136.271618	136.271618	4.086385	-1.073006
-157.025604	16.659599	153.730000	46.140000	22.187005	52.000000	135.971606	135.971606	135.971606	4.083149	-0.938430
-155.525604	18.159599	153.730000	46.140000	20.715117	63.000000	135.274003	135.274003	135.274003	4.078957	-0.356337
-155.025604	18.659599	153.730000	46.140000	20.194000	65.000000	135.176030	135.176030	135.276030	4.077329	-0.036246
-154.025604	19.659599	153.730000	46.140000	18.816775	64.000000	134.982642	134.982642	134.982642	4.078295	0.593418
-153.525604	20.159599	153.730000	46.140000	18.118131	63.000000	134.787455	134.787455	134.787455	4.082936	0.802764
-153.025604	20.659599	153.730000	46.140000	17.438704	58.000000	134.293418	134.293418	134.393418	4.089342	0.708709
-152.525604	21.159599	153.730000	46.140000	17.100515	52.000000	133.800637	133.700637	133.800637	4.095138	0.610984
-152.025604	21.659599	153.730000	46.140000	17.045379	50.000000	133.109214	133.109214	133.109214	4.099049	0.309643
-151.525604	22.159599	153.730000	46.140000	17.257031	49.000000	132.519244	132.519244	132.519244	4.104249	0.104918
-151.025604	22.659599	153.730000	46.140000	17.544150	47.000000	131.930824	131.930824	131.930824	4.104567	-0.103461
-150.525604	23.159599	153.730000	46.140000	17.769729	40.000000	131.544043	131.544043	131.544043	4.105253	-0.115424
-150.025604	23.659599	153.730000	46.140000	18.160222	34.000000	131.158987	131.158987	131.158987	4.105418	-0.130750
-156.755997	21.136000	153.730000	46.140000	-58.911442	59.000000	134.352337	134.252337	134.352337	4.085966	0.273771
-153.967499	14.731300	153.730000	46.140000	115.745447	29.000000	136.606796	136.606796	136.606796	4.091893	-0.473715
-159.525604	14.659600	153.730000	46.140000	17.149756	15.000000	137.845469	137.845469	137.845469	4.098023	-1.001390
-159.025604	15.159600	153.730000	46.140000	16.074477	24.000000	137.541313	137.541313	137.541313	4.096258	-0.853532
-158.525604	15.659600	153.730000	46.140000	15.013221	35.000000	137.137014	137.137014	137.137014	4.093144	-0.809322
-157.525604	16.659599	153.730000	46.140000	13.131603	53.000000	136.028551	136.028551	136.128551	4.085190	-1.031638
-157.025604	17.159599	153.730000	46.140000	12.356046	54.000000	135.724658	135.724658	135.724658	4.082206	-0.898256
-155.525604	18.659599	153.730000	46.140000	11.056728	63.000000	135.115911	135.115911	135.215911	4.076704	-0.219592
-155.025604	19.159599	153.730000	46.140000	10.498027	70.000000	135.114391	135.114391	135.114391	4.074705	0.199490
-154.025604	20.159599	153.730000	46.140000	9.095367	60.000000	134.814168	134.814168	134.814168	4.080118	0.726801
-153.525604	20.659599	153.730000	46.140000	8.427228	57.000000	134.415693	134.415693	134.415693	4.087501	0.735162
-153.025604	21.159599	153.730000	46.140000	7.955969	53.000000	133.918454	133.818454	133.918454	4.093608	0.639918
-152.525604	21.659599	153.730000	46.140000	7.794578	50.000000	133.322556	133.222556	133.322556	4.098385	0.441076
-152.025604	22.159599	153.730000	46.140000	7.916239	50.000000	132.628102	132.628102	132.628102	4.102204	0.138771
-151.525604	22.659599	153.730000	46.140000	8.218548	49.000000	132.035188	132.035188	132.035188	4.104990	-0.067119
-151.025604	23.159599	153.730000	46.140000	8.471385	47.000000	131.543908	131.543908	131.643908	4.103699	-0.176588
-150.525604	23.659599	153.730000	46.140000	8.808611	40.000000	131.154352	131.154352	131.154352	4.104134	-0.189491
-150.025604	24.159599	153.730000	46.140000	9.292545	35.000000	130.866605	130.866605	130.866605	4.105619	-0.105958
-156.658005	20.891001	153.730000	46.140000	-52.438037	58.000000	134.404836	134.404836	134.504836	4.084681	0.187656
-153.902405	19.979099	153.730000	46.140000	14.857319	62.000000	134.878296	134.878296	134.878296	4.078931	0.707275
-159.525604	15.159600	153.730000	46.140000	7.131698	19.000000	137.614015	137.614015	137.614015	4.096727	-0.954821
-159.025604	15.659600	153.730000	46.140000	6.103569	30.000000	137.305635	137.305635	137.305635	4.096193	-0.808230
-158.525604	16.159599	153.730000	46.140000	5.096418	42.000000	136.797193	136.797193	136.797193	4.092185	-0.865079
-157.525604	17.159599	153.730000	46.140000	3.320958	55.000000	135.780688	135.780688	135.780688	4.084051	-0.989853
-157.025604	17.659599	153.730000	46.140000	2.657780	56.000000	135.472900	135.472900	135.472900	4.081859	-0.857509
-155.525604	19.159599	153.730000	46.140000	1.466799	62.000000	135.052979	135.052979	135.152979	4.073582	0.017724
-155.025604	19.659599	153.730000	46.140000	0.863767	68.000000	134.947909	134.947909	135.047909	4.073636	0.335646
-153.525604	21.159599	153.730000	46.140000	-1.145871	51.000000	134.039082	134.039082	134.039082	4.092202	0.667978
-153.025604	21.659599	153.730000	46.140000	-1.383501	55.000000	133.438643	133.338643	133.438643	4.097688	0.471545
-152.525604	22.159599	153.730000	46.140000	-1.354104	52.000000	132.839633	132.739633	132.839633	4.101386	0.271731
-151.525604	23.159599	153.730000	46.140000	-0.837106	49.000000	131.646303	131.646303	131.646303	4.105171	-0.138738
-151.025604	23.659599	153.730000	46.140000	-0.558533	49.000000	131.252172	131.252172	131.252172	4.105198	-0.149157
-150.525604	24.159599	153.730000	46.140000	-0.083406	42.000000	130.859851	130.859851	130.859851	4.105286	-0.163139
-150.025604	24.659599	153.730000	46.140000	0.569851	35.000000	130.369426	130.369426	130.469426	4.102754	-0.280748
-156.510101	19.477699	153.730000	46.140000	-22.704241	56.000000	134.927031	134.927031	134.927031	4.075772	-0.159455
-153.868195	17.315399	153.730000	46.140000	67.457172	63.000000	135.579846	135.479846	135.679846	4.091794	-0.118293
-159.525604	15.659600	153.730000	46.140000	-2.827039	23.000000	137.377746	137.377746	137.377746	4.095442	-0.907884
-159.025604	16.159599	153.730000	46.140000	-3.819964	35.000000	136.965120	136.965120	136.965120	4.094833	-0.862313
-158.525604	16.659599	153.730000	46.140000	-4.723078	45.000000	136.552515	136.552515	136.552515	4.092027	-0.820424
-157.525604	17.659599	153.730000	46.140000	-6.441959	55.000000	135.627936	135.627936	135.627936	4.083570	-0.847450
-157.025604	18.159599	153.730000	46.140000	-7.010668	56.000000	135.316240	135.316240	135.316240	4.080322	-0.716350
-155.525604	19.659599	153.730000	46.140000	-8.149107	64.000000	134.985121	134.885121	134.985121	4.072316	0.255451
-155.025604	20.159599	153.730000	46.140000	-8.819158	66.000000	134.776496	134.676496	134.776496	4.076048	0.472153
-154.025604	21.159599	153.730000	46.140000	-10.228322	52.000000	134.062592	134.062592	134.162592	4.089285	0.595113
-153.525604	21.659599	153.730000	46.140000	-10.563906	53.000000	133.557542	133.557542	133.657542	4.097042	0.501141
-153.025604	22.159599	153.730000	46.140000	-10.571793	55.000000	132.953906	132.953906	132.953906	4.101061	0.303795
-152.025604	23.159599	153.730000	46.140000	-10.116606	51.000000	131.751293	131.751293	131.751293	4.106206	-0.101792
-151.525604	23.659599	153.730000	46.140000	-9.846619	51.000000	131.352513	131.352513	131.352513	4.107061	-0.109734
-151.025604	24.159599	153.730000	46.140000	-9.445530	49.000000	130.955542	130.955542	130.955542	4.106573	-0.121315
-150.025604	25.159599	153.730000	46.140000	-8.180736	34.000000	130.067379	130.067379	130.067379	4.103494	-0.254916
-156.465103	18.775000	153.730000	46.140000	-8.473013	56.000000	135.144003	135.044003	135.144003	4.077721	-0.363843
-153.700806	17.297501	153.730000	46.140000	70.843333	64.000000	135.650396	135.650396	135.750396	4.095197	-0.017601
-158.525604	17.159599	153.730000	46.140000	-14.534848	45.000000	136.302884	136.302884	136.302884	4.092463	-0.775368
-158.025604	17.659599	153.730000	46.140000	-15.441154	45.000000	135.686347	135.686347	135.686347	4.083939	-0.938220
-157.525604	18.159599	153.730000	46.140000	-16.168033	53.000000	135.370202	135.370202	135.370202	4.081219	-0.804694
-157.025604	18.659599	153.730000	46.140000	-16.637906	56.000000	135.054586	135.054586	135.054586	4.079565	-0.674790
-156.525604	19.159599	153.730000	46.140000	-16.894439	61.000000	135.039635	134.939635	135.039635	4.079316	-0.248389
-156.025604	19.659599	153.730000	46.140000	-17.252761	59.000000	135.025480	134.925480	135.025480	4.074768	0.174400
-155.525604	20.159599	153.730000	46.140000	-17.795598	65.000000	134.812249	134.712249	134.812249	4.076495	0.393579
-155.025604	20.659599	153.730000	46.140000	-18.549897	66.000000	134.500066	134.500066	134.500066	4.081356	0.509277
-154.525604	21.159599	153.730000	46.140000	-19.238106	59.000000	134.189051	134.089051	134.189051	4.089532	0.621374
-153.525604	22.159599	153.730000	46.140000	-19.806517	54.000000	133.170988	133.070988	133.170988	4.102148	0.434921
-153.025604	22.659599	153.730000	46.140000	-19.622756	57.000000	132.464162	132.464162	132.464162	4.103876	0.136381
-151.525604	24.159599	153.730000	46.140000	-18.771364	51.000000	130.953743	130.953743	130.953743	4.107335	-0.180399
-151.025604	24.659599	153.730000	46.140000	-18.168594	49.000000	130.553944	130.553944	130.553944	4.105574	-0.193070
-150.025604	25.659599	153.730000	46.140000	-16.957026	28.000000	129.760393	129.760393	129.760393	4.104852	-0.228756
-149.525604	26.159599	153.730000	46.140000	-16.153115	19.000000	129.366803	129.366803	129.366803	4.105141	-0.251903
