-156.387695	17.614901	-110.690000	26.250000	70.285716	78.000000	250.767105	250.767105	250.767105	4.103264	0.638346
-153.503204	19.495199	-110.690000	26.250000	-16.647581	87.000000	252.615232	252.615232	252.615232	4.101364	0.557370
-159.525604	16.659599	-110.690000	26.250000	154.990474	41.000000	249.969948	249.969948	250.069948	4.123763	0.621683
-159.025604	17.159599	-110.690000	26.250000	138.258181	50.000000	250.490035	250.390035	250.490035	4.123021	0.703752
-158.525604	17.659599	-110.690000	26.250000	121.553323	62.000000	250.822043	250.822043	250.822043	4.122153	0.582002
-158.025604	18.159599	-110.690000	26.250000	105.238240	75.000000	251.366461	251.366461	251.366461	4.114656	0.656496
-157.525604	18.659599	-110.690000	26.250000	88.852709	81.000000	251.723797	251.723797	251.723797	4.107402	0.526955
-157.025604	19.159599	-110.690000	26.250000	72.606131	87.000000	252.194576	252.194576	252.194576	4.097793	0.493679
-156.525604	19.659599	-110.690000	26.250000	56.150939	89.000000	252.679336	252.679336	252.679336	4.092014	0.456720
-156.025604	20.159599	-110.690000	26.250000	39.969418	93.000000	253.178634	253.178634	253.178634	4.090076	0.415777
-155.525604	20.659599	-110.690000	26.250000	23.693947	91.000000	253.693045	253.693045	253.693045	4.092391	0.371176
-155.025604	21.159599	-110.690000	26.250000	7.657040	88.000000	254.323156	254.323156	254.323156	4.097879	0.422957
-154.525604	21.659599	-110.690000	26.250000	-8.127696	82.000000	254.969575	254.969575	254.969575	4.105813	0.470798
-154.025604	22.159599	-110.690000	26.250000	-23.457141	77.000000	255.632921	255.632921	255.632921	4.111102	0.515052
-153.525604	22.659599	-110.690000	26.250000	-38.774309	74.000000	256.313830	256.313830	256.313830	4.114406	0.555746
-153.025604	23.159599	-110.690000	26.250000	-53.933680	69.000000	257.012954	257.012954	257.012954	4.111304	0.592531
-152.525604	23.659599	-110.690000	26.250000	-68.930208	69.000000	257.630954	257.630954	257.730954	4.107860	0.525799
-152.025604	24.159599	-110.690000	26.250000	-84.011621	69.000000	258.368505	258.368505	258.368505	4.103012	0.555554
-151.525604	24.659599	-110.690000	26.250000	-98.889236	69.000000	259.126291	259.126291	259.126291	4.099730	0.581426
-151.025604	25.159599	-110.690000	26.250000	-113.563498	64.000000	259.805004	259.805004	259.805004	4.095473	0.503842
-150.525604	25.659599	-110.690000	26.250000	-127.934965	52.000000	260.605342	260.605342	260.605342	4.093205	0.522789
-150.025604	26.159599	-110.690000	26.250000	-142.090911	39.000000	261.328004	261.328004	261.428004	4.092090	0.437866
-149.525604	26.659599	-110.690000	26.250000	-155.822151	27.000000	262.373689	262.373689	262.473689	4.099666	0.649548
-156.206604	16.162001	-110.690000	26.250000	79.090871	68.000000	249.391804	249.391804	249.391804	4.109763	0.723052
-153.295898	18.800900	-110.690000	26.250000	-15.835383	84.000000	251.790779	251.790779	251.790779	4.100737	0.527965
-159.525604	17.159599	-110.690000	26.250000	150.418767	41.000000	250.420279	250.420279	250.420279	4.124989	0.620935
-159.025604	17.659599	-110.690000	26.250000	133.810236	52.000000	250.849136	250.849136	250.849136	4.124341	0.600784
-158.525604	18.159599	-110.690000	26.250000	117.253622	64.000000	251.290164	251.290164	251.290164	4.120822	0.576501
-158.025604	18.659599	-110.690000	26.250000	101.059916	74.000000	251.743856	251.743856	251.743856	4.113181	0.548509
-157.525604	19.159599	-110.690000	26.250000	84.686484	85.000000	252.210721	252.210721	252.210721	4.104022	0.516830
-157.025604	19.659599	-110.690000	26.250000	68.455673	88.000000	252.591285	252.591285	252.691285	4.095428	0.381071
-156.525604	20.159599	-110.690000	26.250000	52.101403	90.000000	253.086089	253.086089	253.086089	4.091792	0.341676
-156.025604	20.659599	-110.690000	26.250000	35.983651	92.000000	253.695689	253.695689	253.695689	4.090988	0.398675
-155.525604	21.159599	-110.690000	26.250000	19.884216	88.000000	254.220657	254.220657	254.220657	4.095222	0.351637
-155.025604	21.659599	-110.690000	26.250000	4.056562	83.000000	254.861582	254.861582	254.861582	4.102427	0.401029
-154.525604	22.159599	-110.690000	26.250000	-11.506151	77.000000	255.519066	255.519066	255.519066	4.110639	0.446888
-154.025604	22.659599	-110.690000	26.250000	-26.698240	75.000000	256.193726	256.193726	256.193726	4.113962	0.488745
-153.525604	23.159599	-110.690000	26.250000	-41.887591	72.000000	256.886191	256.886191	256.886191	4.115536	0.527089
-153.025604	23.659599	-110.690000	26.250000	-56.880589	69.000000	257.597104	257.597104	257.597104	4.110967	0.561969
-152.525604	24.159599	-110.690000	26.250000	-71.776222	69.000000	258.327119	258.327119	258.327119	4.106528	0.592872
-152.025604	24.659599	-110.690000	26.250000	-86.697923	69.000000	258.976897	258.976897	258.976897	4.102831	0.520312
-151.525604	25.159599	-110.690000	26.250000	-101.379718	64.000000	259.747110	259.747110	259.747110	4.099671	0.544352
-151.025604	25.659599	-110.690000	26.250000	-115.899017	57.000000	260.438433	260.438433	260.438433	4.095356	0.464433
-150.525604	26.159599	-110.690000	26.250000	-130.066270	45.000000	261.251543	261.251543	261.251543	4.093124	0.481093
-150.025604	26.659599	-110.690000	26.250000	-144.016875	32.000000	262.087117	262.087117	262.087117	4.094069	0.494412
-149.025604	14.659600	-110.690000	26.250000	-79.230137	21.000000	246.336542	246.336542	246.336542	4.102018	0.522850
-156.167007	18.301001	-110.690000	26.250000	59.039261	84.000000	251.415149	251.415149	251.415149	4.096225	0.596406
-153.292099	20.892599	-110.690000	26.250000	-32.353007	81.000000	254.221153	254.221153	254.221153	4.106434	0.543314
-159.525604	17.659599	-110.690000	26.250000	145.990240	41.000000	250.874405	250.874405	250.874405	4.124954	0.620057
-159.025604	18.159599	-110.690000	26.250000	129.506261	51.000000	251.312083	251.312083	251.312083	4.123756	0.597395
-158.525604	18.659599	-110.690000	26.250000	113.084380	64.000000	251.762179	251.762179	251.762179	4.116535	0.570820
-158.025604	19.159599	-110.690000	26.250000	96.944065	76.000000	252.225186	252.225186	252.225186	4.108980	0.540438
-157.525604	19.659599	-110.690000	26.250000	80.591687	85.000000	252.601617	252.601617	252.601617	4.100477	0.406302
-157.025604	20.159599	-110.690000	26.250000	64.422817	86.000000	253.091997	253.091997	253.091997	4.093984	0.368321
-156.525604	20.659599	-110.690000	26.250000	48.184547	88.000000	253.596867	253.596867	253.596867	4.092158	0.326597
-156.025604	21.159599	-110.690000	26.250000	32.150644	87.000000	254.216783	254.216783	254.216783	4.093093	0.381187
-155.525604	21.659599	-110.690000	26.250000	16.244631	83.000000	254.752316	254.752316	254.752316	4.099172	0.331993
-155.025604	22.159599	-110.690000	26.250000	0.620148	80.000000	255.404050	255.404050	255.504050	4.106420	0.379110
-154.525604	22.659599	-110.690000	26.250000	-14.727938	75.000000	256.172584	256.172584	256.172584	4.113271	0.522604
-154.025604	23.159599	-110.690000	26.250000	-29.843078	73.000000	256.858528	256.858528	256.858528	4.116284	0.562366
-153.525604	23.659599	-110.690000	26.250000	-44.858911	70.000000	257.462506	257.462506	257.562506	4.115671	0.498487
-153.025604	24.159599	-110.690000	26.250000	-59.710950	69.000000	258.185151	258.185151	258.185151	4.110143	0.531040
-152.525604	24.659599	-110.690000	26.250000	-74.471264	69.000000	258.927105	258.927105	258.927105	4.106201	0.559907
-152.025604	25.159599	-110.690000	26.250000	-89.219773	64.000000	259.689018	259.689018	259.689018	4.103316	0.585172
-151.525604	25.659599	-110.690000	26.250000	-103.729460	57.000000	260.371543	260.371543	260.371543	4.099606	0.506917
-151.025604	26.159599	-110.690000	26.250000	-118.086478	49.000000	260.975338	260.975338	260.975338	4.093881	0.325015
-150.525604	26.659599	-110.690000	26.250000	-132.027823	36.000000	261.901059	261.901059	261.901059	4.092710	0.439546
-149.525604	14.659600	-110.690000	26.250000	-67.045345	27.000000	246.259099	246.259099	246.259099	4.106203	0.317028
-149.025604	15.159600	-110.690000	26.250000	-84.670790	27.000000	246.987934	246.987934	246.987934	4.099701	0.578022
-155.996994	20.771000	-110.690000	26.250000	34.409318	89.000000	253.744529	253.744529	253.744529	4.091203	0.326187
-153.290604	17.906200	-110.690000	26.250000	-8.159467	78.000000	250.874583	250.874583	250.874583	4.101701	0.618091
-159.525604	18.159599	-110.690000	26.250000	141.690140	39.000000	251.332287	251.332287	251.332287	4.124000	0.618981
-159.025604	18.659599	-110.690000	26.250000	125.314763	52.000000	251.778833	251.778833	251.778833	4.120387	0.593787
-158.525604	19.159599	-110.690000	26.250000	108.980949	65.000000	252.138037	252.138037	252.138037	4.115162	0.464846
-158.025604	19.659599	-110.690000	26.250000	92.870468	80.000000	252.610396	252.610396	252.610396	4.106374	0.432209
-157.525604	20.159599	-110.690000	26.250000	76.575617	85.000000	252.996422	252.996422	253.096422	4.098427	0.295592
-157.025604	20.659599	-110.690000	26.250000	60.534766	87.000000	253.596641	253.596641	253.596641	4.093457	0.355308
-156.525604	21.159599	-110.690000	26.250000	44.346509	88.000000	254.111593	254.111593	254.111593	4.094041	0.311395
-156.025604	21.659599	-110.690000	26.250000	28.515331	85.000000	254.741832	254.741832	254.741832	4.096775	0.363550
-155.525604	22.159599	-110.690000	26.250000	12.747578	80.000000	255.387925	255.387925	255.387925	4.103293	0.412112
-155.025604	22.659599	-110.690000	26.250000	-2.650153	76.000000	256.050454	256.050454	256.050454	4.110775	0.457105
-154.525604	23.159599	-110.690000	26.250000	-17.848841	74.000000	256.730012	256.730012	256.730012	4.116681	0.498203
-154.025604	23.659599	-110.690000	26.250000	-32.874472	71.000000	257.427202	257.427202	257.427202	4.117582	0.535776
-153.525604	24.159599	-110.690000	26.250000	-47.683382	69.000000	258.142639	258.142639	258.142639	4.114444	0.569832
-153.025604	24.659599	-110.690000	26.250000	-62.404129	69.000000	258.876945	258.776945	258.876945	4.109504	0.600023
-152.525604	25.159599	-110.690000	26.250000	-77.030383	64.000000	259.630750	259.630750	259.630750	4.106603	0.626753
-152.025604	25.659599	-110.690000	26.250000	-91.585309	57.000000	260.304688	260.304688	260.304688	4.103699	0.550009
-151.525604	26.159599	-110.690000	26.250000	-105.936274	50.000000	260.999396	260.999396	260.999396	4.099575	0.469421
-151.025604	26.659599	-110.690000	26.250000	-120.109718	40.000000	261.615511	261.615511	261.615511	4.092803	0.285431
-150.025604	14.659600	-110.690000	26.250000	-55.096394	32.000000	246.376926	246.376926	246.376926	4.107955	0.311930
-149.525604	15.159600	-110.690000	26.250000	-72.452293	34.000000	246.903739	246.903739	246.903739	4.105485	0.374213
-149.025604	15.659600	-110.690000	26.250000	-89.975764	32.000000	247.546227	247.546227	247.546227	4.099114	0.532793
-155.772995	19.079000	-110.690000	26.250000	42.644723	91.000000	252.130893	252.130893	252.130893	4.090105	0.508685
-152.981201	18.301800	-110.690000	26.250000	-19.265861	81.000000	251.302000	251.202000	251.302000	4.103367	0.621696
-159.525604	18.659599	-110.690000	26.250000	137.483789	41.000000	251.793885	251.793885	251.793885	4.121848	0.617485
-159.025604	19.159599	-110.690000	26.250000	121.191430	54.000000	252.149338	252.149338	252.249338	4.119334	0.490116
-158.525604	19.659599	-110.690000	26.250000	104.901955	69.000000	252.617687	252.517687	252.617687	4.109883	0.458672
-158.025604	20.159599	-110.690000	26.250000	88.853371	79.000000	252.999427	252.999427	252.999427	4.102905	0.323579
-157.525604	20.659599	-110.690000	26.250000	72.668605	84.000000	253.495072	253.495072	253.495072	4.096226	0.284867
-157.025604	21.159599	-110.690000	26.250000	56.722283	84.000000	254.105145	254.105145	254.105145	4.093972	0.342130
-156.525604	21.659599	-110.690000	26.250000	40.645202	85.000000	254.630185	254.630185	254.630185	4.096355	0.295810
-156.025604	22.159599	-110.690000	26.250000	25.046129	81.000000	255.270745	255.270745	255.270745	4.100411	0.345948
-155.525604	22.659599	-110.690000	26.250000	9.389207	79.000000	255.927387	255.927387	255.927387	4.107591	0.392099
-155.025604	23.159599	-110.690000	26.250000	-5.787740	75.000000	256.600687	256.600687	256.600687	4.114184	0.434728
-154.525604	23.659599	-110.690000	26.250000	-20.888526	71.000000	257.291231	257.291231	257.291231	4.119265	0.473884
-154.025604	24.159599	-110.690000	26.250000	-35.738828	69.000000	257.999616	257.999616	257.999616	4.117591	0.509085
-153.525604	24.659599	-110.690000	26.250000	-50.388582	69.000000	258.726445	258.726445	258.726445	4.114085	0.540816
-153.025604	25.159599	-110.690000	26.250000	-64.950798	64.000000	259.472329	259.472329	259.472329	4.109501	0.569137
-152.525604	25.659599	-110.690000	26.250000	-79.429715	57.000000	260.237883	260.237883	260.337883	4.107571	0.593526
-152.025604	26.159599	-110.690000	26.250000	-93.816728	50.000000	260.923724	260.923724	260.923724	4.104080	0.514490
-151.525604	26.659599	-110.690000	26.250000	-108.000466	41.000000	261.630471	261.630471	261.630471	4.098459	0.432104
-150.525604	14.659600	-110.690000	26.250000	-43.070629	36.000000	246.490191	246.490191	246.490191	4.109325	0.307066
-150.025604	15.159600	-110.690000	26.250000	-60.442378	41.000000	247.014950	247.014950	247.014950	4.107783	0.371171
-149.525604	15.659600	-110.690000	26.250000	-77.707570	39.000000	247.455077	247.455077	247.555077	4.105843	0.331277
-149.025604	16.159599	-110.690000	26.250000	-95.122386	36.000000	248.211364	248.211364	248.211364	4.095228	0.587539
-159.664993	22.122999	-110.690000	26.250000	113.573474	43.000000	254.623823	254.623823	254.623823	4.107021	0.153804
-155.765305	26.776699	-110.690000	26.250000	-7.418188	38.000000	260.404398	260.404398	260.404398	4.120849	0.190502
-152.765793	25.592800	-110.690000	26.250000	-73.350446	61.000000	260.094400	260.094400	260.194400	4.108636	0.588445
-159.525604	19.159599	-110.690000	26.250000	133.303193	43.000000	252.259152	252.259152	252.259152	4.117349	0.615886
-159.025604	19.659599	-110.690000	26.250000	117.082868	55.000000	252.623549	252.623549	252.623549	4.113003	0.486037
-158.525604	20.159599	-110.690000	26.250000	100.864034	69.000000	253.001071	253.001071	253.001071	4.107370	0.352340
-158.025604	20.659599	-110.690000	26.250000	84.928646	78.000000	253.492216	253.492216	253.492216	4.099923	0.314893
-157.525604	21.159599	-110.690000	26.250000	68.858835	85.000000	253.997495	253.997495	253.997495	4.095550	0.273754
-157.025604	21.659599	-110.690000	26.250000	53.005492	84.000000	254.617430	254.617430	254.617430	4.095893	0.328830
-156.525604	22.159599	-110.690000	26.250000	37.109662	81.000000	255.152558	255.152558	255.152558	4.099676	0.280214
-156.025604	22.659599	-110.690000	26.250000	21.675615	81.000000	255.803427	255.803427	255.903427	4.104202	0.327971
-155.525604	23.159599	-110.690000	26.250000	6.199411	73.000000	256.470595	256.470595	256.470595	4.111878	0.372000
-155.025604	23.659599	-110.690000	26.250000	-8.810339	71.000000	257.154632	257.154632	257.254632	4.117693	0.412387
-154.525604	24.159599	-110.690000	26.250000	-23.814630	71.000000	257.856116	257.856116	257.856116	4.119860	0.449203
-154.025604	24.659599	-110.690000	26.250000	-38.440162	69.000000	258.575633	258.575633	258.575633	4.117106	0.482340
-153.525604	25.159599	-110.690000	26.250000	-52.955079	64.000000	259.413776	259.313776	259.413776	4.114049	0.611879
-153.025604	25.659599	-110.690000	26.250000	-67.371066	57.000000	260.171141	260.171141	260.171141	4.110385	0.637897
-152.525604	26.159599	-110.690000	26.250000	-81.692019	50.000000	260.948327	260.948327	260.948327	4.108895	0.660277
-152.025604	26.659599	-110.690000	26.250000	-95.910325	41.000000	261.545935	261.545935	261.645935	4.102868	0.479096
-151.025604	14.659600	-110.690000	26.250000	-31.218920	40.000000	246.799059	246.799059	246.799059	4.110072	0.502822
-150.525604	15.159600	-110.690000	26.250000	-48.346398	45.000000	247.021734	247.021734	247.021734	4.109199	0.268601
-150.025604	15.659600	-110.690000	26.250000	-65.646603	48.000000	247.559478	247.559478	247.559478	4.107968	0.330246
-149.525604	16.159599	-110.690000	26.250000	-82.838569	45.000000	248.113057	248.113057	248.113057	4.104394	0.388065
-149.025604	16.659599	-110.690000	26.250000	-100.136074	39.000000	248.883282	248.883282	248.883282	4.090294	0.642185
-159.401001	21.971001	-110.690000	26.250000	108.238088	48.000000	254.521190	254.521190	254.521190	4.104959	0.167892
-155.714996	18.000299	-110.690000	26.250000	50.400329	86.000000	251.084102	251.084102	251.084102	4.095552	0.590115
-152.132401	18.481400	-110.690000	26.250000	-41.299299	77.000000	251.350720	251.350720	251.350720	4.105945	0.519690
-159.525604	19.659599	-110.690000	26.250000	129.141988	42.000000	252.628042	252.628042	252.628042	4.114899	0.514109
-159.025604	20.159599	-110.690000	26.250000	113.003725	57.000000	253.001411	253.001411	253.001411	4.109921	0.381759
-158.525604	20.659599	-110.690000	26.250000	96.922348	70.000000	253.388130	253.388130	253.388130	4.104512	0.245733
-158.025604	21.159599	-110.690000	26.250000	81.078405	77.000000	253.988695	253.988695	253.988695	4.097862	0.306068
-157.525604	21.659599	-110.690000	26.250000	65.129660	82.000000	254.503617	254.503617	254.503617	4.095902	0.262477
-157.025604	22.159599	-110.690000	26.250000	49.388830	82.000000	255.133414	255.133414	255.133414	4.098170	0.315285
-156.525604	22.659599	-110.690000	26.250000	33.751432	78.000000	255.778621	255.778621	255.778621	4.102733	0.364516
-156.025604	23.159599	-110.690000	26.250000	18.415358	74.000000	256.439779	256.439779	256.439779	4.108288	0.409864
-155.525604	23.659599	-110.690000	26.250000	3.166477	71.000000	257.117442	257.117442	257.117442	4.114962	0.451682
-155.025604	24.159599	-110.690000	26.250000	-11.753757	70.000000	257.812172	257.812172	257.812172	4.119843	0.489977
-154.525604	24.659599	-110.690000	26.250000	-26.567676	70.000000	258.424536	258.424536	258.424536	4.119855	0.424422
-154.025604	25.159599	-110.690000	26.250000	-41.013721	64.000000	259.255111	259.255111	259.255111	4.117033	0.555402
-153.525604	25.659599	-110.690000	26.250000	-55.395855	57.000000	260.004476	260.004476	260.104476	4.113563	0.582906
-153.025604	26.159599	-110.690000	26.250000	-69.665219	50.000000	260.873212	260.873212	260.873212	4.111664	0.706585
-152.525604	26.659599	-110.690000	26.250000	-83.807158	41.000000	261.561903	261.561903	261.561903	4.108362	0.626859
-151.525604	14.659600	-110.690000	26.250000	-19.146237	40.000000	246.903685	246.903685	246.903685	4.111541	0.499314
-151.025604	15.159600	-110.690000	26.250000	-36.466608	49.000000	247.324252	247.324252	247.324252	4.109176	0.466386
-150.525604	15.659600	-110.690000	26.250000	-53.514090	54.000000	247.659594	247.659594	247.659594	4.108833	0.329733
-150.025604	16.159599	-110.690000	26.250000	-70.746833	54.000000	248.210454	248.210454	248.210454	4.106798	0.389326
-149.525604	16.659599	-110.690000	26.250000	-87.842066	49.000000	248.777618	248.777618	248.777618	4.102187	0.444705
-149.025604	17.159599	-110.690000	26.250000	-104.996695	39.000000	249.461905	249.461905	249.461905	4.089611	0.596431
-158.982498	15.574000	-110.690000	26.250000	152.151293	40.000000	249.004506	249.004506	249.004506	4.119756	0.659490
-155.710999	20.046000	-110.690000	26.250000	33.106819	95.000000	253.084031	253.084031	253.084031	4.089437	0.432841
-151.686600	14.689100	-110.690000	26.250000	-15.641704	39.000000	247.043031	247.043031	247.043031	4.113663	0.572448
-159.525604	20.159599	-110.690000	26.250000	125.038395	45.000000	252.900502	252.900502	252.900502	4.115204	0.311927
-159.025604	20.659599	-110.690000	26.250000	109.024110	59.000000	253.382867	253.382867	253.382867	4.107165	0.277445
-158.525604	21.159599	-110.690000	26.250000	93.089551	67.000000	253.878799	253.878799	253.878799	4.101490	0.238947
-158.025604	21.659599	-110.690000	26.250000	77.335891	76.000000	254.488795	254.488795	254.488795	4.097444	0.296856
-157.525604	22.159599	-110.690000	26.250000	61.463207	82.000000	255.013360	255.013360	255.013360	4.097794	0.251211
-157.025604	22.659599	-110.690000	26.250000	45.960931	79.000000	255.653012	255.653012	255.653012	4.101001	0.301594
-156.525604	23.159599	-110.690000	26.250000	30.496214	76.000000	256.308278	256.308278	256.308278	4.105952	0.348447
-156.025604	23.659599	-110.690000	26.250000	15.305643	71.000000	256.979697	256.979697	256.979697	4.111841	0.391817
-155.525604	24.159599	-110.690000	26.250000	0.253917	70.000000	257.667813	257.667813	257.667813	4.118835	0.431250
-155.025604	24.659599	-110.690000	26.250000	-14.575606	70.000000	258.373179	258.373179	258.373179	4.120725	0.467208
-154.525604	25.159599	-110.690000	26.250000	-29.179698	65.000000	258.996355	258.996355	258.996355	4.119623	0.399749
-154.025604	25.659599	-110.690000	26.250000	-43.454567	58.000000	259.837902	259.837902	259.937902	4.116490	0.528379
-153.525604	26.159599	-110.690000	26.250000	-57.698950	51.000000	260.698386	260.698386	260.698386	4.113889	0.653583
-153.025604	26.659599	-110.690000	26.250000	-71.829338	41.000000	261.478371	261.478371	261.478371	4.111705	0.675428
-152.025604	14.659600	-110.690000	26.250000	-7.202376	41.000000	247.104218	247.104218	247.104218	4.113789	0.596081
-151.525604	15.159600	-110.690000	26.250000	-24.394502	49.000000	247.422656	247.422656	247.422656	4.110098	0.464949
-151.025604	15.659600	-110.690000	26.250000	-41.597061	58.000000	247.855581	247.855581	247.855581	4.108585	0.429815
-150.525604	16.159599	-110.690000	26.250000	-58.551687	61.000000	248.303715	248.203715	248.303715	4.107936	0.390823
-150.025604	16.659599	-110.690000	26.250000	-75.706342	58.000000	248.867820	248.867820	248.867820	4.105064	0.448007
-149.525604	17.159599	-110.690000	26.250000	-92.695431	50.000000	249.448687	249.448687	249.448687	4.098780	0.501245
-149.025604	17.659599	-110.690000	26.250000	-109.732314	40.000000	250.147150	250.147150	250.147150	4.085602	0.650683
-158.933105	24.573799	-110.690000	26.250000	79.808451	53.000000	257.306705	257.306705	257.306705	4.112863	0.255840
-155.679398	21.205500	-110.690000	26.250000	23.282158	88.000000	254.247939	254.247939	254.247939	4.095385	0.338773
-151.637604	16.737801	-110.690000	26.250000	-37.373382	73.000000	249.192600	249.192600	249.192600	4.108336	0.432731
-159.525604	20.659599	-110.690000	26.250000	121.045851	46.000000	253.276479	253.276479	253.276479	4.112769	0.209666
-159.025604	21.159599	-110.690000	26.250000	105.188217	57.000000	253.867856	253.867856	253.867856	4.103829	0.272737
-158.525604	21.659599	-110.690000	26.250000	89.393933	66.000000	254.373011	254.373011	254.373011	4.100095	0.232022
-158.025604	22.159599	-110.690000	26.250000	73.674154	74.000000	254.992439	254.992439	254.992439	4.098515	0.287612
-157.525604	22.659599	-110.690000	26.250000	57.964047	79.000000	255.526641	255.526641	255.526641	4.100916	0.239570
-157.025604	23.159599	-110.690000	26.250000	42.685093	75.000000	256.176131	256.176131	256.176131	4.104317	0.287801
-156.525604	23.659599	-110.690000	26.250000	27.342451	71.000000	256.841431	256.841431	256.841431	4.110132	0.332391
-156.025604	24.159599	-110.690000	26.250000	12.376975	70.000000	257.523071	257.523071	257.523071	4.116030	0.373408
-155.525604	24.659599	-110.690000	26.250000	-2.601614	70.000000	258.221588	258.221588	258.221588	4.120315	0.410751
-155.025604	25.159599	-110.690000	26.250000	-17.217870	66.000000	258.937526	258.937526	258.937526	4.120975	0.444498
-154.525604	25.659599	-110.690000	26.250000	-31.672555	58.000000	259.571432	259.571432	259.571432	4.118589	0.374724
-154.025604	26.159599	-110.690000	26.250000	-45.779182	51.000000	260.523853	260.523853	260.523853	4.116771	0.601322
-153.525604	26.659599	-110.690000	26.250000	-59.884743	42.000000	261.295339	261.295339	261.295339	4.114477	0.624363
-152.525604	14.659600	-110.690000	26.250000	4.974945	41.000000	247.000804	247.000804	247.000804	4.110371	0.393491
-152.025604	15.159600	-110.690000	26.250000	-12.453943	50.000000	247.617094	247.617094	247.617094	4.112346	0.564016
-151.525604	15.659600	-110.690000	26.250000	-29.491030	58.000000	247.947591	247.947591	247.947591	4.109316	0.430405
-151.025604	16.159599	-110.690000	26.250000	-46.590816	66.000000	248.392995	248.392995	248.392995	4.108315	0.392961
-150.525604	16.659599	-110.690000	26.250000	-63.469042	65.000000	248.854043	248.854043	248.854043	4.107813	0.351796
-150.025604	17.159599	-110.690000	26.250000	-80.552479	59.000000	249.531505	249.531505	249.531505	4.103065	0.506538
-149.525604	17.659599	-110.690000	26.250000	-97.424638	50.000000	250.126184	250.126184	250.126184	4.094921	0.557524
-149.025604	18.159599	-110.690000	26.250000	-114.307535	40.000000	250.738923	250.738923	250.738923	4.086569	0.604854
-158.903000	21.298401	-110.690000	26.250000	101.206424	59.000000	254.012751	254.012751	254.012751	4.101921	0.269471
-155.636200	22.299900	-110.690000	26.250000	14.485154	79.000000	255.535139	255.435139	255.535139	4.103803	0.414389
-150.914993	18.914200	-110.690000	26.250000	-74.620753	67.000000	251.806858	251.806858	251.806858	4.105266	0.541487
-159.525604	21.159599	-110.690000	26.250000	117.207769	46.000000	253.755913	253.755913	253.755913	4.108545	0.207250
-159.025604	21.659599	-110.690000	26.250000	101.488181	56.000000	254.256313	254.256313	254.256313	4.104113	0.167850
-158.525604	22.159599	-110.690000	26.250000	85.756241	66.000000	254.870695	254.870695	254.870695	4.100466	0.224842
-158.025604	22.659599	-110.690000	26.250000	70.125945	74.000000	255.499548	255.499548	255.499548	4.100652	0.278250
-157.525604	23.159599	-110.690000	26.250000	54.682544	77.000000	256.143373	256.143373	256.143373	4.102764	0.327784
-157.025604	23.659599	-110.690000	26.250000	39.505832	73.000000	256.802676	256.802676	256.802676	4.107313	0.373782
-156.525604	24.159599	-110.690000	26.250000	24.352247	72.000000	257.377973	257.377973	257.377973	4.113802	0.316252
-156.025604	24.659599	-110.690000	26.250000	9.547906	70.000000	258.169787	258.169787	258.169787	4.118992	0.454887
-155.525604	25.159599	-110.690000	26.250000	-5.335648	65.000000	258.778645	258.678645	258.778645	4.121182	0.390051
-155.025604	25.659599	-110.690000	26.250000	-19.713312	59.000000	259.505078	259.505078	259.505078	4.120755	0.421737
-154.525604	26.159599	-110.690000	26.250000	-34.036722	51.000000	260.149620	260.149620	260.149620	4.117545	0.349618
-154.025604	26.659599	-110.690000	26.250000	-47.989588	42.000000	261.112806	261.112806	261.112806	4.117368	0.574089
-153.025604	14.659600	-110.690000	26.250000	17.001410	40.000000	247.193580	247.193580	247.193580	4.109797	0.491652
-152.525604	15.159600	-110.690000	26.250000	-0.293104	50.000000	247.607708	247.607708	247.607708	4.111518	0.463471
-152.025604	15.659600	-110.690000	26.250000	-17.543991	59.000000	248.135767	248.135767	248.135767	4.110644	0.531542
-151.525604	16.159599	-110.690000	26.250000	-34.466521	65.000000	248.478439	248.478439	248.478439	4.108738	0.395846
-151.025604	16.659599	-110.690000	26.250000	-51.452744	72.000000	249.036438	249.036438	249.036438	4.107902	0.455945
-150.525604	17.159599	-110.690000	26.250000	-68.277031	67.000000	249.510509	249.510509	249.510509	4.106904	0.412369
-150.025604	17.659599	-110.690000	26.250000	-85.269514	60.000000	250.101431	250.101431	250.101431	4.102464	0.465108
-149.525604	18.159599	-110.690000	26.250000	-102.000635	49.000000	250.710019	250.710019	250.710019	4.094824	0.513671
-149.025604	18.659599	-110.690000	26.250000	-118.735555	40.000000	251.437124	251.437124	251.437124	4.084212	0.658626
-158.760193	18.564699	-110.690000	26.250000	119.645373	59.000000	251.636661	251.636661	251.636661	4.120747	0.538354
-154.994400	21.507000	-110.690000	26.250000	4.365842	81.000000	254.723706	254.723706	254.723706	4.100570	0.432342
-149.000900	16.989000	-110.690000	26.250000	-103.949849	37.000000	249.281087	249.281087	249.281087	4.090040	0.633802
-159.525604	21.659599	-110.690000	26.250000	113.513120	46.000000	254.138743	254.138743	254.238743	4.109542	0.104441
-159.025604	22.159599	-110.690000	26.250000	97.888601	55.000000	254.748170	254.748170	254.748170	4.104070	0.162952
-158.525604	22.659599	-110.690000	26.250000	82.161096	65.000000	255.371774	255.371774	255.371774	4.102591	0.217502
-158.025604	23.159599	-110.690000	26.250000	66.806655	71.000000	256.010041	256.010041	256.010041	4.103494	0.268514
-157.525604	23.659599	-110.690000	26.250000	51.523373	73.000000	256.663466	256.663466	256.663466	4.105849	0.316035
-157.025604	24.159599	-110.690000	26.250000	36.454200	71.000000	257.332549	257.332549	257.332549	4.110849	0.359635
-156.525604	24.659599	-110.690000	26.250000	21.536903	71.000000	258.017799	258.017799	258.017799	4.117082	0.399755
-156.025604	25.159599	-110.690000	26.250000	6.778360	65.000000	258.719728	258.719728	258.719728	4.120453	0.436449
-155.525604	25.659599	-110.690000	26.250000	-7.898285	58.000000	259.238853	259.238853	259.238853	4.120723	0.269255
-155.025604	26.159599	-110.690000	26.250000	-22.106472	51.000000	260.075694	260.075694	260.075694	4.120406	0.398631
-154.525604	26.659599	-110.690000	26.250000	-36.265732	42.000000	260.830770	260.730770	260.830770	4.118925	0.424642
-153.525604	14.659600	-110.690000	26.250000	29.097364	40.000000	247.182680	247.182680	247.182680	4.105764	0.390128
-153.025604	15.159600	-110.690000	26.250000	11.732664	51.000000	247.794632	247.794632	247.794632	4.110666	0.563718
-152.525604	15.659600	-110.690000	26.250000	-5.414541	61.000000	248.220248	248.220248	248.220248	4.111959	0.533299
-152.025604	16.159599	-110.690000	26.250000	-22.532742	68.000000	248.660189	248.660189	248.660189	4.109698	0.499009
-151.525604	16.659599	-110.690000	26.250000	-39.308340	74.000000	249.115147	249.115147	249.115147	4.108617	0.460885
-151.025604	17.159599	-110.690000	26.250000	-56.190370	73.000000	249.585845	249.585845	249.585845	4.107737	0.418812
-150.525604	17.659599	-110.690000	26.250000	-72.950025	67.000000	250.173038	250.173038	250.173038	4.105247	0.472930
-150.025604	18.159599	-110.690000	26.250000	-89.839713	60.000000	250.777513	250.777513	250.777513	4.100116	0.523280
-149.525604	18.659599	-110.690000	26.250000	-106.458135	49.000000	251.400094	251.400094	251.400094	4.091979	0.569736
-149.025604	19.159599	-110.690000	26.250000	-122.993326	40.000000	252.041639	252.041639	252.041639	4.086557	0.612434
-158.185394	22.620199	-110.690000	26.250000	74.217582	73.000000	255.398970	255.398970	255.398970	4.100697	0.239530
-154.983002	19.601000	-110.690000	26.250000	18.958783	94.000000	252.729659	252.729659	252.729659	4.091111	0.547511
-159.525604	22.159599	-110.690000	26.250000	109.905835	44.000000	254.624904	254.624904	254.624904	4.108997	0.101580
-159.025604	22.659599	-110.690000	26.250000	94.305434	53.000000	255.243355	255.243355	255.243355	4.106500	0.157674
-158.525604	23.159599	-110.690000	26.250000	78.768093	63.000000	255.876170	255.876170	255.876170	4.105722	0.210044
-158.025604	23.659599	-110.690000	26.250000	63.644798	69.000000	256.523831	256.523831	256.523831	4.106617	0.258772
-157.525604	24.159599	-110.690000	26.250000	48.456255	71.000000	257.186824	257.186824	257.186824	4.109059	0.303924
-157.025604	24.659599	-110.690000	26.250000	33.585276	70.000000	257.865646	257.865646	257.865646	4.114142	0.345406
-156.525604	25.159599	-110.690000	26.250000	18.789980	65.000000	258.560793	258.560793	258.560793	4.118923	0.383295
-156.025604	25.659599	-110.690000	26.250000	4.154427	58.000000	259.172770	259.172770	259.172770	4.120668	0.317664
-155.525604	26.159599	-110.690000	26.250000	-10.309594	50.000000	259.802081	259.802081	259.802081	4.120499	0.248410
-155.025604	26.659599	-110.690000	26.250000	-24.405272	41.000000	260.549232	260.549232	260.549232	4.119955	0.275606
-154.025604	14.659600	-110.690000	26.250000	41.240119	39.000000	247.268231	247.268231	247.268231	4.103566	0.389271
-153.525604	15.159600	-110.690000	26.250000	23.870269	51.000000	247.777998	247.777998	247.777998	4.106984	0.464499
-153.025604	15.659600	-110.690000	26.250000	6.597396	62.000000	248.401167	248.301167	248.401167	4.110548	0.635590
-152.525604	16.159599	-110.690000	26.250000	-10.428172	70.000000	248.738379	248.738379	248.738379	4.110638	0.502837
-152.025604	16.659599	-110.690000	26.250000	-27.377486	75.000000	249.190308	249.190308	249.190308	4.108728	0.466344
-151.525604	17.159599	-110.690000	26.250000	-44.019720	75.000000	249.657652	249.657652	249.657652	4.108089	0.425761
-151.025604	17.659599	-110.690000	26.250000	-60.818740	74.000000	250.241145	250.241145	250.241145	4.107158	0.481413
-150.525604	18.159599	-110.690000	26.250000	-77.506728	67.000000	250.741547	250.741547	250.841547	4.104865	0.433394
-150.025604	18.659599	-110.690000	26.250000	-94.277122	59.000000	251.459656	251.459656	251.459656	4.097933	0.581320
-149.525604	19.159599	-110.690000	26.250000	-110.732190	49.000000	252.096302	252.096302	252.096302	4.089774	0.625556
-149.025604	19.659599	-110.690000	26.250000	-127.078463	39.000000	252.752347	252.752347	252.752347	4.085859	0.666180
-158.179504	20.377800	-110.690000	26.250000	90.824270	74.000000	253.162739	253.162739	253.162739	4.101841	0.277761
-154.797394	18.803101	-110.690000	26.250000	20.977965	90.000000	251.895387	251.895387	251.895387	4.092371	0.581090
-159.525604	22.659599	-110.690000	26.250000	106.325261	44.000000	255.114327	255.114327	255.114327	4.110599	0.098583
-159.025604	23.159599	-110.690000	26.250000	90.841146	54.000000	255.741793	255.741793	255.741793	4.110396	0.152238
-158.525604	23.659599	-110.690000	26.250000	75.577802	62.000000	256.383800	256.383800	256.383800	4.108400	0.202350
-158.025604	24.159599	-110.690000	26.250000	60.567148	66.000000	257.140826	257.140826	257.140826	4.107563	0.348929
-157.525604	24.659599	-110.690000	26.250000	45.531892	71.000000	257.713350	257.713350	257.713350	4.111903	0.291687
-157.025604	25.159599	-110.690000	26.250000	30.855218	66.000000	258.501858	258.501858	258.501858	4.116477	0.430969
-156.525604	25.659599	-110.690000	26.250000	16.113169	58.000000	259.106840	259.106840	259.106840	4.120068	0.366770
-156.025604	26.159599	-110.690000	26.250000	1.705435	51.000000	259.728787	259.728787	259.728787	4.121160	0.298784
-155.525604	26.659599	-110.690000	26.250000	-12.618628	41.000000	260.368191	260.268191	260.368191	4.120743	0.227384
-154.525604	14.659600	-110.690000	26.250000	53.292424	40.000000	247.450357	247.450357	247.450357	4.105113	0.489182
-154.025604	15.159600	-110.690000	26.250000	36.010405	51.000000	247.857931	247.857931	247.857931	4.104255	0.465704
-153.525604	15.659600	-110.690000	26.250000	18.785433	62.000000	248.378651	248.378651	248.378651	4.107161	0.538456
-153.025604	16.159599	-110.690000	26.250000	1.600642	72.000000	248.913140	248.913140	248.913140	4.108777	0.607427
-152.525604	16.659599	-110.690000	26.250000	-15.292269	77.000000	249.362051	249.362051	249.362051	4.109769	0.572198
-152.025604	17.159599	-110.690000	26.250000	-32.086818	77.000000	249.826063	249.826063	249.826063	4.108025	0.533276
-151.525604	17.659599	-110.690000	26.250000	-48.611739	75.000000	250.305885	250.305885	250.305885	4.107548	0.490655
-151.025604	18.159599	-110.690000	26.250000	-65.336583	74.000000	250.802256	250.802256	250.902256	4.106754	0.443870
-150.525604	18.659599	-110.690000	26.250000	-81.918086	67.000000	251.415946	251.415946	251.415946	4.103003	0.493459
-150.025604	19.159599	-110.690000	26.250000	-98.553539	58.000000	252.147758	252.147758	252.147758	4.095650	0.639430
-149.525604	19.659599	-110.690000	26.250000	-114.841482	48.000000	252.798525	252.798525	252.798525	4.088096	0.681260
-149.025604	20.159599	-110.690000	26.250000	-131.015009	39.000000	253.469116	253.469116	253.469116	4.084810	0.719527
-157.931000	21.646000	-110.690000	26.250000	75.147396	77.000000	254.434712	254.434712	254.434712	4.097659	0.247306
-154.691299	17.180099	-110.690000	26.250000	32.475128	81.000000	250.233662	250.233662	250.233662	4.098539	0.657084
-159.525604	23.159599	-110.690000	26.250000	102.838925	44.000000	255.606941	255.606941	255.606941	4.114440	0.095209
-159.025604	23.659599	-110.690000	26.250000	87.587168	52.000000	256.243404	256.243404	256.243404	4.113567	0.146815
-158.525604	24.159599	-110.690000	26.250000	72.499274	59.000000	256.994578	256.994578	256.994578	4.108757	0.294514
-158.025604	24.659599	-110.690000	26.250000	57.594791	66.000000	257.660932	257.660932	257.660932	4.110237	0.338728
-157.525604	25.159599	-110.690000	26.250000	42.776030	65.000000	258.342939	258.342939	258.342939	4.113985	0.379510
-157.025604	25.659599	-110.690000	26.250000	28.196610	59.000000	259.041074	259.041074	259.041074	4.118326	0.416423
-156.525604	26.159599	-110.690000	26.250000	13.586660	51.000000	259.555817	259.555817	259.555817	4.120254	0.249902
-156.025604	26.659599	-110.690000	26.250000	-0.625468	41.000000	260.287646	260.287646	260.287646	4.121331	0.280011
-155.025604	14.659600	-110.690000	26.250000	65.471194	40.000000	247.429175	247.429175	247.429175	4.103747	0.389446
-154.525604	15.159600	-110.690000	26.250000	48.088892	51.000000	248.034551	248.034551	248.034551	4.105094	0.567716
-154.025604	15.659600	-110.690000	26.250000	30.936525	61.000000	248.452822	248.452822	248.452822	4.103788	0.541968
-153.525604	16.159599	-110.690000	26.250000	13.835918	71.000000	248.984595	248.984595	248.984595	4.106104	0.612336
-153.025604	16.659599	-110.690000	26.250000	-3.238356	79.000000	249.430503	249.430503	249.430503	4.107229	0.578857
-152.525604	17.159599	-110.690000	26.250000	-20.015979	78.000000	249.891205	249.891205	249.891205	4.108175	0.541427
-152.025604	17.659599	-110.690000	26.250000	-36.658502	78.000000	250.367388	250.367388	250.367388	4.107217	0.500177
-151.525604	18.159599	-110.690000	26.250000	-53.082181	75.000000	250.859769	250.859769	250.859769	4.106751	0.455150
-151.025604	18.659599	-110.690000	26.250000	-69.730621	73.000000	251.469093	251.469093	251.469093	4.105917	0.506229
-150.525604	19.159599	-110.690000	26.250000	-86.202080	65.000000	252.096137	252.096137	252.096137	4.101496	0.553543
-150.025604	19.659599	-110.690000	26.250000	-102.680082	57.000000	252.741706	252.741706	252.741706	4.095483	0.597144
-149.525604	20.159599	-110.690000	26.250000	-118.788793	48.000000	253.406639	253.406639	253.406639	4.089813	0.636902
-149.025604	20.659599	-110.690000	26.250000	-134.798809	38.000000	254.091805	254.091805	254.091805	4.088831	0.672941
-157.859100	14.659600	-110.690000	26.250000	133.935872	38.000000	248.052035	248.052035	248.052035	4.117562	0.636866
-154.617798	20.088900	-110.690000	26.250000	5.910485	90.000000	253.181983	253.181983	253.181983	4.095187	0.458235
-159.525604	23.659599	-110.690000	26.250000	99.533467	42.000000	256.102670	256.102670	256.102670	4.117743	0.091806
-159.025604	24.159599	-110.690000	26.250000	84.493551	52.000000	256.848107	256.848107	256.848107	4.112190	0.241027
-158.525604	24.659599	-110.690000	26.250000	69.503182	59.000000	257.508414	257.508414	257.508414	4.110903	0.286581
-158.025604	25.159599	-110.690000	26.250000	54.780114	60.000000	258.184052	258.184052	258.184052	4.113286	0.328544
-157.525604	25.659599	-110.690000	26.250000	40.130533	59.000000	258.975484	258.875484	258.975484	4.115641	0.466986
-157.025604	26.159599	-110.690000	26.250000	25.634506	51.000000	259.583178	259.583178	259.583178	4.119352	0.401813
-156.525604	26.659599	-110.690000	26.250000	11.228756	41.000000	260.107599	260.107599	260.107599	4.120183	0.233094
-155.525604	14.659600	-110.690000	26.250000	77.440480	40.000000	247.704800	247.704800	247.704800	4.108549	0.590403
-155.025604	15.159600	-110.690000	26.250000	60.322117	50.000000	248.007974	248.007974	248.007974	4.103599	0.470292
-154.525604	15.659600	-110.690000	26.250000	43.037025	61.000000	248.623799	248.623799	248.623799	4.104590	0.646039
-154.025604	16.159599	-110.690000	26.250000	25.989534	70.000000	249.052863	249.052863	249.052863	4.102868	0.617932
-153.525604	16.659599	-110.690000	26.250000	9.026688	79.000000	249.495784	249.495784	249.495784	4.103951	0.586066
-153.025604	17.159599	-110.690000	26.250000	-7.932163	79.000000	249.953200	249.953200	249.953200	4.105882	0.550111
-152.525604	17.659599	-110.690000	26.250000	-24.573222	81.000000	250.425777	250.425777	250.425777	4.107209	0.510383
-152.025604	18.159599	-110.690000	26.250000	-41.109866	79.000000	251.014210	251.014210	251.014210	4.106408	0.566965
-151.525604	18.659599	-110.690000	26.250000	-57.445761	75.000000	251.519221	251.519221	251.519221	4.106024	0.519500
-151.025604	19.159599	-110.690000	26.250000	-74.002482	72.000000	252.141561	252.141561	252.141561	4.104991	0.568338
-150.525604	19.659599	-110.690000	26.250000	-90.316170	65.000000	252.782010	252.782010	252.782010	4.100605	0.613548
-150.025604	20.159599	-110.690000	26.250000	-106.634603	57.000000	253.441379	253.441379	253.441379	4.093292	0.654743
-149.525604	20.659599	-110.690000	26.250000	-122.588170	48.000000	254.120506	254.120506	254.120506	4.088745	0.692312
-149.025604	21.159599	-110.690000	26.250000	-138.417970	38.000000	254.820262	254.820262	254.820262	4.088146	0.726309
-157.700806	16.348400	-110.690000	26.250000	113.534378	69.000000	249.687718	249.687718	249.687718	4.117101	0.721157
-154.495895	18.401699	-110.690000	26.250000	16.899362	87.000000	251.477592	251.477592	251.477592	4.094108	0.607640
-159.525604	24.159599	-110.690000	26.250000	96.398937	42.000000	256.601434	256.601434	256.601434	4.119828	0.088288
-159.025604	24.659599	-110.690000	26.250000	81.489569	50.000000	257.355814	257.355814	257.355814	4.114132	0.235099
-158.525604	25.159599	-110.690000	26.250000	66.632706	53.000000	258.025213	258.025213	258.025213	4.113575	0.278430
-158.025604	25.659599	-110.690000	26.250000	52.118506	53.000000	258.810082	258.810082	258.810082	4.114182	0.418279
-157.525604	26.159599	-110.690000	26.250000	37.549463	51.000000	259.410876	259.410876	259.410876	4.117619	0.354355
-157.025604	26.659599	-110.690000	26.250000	23.207204	41.000000	260.128050	260.128050	260.128050	4.119398	0.387014
-156.025604	14.659600	-110.690000	26.250000	89.586473	41.000000	247.677342	247.677342	247.677342	4.109372	0.492146
-155.525604	15.159600	-110.690000	26.250000	72.327764	50.000000	248.278312	248.178312	248.278312	4.108234	0.673327
-155.025604	15.659600	-110.690000	26.250000	55.267059	61.000000	248.691694	248.691694	248.691694	4.104394	0.650716
-154.525604	16.159599	-110.690000	26.250000	38.107890	72.000000	249.118061	249.118061	249.218061	4.102184	0.624308
-154.025604	16.659599	-110.690000	26.250000	21.173759	79.000000	249.558011	249.558011	249.558011	4.100732	0.593706
-153.525604	17.159599	-110.690000	26.250000	4.319260	80.000000	250.012165	250.012165	250.012165	4.102445	0.559390
-153.025604	17.659599	-110.690000	26.250000	-12.485280	82.000000	250.481169	250.481169	250.481169	4.104237	0.521362
-152.525604	18.159599	-110.690000	26.250000	-28.997169	82.000000	251.065697	251.065697	251.065697	4.106552	0.579180
-152.025604	18.659599	-110.690000	26.250000	-45.441099	80.000000	251.566448	251.566448	251.566448	4.105777	0.533356
-151.525604	19.159599	-110.690000	26.250000	-61.688761	74.000000	252.184149	252.084149	252.184149	4.105712	0.583899
-151.025604	19.659599	-110.690000	26.250000	-78.111978	70.000000	252.719557	252.719557	252.719557	4.104567	0.530318
-150.525604	20.159599	-110.690000	26.250000	-94.279004	64.000000	253.373452	253.373452	253.373452	4.100438	0.573159
-150.025604	20.659599	-110.690000	26.250000	-110.463203	57.000000	254.146648	254.146648	254.146648	4.092242	0.712443
-149.525604	21.159599	-110.690000	26.250000	-126.216757	47.000000	254.739983	254.739983	254.739983	4.090402	0.647624
-149.025604	21.659599	-110.690000	26.250000	-141.858808	38.000000	255.454326	255.454326	255.454326	4.091517	0.679282
-157.627594	20.346100	-110.690000	26.250000	77.616030	82.000000	253.197648	253.197648	253.197648	4.097020	0.312791
-154.482803	21.001900	-110.690000	26.250000	-4.475439	83.000000	254.172720	254.172720	254.272720	4.100831	0.419659
-159.525604	24.659599	-110.690000	26.250000	93.371103	39.000000	257.203153	257.203153	257.203153	4.118076	0.184408
-159.025604	25.159599	-110.690000	26.250000	78.595362	45.000000	257.866438	257.866438	257.866438	4.116320	0.229209
-158.525604	25.659599	-110.690000	26.250000	63.924405	47.000000	258.544878	258.544878	258.544878	4.115816	0.270157
-158.025604	26.159599	-110.690000	26.250000	49.548708	47.000000	259.438918	259.438918	259.438918	4.114716	0.507670
-157.525604	26.659599	-110.690000	26.250000	35.076070	40.000000	259.949000	259.949000	259.949000	4.117571	0.341807
-156.525604	14.659600	-110.690000	26.250000	101.496183	41.000000	248.046906	248.046906	248.046906	4.116227	0.794282
-156.025604	15.159600	-110.690000	26.250000	84.524082	51.000000	248.245672	248.245672	248.245672	4.109582	0.577186
-155.525604	15.659600	-110.690000	26.250000	67.329718	61.000000	248.756618	248.756618	248.756618	4.106489	0.656064
-155.025604	16.159599	-110.690000	26.250000	50.335872	71.000000	249.180297	249.180297	249.180297	4.101756	0.631044
-154.525604	16.659599	-110.690000	26.250000	33.316029	81.000000	249.717295	249.717295	249.717295	4.100565	0.702166
-154.025604	17.159599	-110.690000	26.250000	16.453484	81.000000	250.168212	250.168212	250.168212	4.099258	0.669331
-153.525604	17.659599	-110.690000	26.250000	-0.280360	83.000000	250.633677	250.533677	250.633677	4.101314	0.632665
-153.025604	18.159599	-110.690000	26.250000	-16.929031	84.000000	251.114343	251.114343	251.114343	4.103768	0.592212
-152.525604	18.659599	-110.690000	26.250000	-33.293144	83.000000	251.610887	251.610887	251.610887	4.105666	0.547864
-152.025604	19.159599	-110.690000	26.250000	-49.639326	79.000000	252.124015	252.124015	252.224015	4.105382	0.499744
-151.525604	19.659599	-110.690000	26.250000	-65.794551	74.000000	252.754456	252.754456	252.754456	4.106071	0.547903
-151.025604	20.159599	-110.690000	26.250000	-82.072256	71.000000	253.402969	253.402969	253.402969	4.103887	0.592221
-150.525604	20.659599	-110.690000	26.250000	-98.094459	64.000000	254.070339	254.070339	254.070339	4.097936	0.632816
-150.025604	21.159599	-110.690000	26.250000	-114.122741	56.000000	254.757375	254.757375	254.757375	4.092688	0.669751
-149.525604	21.659599	-110.690000	26.250000	-129.681402	47.000000	255.464916	255.464916	255.464916	4.089060	0.702891
-149.025604	22.159599	-110.690000	26.250000	-145.139494	38.000000	256.093824	256.093824	256.093824	4.094515	0.632350
-157.270004	21.108999	-110.690000	26.250000	63.061889	85.000000	254.027743	253.927743	254.027743	4.094249	0.336278
-154.393997	19.262501	-110.690000	26.250000	7.161738	92.000000	252.376148	252.376148	252.376148	4.094512	0.567284
-159.525604	25.159599	-110.690000	26.250000	90.441189	36.000000	257.707741	257.707741	257.707741	4.119618	0.180523
-159.025604	25.659599	-110.690000	26.250000	75.844905	39.000000	258.479883	258.479883	258.479883	4.115965	0.322969
-158.525604	26.159599	-110.690000	26.250000	61.342602	40.000000	259.167309	259.167309	259.167309	4.115579	0.361805
-158.025604	26.659599	-110.690000	26.250000	47.054584	38.000000	259.870450	259.870450	259.870450	4.115828	0.397100
-157.025604	14.659600	-110.690000	26.250000	113.668056	42.000000	248.013594	248.013594	248.013594	4.116957	0.697135
-156.525604	15.159600	-110.690000	26.250000	96.450507	50.000000	248.510158	248.510158	248.510158	4.115342	0.781640
-156.025604	15.659600	-110.690000	26.250000	79.562407	62.000000	248.818673	248.818673	248.818673	4.109197	0.662000
-155.525604	16.159599	-110.690000	26.250000	62.445294	72.000000	249.339679	249.339679	249.339679	4.104979	0.738493
-155.025604	16.659599	-110.690000	26.250000	45.555171	80.000000	249.773743	249.773743	249.773743	4.099937	0.711207
-154.525604	17.159599	-110.690000	26.250000	28.643814	83.000000	250.221450	250.221450	250.221450	4.098258	0.679832
-154.025604	17.659599	-110.690000	26.250000	11.852677	85.000000	250.683410	250.683410	250.683410	4.097866	0.644674
-153.525604	18.159599	-110.690000	26.250000	-4.770996	85.000000	251.160257	251.160257	251.160257	4.100291	0.605810
-153.025604	18.659599	-110.690000	26.250000	-21.247605	86.000000	251.652647	251.652647	251.652647	4.103429	0.562904
-152.525604	19.159599	-110.690000	26.250000	-37.476390	84.000000	252.161265	252.161265	252.161265	4.105406	0.516292
-152.025604	19.659599	-110.690000	26.250000	-53.706837	77.000000	252.786816	252.786816	252.786816	4.105530	0.566039
-151.525604	20.159599	-110.690000	26.250000	-69.734767	74.000000	253.430036	253.430036	253.430036	4.105695	0.611781
-151.025604	20.659599	-110.690000	26.250000	-85.876941	70.000000	254.091681	254.091681	254.091681	4.102637	0.653889
-150.525604	21.159599	-110.690000	26.250000	-101.757101	63.000000	254.772536	254.772536	254.772536	4.095510	0.692414
-150.025604	21.659599	-110.690000	26.250000	-117.618584	56.000000	255.473411	255.473411	255.473411	4.091089	0.726961
-149.525604	22.159599	-110.690000	26.250000	-132.987432	47.000000	256.095139	256.095139	256.095139	4.090754	0.657943
-149.025604	22.659599	-110.690000	26.250000	-148.273339	38.000000	256.738576	256.738576	256.738576	4.097490	0.585391
-157.227295	18.984800	-110.690000	26.250000	78.932946	85.000000	252.040176	252.040176	252.040176	4.101244	0.517738
-154.251801	21.168699	-110.690000	26.250000	-11.233261	83.000000	254.428242	254.428242	254.428242	4.104051	0.473324
-159.525604	25.659599	-110.690000	26.250000	87.644272	32.000000	258.215108	258.215108	258.215108	4.121947	0.176542
-159.025604	26.159599	-110.690000	26.250000	73.233284	34.000000	258.996055	258.996055	258.996055	4.116637	0.316608
-158.525604	26.659599	-110.690000	26.250000	58.842749	33.000000	259.692400	259.692400	259.692400	4.115971	0.353256
-157.525604	14.659600	-110.690000	26.250000	125.670239	42.000000	248.177505	248.177505	248.177505	4.120084	0.800794
-157.025604	15.159600	-110.690000	26.250000	108.633353	51.000000	248.471870	248.471870	248.471870	4.115944	0.686589
-156.525604	15.659600	-110.690000	26.250000	91.547206	60.000000	248.977962	248.977962	248.977962	4.113427	0.768571
-156.025604	16.159599	-110.690000	26.250000	74.724759	69.000000	249.296308	249.296308	249.296308	4.107545	0.646738
-155.525604	16.659599	-110.690000	26.250000	57.695743	79.000000	249.827458	249.827458	249.827458	4.102382	0.720714
-155.025604	17.159599	-110.690000	26.250000	40.942690	84.000000	250.271983	250.271983	250.271983	4.097508	0.690957
-154.525604	17.659599	-110.690000	26.250000	24.110365	87.000000	250.730473	250.730473	250.730473	4.096031	0.657474
-154.025604	18.159599	-110.690000	26.250000	7.386294	87.000000	251.203543	251.203543	251.203543	4.097072	0.619845
-153.525604	18.659599	-110.690000	26.250000	-9.137564	87.000000	251.691833	251.691833	251.691833	4.100229	0.578556
-153.025604	19.159599	-110.690000	26.250000	-25.449138	85.000000	252.196003	252.196003	252.196003	4.103317	0.533622
-152.525604	19.659599	-110.690000	26.250000	-41.526643	82.000000	252.816739	252.816739	252.816739	4.105649	0.584579
-152.025604	20.159599	-110.690000	26.250000	-57.606092	75.000000	253.354751	253.354751	253.454751	4.105937	0.531942
-151.525604	20.659599	-110.690000	26.250000	-73.542810	71.000000	254.010774	254.010774	254.010774	4.105624	0.575735
-151.025604	21.159599	-110.690000	26.250000	-89.552547	70.000000	254.685564	254.685564	254.685564	4.102062	0.615446
-150.525604	21.659599	-110.690000	26.250000	-105.257321	63.000000	255.379905	255.379905	255.379905	4.095233	0.651622
-150.025604	22.159599	-110.690000	26.250000	-120.937332	56.000000	256.094601	256.094601	256.094601	4.091297	0.684299
-149.525604	22.659599	-110.690000	26.250000	-136.139088	47.000000	256.730480	256.730480	256.730480	4.092383	0.612911
-149.025604	23.159599	-110.690000	26.250000	-151.268743	38.000000	257.388389	257.388389	257.388389	4.100475	0.538039
-156.964600	24.312099	-110.690000	26.250000	34.089893	72.000000	257.537211	257.537211	257.537211	4.112339	0.386642
-154.030502	17.988400	-110.690000	26.250000	9.020219	85.000000	250.958811	250.958811	251.058811	4.097116	0.561992
-159.525604	26.159599	-110.690000	26.250000	84.991092	28.000000	258.725163	258.725163	258.725163	4.122660	0.172215
-159.025604	26.659599	-110.690000	26.250000	70.710789	28.000000	259.514853	259.514853	259.514853	4.117307	0.310308
-158.025604	14.659600	-110.690000	26.250000	137.953883	38.000000	248.038734	248.038734	248.038734	4.117371	0.604886
-157.525604	15.159600	-110.690000	26.250000	120.630611	51.000000	248.630903	248.630903	248.730903	4.119456	0.792380
-157.025604	15.659600	-110.690000	26.250000	103.750072	61.000000	249.034582	249.034582	249.034582	4.116922	0.775839
-156.525604	16.159599	-110.690000	26.250000	86.773203	70.000000	249.450282	249.450282	249.450282	4.111250	0.755385
-156.025604	16.659599	-110.690000	26.250000	70.039281	77.000000	249.778540	249.778540	249.778540	4.105564	0.631059
-155.525604	17.159599	-110.690000	26.250000	53.123219	83.000000	250.319909	250.319909	250.319909	4.099471	0.702771
-155.025604	17.659599	-110.690000	26.250000	36.482099	87.000000	250.774964	250.774964	250.774964	4.095127	0.670640
-154.525604	18.159599	-110.690000	26.250000	19.707802	90.000000	251.244302	251.244302	251.244302	4.094568	0.634712
-154.025604	18.659599	-110.690000	26.250000	3.045793	88.000000	251.728543	251.728543	251.728543	4.096716	0.594887
-153.525604	19.159599	-110.690000	26.250000	-13.362622	88.000000	252.228329	252.228329	252.228329	4.100674	0.551281
-153.025604	19.659599	-110.690000	26.250000	-29.489682	86.000000	252.844323	252.744323	252.844323	4.104552	0.603947
-152.525604	20.159599	-110.690000	26.250000	-45.426999	81.000000	253.377214	253.377214	253.377214	4.106750	0.552772
-152.025604	20.659599	-110.690000	26.250000	-61.384531	76.000000	254.027712	254.027712	254.027712	4.105773	0.597870
-151.525604	21.159599	-110.690000	26.250000	-77.215777	69.000000	254.696550	254.696550	254.696550	4.104896	0.639302
-151.025604	21.659599	-110.690000	26.250000	-93.063330	69.000000	255.384485	255.384485	255.384485	4.100514	0.676944
-150.525604	22.159599	-110.690000	26.250000	-108.613406	63.000000	255.992295	255.992295	255.992295	4.095042	0.610903
-150.025604	22.659599	-110.690000	26.250000	-124.103777	56.000000	256.720779	256.720779	256.820779	4.091870	0.641251
-149.525604	23.159599	-110.690000	26.250000	-139.154596	47.000000	257.470756	257.470756	257.470756	4.091502	0.667853
-149.025604	23.659599	-110.690000	26.250000	-154.108709	38.000000	258.143064	258.143064	258.143064	4.099950	0.590810
-156.932007	19.832701	-110.690000	26.250000	64.740761	85.000000	252.794259	252.794259	252.794259	4.093851	0.403754
-153.992294	18.797600	-110.690000	26.250000	1.037267	87.000000	251.813918	251.813918	251.913918	4.096580	0.528699
-159.525604	26.659599	-110.690000	26.250000	82.453063	23.000000	259.337810	259.337810	259.337810	4.121429	0.267905
-158.525604	14.659600	-110.690000	26.250000	150.053373	34.000000	248.097371	248.097371	248.097371	4.116826	0.609722
-158.025604	15.159600	-110.690000	26.250000	132.951787	47.000000	248.587350	248.587350	248.587350	4.119779	0.698799
-157.525604	15.659600	-110.690000	26.250000	115.750635	61.000000	249.088626	249.088626	249.188626	4.118402	0.783724
-157.025604	16.159599	-110.690000	26.250000	98.990340	69.000000	249.501696	249.501696	249.501696	4.115118	0.764769
-156.525604	16.659599	-110.690000	26.250000	82.144580	76.000000	249.927083	249.927083	249.927083	4.109800	0.742016
-156.025604	17.159599	-110.690000	26.250000	65.496113	83.000000	250.265325	250.265325	250.265325	4.102946	0.615174
-155.525604	17.659599	-110.690000	26.250000	48.699681	87.000000	250.816980	250.816980	250.816980	4.096367	0.684536
-155.025604	18.159599	-110.690000	26.250000	32.146319	92.000000	251.182630	251.182630	251.182630	4.093240	0.550176
-154.525604	18.659599	-110.690000	26.250000	15.448505	91.000000	251.762874	251.662874	251.762874	4.093575	0.611778
-154.025604	19.159599	-110.690000	26.250000	-1.168858	91.000000	252.258337	252.258337	252.258337	4.097010	0.569664
-153.525604	19.659599	-110.690000	26.250000	-17.432226	87.000000	252.769661	252.769661	252.769661	4.102214	0.523896
-153.025604	20.159599	-110.690000	26.250000	-33.384456	83.000000	253.397514	253.397514	253.397514	4.105794	0.574131
-152.525604	20.659599	-110.690000	26.250000	-49.188523	78.000000	254.042584	254.042584	254.042584	4.106560	0.620725
-152.025604	21.159599	-110.690000	26.250000	-65.020564	73.000000	254.705581	254.705581	254.705581	4.105903	0.663724
-151.525604	21.659599	-110.690000	26.250000	-80.736625	69.000000	255.287236	255.287236	255.287236	4.104552	0.602759
-151.025604	22.159599	-110.690000	26.250000	-96.428912	68.000000	255.988301	255.988301	255.988301	4.098964	0.638222
-150.525604	22.659599	-110.690000	26.250000	-111.821129	63.000000	256.709549	256.709549	256.709549	4.093408	0.670142
-150.025604	23.159599	-110.690000	26.250000	-127.133170	56.000000	257.451771	257.451771	257.451771	4.090687	0.698121
-149.525604	23.659599	-110.690000	26.250000	-142.027200	47.000000	258.115777	258.115777	258.115777	4.093439	0.622595
-149.025604	24.159599	-110.690000	26.250000	-156.792779	38.000000	258.802389	258.802389	258.802389	4.100313	0.543569
-156.808197	18.404200	-110.690000	26.250000	73.699254	81.000000	251.551395	251.551395	251.551395	4.100302	0.614873
-153.982697	21.519699	-110.690000	26.250000	-20.213615	79.000000	254.848434	254.848434	254.848434	4.107960	0.472924
-159.025604	14.659600	-110.690000	26.250000	162.244449	29.000000	248.053506	248.053506	248.053506	4.113907	0.515384
-158.525604	15.159600	-110.690000	26.250000	145.042930	41.000000	248.641301	248.641301	248.641301	4.119918	0.705748
-158.025604	15.659600	-110.690000	26.250000	128.079831	55.000000	249.040185	249.040185	249.040185	4.120499	0.692275
-157.525604	16.159599	-110.690000	26.250000	110.990509	68.000000	249.550641	249.550641	249.550641	4.117333	0.774971
-157.025604	16.659599	-110.690000	26.250000	94.355220	77.000000	249.873179	249.873179	249.973179	4.111835	0.653477
-156.525604	17.159599	-110.690000	26.250000	77.640980	78.000000	250.308322	250.308322	250.408322	4.106810	0.628230
-156.025604	17.659599	-110.690000	26.250000	61.094508	87.000000	250.756614	250.756614	250.756614	4.099247	0.599242
-155.525604	18.159599	-110.690000	26.250000	44.377388	91.000000	251.218618	251.218618	251.218618	4.093845	0.566114
-155.025604	18.659599	-110.690000	26.250000	27.893097	93.000000	251.694918	251.694918	251.694918	4.091214	0.529310
-154.525604	19.159599	-110.690000	26.250000	11.270568	93.000000	252.286118	252.186118	252.286118	4.093975	0.588847
-154.025604	19.659599	-110.690000	26.250000	-5.284992	90.000000	252.792845	252.792845	252.792845	4.097983	0.544288
-153.525604	20.159599	-110.690000	26.250000	-21.320787	86.000000	253.315742	253.315742	253.315742	4.103681	0.496120
-153.025604	20.659599	-110.690000	26.250000	-37.126283	80.000000	253.955478	253.955478	253.955478	4.106308	0.544369
-152.525604	21.159599	-110.690000	26.250000	-52.820202	75.000000	254.612740	254.612740	254.612740	4.107540	0.588555
-152.025604	21.659599	-110.690000	26.250000	-68.522373	71.000000	255.288236	255.288236	255.288236	4.106412	0.629192
-151.525604	22.159599	-110.690000	26.250000	-84.100194	69.000000	255.982694	255.982694	255.982694	4.103316	0.666320
-151.025604	22.659599	-110.690000	26.250000	-99.646033	68.000000	256.596861	256.596861	256.596861	4.097737	0.599406
-150.525604	23.159599	-110.690000	26.250000	-114.886573	63.000000	257.331500	257.331500	257.331500	4.093073	0.628998
-150.025604	23.659599	-110.690000	26.250000	-130.030246	56.000000	258.087395	258.087395	258.087395	4.091605	0.655148
-149.525604	24.159599	-110.690000	26.250000	-144.733403	47.000000	258.765340	258.765340	258.765340	4.094228	0.577269
-149.025604	24.659599	-110.690000	26.250000	-159.308342	38.000000	259.566145	259.566145	259.566145	4.100411	0.595943
-156.755997	21.136000	-110.690000	26.250000	50.224224	86.000000	254.067246	254.067246	254.067246	4.093535	0.308899
-153.967499	14.731300	-110.690000	26.250000	39.040235	40.000000	247.433900	247.433900	247.433900	4.105661	0.491480
-159.525604	14.659600	-110.690000	26.250000	174.397778	23.000000	248.107224	248.107224	248.107224	4.109485	0.521519
-159.025604	15.159600	-110.690000	26.250000	157.254904	35.000000	248.592843	248.592843	248.592843	4.117686	0.613558
-158.525604	15.659600	-110.690000	26.250000	140.138977	48.000000	249.089346	249.089346	249.089346	4.120726	0.701551
-158.025604	16.159599	-110.690000	26.250000	123.288521	63.000000	249.497206	249.497206	249.497206	4.120183	0.685615
-157.525604	16.659599	-110.690000	26.250000	106.354799	77.000000	250.016918	250.016918	250.016918	4.115795	0.765793
-157.025604	17.159599	-110.690000	26.250000	89.841771	78.000000	250.448991	250.448991	250.448991	4.109541	0.742001
-156.525604	17.659599	-110.690000	26.250000	73.231814	82.000000	250.793954	250.793954	250.893954	4.103987	0.614355
-156.025604	18.159599	-110.690000	26.250000	56.799163	87.000000	251.252356	251.252356	251.252356	4.095819	0.582902
-155.525604	18.659599	-110.690000	26.250000	40.102749	92.000000	251.724762	251.724762	251.724762	4.091606	0.547547
-155.025604	19.159599	-110.690000	26.250000	23.676473	97.000000	252.211761	252.211761	252.211761	4.090668	0.508403
-154.525604	19.659599	-110.690000	26.250000	7.138312	93.000000	252.813959	252.813959	252.813959	4.094706	0.565523
-154.025604	20.159599	-110.690000	26.250000	-9.245648	88.000000	253.331982	253.331982	253.331982	4.099918	0.518802
-153.525604	20.659599	-110.690000	26.250000	-25.071128	83.000000	253.966476	253.966476	253.966476	4.105919	0.568348
-153.025604	21.159599	-110.690000	26.250000	-40.755743	76.000000	254.618109	254.618109	254.618109	4.107724	0.614223
-152.525604	21.659599	-110.690000	26.250000	-56.308995	73.000000	255.287564	255.187564	255.287564	4.108352	0.656310
-152.025604	22.159599	-110.690000	26.250000	-71.873047	70.000000	255.875548	255.875548	255.875548	4.106492	0.594713
-151.525604	22.659599	-110.690000	26.250000	-87.330710	68.000000	256.582782	256.582782	256.582782	4.101759	0.629501
-151.025604	23.159599	-110.690000	26.250000	-102.735439	68.000000	257.310006	257.310006	257.310006	4.096214	0.660549
-150.525604	23.659599	-110.690000	26.250000	-117.805961	63.000000	257.957975	257.957975	257.957975	4.093169	0.587954
-150.025604	24.159599	-110.690000	26.250000	-132.773488	56.000000	258.727459	258.727459	258.727459	4.092410	0.611794
-149.525604	24.659599	-110.690000	26.250000	-147.262375	47.000000	259.519238	259.519238	259.519238	4.094376	0.631933
-149.025604	25.159599	-110.690000	26.250000	-161.672124	35.000000	260.334104	260.334104	260.334104	4.102009	0.648464
-156.658005	20.891001	-110.690000	26.250000	49.642298	87.000000	253.779427	253.779427	253.779427	4.093031	0.272890
-153.902405	19.979099	-110.690000	26.250000	-10.894063	88.000000	253.110908	253.110908	253.110908	4.099590	0.501087
-159.525604	15.159600	-110.690000	26.250000	169.427861	29.000000	248.642058	248.642058	248.642058	4.113501	0.622029
-159.025604	15.659600	-110.690000	26.250000	152.357820	41.000000	249.136193	249.036193	249.136193	4.120696	0.711472
-158.525604	16.159599	-110.690000	26.250000	135.329590	55.000000	249.541474	249.541474	249.641474	4.121590	0.697021
-158.025604	16.659599	-110.690000	26.250000	118.599098	70.000000	249.958383	249.958383	249.958383	4.119365	0.678753
-157.525604	17.159599	-110.690000	26.250000	101.833078	78.000000	250.487415	250.487415	250.487415	4.113273	0.756392
-157.025604	17.659599	-110.690000	26.250000	85.420193	80.000000	250.929086	250.929086	250.929086	4.106986	0.730225
-156.525604	18.159599	-110.690000	26.250000	68.892729	85.000000	251.283928	251.283928	251.283928	4.099615	0.600318
-156.025604	18.659599	-110.690000	26.250000	52.526899	87.000000	251.752493	251.752493	251.752493	4.092826	0.566375
-155.525604	19.159599	-110.690000	26.250000	35.891347	93.000000	252.235349	252.235349	252.235349	4.090224	0.528707
-155.025604	19.659599	-110.690000	26.250000	19.527753	96.000000	252.733087	252.733087	252.733087	4.090925	0.487370
-154.525604	20.159599	-110.690000	26.250000	3.071075	89.000000	253.346314	253.246314	253.346314	4.096218	0.542044
-154.025604	20.659599	-110.690000	26.250000	-13.039535	85.000000	253.875657	253.875657	253.875657	4.101804	0.493069
-153.525604	21.159599	-110.690000	26.250000	-28.689078	79.000000	254.521762	254.521762	254.521762	4.108097	0.540487
-153.025604	21.659599	-110.690000	26.250000	-44.236196	76.000000	255.185293	255.185293	255.185293	4.109180	0.583954
-152.525604	22.159599	-110.690000	26.250000	-59.659085	72.000000	255.866932	255.866932	255.866932	4.109203	0.623841
-152.025604	22.659599	-110.690000	26.250000	-75.105568	70.000000	256.567379	256.567379	256.567379	4.105400	0.660177
-151.525604	23.159599	-110.690000	26.250000	-90.421389	68.000000	257.187348	257.187348	257.187348	4.100526	0.592589
-151.025604	23.659599	-110.690000	26.250000	-105.678537	68.000000	257.927571	257.927571	257.927571	4.095278	0.621489
-150.525604	24.159599	-110.690000	26.250000	-120.570380	63.000000	258.688791	258.688791	258.688791	4.093359	0.646884
-150.025604	24.659599	-110.690000	26.250000	-135.351740	56.000000	259.371763	259.371763	259.371763	4.092586	0.568374
-149.525604	25.159599	-110.690000	26.250000	-149.633778	43.000000	260.277252	260.277252	260.277252	4.095933	0.686415
-149.025604	25.659599	-110.690000	26.250000	-163.864502	31.000000	261.106027	261.106027	261.106027	4.103731	0.700989
-156.510101	19.477699	-110.690000	26.250000	57.290356	88.000000	252.516565	252.516565	252.516565	4.092088	0.482383
-153.868195	17.315399	-110.690000	26.250000	11.145526	82.000000	250.310844	250.310844	250.310844	4.099559	0.657620
-159.525604	15.659600	-110.690000	26.250000	164.537873	34.000000	249.080807	249.080807	249.080807	4.116364	0.622091
-159.025604	16.159599	-110.690000	26.250000	147.540173	46.000000	249.583528	249.583528	249.583528	4.121914	0.709268
-158.525604	16.659599	-110.690000	26.250000	130.616927	60.000000	249.997657	249.997657	249.997657	4.121633	0.692253
-158.025604	17.159599	-110.690000	26.250000	114.004757	72.000000	250.423679	250.423679	250.423679	4.117759	0.671467
-157.525604	17.659599	-110.690000	26.250000	97.422463	80.000000	250.862093	250.862093	250.862093	4.112647	0.646923
-157.025604	18.159599	-110.690000	26.250000	81.079810	81.000000	251.313418	251.313418	251.313418	4.104694	0.618245
-156.525604	18.659599	-110.690000	26.250000	64.608087	86.000000	251.778190	251.778190	251.778190	4.096144	0.585874
-156.025604	19.159599	-110.690000	26.250000	48.253078	91.000000	252.256963	252.156963	252.256963	4.090949	0.549830
-155.525604	19.659599	-110.690000	26.250000	31.741210	96.000000	252.750309	252.750309	252.750309	4.089558	0.509698
-155.025604	20.159599	-110.690000	26.250000	15.437301	93.000000	253.258818	253.258818	253.258818	4.092208	0.465945
-154.525604	20.659599	-110.690000	26.250000	-0.855976	89.000000	253.783098	253.783098	253.783098	4.098688	0.418597
-154.025604	21.159599	-110.690000	26.250000	-16.654290	82.000000	254.423775	254.423775	254.423775	4.105322	0.467200
-153.525604	21.659599	-110.690000	26.250000	-32.175931	78.000000	255.081493	255.081493	255.081493	4.110411	0.512243
-153.025604	22.159599	-110.690000	26.250000	-47.616508	73.000000	255.756914	255.756914	255.756914	4.110473	0.553765
-152.525604	22.659599	-110.690000	26.250000	-62.864837	71.000000	256.450713	256.450713	256.450713	4.109186	0.591267
-152.025604	23.159599	-110.690000	26.250000	-78.203885	68.000000	257.163584	257.163584	257.163584	4.104435	0.625264
-151.525604	23.659599	-110.690000	26.250000	-93.393128	69.000000	257.796233	257.796233	257.796233	4.099776	0.555808
-151.025604	24.159599	-110.690000	26.250000	-108.473499	69.000000	258.549381	258.549381	258.549381	4.096165	0.582352
-150.525604	24.659599	-110.690000	26.250000	-123.171952	64.000000	259.323757	259.323757	259.323757	4.093483	0.605439
-150.025604	25.159599	-110.690000	26.250000	-137.765581	51.000000	260.020100	260.020100	260.020100	4.092616	0.525136
-149.525604	25.659599	-110.690000	26.250000	-151.857712	38.000000	260.939155	260.939155	261.039155	4.096791	0.640844
-149.025604	26.159599	-110.690000	26.250000	-165.890059	27.000000	261.881670	261.881670	261.881670	4.105699	0.753137
-156.465103	18.775000	-110.690000	26.250000	62.158634	84.000000	251.811989	251.811989	251.911989	4.094651	0.502098
-153.700806	17.297501	-110.690000	26.250000	7.256836	83.000000	250.200086	250.200086	250.200086	4.101029	0.580931
-159.525604	16.159599	-110.690000	26.250000	159.717281	38.000000	249.623446	249.623446	249.623446	4.118257	0.721997
-159.025604	16.659599	-110.690000	26.250000	142.828825	50.000000	250.034820	250.034820	250.034820	4.123035	0.706630
-158.525604	17.159599	-110.690000	26.250000	126.013417	62.000000	250.457860	250.457860	250.457860	4.120709	0.687284
-158.025604	17.659599	-110.690000	26.250000	109.562248	71.000000	250.893053	250.893053	250.893053	4.117418	0.664072
-157.525604	18.159599	-110.690000	26.250000	93.088603	80.000000	251.340903	251.340903	251.340903	4.109713	0.637041
-157.025604	18.659599	-110.690000	26.250000	76.819444	83.000000	251.801933	251.701933	251.801933	4.101672	0.606103
-156.525604	19.159599	-110.690000	26.250000	60.341874	91.000000	252.176680	252.176680	252.276680	4.093960	0.471368
-156.025604	19.659599	-110.690000	26.250000	44.050324	95.000000	252.665701	252.665701	252.765701	4.089793	0.432887
-155.525604	20.159599	-110.690000	26.250000	27.671582	97.000000	253.269567	253.269567	253.269567	4.090242	0.490565
-155.025604	20.659599	-110.690000	26.250000	11.460882	90.000000	253.788870	253.788870	253.788870	4.094530	0.444504
-154.525604	21.159599	-110.690000	26.250000	-4.597005	84.000000	254.424217	254.324217	254.424217	4.102462	0.494765
-154.025604	21.659599	-110.690000	26.250000	-20.121249	80.000000	255.076232	255.076232	255.076232	4.107881	0.541241
-153.525604	22.159599	-110.690000	26.250000	-35.526136	76.000000	255.745556	255.745556	255.745556	4.111699	0.584030
-153.025604	22.659599	-110.690000	26.250000	-50.842633	73.000000	256.432844	256.432844	256.432844	4.111317	0.623201
-152.525604	23.159599	-110.690000	26.250000	-65.962330	69.000000	257.038768	257.038768	257.038768	4.108653	0.558636
-152.025604	23.659599	-110.690000	26.250000	-81.179756	69.000000	257.764012	257.764012	257.764012	4.103098	0.590429
-151.525604	24.159599	-110.690000	26.250000	-96.222076	69.000000	258.509272	258.509272	258.509272	4.099449	0.618656
-151.025604	24.659599	-110.690000	26.250000	-111.093296	69.000000	259.175255	259.175255	259.175255	4.095940	0.543189
-150.525604	25.159599	-110.690000	26.250000	-125.630256	59.000000	259.962676	259.962676	259.962676	4.093352	0.564118
-150.025604	25.659599	-110.690000	26.250000	-140.011361	45.000000	260.672255	260.672255	260.672255	4.092431	0.481526
-149.525604	26.159599	-110.690000	26.250000	-153.913970	33.000000	261.704715	261.704715	261.704715	4.098835	0.695278
-149.025604	26.659599	-110.690000	26.250000	-167.768774	22.000000	262.560779	262.560779	262.560779	4.107333	0.705456
