-156.387695	17.614901	-110.690000	26.250000	70.352124	78.000000	250.967105	250.967105	250.967105	4.092340	0.838346
-153.503204	19.495199	-110.690000	26.250000	-16.721599	87.000000	252.815232	252.815232	252.815232	4.083670	0.757370
-159.525604	16.659599	-110.690000	26.250000	155.451477	41.000000	250.169948	250.169948	250.169948	4.094216	0.821683
-159.025604	17.159599	-110.690000	26.250000	138.681156	50.000000	250.690035	250.690035	250.690035	4.095817	0.903752
-158.525604	17.659599	-110.690000	26.250000	121.937794	62.000000	251.022043	251.022043	251.022043	4.099148	0.782002
-158.025604	18.159599	-110.690000	26.250000	105.463857	75.000000	251.566461	251.566461	251.566461	4.095868	0.856496
-157.525604	18.659599	-110.690000	26.250000	88.978344	81.000000	251.923797	251.923797	251.923797	4.094214	0.726955
-157.025604	19.159599	-110.690000	26.250000	72.654822	87.000000	252.394576	252.394576	252.394576	4.086944	0.693679
-156.525604	19.659599	-110.690000	26.250000	56.341127	89.000000	252.779336	252.779336	252.779336	4.081551	0.556720
-156.025604	20.159599	-110.690000	26.250000	40.146237	93.000000	253.278634	253.278634	253.278634	4.078559	0.515777
-155.525604	20.659599	-110.690000	26.250000	23.984665	91.000000	253.893045	253.893045	253.893045	4.078663	0.571176
-155.025604	21.159599	-110.690000	26.250000	7.805468	88.000000	254.423156	254.423156	254.423156	4.081597	0.522957
-154.525604	21.659599	-110.690000	26.250000	-7.846836	82.000000	255.069575	255.069575	255.069575	4.088270	0.570798
-154.025604	22.159599	-110.690000	26.250000	-23.604719	77.000000	255.732921	255.732921	255.732921	4.094011	0.615052
-153.525604	22.659599	-110.690000	26.250000	-38.916180	74.000000	256.413830	256.413830	256.413830	4.099820	0.655746
-153.025604	23.159599	-110.690000	26.250000	-54.178715	69.000000	257.112954	257.112954	257.112954	4.101722	0.692531
-152.525604	23.659599	-110.690000	26.250000	-69.100672	69.000000	257.730954	257.730954	257.730954	4.100739	0.625799
-152.025604	24.159599	-110.690000	26.250000	-84.057784	69.000000	258.468505	258.468505	258.468505	4.097517	0.655554
-151.525604	24.659599	-110.690000	26.250000	-98.791668	69.000000	259.226291	259.226291	259.226291	4.094291	0.681426
-151.025604	25.159599	-110.690000	26.250000	-113.503053	64.000000	259.905004	259.905004	259.905004	4.090966	0.603842
-150.525604	25.659599	-110.690000	26.250000	-127.888696	52.000000	260.705342	260.705342	260.705342	4.086641	0.622789
-150.025604	26.159599	-110.690000	26.250000	-142.219177	39.000000	261.428004	261.428004	261.428004	4.080849	0.537866
-149.525604	26.659599	-110.690000	26.250000	-156.273133	27.000000	262.273689	262.273689	262.273689	4.076235	0.549548
-156.206604	16.162001	-110.690000	26.250000	78.792452	68.000000	249.691804	249.691804	249.691804	4.099071	1.023052
-153.295898	18.800900	-110.690000	26.250000	-16.113163	84.000000	251.990779	251.990779	251.990779	4.084505	0.727965
-159.525604	17.159599	-110.690000	26.250000	150.876637	41.000000	250.620279	250.620279	250.620279	4.096276	0.820935
-159.025604	17.659599	-110.690000	26.250000	134.249143	52.000000	251.049136	251.049136	251.049136	4.098522	0.800784
-158.525604	18.159599	-110.690000	26.250000	117.609088	64.000000	251.490164	251.490164	251.490164	4.098737	0.776501
-158.025604	18.659599	-110.690000	26.250000	101.273014	74.000000	251.943856	251.943856	251.943856	4.096287	0.748509
-157.525604	19.159599	-110.690000	26.250000	84.860196	85.000000	252.310721	252.310721	252.310721	4.092756	0.616830
-157.025604	19.659599	-110.690000	26.250000	68.557842	88.000000	252.791285	252.791285	252.791285	4.085214	0.581071
-156.525604	20.159599	-110.690000	26.250000	52.329171	90.000000	253.286089	253.286089	253.286089	4.081220	0.541676
-156.025604	20.659599	-110.690000	26.250000	36.203886	92.000000	253.795689	253.795689	253.795689	4.078722	0.498675
-155.525604	21.159599	-110.690000	26.250000	20.163201	88.000000	254.420657	254.420657	254.420657	4.081037	0.551637
-155.025604	21.659599	-110.690000	26.250000	4.255394	83.000000	254.961582	254.961582	254.961582	4.085701	0.501029
-154.525604	22.159599	-110.690000	26.250000	-11.267491	77.000000	255.619066	255.619066	255.719066	4.092466	0.546888
-154.025604	22.659599	-110.690000	26.250000	-26.837636	75.000000	256.293726	256.293726	256.293726	4.097285	0.588745
-153.525604	23.159599	-110.690000	26.250000	-42.029721	72.000000	256.986191	256.986191	256.986191	4.101798	0.627089
-153.025604	23.659599	-110.690000	26.250000	-57.109445	69.000000	257.697104	257.697104	257.697104	4.101900	0.661969
-152.525604	24.159599	-110.690000	26.250000	-71.894740	69.000000	258.327119	258.327119	258.427119	4.099581	0.592872
-152.025604	24.659599	-110.690000	26.250000	-86.701363	69.000000	259.076897	259.076897	259.076897	4.096601	0.620312
-151.525604	25.159599	-110.690000	26.250000	-101.269800	64.000000	259.847110	259.847110	259.847110	4.094053	0.644352
-151.025604	25.659599	-110.690000	26.250000	-115.835063	57.000000	260.538433	260.538433	260.538433	4.090296	0.564433
-150.525604	26.159599	-110.690000	26.250000	-130.045006	45.000000	261.351543	261.351543	261.351543	4.086417	0.581093
-150.025604	26.659599	-110.690000	26.250000	-144.180893	32.000000	262.087117	262.087117	262.087117	4.078992	0.494412
-149.025604	14.659600	-110.690000	26.250000	-79.743731	21.000000	246.336542	246.336542	246.336542	4.110840	0.522850
-156.167007	18.301001	-110.690000	26.250000	59.124883	84.000000	251.615149	251.615149	251.615149	4.085950	0.796406
-153.292099	20.892599	-110.690000	26.250000	-32.667831	81.000000	254.321153	254.321153	254.321153	4.091454	0.643314
-159.525604	17.659599	-110.690000	26.250000	146.482963	41.000000	251.074405	251.074405	251.074405	4.097490	0.820057
-159.025604	18.159599	-110.690000	26.250000	129.976761	51.000000	251.512083	251.512083	251.512083	4.098512	0.797395
-158.525604	18.659599	-110.690000	26.250000	113.435066	64.000000	251.862179	251.862179	251.862179	4.099136	0.670820
-158.025604	19.159599	-110.690000	26.250000	97.181212	76.000000	252.325186	252.325186	252.325186	4.094918	0.640438
-157.525604	19.659599	-110.690000	26.250000	80.827172	85.000000	252.701617	252.701617	252.701617	4.090243	0.506302
-157.025604	20.159599	-110.690000	26.250000	64.542093	86.000000	253.191997	253.191997	253.191997	4.084004	0.468321
-156.525604	20.659599	-110.690000	26.250000	48.448001	88.000000	253.696867	253.696867	253.696867	4.081116	0.426597
-156.025604	21.159599	-110.690000	26.250000	32.380633	87.000000	254.316783	254.316783	254.316783	4.080577	0.481187
-155.525604	21.659599	-110.690000	26.250000	16.573446	83.000000	254.952316	254.952316	254.952316	4.084398	0.531993
-155.025604	22.159599	-110.690000	26.250000	0.834221	80.000000	255.604050	255.604050	255.604050	4.089165	0.579110
-154.525604	22.659599	-110.690000	26.250000	-14.544427	75.000000	256.272584	256.272584	256.272584	4.095258	0.622604
-154.025604	23.159599	-110.690000	26.250000	-29.969246	73.000000	256.958528	256.958528	256.958528	4.100005	0.662366
-153.525604	23.659599	-110.690000	26.250000	-45.000559	70.000000	257.562506	257.562506	257.562506	4.102437	0.598487
-153.025604	24.159599	-110.690000	26.250000	-59.918487	69.000000	258.285151	258.285151	258.285151	4.101280	0.631040
-152.525604	24.659599	-110.690000	26.250000	-74.528233	69.000000	259.027105	259.027105	259.027105	4.098907	0.659907
-152.025604	25.159599	-110.690000	26.250000	-89.214940	64.000000	259.789018	259.789018	259.789018	4.096523	0.685172
-151.525604	25.659599	-110.690000	26.250000	-103.616588	57.000000	260.571543	260.571543	260.571543	4.094792	0.706917
-151.025604	26.159599	-110.690000	26.250000	-118.002050	49.000000	261.175338	261.175338	261.175338	4.089646	0.525015
-150.525604	26.659599	-110.690000	26.250000	-132.044238	36.000000	262.001059	262.001059	262.001059	4.084432	0.539546
-149.525604	14.659600	-110.690000	26.250000	-67.761313	27.000000	246.459099	246.459099	246.459099	4.106637	0.517028
-149.025604	15.159600	-110.690000	26.250000	-85.134029	27.000000	246.887934	246.887934	246.887934	4.111622	0.478022
-155.996994	20.771000	-110.690000	26.250000	34.635441	89.000000	253.944529	253.944529	253.944529	4.079334	0.526187
-153.290604	17.906200	-110.690000	26.250000	-8.429154	78.000000	251.074583	250.974583	251.074583	4.086388	0.818091
-159.525604	18.159599	-110.690000	26.250000	142.238926	39.000000	251.532287	251.532287	251.532287	4.096993	0.818981
-159.025604	18.659599	-110.690000	26.250000	125.840617	52.000000	251.978833	251.978833	251.978833	4.096166	0.793787
-158.525604	19.159599	-110.690000	26.250000	109.372069	65.000000	252.338037	252.338037	252.338037	4.097255	0.664846
-158.025604	19.659599	-110.690000	26.250000	93.165216	80.000000	252.710396	252.710396	252.710396	4.092899	0.532209
-157.525604	20.159599	-110.690000	26.250000	76.828252	85.000000	253.196422	253.196422	253.196422	4.088308	0.495592
-157.025604	20.659599	-110.690000	26.250000	60.662785	87.000000	253.696641	253.696641	253.696641	4.083517	0.455308
-156.525604	21.159599	-110.690000	26.250000	44.648389	88.000000	254.211593	254.211593	254.211593	4.082829	0.411395
-156.025604	21.659599	-110.690000	26.250000	28.738355	85.000000	254.841832	254.841832	254.841832	4.083746	0.463550
-155.525604	22.159599	-110.690000	26.250000	13.168307	80.000000	255.487925	255.487925	255.487925	4.088136	0.512112
-155.025604	22.659599	-110.690000	26.250000	-2.481174	76.000000	256.150454	256.150454	256.150454	4.093229	0.557105
-154.525604	23.159599	-110.690000	26.250000	-17.694018	74.000000	256.830012	256.830012	256.830012	4.098759	0.598203
-154.025604	23.659599	-110.690000	26.250000	-32.982499	71.000000	257.527202	257.527202	257.527202	4.101783	0.635776
-153.525604	24.159599	-110.690000	26.250000	-47.832329	69.000000	258.142639	258.142639	258.142639	4.102294	0.569832
-153.025604	24.659599	-110.690000	26.250000	-62.600646	69.000000	258.876945	258.876945	258.876945	4.100760	0.600023
-152.525604	25.159599	-110.690000	26.250000	-77.034351	64.000000	259.730750	259.730750	259.730750	4.098735	0.726753
-152.025604	25.659599	-110.690000	26.250000	-91.576942	57.000000	260.404688	260.404688	260.404688	4.096391	0.650009
-151.525604	26.159599	-110.690000	26.250000	-105.821604	50.000000	261.199396	261.199396	261.199396	4.094855	0.669421
-151.025604	26.659599	-110.690000	26.250000	-120.008280	40.000000	261.915511	261.915511	261.915511	4.089526	0.585431
-150.025604	14.659600	-110.690000	26.250000	-55.814397	32.000000	246.576926	246.576926	246.676926	4.104716	0.511930
-149.525604	15.159600	-110.690000	26.250000	-73.114640	34.000000	247.003739	247.003739	247.003739	4.107244	0.474213
-149.025604	15.659600	-110.690000	26.250000	-90.389147	32.000000	247.546227	247.546227	247.546227	4.110554	0.532793
-155.772995	19.079000	-110.690000	26.250000	42.787980	91.000000	252.330893	252.330893	252.330893	4.079132	0.708685
-152.981201	18.301800	-110.690000	26.250000	-19.612229	81.000000	251.402000	251.402000	251.402000	4.087251	0.721696
-159.525604	18.659599	-110.690000	26.250000	138.079715	41.000000	251.993885	251.993885	251.993885	4.094441	0.817485
-159.025604	19.159599	-110.690000	26.250000	121.776455	54.000000	252.349338	252.349338	252.449338	4.096990	0.690116
-158.525604	19.659599	-110.690000	26.250000	105.361157	69.000000	252.717687	252.717687	252.717687	4.094809	0.558672
-158.025604	20.159599	-110.690000	26.250000	89.167445	79.000000	253.099427	253.099427	253.199427	4.090755	0.423579
-157.525604	20.659599	-110.690000	26.250000	72.914664	84.000000	253.595072	253.595072	253.595072	4.087106	0.384867
-157.025604	21.159599	-110.690000	26.250000	56.919152	84.000000	254.105145	254.105145	254.105145	4.084078	0.342130
-156.525604	21.659599	-110.690000	26.250000	40.945253	85.000000	254.730185	254.730185	254.730185	4.085014	0.395810
-156.025604	22.159599	-110.690000	26.250000	25.301316	81.000000	255.370745	255.370745	255.370745	4.087050	0.445948
-155.525604	22.659599	-110.690000	26.250000	9.837891	79.000000	256.027387	256.027387	256.027387	4.092133	0.492099
-155.025604	23.159599	-110.690000	26.250000	-5.634962	75.000000	256.700687	256.700687	256.700687	4.096504	0.534728
-154.525604	23.659599	-110.690000	26.250000	-20.747724	71.000000	257.391231	257.391231	257.391231	4.101394	0.573884
-154.025604	24.159599	-110.690000	26.250000	-35.844506	69.000000	258.099616	258.099616	258.099616	4.102711	0.609085
-153.525604	24.659599	-110.690000	26.250000	-50.530627	69.000000	258.726445	258.726445	258.726445	4.101872	0.540816
-153.025604	25.159599	-110.690000	26.250000	-65.138142	64.000000	259.472329	259.472329	259.472329	4.100355	0.569137
-152.525604	25.659599	-110.690000	26.250000	-79.422184	57.000000	260.337883	260.337883	260.337883	4.098574	0.693526
-152.025604	26.159599	-110.690000	26.250000	-93.786129	50.000000	261.123724	261.123724	261.123724	4.097161	0.714490
-151.525604	26.659599	-110.690000	26.250000	-107.874569	41.000000	261.830471	261.830471	261.830471	4.093659	0.632104
-150.525604	14.659600	-110.690000	26.250000	-43.775065	36.000000	246.790191	246.790191	246.790191	4.101506	0.607066
-150.025604	15.159600	-110.690000	26.250000	-61.101894	41.000000	247.214950	247.214950	247.214950	4.104752	0.571171
-149.525604	15.659600	-110.690000	26.250000	-78.321790	39.000000	247.655077	247.655077	247.655077	4.106736	0.531277
-149.025604	16.159599	-110.690000	26.250000	-95.508351	36.000000	248.211364	248.211364	248.211364	4.109162	0.587539
-159.664993	22.122999	-110.690000	26.250000	114.149921	43.000000	254.723823	254.723823	254.723823	4.086546	0.253804
-155.765305	26.776699	-110.690000	26.250000	-7.044457	38.000000	260.604398	260.604398	260.604398	4.104827	0.390502
-152.765793	25.592800	-110.690000	26.250000	-73.379156	61.000000	260.194400	260.194400	260.194400	4.099615	0.688445
-159.525604	19.159599	-110.690000	26.250000	133.962901	43.000000	252.459152	252.459152	252.459152	4.091067	0.815886
-159.025604	19.659599	-110.690000	26.250000	117.704103	55.000000	252.823549	252.723549	252.823549	4.092423	0.686037
-158.525604	20.159599	-110.690000	26.250000	101.340093	69.000000	253.101071	253.101071	253.101071	4.092937	0.452340
-158.025604	20.659599	-110.690000	26.250000	85.195722	78.000000	253.592216	253.592216	253.592216	4.088708	0.414893
-157.525604	21.159599	-110.690000	26.250000	69.139742	85.000000	254.097495	254.097495	254.097495	4.086875	0.373754
-157.025604	21.659599	-110.690000	26.250000	53.227369	84.000000	254.617430	254.617430	254.617430	4.086032	0.328830
-156.525604	22.159599	-110.690000	26.250000	37.417485	81.000000	255.252558	255.252558	255.252558	4.088500	0.380214
-156.025604	22.659599	-110.690000	26.250000	21.997400	81.000000	256.003427	255.903427	256.003427	4.090414	0.527971
-155.525604	23.159599	-110.690000	26.250000	6.624146	73.000000	256.670595	256.670595	256.670595	4.095456	0.572000
-155.025604	23.659599	-110.690000	26.250000	-8.654061	71.000000	257.254632	257.254632	257.254632	4.099598	0.512387
-154.525604	24.159599	-110.690000	26.250000	-23.675883	71.000000	257.956116	257.956116	257.956116	4.103110	0.549203
-154.025604	24.659599	-110.690000	26.250000	-38.560436	69.000000	258.675633	258.675633	258.675633	4.102612	0.582340
-153.525604	25.159599	-110.690000	26.250000	-53.078270	64.000000	259.413776	259.413776	259.413776	4.101941	0.611879
-153.025604	25.659599	-110.690000	26.250000	-67.551987	57.000000	260.071141	260.071141	260.071141	4.099497	0.537897
-152.525604	26.159599	-110.690000	26.250000	-81.669129	50.000000	261.048327	261.048327	261.048327	4.098874	0.760277
-152.025604	26.659599	-110.690000	26.250000	-95.849028	41.000000	261.745935	261.745935	261.745935	4.096502	0.679096
-151.025604	14.659600	-110.690000	26.250000	-31.911988	40.000000	247.099059	247.099059	247.099059	4.100406	0.802822
-150.525604	15.159600	-110.690000	26.250000	-49.071101	45.000000	247.321734	247.321734	247.321734	4.101296	0.568601
-150.025604	15.659600	-110.690000	26.250000	-66.256814	48.000000	247.759478	247.759478	247.759478	4.105269	0.530246
-149.525604	16.159599	-110.690000	26.250000	-83.409319	45.000000	248.313057	248.313057	248.313057	4.107062	0.588065
-149.025604	16.659599	-110.690000	26.250000	-100.516247	39.000000	248.883282	248.883282	248.883282	4.107626	0.642185
-159.401001	21.971001	-110.690000	26.250000	108.809239	48.000000	254.621190	254.621190	254.621190	4.087559	0.267892
-155.714996	18.000299	-110.690000	26.250000	50.441211	86.000000	251.284102	251.284102	251.284102	4.086540	0.790115
-152.132401	18.481400	-110.690000	26.250000	-41.893329	77.000000	251.550720	251.550720	251.550720	4.095603	0.719690
-159.525604	19.659599	-110.690000	26.250000	129.839092	42.000000	252.828042	252.828042	252.828042	4.089960	0.714109
-159.025604	20.159599	-110.690000	26.250000	113.611109	57.000000	253.201411	253.101411	253.201411	4.089339	0.581759
-158.525604	20.659599	-110.690000	26.250000	97.336500	70.000000	253.488130	253.488130	253.488130	4.091550	0.345733
-158.025604	21.159599	-110.690000	26.250000	81.330143	77.000000	253.988695	253.988695	253.988695	4.088409	0.306068
-157.525604	21.659599	-110.690000	26.250000	65.454306	82.000000	254.603617	254.603617	254.603617	4.087644	0.362477
-157.025604	22.159599	-110.690000	26.250000	49.577010	82.000000	255.133414	255.133414	255.133414	4.088538	0.315285
-156.525604	22.659599	-110.690000	26.250000	34.110089	78.000000	255.878621	255.878621	255.878621	4.091714	0.464516
-156.025604	23.159599	-110.690000	26.250000	18.755740	74.000000	256.539779	256.539779	256.539779	4.094579	0.509864
-155.525604	23.659599	-110.690000	26.250000	3.584167	71.000000	257.217442	257.217442	257.217442	4.098471	0.551682
-155.025604	24.159599	-110.690000	26.250000	-11.586280	70.000000	257.912172	257.912172	257.912172	4.102398	0.589977
-154.525604	24.659599	-110.690000	26.250000	-26.425374	70.000000	258.524536	258.524536	258.524536	4.103468	0.524422
-154.025604	25.159599	-110.690000	26.250000	-41.162886	64.000000	259.155111	259.155111	259.255111	4.101967	0.455402
-153.525604	25.659599	-110.690000	26.250000	-55.496974	57.000000	260.004476	260.004476	260.004476	4.101425	0.582906
-153.025604	26.159599	-110.690000	26.250000	-69.821715	50.000000	260.773212	260.773212	260.773212	4.099458	0.606585
-152.525604	26.659599	-110.690000	26.250000	-83.774904	41.000000	261.661903	261.661903	261.661903	4.099017	0.726859
-151.525604	14.659600	-110.690000	26.250000	-19.668829	40.000000	247.003685	247.003685	247.003685	4.097178	0.599314
-151.025604	15.159600	-110.690000	26.250000	-37.176563	49.000000	247.624252	247.624252	247.624252	4.099733	0.766386
-150.525604	15.659600	-110.690000	26.250000	-54.226754	54.000000	247.959594	247.959594	247.959594	4.101055	0.629733
-150.025604	16.159599	-110.690000	26.250000	-71.287147	54.000000	248.310454	248.310454	248.310454	4.106931	0.489326
-149.525604	16.659599	-110.690000	26.250000	-88.366848	49.000000	248.877618	248.877618	248.877618	4.109147	0.544705
-149.025604	17.159599	-110.690000	26.250000	-105.343106	39.000000	249.561905	249.561905	249.561905	4.105343	0.696431
-158.982498	15.574000	-110.690000	26.250000	152.566765	40.000000	249.204506	249.204506	249.204506	4.088059	0.859490
-155.710999	20.046000	-110.690000	26.250000	33.359449	95.000000	253.284031	253.284031	253.284031	4.076771	0.632841
-151.686600	14.689100	-110.690000	26.250000	-16.056908	39.000000	247.043031	247.043031	247.043031	4.096418	0.572448
-159.525604	20.159599	-110.690000	26.250000	125.729588	45.000000	253.100502	253.100502	253.100502	4.090143	0.511927
-159.025604	20.659599	-110.690000	26.250000	109.547949	59.000000	253.482867	253.482867	253.482867	4.089797	0.377445
-158.525604	21.159599	-110.690000	26.250000	93.444426	67.000000	253.978799	253.978799	253.978799	4.089409	0.338947
-158.025604	21.659599	-110.690000	26.250000	77.616049	76.000000	254.488795	254.488795	254.488795	4.088754	0.296856
-157.525604	22.159599	-110.690000	26.250000	61.774752	82.000000	255.113360	255.113360	255.113360	4.089859	0.351211
-157.025604	22.659599	-110.690000	26.250000	46.142431	79.000000	255.753012	255.753012	255.753012	4.091465	0.401594
-156.525604	23.159599	-110.690000	26.250000	30.897301	76.000000	256.408278	256.408278	256.408278	4.094733	0.448447
-156.025604	23.659599	-110.690000	26.250000	15.659361	71.000000	257.079697	257.079697	257.079697	4.097613	0.491817
-155.525604	24.159599	-110.690000	26.250000	0.668632	70.000000	257.767813	257.767813	257.767813	4.102375	0.531250
-155.025604	24.659599	-110.690000	26.250000	-14.400734	70.000000	258.473179	258.473179	258.473179	4.103685	0.567208
-154.525604	25.159599	-110.690000	26.250000	-29.039266	65.000000	259.096355	259.096355	259.096355	4.103336	0.499749
-154.025604	25.659599	-110.690000	26.250000	-43.634130	58.000000	259.737902	259.737902	259.737902	4.101611	0.428379
-153.525604	26.159599	-110.690000	26.250000	-57.800702	51.000000	260.598386	260.598386	260.598386	4.100713	0.553583
-153.025604	26.659599	-110.690000	26.250000	-71.936590	41.000000	261.378371	261.378371	261.378371	4.099822	0.575428
-152.025604	14.659600	-110.690000	26.250000	-7.679209	41.000000	247.204218	247.204218	247.204218	4.098812	0.696081
-151.525604	15.159600	-110.690000	26.250000	-24.958555	49.000000	247.622656	247.622656	247.622656	4.098348	0.664949
-151.025604	15.659600	-110.690000	26.250000	-42.295217	58.000000	248.155581	248.155581	248.155581	4.099482	0.729815
-150.525604	16.159599	-110.690000	26.250000	-59.239590	61.000000	248.503715	248.503715	248.503715	4.102224	0.590823
-150.025604	16.659599	-110.690000	26.250000	-76.213003	58.000000	248.967820	248.967820	248.967820	4.106691	0.548007
-149.525604	17.159599	-110.690000	26.250000	-93.176380	50.000000	249.548687	249.548687	249.548687	4.108436	0.601245
-149.025604	17.659599	-110.690000	26.250000	-110.046894	40.000000	250.147150	250.147150	250.147150	4.106844	0.650683
-158.933105	24.573799	-110.690000	26.250000	80.138117	53.000000	257.306705	257.306705	257.306705	4.111448	0.255840
-155.679398	21.205500	-110.690000	26.250000	23.530122	88.000000	254.347939	254.347939	254.347939	4.081628	0.438773
-151.637604	16.737801	-110.690000	26.250000	-37.990702	73.000000	249.392600	249.392600	249.392600	4.097859	0.632731
-159.525604	20.659599	-110.690000	26.250000	121.689278	46.000000	253.476479	253.476479	253.476479	4.087984	0.409666
-159.025604	21.159599	-110.690000	26.250000	105.632145	57.000000	253.867856	253.867856	253.867856	4.089056	0.272737
-158.525604	21.659599	-110.690000	26.250000	89.717282	66.000000	254.373011	254.373011	254.373011	4.090697	0.232022
-158.025604	22.159599	-110.690000	26.250000	73.980905	74.000000	254.992439	254.992439	254.992439	4.090397	0.287612
-157.525604	22.659599	-110.690000	26.250000	58.228964	79.000000	255.626641	255.626641	255.626641	4.093514	0.339570
-157.025604	23.159599	-110.690000	26.250000	42.928501	75.000000	256.276131	256.276131	256.276131	4.095223	0.387801
-156.525604	23.659599	-110.690000	26.250000	27.762878	71.000000	256.941431	256.941431	256.941431	4.098555	0.432391
-156.025604	24.159599	-110.690000	26.250000	12.735998	70.000000	257.623071	257.623071	257.623071	4.101234	0.473408
-155.525604	24.659599	-110.690000	26.250000	-2.173391	70.000000	258.321588	258.321588	258.321588	4.104146	0.510751
-155.025604	25.159599	-110.690000	26.250000	-17.056981	66.000000	258.937526	258.937526	258.937526	4.103597	0.444498
-154.525604	25.659599	-110.690000	26.250000	-31.550913	58.000000	259.671432	259.671432	259.671432	4.103013	0.474724
-154.025604	26.159599	-110.690000	26.250000	-45.958953	51.000000	260.323853	260.323853	260.323853	4.101079	0.401322
-153.525604	26.659599	-110.690000	26.250000	-59.972296	42.000000	261.195339	261.195339	261.195339	4.101049	0.524363
-152.525604	14.659600	-110.690000	26.250000	4.726070	41.000000	247.000804	247.000804	247.000804	4.092388	0.393491
-152.025604	15.159600	-110.690000	26.250000	-12.932644	50.000000	247.717094	247.717094	247.717094	4.098673	0.664016
-151.525604	15.659600	-110.690000	26.250000	-30.107030	58.000000	248.147591	248.147591	248.147591	4.098164	0.630405
-151.025604	16.159599	-110.690000	26.250000	-47.277265	66.000000	248.692995	248.692995	248.692995	4.099768	0.692961
-150.525604	16.659599	-110.690000	26.250000	-64.123891	65.000000	249.054043	249.054043	249.054043	4.103035	0.551796
-150.025604	17.159599	-110.690000	26.250000	-81.004376	59.000000	249.631505	249.631505	249.631505	4.106694	0.606538
-149.525604	17.659599	-110.690000	26.250000	-97.860360	50.000000	250.226184	250.226184	250.226184	4.106750	0.657524
-149.025604	18.159599	-110.690000	26.250000	-114.594503	40.000000	250.838923	250.838923	250.838923	4.103885	0.704854
-158.903000	21.298401	-110.690000	26.250000	101.585129	59.000000	254.012751	254.012751	254.012751	4.088683	0.269471
-155.636200	22.299900	-110.690000	26.250000	14.872886	79.000000	255.635139	255.635139	255.635139	4.089082	0.514389
-150.914993	18.914200	-110.690000	26.250000	-74.986035	67.000000	251.906858	251.906858	251.906858	4.103880	0.641487
-159.525604	21.159599	-110.690000	26.250000	117.786637	46.000000	253.855913	253.855913	253.855913	4.087109	0.307250
-159.025604	21.659599	-110.690000	26.250000	101.939858	56.000000	254.356313	254.356313	254.356313	4.088187	0.267850
-158.525604	22.159599	-110.690000	26.250000	86.072667	66.000000	254.870695	254.870695	254.870695	4.091962	0.224842
-158.025604	22.659599	-110.690000	26.250000	70.419697	74.000000	255.499548	255.499548	255.499548	4.093716	0.278250
-157.525604	23.159599	-110.690000	26.250000	54.945330	77.000000	256.143373	256.143373	256.143373	4.096943	0.327784
-157.025604	23.659599	-110.690000	26.250000	39.805437	73.000000	256.802676	256.802676	256.802676	4.098706	0.373782
-156.525604	24.159599	-110.690000	26.250000	24.797142	72.000000	257.477973	257.477973	257.477973	4.101596	0.416252
-156.025604	24.659599	-110.690000	26.250000	9.918972	70.000000	258.269787	258.269787	258.269787	4.104079	0.554887
-155.525604	25.159599	-110.690000	26.250000	-4.878661	65.000000	258.878645	258.878645	258.978645	4.105123	0.490051
-155.025604	25.659599	-110.690000	26.250000	-19.590523	59.000000	259.505078	259.505078	259.505078	4.103701	0.421737
-154.525604	26.159599	-110.690000	26.250000	-33.936244	51.000000	260.249620	260.249620	260.249620	4.102678	0.449618
-154.025604	26.659599	-110.690000	26.250000	-48.136722	42.000000	260.912806	260.912806	260.912806	4.101010	0.374089
-153.025604	14.659600	-110.690000	26.250000	16.696988	40.000000	247.193580	247.193580	247.193580	4.093406	0.491652
-152.525604	15.159600	-110.690000	26.250000	-0.538554	50.000000	247.607708	247.607708	247.607708	4.094170	0.463471
-152.025604	15.659600	-110.690000	26.250000	-18.042039	59.000000	248.335767	248.335767	248.335767	4.099592	0.731542
-151.525604	16.159599	-110.690000	26.250000	-35.128906	65.000000	248.778439	248.778439	248.778439	4.098998	0.695846
-151.025604	16.659599	-110.690000	26.250000	-52.126379	72.000000	249.236438	249.236438	249.236438	4.100502	0.655945
-150.525604	17.159599	-110.690000	26.250000	-68.846358	67.000000	249.710509	249.710509	249.710509	4.103302	0.612369
-150.025604	17.659599	-110.690000	26.250000	-85.651452	60.000000	250.201431	250.201431	250.201431	4.108414	0.565108
-149.525604	18.159599	-110.690000	26.250000	-102.410857	49.000000	250.910019	250.910019	250.910019	4.104742	0.713671
-149.025604	18.659599	-110.690000	26.250000	-119.004206	40.000000	251.537124	251.537124	251.537124	4.100557	0.758626
-158.760193	18.564699	-110.690000	26.250000	120.009657	59.000000	251.836661	251.836661	251.836661	4.098948	0.738354
-154.994400	21.507000	-110.690000	26.250000	4.551466	81.000000	254.823706	254.823706	254.823706	4.083862	0.532342
-149.000900	16.989000	-110.690000	26.250000	-104.297823	37.000000	249.281087	249.281087	249.281087	4.108242	0.633802
-159.525604	21.659599	-110.690000	26.250000	114.068693	46.000000	254.238743	254.238743	254.238743	4.088984	0.204441
-159.025604	22.159599	-110.690000	26.250000	98.348014	55.000000	254.848170	254.848170	254.848170	4.089896	0.262952
-158.525604	22.659599	-110.690000	26.250000	82.491088	65.000000	255.371774	255.371774	255.371774	4.095518	0.217502
-158.025604	23.159599	-110.690000	26.250000	67.055809	71.000000	256.010041	256.010041	256.010041	4.098113	0.268514
-157.525604	23.659599	-110.690000	26.250000	51.833188	73.000000	256.763466	256.663466	256.763466	4.099663	0.416035
-157.025604	24.159599	-110.690000	26.250000	36.789945	71.000000	257.332549	257.332549	257.332549	4.101375	0.359635
-156.525604	24.659599	-110.690000	26.250000	21.995416	71.000000	258.117799	258.117799	258.117799	4.104428	0.499755
-156.025604	25.159599	-110.690000	26.250000	7.188650	65.000000	258.819728	258.819728	258.819728	4.105577	0.536449
-155.525604	25.659599	-110.690000	26.250000	-7.430058	58.000000	259.538853	259.538853	259.538853	4.105809	0.569255
-155.025604	26.159599	-110.690000	26.250000	-22.026989	51.000000	259.975694	259.975694	259.975694	4.103132	0.298631
-154.525604	26.659599	-110.690000	26.250000	-36.172888	42.000000	260.730770	260.730770	260.830770	4.101610	0.324642
-153.525604	14.659600	-110.690000	26.250000	28.976108	40.000000	247.182680	247.082680	247.182680	4.092171	0.390128
-153.025604	15.159600	-110.690000	26.250000	11.433309	51.000000	247.794632	247.794632	247.794632	4.094748	0.563718
-152.525604	15.659600	-110.690000	26.250000	-5.692643	61.000000	248.220248	248.220248	248.220248	4.095431	0.533299
-152.025604	16.159599	-110.690000	26.250000	-23.045434	68.000000	248.860189	248.860189	248.860189	4.098583	0.699009
-151.525604	16.659599	-110.690000	26.250000	-39.982435	74.000000	249.315147	249.315147	249.315147	4.098917	0.660885
-151.025604	17.159599	-110.690000	26.250000	-56.857138	73.000000	249.785845	249.785845	249.785845	4.101456	0.618812
-150.525604	17.659599	-110.690000	26.250000	-73.442518	67.000000	250.273038	250.273038	250.273038	4.105095	0.572930
-150.025604	18.159599	-110.690000	26.250000	-90.173860	60.000000	250.877513	250.877513	250.877513	4.107489	0.623280
-149.525604	18.659599	-110.690000	26.250000	-106.818092	49.000000	251.600094	251.600094	251.600094	4.102349	0.769736
-149.025604	19.159599	-110.690000	26.250000	-123.241931	40.000000	252.141639	252.141639	252.141639	4.101011	0.712434
-158.185394	22.620199	-110.690000	26.250000	74.610147	73.000000	255.398970	255.398970	255.398970	4.093719	0.239530
-154.983002	19.601000	-110.690000	26.250000	19.102723	94.000000	252.829659	252.829659	252.829659	4.076466	0.647511
-159.525604	22.159599	-110.690000	26.250000	110.468240	44.000000	254.724904	254.724904	254.724904	4.090138	0.201580
-159.025604	22.659599	-110.690000	26.250000	94.756533	53.000000	255.343355	255.343355	255.343355	4.093918	0.257674
-158.525604	23.159599	-110.690000	26.250000	79.090800	63.000000	255.876170	255.876170	255.876170	4.100751	0.210044
-158.025604	23.659599	-110.690000	26.250000	63.894567	69.000000	256.623831	256.623831	256.623831	4.101165	0.358772
-157.525604	24.159599	-110.690000	26.250000	48.812205	71.000000	257.286824	257.286824	257.286824	4.102149	0.403924
-157.025604	24.659599	-110.690000	26.250000	33.950614	70.000000	257.965646	257.965646	257.965646	4.103942	0.445406
-156.525604	25.159599	-110.690000	26.250000	19.270434	65.000000	258.760793	258.760793	258.760793	4.106506	0.583295
-156.025604	25.659599	-110.690000	26.250000	4.599611	58.000000	259.372770	259.372770	259.372770	4.106547	0.517664
-155.525604	26.159599	-110.690000	26.250000	-9.877081	50.000000	260.002081	260.002081	260.102081	4.105457	0.448410
-155.025604	26.659599	-110.690000	26.250000	-24.319115	41.000000	260.549232	260.549232	260.549232	4.102591	0.275606
-154.025604	14.659600	-110.690000	26.250000	41.010727	39.000000	247.268231	247.268231	247.368231	4.093142	0.389271
-153.525604	15.159600	-110.690000	26.250000	23.772390	51.000000	247.777998	247.777998	247.777998	4.093061	0.464499
-153.025604	15.659600	-110.690000	26.250000	6.309729	62.000000	248.401167	248.401167	248.401167	4.095277	0.635590
-152.525604	16.159599	-110.690000	26.250000	-10.715437	70.000000	248.838379	248.838379	248.838379	4.095628	0.602837
-152.025604	16.659599	-110.690000	26.250000	-27.918662	75.000000	249.390308	249.390308	249.390308	4.097411	0.666344
-151.525604	17.159599	-110.690000	26.250000	-44.703428	75.000000	249.857652	249.857652	249.857652	4.098828	0.625761
-151.025604	17.659599	-110.690000	26.250000	-61.447902	74.000000	250.441145	250.441145	250.441145	4.102066	0.681413
-150.525604	18.159599	-110.690000	26.250000	-77.933875	67.000000	250.941547	250.941547	250.941547	4.105000	0.633394
-150.025604	18.659599	-110.690000	26.250000	-94.546723	59.000000	251.559656	251.559656	251.559656	4.106360	0.681320
-149.525604	19.159599	-110.690000	26.250000	-111.040514	49.000000	252.196302	252.196302	252.196302	4.102952	0.725556
-149.025604	19.659599	-110.690000	26.250000	-127.331263	39.000000	252.852347	252.852347	252.852347	4.097339	0.766180
-158.179504	20.377800	-110.690000	26.250000	91.232332	74.000000	253.262739	253.262739	253.362739	4.089734	0.377761
-154.797394	18.803101	-110.690000	26.250000	21.035234	90.000000	251.995387	251.995387	252.095387	4.078975	0.681090
-159.525604	22.659599	-110.690000	26.250000	106.881837	44.000000	255.214327	255.214327	255.214327	4.093850	0.198583
-159.025604	23.159599	-110.690000	26.250000	91.282206	54.000000	255.841793	255.841793	255.841793	4.099337	0.252238
-158.525604	23.659599	-110.690000	26.250000	75.884054	62.000000	256.383800	256.383800	256.483800	4.105512	0.202350
-158.025604	24.159599	-110.690000	26.250000	60.851197	66.000000	257.140826	257.140826	257.140826	4.103911	0.348929
-157.525604	24.659599	-110.690000	26.250000	45.921549	71.000000	257.813350	257.813350	257.813350	4.104772	0.391687
-157.025604	25.159599	-110.690000	26.250000	31.244245	66.000000	258.601858	258.601858	258.601858	4.105846	0.530969
-156.525604	25.659599	-110.690000	26.250000	16.635303	58.000000	259.306840	259.306840	259.306840	4.107429	0.566770
-156.025604	26.159599	-110.690000	26.250000	2.143153	51.000000	259.928787	259.928787	259.928787	4.107295	0.498784
-155.525604	26.659599	-110.690000	26.250000	-12.212339	41.000000	260.568191	260.568191	260.568191	4.105042	0.427384
-154.525604	14.659600	-110.690000	26.250000	53.176614	40.000000	247.350357	247.350357	247.350357	4.095388	0.389182
-154.025604	15.159600	-110.690000	26.250000	35.824067	51.000000	247.957931	247.957931	247.957931	4.094593	0.565704
-153.525604	15.659600	-110.690000	26.250000	18.703542	62.000000	248.378651	248.378651	248.378651	4.092545	0.538456
-153.025604	16.159599	-110.690000	26.250000	1.348444	72.000000	249.013140	249.013140	249.013140	4.094376	0.707427
-152.525604	16.659599	-110.690000	26.250000	-15.621942	77.000000	249.462051	249.462051	249.462051	4.094954	0.672198
-152.025604	17.159599	-110.690000	26.250000	-32.658729	77.000000	249.926063	249.926063	249.926063	4.096267	0.633276
-151.525604	17.659599	-110.690000	26.250000	-49.261979	75.000000	250.505885	250.505885	250.505885	4.098914	0.690655
-151.025604	18.159599	-110.690000	26.250000	-65.900378	74.000000	251.002256	251.002256	251.002256	4.103083	0.643870
-150.525604	18.659599	-110.690000	26.250000	-82.292736	67.000000	251.615946	251.615946	251.615946	4.105077	0.693459
-150.025604	19.159599	-110.690000	26.250000	-98.766849	58.000000	252.247758	252.247758	252.247758	4.105026	0.739430
-149.525604	19.659599	-110.690000	26.250000	-115.121490	48.000000	252.898525	252.898525	252.898525	4.099833	0.781260
-149.025604	20.159599	-110.690000	26.250000	-131.270255	39.000000	253.569116	253.569116	253.569116	4.092198	0.819527
-157.931000	21.646000	-110.690000	26.250000	75.410225	77.000000	254.534712	254.534712	254.534712	4.088060	0.347306
-154.691299	17.180099	-110.690000	26.250000	32.413521	81.000000	250.433662	250.433662	250.433662	4.087856	0.857084
-159.525604	23.159599	-110.690000	26.250000	103.376107	44.000000	255.706941	255.706941	255.706941	4.100093	0.195209
-159.025604	23.659599	-110.690000	26.250000	88.003195	52.000000	256.343404	256.343404	256.343404	4.105011	0.246815
-158.525604	24.159599	-110.690000	26.250000	72.809699	59.000000	256.994578	256.994578	256.994578	4.106929	0.294514
-158.025604	24.659599	-110.690000	26.250000	57.921115	66.000000	257.660932	257.660932	257.660932	4.106375	0.338728
-157.525604	25.159599	-110.690000	26.250000	43.183502	65.000000	258.442939	258.442939	258.442939	4.106828	0.479510
-157.025604	25.659599	-110.690000	26.250000	28.600871	59.000000	259.141074	259.141074	259.141074	4.107347	0.516423
-156.525604	26.159599	-110.690000	26.250000	14.151927	51.000000	259.855817	259.855817	259.855817	4.107642	0.549902
-156.025604	26.659599	-110.690000	26.250000	-0.207256	41.000000	260.487646	260.487646	260.487646	4.106732	0.480011
-155.025604	14.659600	-110.690000	26.250000	65.113937	40.000000	247.729175	247.729175	247.729175	4.100281	0.689446
-154.525604	15.159600	-110.690000	26.250000	48.004792	51.000000	248.034551	248.034551	248.034551	4.095473	0.567716
-154.025604	15.659600	-110.690000	26.250000	30.762717	61.000000	248.552822	248.552822	248.552822	4.092951	0.641968
-153.525604	16.159599	-110.690000	26.250000	13.756625	71.000000	248.984595	248.984595	248.984595	4.091118	0.612336
-153.025604	16.659599	-110.690000	26.250000	-3.481932	79.000000	249.530503	249.530503	249.530503	4.092780	0.678857
-152.525604	17.159599	-110.690000	26.250000	-20.356673	78.000000	249.991205	249.991205	249.991205	4.093414	0.641427
-152.025604	17.659599	-110.690000	26.250000	-37.246107	78.000000	250.567388	250.567388	250.567388	4.096398	0.700177
-151.525604	18.159599	-110.690000	26.250000	-53.696561	75.000000	251.059769	251.059769	251.059769	4.098931	0.655150
-151.025604	18.659599	-110.690000	26.250000	-70.218920	73.000000	251.669093	251.669093	251.669093	4.103251	0.706229
-150.525604	19.159599	-110.690000	26.250000	-86.512674	65.000000	252.196137	252.196137	252.196137	4.105811	0.653543
-150.025604	19.659599	-110.690000	26.250000	-102.844372	57.000000	252.841706	252.841706	252.841706	4.104948	0.697144
-149.525604	20.159599	-110.690000	26.250000	-119.038629	48.000000	253.506639	253.506639	253.506639	4.099193	0.736902
-149.025604	20.659599	-110.690000	26.250000	-135.060690	38.000000	254.191805	254.191805	254.191805	4.092875	0.772941
-157.859100	14.659600	-110.690000	26.250000	133.994412	38.000000	248.252035	248.252035	248.252035	4.089384	0.836866
-154.617798	20.088900	-110.690000	26.250000	6.135434	90.000000	253.381983	253.381983	253.381983	4.078464	0.658235
-159.525604	23.659599	-110.690000	26.250000	100.053293	42.000000	256.202670	256.202670	256.202670	4.106105	0.191806
-159.025604	24.159599	-110.690000	26.250000	84.874913	52.000000	256.848107	256.848107	256.848107	4.109181	0.241027
-158.525604	24.659599	-110.690000	26.250000	69.851313	59.000000	257.508414	257.508414	257.508414	4.109506	0.286581
-158.025604	25.159599	-110.690000	26.250000	55.142211	60.000000	258.284052	258.284052	258.284052	4.108430	0.428544
-157.525604	25.659599	-110.690000	26.250000	40.538187	59.000000	258.975484	258.975484	258.975484	4.108180	0.466986
-157.025604	26.159599	-110.690000	26.250000	26.074844	51.000000	259.683178	259.683178	259.683178	4.107904	0.501813
-156.525604	26.659599	-110.690000	26.250000	11.788223	41.000000	260.407599	260.407599	260.407599	4.107765	0.533094
-155.525604	14.659600	-110.690000	26.250000	77.198664	40.000000	247.904800	247.904800	247.904800	4.101767	0.790403
-155.025604	15.159600	-110.690000	26.250000	59.952316	50.000000	248.307974	248.307974	248.307974	4.098685	0.770292
-154.525604	15.659600	-110.690000	26.250000	42.935728	61.000000	248.723799	248.723799	248.723799	4.095207	0.746039
-154.025604	16.159599	-110.690000	26.250000	25.806525	70.000000	249.152863	249.152863	249.152863	4.090979	0.717932
-153.525604	16.659599	-110.690000	26.250000	8.935514	79.000000	249.595784	249.595784	249.595784	4.089519	0.686066
-153.025604	17.159599	-110.690000	26.250000	-8.196665	79.000000	250.153200	250.153200	250.153200	4.090784	0.750111
-152.525604	17.659599	-110.690000	26.250000	-24.924962	81.000000	250.625777	250.625777	250.625777	4.092629	0.710383
-152.025604	18.159599	-110.690000	26.250000	-41.702535	79.000000	251.114210	251.114210	251.114210	4.095928	0.666965
-151.525604	18.659599	-110.690000	26.250000	-57.995557	75.000000	251.719221	251.719221	251.719221	4.099220	0.719500
-151.025604	19.159599	-110.690000	26.250000	-74.402969	72.000000	252.241561	252.241561	252.241561	4.103485	0.668338
-150.525604	19.659599	-110.690000	26.250000	-90.581052	65.000000	252.882010	252.882010	252.882010	4.104902	0.713548
-150.025604	20.159599	-110.690000	26.250000	-106.775102	57.000000	253.541379	253.541379	253.541379	4.102106	0.754743
-149.525604	20.659599	-110.690000	26.250000	-122.820008	48.000000	254.220506	254.220506	254.220506	4.094988	0.792312
-149.025604	21.159599	-110.690000	26.250000	-138.683809	38.000000	254.920262	254.920262	254.920262	4.088330	0.826309
-157.700806	16.348400	-110.690000	26.250000	113.680967	69.000000	249.987718	249.887718	249.987718	4.097199	1.021157
-154.495895	18.401699	-110.690000	26.250000	17.028705	87.000000	251.577592	251.577592	251.577592	4.080309	0.707640
-159.525604	24.159599	-110.690000	26.250000	96.889428	42.000000	256.701434	256.701434	256.701434	4.110877	0.188288
-159.025604	24.659599	-110.690000	26.250000	81.862119	50.000000	257.355814	257.355814	257.355814	4.112284	0.235099
-158.525604	25.159599	-110.690000	26.250000	67.022891	53.000000	258.025213	258.025213	258.025213	4.113104	0.278430
-158.025604	25.659599	-110.690000	26.250000	52.501006	53.000000	258.910082	258.910082	258.910082	4.109101	0.518279
-157.525604	26.159599	-110.690000	26.250000	37.964770	51.000000	259.510876	259.510876	259.510876	4.108785	0.454355
-157.025604	26.659599	-110.690000	26.250000	23.692379	41.000000	260.328050	260.328050	260.328050	4.108410	0.587014
-156.025604	14.659600	-110.690000	26.250000	89.314827	41.000000	248.077342	248.077342	248.077342	4.101194	0.892146
-155.525604	15.159600	-110.690000	26.250000	72.090681	50.000000	248.478312	248.478312	248.478312	4.100852	0.873327
-155.025604	15.659600	-110.690000	26.250000	54.907181	61.000000	248.991694	248.991694	248.991694	4.098082	0.950716
-154.525604	16.159599	-110.690000	26.250000	37.992580	72.000000	249.318061	249.318061	249.318061	4.093033	0.824308
-154.025604	16.659599	-110.690000	26.250000	20.983792	79.000000	249.758011	249.758011	249.758011	4.088765	0.793706
-153.525604	17.159599	-110.690000	26.250000	4.217558	80.000000	250.212165	250.212165	250.212165	4.087820	0.759390
-153.025604	17.659599	-110.690000	26.250000	-12.796357	82.000000	250.681169	250.681169	250.681169	4.088462	0.721362
-152.525604	18.159599	-110.690000	26.250000	-29.379289	82.000000	251.165697	251.165697	251.165697	4.092295	0.679180
-152.025604	18.659599	-110.690000	26.250000	-45.988418	80.000000	251.766448	251.766448	251.766448	4.095992	0.733356
-151.525604	19.159599	-110.690000	26.250000	-62.174039	74.000000	252.284149	252.284149	252.284149	4.099284	0.683899
-151.025604	19.659599	-110.690000	26.250000	-78.436534	70.000000	252.919557	252.919557	252.919557	4.104092	0.730318
-150.525604	20.159599	-110.690000	26.250000	-94.501802	64.000000	253.573452	253.573452	253.573452	4.103433	0.773159
-150.025604	20.659599	-110.690000	26.250000	-110.569671	57.000000	254.146648	254.146648	254.246648	4.101750	0.712443
-149.525604	21.159599	-110.690000	26.250000	-126.433747	47.000000	254.839983	254.839983	254.839983	4.093775	0.747624
-149.025604	21.659599	-110.690000	26.250000	-142.152774	38.000000	255.554326	255.554326	255.554326	4.087458	0.779282
-157.627594	20.346100	-110.690000	26.250000	77.831557	82.000000	253.297648	253.297648	253.297648	4.087577	0.412791
-154.482803	21.001900	-110.690000	26.250000	-4.231313	83.000000	254.372720	254.372720	254.372720	4.082796	0.619659
-159.525604	24.659599	-110.690000	26.250000	93.827604	39.000000	257.203153	257.203153	257.203153	4.114625	0.184408
-159.025604	25.159599	-110.690000	26.250000	78.992590	45.000000	257.866438	257.866438	257.966438	4.115477	0.229209
-158.525604	25.659599	-110.690000	26.250000	64.319438	47.000000	258.644878	258.644878	258.644878	4.112971	0.370157
-158.025604	26.159599	-110.690000	26.250000	49.929685	47.000000	259.438918	259.438918	259.438918	4.110130	0.507670
-157.525604	26.659599	-110.690000	26.250000	35.534573	40.000000	260.049000	260.049000	260.049000	4.109497	0.441807
-156.525604	14.659600	-110.690000	26.250000	101.452790	41.000000	248.146906	248.146906	248.146906	4.099110	0.894282
-156.025604	15.159600	-110.690000	26.250000	84.174773	51.000000	248.645672	248.645672	248.645672	4.100831	0.977186
-155.525604	15.659600	-110.690000	26.250000	67.098756	61.000000	249.056618	249.056618	249.056618	4.099573	0.956064
-155.025604	16.159599	-110.690000	26.250000	50.015709	71.000000	249.480297	249.480297	249.480297	4.094187	0.931044
-154.525604	16.659599	-110.690000	26.250000	33.205305	81.000000	249.817295	249.817295	249.817295	4.089753	0.802166
-154.025604	17.159599	-110.690000	26.250000	16.282084	81.000000	250.268212	250.268212	250.268212	4.086162	0.769331
-153.525604	17.659599	-110.690000	26.250000	-0.383836	83.000000	250.733677	250.733677	250.733677	4.085453	0.732665
-153.025604	18.159599	-110.690000	26.250000	-17.268316	84.000000	251.314343	251.314343	251.314343	4.087716	0.792212
-152.525604	18.659599	-110.690000	26.250000	-33.712187	83.000000	251.810887	251.810887	251.810887	4.091900	0.747864
-152.025604	19.159599	-110.690000	26.250000	-50.139655	79.000000	252.324015	252.324015	252.324015	4.096386	0.699744
-151.525604	19.659599	-110.690000	26.250000	-66.203235	74.000000	252.954456	252.954456	252.954456	4.100077	0.747903
-151.025604	20.159599	-110.690000	26.250000	-82.335922	71.000000	253.502969	253.502969	253.502969	4.104287	0.692221
-150.525604	20.659599	-110.690000	26.250000	-98.254327	64.000000	254.170339	254.170339	254.170339	4.102425	0.732816
-150.025604	21.159599	-110.690000	26.250000	-114.199323	56.000000	254.857375	254.857375	254.857375	4.098084	0.769751
-149.525604	21.659599	-110.690000	26.250000	-129.908833	47.000000	255.564916	255.564916	255.564916	4.089307	0.802891
-149.025604	22.159599	-110.690000	26.250000	-145.464262	38.000000	256.193824	256.193824	256.193824	4.086144	0.732350
-157.270004	21.108999	-110.690000	26.250000	63.324115	85.000000	254.027743	254.027743	254.027743	4.084781	0.336278
-154.393997	19.262501	-110.690000	26.250000	7.319340	92.000000	252.476148	252.476148	252.476148	4.078195	0.667284
-159.525604	25.159599	-110.690000	26.250000	90.907296	36.000000	257.707741	257.707741	257.707741	4.117596	0.180523
-159.025604	25.659599	-110.690000	26.250000	76.262560	39.000000	258.479883	258.479883	258.479883	4.116466	0.322969
-158.525604	26.159599	-110.690000	26.250000	61.716634	40.000000	259.167309	259.167309	259.167309	4.113530	0.361805
-158.025604	26.659599	-110.690000	26.250000	47.451895	38.000000	259.970450	259.970450	259.970450	4.111129	0.497100
-157.025604	14.659600	-110.690000	26.250000	113.626754	42.000000	248.213594	248.213594	248.213594	4.097586	0.897135
-156.525604	15.159600	-110.690000	26.250000	96.326476	50.000000	248.810158	248.710158	248.810158	4.101885	1.081640
-156.025604	15.659600	-110.690000	26.250000	79.174516	62.000000	249.218673	249.218673	249.218673	4.100027	1.062000
-155.525604	16.159599	-110.690000	26.250000	62.246956	72.000000	249.539679	249.539679	249.539679	4.096890	0.938493
-155.025604	16.659599	-110.690000	26.250000	45.302332	80.000000	249.973743	249.973743	249.973743	4.091568	0.911207
-154.525604	17.159599	-110.690000	26.250000	28.589728	83.000000	250.321450	250.321450	250.321450	4.087123	0.779832
-154.025604	17.659599	-110.690000	26.250000	11.720471	85.000000	250.783410	250.783410	250.883410	4.083710	0.744674
-153.525604	18.159599	-110.690000	26.250000	-4.853043	85.000000	251.360257	251.260257	251.360257	4.083664	0.805810
-153.025604	18.659599	-110.690000	26.250000	-21.617983	86.000000	251.852647	251.852647	251.852647	4.087366	0.762904
-152.525604	19.159599	-110.690000	26.250000	-37.893020	84.000000	252.361265	252.361265	252.361265	4.092210	0.716292
-152.025604	19.659599	-110.690000	26.250000	-54.147278	77.000000	252.986816	252.986816	252.986816	4.096960	0.766039
-151.525604	20.159599	-110.690000	26.250000	-70.086936	74.000000	253.530036	253.530036	253.530036	4.101106	0.711781
-151.025604	20.659599	-110.690000	26.250000	-86.103254	70.000000	254.191681	254.191681	254.191681	4.103389	0.753889
-150.525604	21.159599	-110.690000	26.250000	-101.864971	63.000000	254.872536	254.772536	254.872536	4.099939	0.792414
-150.025604	21.659599	-110.690000	26.250000	-117.666091	56.000000	255.473411	255.473411	255.473411	4.096577	0.726961
-149.525604	22.159599	-110.690000	26.250000	-133.222878	47.000000	256.195139	256.195139	256.195139	4.087489	0.757943
-149.025604	22.659599	-110.690000	26.250000	-148.632107	38.000000	256.838576	256.838576	256.838576	4.084658	0.685391
-157.227295	18.984800	-110.690000	26.250000	79.078027	85.000000	252.240176	252.240176	252.240176	4.089732	0.717738
-154.251801	21.168699	-110.690000	26.250000	-11.159473	83.000000	254.528242	254.528242	254.628242	4.086521	0.573324
-159.525604	25.659599	-110.690000	26.250000	88.135648	32.000000	258.315108	258.315108	258.315108	4.119963	0.276542
-159.025604	26.159599	-110.690000	26.250000	73.648412	34.000000	258.996055	258.996055	258.996055	4.117736	0.316608
-158.525604	26.659599	-110.690000	26.250000	59.205065	33.000000	259.692400	259.692400	259.692400	4.114701	0.353256
-157.525604	14.659600	-110.690000	26.250000	125.790614	42.000000	248.277505	248.277505	248.277505	4.094718	0.900794
-157.025604	15.159600	-110.690000	26.250000	108.495869	51.000000	248.871870	248.871870	248.871870	4.100970	1.086589
-156.525604	15.659600	-110.690000	26.250000	91.348923	60.000000	249.277962	249.277962	249.277962	4.100651	1.068571
-156.025604	16.159599	-110.690000	26.250000	74.361340	69.000000	249.696308	249.696308	249.696308	4.098068	1.046738
-155.525604	16.659599	-110.690000	26.250000	57.565747	79.000000	250.027458	250.027458	250.027458	4.093825	0.920714
-155.025604	17.159599	-110.690000	26.250000	40.782888	84.000000	250.471983	250.371983	250.471983	4.088305	0.890957
-154.525604	17.659599	-110.690000	26.250000	24.135334	87.000000	250.830473	250.830473	250.830473	4.084274	0.757474
-154.025604	18.159599	-110.690000	26.250000	7.289237	87.000000	251.403543	251.403543	251.403543	4.082073	0.819845
-153.525604	18.659599	-110.690000	26.250000	-9.204272	87.000000	251.891833	251.891833	251.891833	4.083050	0.778556
-153.025604	19.159599	-110.690000	26.250000	-25.802058	85.000000	252.396003	252.396003	252.396003	4.087891	0.733622
-152.525604	19.659599	-110.690000	26.250000	-41.937086	82.000000	252.916739	252.916739	253.016739	4.093121	0.684579
-152.025604	20.159599	-110.690000	26.250000	-58.016734	75.000000	253.554751	253.554751	253.554751	4.097827	0.731942
-151.525604	20.659599	-110.690000	26.250000	-73.826936	71.000000	254.210774	254.210774	254.210774	4.100465	0.775735
-151.025604	21.159599	-110.690000	26.250000	-89.734480	70.000000	254.785564	254.785564	254.785564	4.102873	0.715446
-150.525604	21.659599	-110.690000	26.250000	-105.330722	63.000000	255.479905	255.479905	255.479905	4.098450	0.751622
-150.025604	22.159599	-110.690000	26.250000	-120.967326	56.000000	256.194601	256.194601	256.194601	4.092064	0.784299
-149.525604	22.659599	-110.690000	26.250000	-136.397768	47.000000	256.830480	256.830480	256.830480	4.085467	0.712911
-149.025604	23.159599	-110.690000	26.250000	-151.637744	38.000000	257.588389	257.588389	257.588389	4.079591	0.738039
-156.964600	24.312099	-110.690000	26.250000	34.433666	72.000000	257.537211	257.537211	257.537211	4.102466	0.386642
-154.030502	17.988400	-110.690000	26.250000	8.912455	85.000000	251.158811	251.158811	251.158811	4.082787	0.761992
-159.525604	26.159599	-110.690000	26.250000	85.474659	28.000000	258.825163	258.825163	258.825163	4.121804	0.272215
-159.025604	26.659599	-110.690000	26.250000	71.111851	28.000000	259.514853	259.514853	259.514853	4.118734	0.310308
-158.025604	14.659600	-110.690000	26.250000	138.092747	38.000000	248.238734	248.238734	248.238734	4.088877	0.804886
-157.525604	15.159600	-110.690000	26.250000	120.717216	51.000000	248.830903	248.830903	248.830903	4.097337	0.992380
-157.025604	15.659600	-110.690000	26.250000	103.568457	61.000000	249.334582	249.334582	249.334582	4.100748	1.075839
-156.525604	16.159599	-110.690000	26.250000	86.579906	70.000000	249.750282	249.750282	249.750282	4.098857	1.055385
-156.025604	16.659599	-110.690000	26.250000	69.736394	77.000000	250.078540	250.078540	250.078540	4.095675	0.931059
-155.525604	17.159599	-110.690000	26.250000	53.067786	83.000000	250.519909	250.519909	250.519909	4.090999	0.902771
-155.025604	17.659599	-110.690000	26.250000	36.393221	87.000000	250.874964	250.874964	250.974964	4.085671	0.770640
-154.525604	18.159599	-110.690000	26.250000	19.809283	90.000000	251.344302	251.344302	251.344302	4.081766	0.734712
-154.025604	18.659599	-110.690000	26.250000	2.995091	88.000000	251.928543	251.928543	251.928543	4.080565	0.794887
-153.525604	19.159599	-110.690000	26.250000	-13.417643	88.000000	252.428329	252.428329	252.428329	4.083516	0.751281
-153.025604	19.659599	-110.690000	26.250000	-29.848597	86.000000	252.944323	252.944323	252.944323	4.089444	0.703947
-152.525604	20.159599	-110.690000	26.250000	-45.831891	81.000000	253.577214	253.577214	253.577214	4.094674	0.752772
-152.025604	20.659599	-110.690000	26.250000	-61.739915	76.000000	254.127712	254.127712	254.227712	4.098707	0.697870
-151.525604	21.159599	-110.690000	26.250000	-77.427328	69.000000	254.796550	254.796550	254.796550	4.101117	0.739302
-151.025604	21.659599	-110.690000	26.250000	-93.198427	69.000000	255.484485	255.484485	255.484485	4.100979	0.776944
-150.525604	22.159599	-110.690000	26.250000	-108.660545	63.000000	256.092295	256.092295	256.092295	4.096841	0.710903
-150.025604	22.659599	-110.690000	26.250000	-124.131393	56.000000	256.820779	256.820779	256.820779	4.089826	0.741251
-149.525604	23.159599	-110.690000	26.250000	-139.422617	47.000000	257.470756	257.470756	257.470756	4.083480	0.667853
-149.025604	23.659599	-110.690000	26.250000	-154.484843	38.000000	258.243064	258.243064	258.243064	4.078261	0.690810
-156.932007	19.832701	-110.690000	26.250000	64.835347	85.000000	252.894259	252.894259	252.894259	4.084382	0.503754
-153.992294	18.797600	-110.690000	26.250000	0.994697	87.000000	252.013918	252.013918	252.013918	4.079997	0.728699
-159.525604	26.659599	-110.690000	26.250000	82.899574	23.000000	259.337810	259.337810	259.337810	4.123467	0.267905
-158.525604	14.659600	-110.690000	26.250000	150.270028	34.000000	248.397371	248.397371	248.397371	4.088147	0.909722
-158.025604	15.159600	-110.690000	26.250000	133.127930	47.000000	248.787350	248.787350	248.787350	4.092916	0.898799
-157.525604	15.659600	-110.690000	26.250000	115.846276	61.000000	249.288626	249.288626	249.288626	4.098082	0.983724
-157.025604	16.159599	-110.690000	26.250000	98.823123	69.000000	249.801696	249.801696	249.801696	4.098751	1.064769
-156.525604	16.659599	-110.690000	26.250000	82.013744	76.000000	250.127083	250.127083	250.127083	4.097337	0.942016
-156.025604	17.159599	-110.690000	26.250000	65.308629	83.000000	250.565325	250.565325	250.565325	4.093065	0.915174
-155.525604	17.659599	-110.690000	26.250000	48.719397	87.000000	250.916980	250.916980	250.916980	4.088126	0.784536
-155.025604	18.159599	-110.690000	26.250000	32.099924	92.000000	251.382630	251.382630	251.382630	4.082535	0.750176
-154.525604	18.659599	-110.690000	26.250000	15.605376	91.000000	251.862874	251.862874	251.862874	4.079746	0.711778
-154.025604	19.159599	-110.690000	26.250000	-1.183607	91.000000	252.458337	252.458337	252.458337	4.080529	0.769664
-153.525604	19.659599	-110.690000	26.250000	-17.494377	87.000000	252.969661	252.969661	252.969661	4.084655	0.723896
-153.025604	20.159599	-110.690000	26.250000	-33.741019	83.000000	253.497514	253.497514	253.597514	4.091126	0.674131
-152.525604	20.659599	-110.690000	26.250000	-49.547457	78.000000	254.142584	254.142584	254.142584	4.095373	0.720725
-152.025604	21.159599	-110.690000	26.250000	-65.338922	73.000000	254.805581	254.805581	254.805581	4.099208	0.763724
-151.525604	21.659599	-110.690000	26.250000	-80.885568	69.000000	255.387236	255.387236	255.487236	4.101189	0.702759
-151.025604	22.159599	-110.690000	26.250000	-96.511782	68.000000	256.088301	256.088301	256.088301	4.099637	0.738222
-150.525604	22.659599	-110.690000	26.250000	-111.854087	63.000000	256.709549	256.709549	256.709549	4.094924	0.670142
-150.025604	23.159599	-110.690000	26.250000	-127.157440	56.000000	257.451771	257.451771	257.451771	4.087593	0.698121
-149.525604	23.659599	-110.690000	26.250000	-142.299135	47.000000	258.215777	258.215777	258.215777	4.079043	0.722595
-149.025604	24.159599	-110.690000	26.250000	-157.182343	38.000000	258.902389	258.902389	258.902389	4.078014	0.643569
-156.808197	18.404200	-110.690000	26.250000	73.696625	81.000000	251.751395	251.751395	251.751395	4.088954	0.814873
-153.982697	21.519699	-110.690000	26.250000	-20.313340	79.000000	255.048434	255.048434	255.048434	4.090032	0.672924
-159.025604	14.659600	-110.690000	26.250000	162.589688	29.000000	248.353506	248.353506	248.353506	4.083277	0.815384
-158.525604	15.159600	-110.690000	26.250000	145.313270	41.000000	248.841301	248.841301	248.841301	4.090864	0.905748
-158.025604	15.659600	-110.690000	26.250000	128.278246	55.000000	249.240185	249.240185	249.240185	4.095083	0.892275
-157.525604	16.159599	-110.690000	26.250000	111.133612	68.000000	249.750641	249.750641	249.750641	4.097572	0.974971
-157.025604	16.659599	-110.690000	26.250000	94.234498	77.000000	250.173179	250.173179	250.173179	4.096254	0.953477
-156.525604	17.159599	-110.690000	26.250000	77.629651	78.000000	250.608322	250.608322	250.608322	4.094741	0.928230
-156.025604	17.659599	-110.690000	26.250000	61.033204	87.000000	250.956614	250.956614	250.956614	4.089735	0.799242
-155.525604	18.159599	-110.690000	26.250000	44.472609	91.000000	251.418618	251.418618	251.418618	4.084947	0.766114
-155.025604	18.659599	-110.690000	26.250000	27.898214	93.000000	251.894918	251.894918	251.894918	4.079494	0.729310
-154.525604	19.159599	-110.690000	26.250000	11.478661	93.000000	252.386118	252.386118	252.386118	4.078706	0.688847
-154.025604	19.659599	-110.690000	26.250000	-5.266163	90.000000	252.992845	252.892845	252.992845	4.080962	0.744288
-153.525604	20.159599	-110.690000	26.250000	-21.423356	86.000000	253.515742	253.515742	253.515742	4.086238	0.696120
-153.025604	20.659599	-110.690000	26.250000	-37.491453	80.000000	254.155478	254.055478	254.155478	4.092211	0.744369
-152.525604	21.159599	-110.690000	26.250000	-53.123785	75.000000	254.712740	254.712740	254.712740	4.096877	0.688555
-152.025604	21.659599	-110.690000	26.250000	-68.785102	71.000000	255.388236	255.388236	255.388236	4.100656	0.729192
-151.525604	22.159599	-110.690000	26.250000	-84.214173	69.000000	256.082694	256.082694	256.082694	4.100094	0.766320
-151.025604	22.659599	-110.690000	26.250000	-99.690495	68.000000	256.696861	256.696861	256.696861	4.098059	0.699406
-150.525604	23.159599	-110.690000	26.250000	-114.909316	63.000000	257.431500	257.431500	257.431500	4.090939	0.728998
-150.025604	23.659599	-110.690000	26.250000	-130.049233	56.000000	258.087395	258.087395	258.087395	4.085344	0.655148
-149.525604	24.159599	-110.690000	26.250000	-145.010495	47.000000	258.865340	258.865340	258.865340	4.079372	0.677269
-149.025604	24.659599	-110.690000	26.250000	-159.726550	38.000000	259.666145	259.666145	259.666145	4.076138	0.695943
-156.755997	21.136000	-110.690000	26.250000	50.446022	86.000000	254.167246	254.167246	254.167246	4.083020	0.408899
-153.967499	14.731300	-110.690000	26.250000	38.817629	40.000000	247.433900	247.433900	247.433900	4.094766	0.491480
-159.525604	14.659600	-110.690000	26.250000	174.828007	23.000000	248.407224	248.407224	248.407224	4.081237	0.821519
-159.025604	15.159600	-110.690000	26.250000	157.670658	35.000000	248.792843	248.792843	248.792843	4.085485	0.813558
-158.525604	15.659600	-110.690000	26.250000	140.474029	48.000000	249.289346	249.289346	249.289346	4.092719	0.901551
-158.025604	16.159599	-110.690000	26.250000	123.524229	63.000000	249.697206	249.697206	249.697206	4.096314	0.885615
-157.525604	16.659599	-110.690000	26.250000	106.534098	77.000000	250.216918	250.216918	250.216918	4.096784	0.965793
-157.025604	17.159599	-110.690000	26.250000	89.794579	78.000000	250.648991	250.648991	250.648991	4.094949	0.942001
-156.525604	17.659599	-110.690000	26.250000	73.314011	82.000000	251.093954	250.993954	251.093954	4.092364	0.914355
-156.025604	18.159599	-110.690000	26.250000	56.821434	87.000000	251.452356	251.452356	251.452356	4.086403	0.782902
-155.525604	18.659599	-110.690000	26.250000	40.280325	92.000000	251.924762	251.924762	251.924762	4.081629	0.747547
-155.025604	19.159599	-110.690000	26.250000	23.771824	97.000000	252.411761	252.411761	252.411761	4.077535	0.708403
-154.525604	19.659599	-110.690000	26.250000	7.380812	93.000000	252.913959	252.913959	252.913959	4.078520	0.665523
-154.025604	20.159599	-110.690000	26.250000	-9.242550	88.000000	253.531982	253.431982	253.531982	4.082372	0.718802
-153.525604	20.659599	-110.690000	26.250000	-25.214064	83.000000	254.066476	254.066476	254.066476	4.088896	0.668348
-153.025604	21.159599	-110.690000	26.250000	-41.108214	76.000000	254.718109	254.718109	254.718109	4.094395	0.714223
-152.525604	21.659599	-110.690000	26.250000	-56.564450	73.000000	255.387564	255.387564	255.387564	4.098636	0.756310
-152.025604	22.159599	-110.690000	26.250000	-72.100007	70.000000	255.975548	255.975548	255.975548	4.100865	0.694713
-151.525604	22.659599	-110.690000	26.250000	-87.405755	68.000000	256.682782	256.682782	256.682782	4.099043	0.729501
-151.025604	23.159599	-110.690000	26.250000	-102.741059	68.000000	257.310006	257.310006	257.310006	4.096347	0.660549
-150.525604	23.659599	-110.690000	26.250000	-117.797710	63.000000	258.057975	258.057975	258.057975	4.088861	0.687954
-150.025604	24.159599	-110.690000	26.250000	-132.794362	56.000000	258.827459	258.827459	258.827459	4.083867	0.711794
-149.525604	24.659599	-110.690000	26.250000	-147.569782	47.000000	259.519238	259.519238	259.519238	4.078670	0.631933
-149.025604	25.159599	-110.690000	26.250000	-162.115245	35.000000	260.334104	260.334104	260.334104	4.075718	0.648464
-156.658005	20.891001	-110.690000	26.250000	49.876719	87.000000	253.879427	253.879427	253.879427	4.081953	0.372890
-153.902405	19.979099	-110.690000	26.250000	-10.862131	88.000000	253.310908	253.310908	253.310908	4.082630	0.701087
-159.525604	15.159600	-110.690000	26.250000	169.897331	29.000000	248.842058	248.842058	248.842058	4.082970	0.822029
-159.025604	15.659600	-110.690000	26.250000	152.809793	41.000000	249.236193	249.236193	249.236193	4.089330	0.811472
-158.525604	16.159599	-110.690000	26.250000	135.712814	55.000000	249.741474	249.741474	249.741474	4.094888	0.897021
-158.025604	16.659599	-110.690000	26.250000	118.852386	70.000000	250.258383	250.258383	250.258383	4.095918	0.978753
-157.525604	17.159599	-110.690000	26.250000	102.009390	78.000000	250.687415	250.687415	250.687415	4.095568	0.956392
-157.025604	17.659599	-110.690000	26.250000	85.429512	80.000000	251.129086	251.129086	251.129086	4.093368	0.930225
-156.525604	18.159599	-110.690000	26.250000	69.028098	85.000000	251.483928	251.483928	251.483928	4.088814	0.800318
-156.025604	18.659599	-110.690000	26.250000	52.581680	87.000000	251.952493	251.952493	251.952493	4.083109	0.766375
-155.525604	19.159599	-110.690000	26.250000	36.147555	93.000000	252.435349	252.335349	252.435349	4.078998	0.728707
-155.025604	19.659599	-110.690000	26.250000	19.684767	96.000000	252.933087	252.933087	252.933087	4.076691	0.687370
-154.525604	20.159599	-110.690000	26.250000	3.279014	89.000000	253.446314	253.446314	253.446314	4.079396	0.642044
-154.025604	20.659599	-110.690000	26.250000	-13.041556	85.000000	254.075657	253.975657	254.075657	4.084084	0.693069
-153.525604	21.159599	-110.690000	26.250000	-28.842662	79.000000	254.621762	254.621762	254.621762	4.091388	0.640487
-153.025604	21.659599	-110.690000	26.250000	-44.600115	76.000000	255.285293	255.285293	255.285293	4.096722	0.683954
-152.525604	22.159599	-110.690000	26.250000	-59.875359	72.000000	255.966932	255.966932	255.966932	4.100397	0.723841
-152.025604	22.659599	-110.690000	26.250000	-75.283897	70.000000	256.667379	256.667379	256.667379	4.100379	0.760177
-151.525604	23.159599	-110.690000	26.250000	-90.464093	68.000000	257.287348	257.287348	257.287348	4.097744	0.692589
-151.025604	23.659599	-110.690000	26.250000	-105.643430	68.000000	257.927571	257.927571	257.927571	4.093759	0.621489
-150.525604	24.159599	-110.690000	26.250000	-120.526492	63.000000	258.688791	258.688791	258.688791	4.088267	0.646884
-150.025604	24.659599	-110.690000	26.250000	-135.389534	56.000000	259.471763	259.471763	259.471763	4.083203	0.668374
-149.525604	25.159599	-110.690000	26.250000	-149.985669	43.000000	260.177252	260.177252	260.177252	4.077483	0.586415
-149.025604	25.659599	-110.690000	26.250000	-164.343069	31.000000	261.006027	261.006027	261.006027	4.074737	0.600989
-156.510101	19.477699	-110.690000	26.250000	57.469826	88.000000	252.616565	252.616565	252.716565	4.081372	0.582383
-153.868195	17.315399	-110.690000	26.250000	11.017769	82.000000	250.410844	250.410844	250.410844	4.085409	0.757620
-159.525604	15.659600	-110.690000	26.250000	165.021083	34.000000	249.380807	249.380807	249.380807	4.085212	0.922091
-159.025604	16.159599	-110.690000	26.250000	147.994692	46.000000	249.783528	249.783528	249.783528	4.091484	0.909268
-158.525604	16.659599	-110.690000	26.250000	131.020212	60.000000	250.297657	250.297657	250.297657	4.095505	0.992253
-158.025604	17.159599	-110.690000	26.250000	114.251037	72.000000	250.723679	250.723679	250.723679	4.095203	0.971467
-157.525604	17.659599	-110.690000	26.250000	97.572016	80.000000	251.062093	251.062093	251.162093	4.096259	0.846923
-157.025604	18.159599	-110.690000	26.250000	81.098727	81.000000	251.513418	251.513418	251.513418	4.091788	0.818245
-156.525604	18.659599	-110.690000	26.250000	64.750749	86.000000	251.978190	251.978190	251.978190	4.085766	0.785874
-156.025604	19.159599	-110.690000	26.250000	48.336822	91.000000	252.356963	252.356963	252.456963	4.080163	0.649830
-155.525604	19.659599	-110.690000	26.250000	32.049072	96.000000	252.850309	252.850309	252.950309	4.077295	0.609698
-155.025604	20.159599	-110.690000	26.250000	15.588985	93.000000	253.458818	253.458818	253.458818	4.077284	0.665945
-154.525604	20.659599	-110.690000	26.250000	-0.638411	89.000000	253.983098	253.983098	253.983098	4.081350	0.618597
-154.025604	21.159599	-110.690000	26.250000	-16.697958	82.000000	254.623775	254.623775	254.623775	4.087578	0.667200
-153.525604	21.659599	-110.690000	26.250000	-32.319468	78.000000	255.281493	255.281493	255.281493	4.093947	0.712243
-153.025604	22.159599	-110.690000	26.250000	-47.941329	73.000000	255.856914	255.856914	255.856914	4.098934	0.653765
-152.525604	22.659599	-110.690000	26.250000	-63.063949	71.000000	256.550713	256.550713	256.550713	4.101357	0.691267
-152.025604	23.159599	-110.690000	26.250000	-78.345687	68.000000	257.263584	257.263584	257.263584	4.099559	0.725264
-151.525604	23.659599	-110.690000	26.250000	-93.389475	69.000000	257.896233	257.896233	257.896233	4.096225	0.655808
-151.025604	24.159599	-110.690000	26.250000	-108.407887	69.000000	258.649381	258.649381	258.649381	4.092108	0.682352
-150.525604	24.659599	-110.690000	26.250000	-123.106792	64.000000	259.423757	259.423757	259.423757	4.087449	0.705439
-150.025604	25.159599	-110.690000	26.250000	-137.836991	51.000000	260.120100	260.120100	260.120100	4.082364	0.625136
-149.525604	25.659599	-110.690000	26.250000	-152.242919	38.000000	260.839155	260.839155	260.839155	4.076762	0.540844
-149.025604	26.159599	-110.690000	26.250000	-166.400556	27.000000	261.781670	261.781670	261.781670	4.075342	0.653137
-156.465103	18.775000	-110.690000	26.250000	62.327003	84.000000	252.011989	252.011989	252.111989	4.084627	0.702098
-153.700806	17.297501	-110.690000	26.250000	7.191540	83.000000	250.400086	250.400086	250.400086	4.087148	0.780931
-159.525604	16.159599	-110.690000	26.250000	160.193750	38.000000	249.823446	249.823446	249.823446	4.086904	0.921997
-159.025604	16.659599	-110.690000	26.250000	143.271278	50.000000	250.234820	250.234820	250.234820	4.094311	0.906630
-158.525604	17.159599	-110.690000	26.250000	126.416279	62.000000	250.657860	250.657860	250.657860	4.096544	0.887284
-158.025604	17.659599	-110.690000	26.250000	109.781416	71.000000	251.093053	251.093053	251.093053	4.096742	0.864072
-157.525604	18.159599	-110.690000	26.250000	93.215882	80.000000	251.540903	251.540903	251.540903	4.094773	0.837041
-157.025604	18.659599	-110.690000	26.250000	76.832764	83.000000	252.001933	251.901933	252.001933	4.089871	0.806103
-156.525604	19.159599	-110.690000	26.250000	60.499038	91.000000	252.376680	252.376680	252.376680	4.083647	0.671368
-156.025604	19.659599	-110.690000	26.250000	44.185763	95.000000	252.865701	252.865701	252.865701	4.078670	0.632887
-155.525604	20.159599	-110.690000	26.250000	27.986180	97.000000	253.369567	253.369567	253.369567	4.077151	0.590565
-155.025604	20.659599	-110.690000	26.250000	11.578052	90.000000	253.888870	253.888870	253.888870	4.078851	0.544504
-154.525604	21.159599	-110.690000	26.250000	-4.317506	84.000000	254.524217	254.524217	254.524217	4.084802	0.594765
-154.025604	21.659599	-110.690000	26.250000	-20.231142	80.000000	255.176232	255.176232	255.176232	4.090544	0.641241
-153.525604	22.159599	-110.690000	26.250000	-35.666246	76.000000	255.845556	255.845556	255.845556	4.096349	0.684030
-153.025604	22.659599	-110.690000	26.250000	-51.133268	73.000000	256.532844	256.532844	256.532844	4.100893	0.723201
-152.525604	23.159599	-110.690000	26.250000	-66.149436	69.000000	257.138768	257.138768	257.138768	4.101152	0.658636
-152.025604	23.659599	-110.690000	26.250000	-81.270755	69.000000	257.864012	257.864012	257.864012	4.098637	0.690429
-151.525604	24.159599	-110.690000	26.250000	-96.168296	69.000000	258.509272	258.509272	258.509272	4.094805	0.618656
-151.025604	24.659599	-110.690000	26.250000	-111.027795	69.000000	259.275255	259.275255	259.275255	4.091680	0.643189
-150.525604	25.159599	-110.690000	26.250000	-125.567129	59.000000	260.062676	260.062676	260.062676	4.086835	0.664118
-150.025604	25.659599	-110.690000	26.250000	-140.113247	45.000000	260.772255	260.772255	260.772255	4.081582	0.581526
-149.525604	26.159599	-110.690000	26.250000	-154.336670	33.000000	261.504715	261.504715	261.504715	4.076036	0.495278
-149.025604	26.659599	-110.690000	26.250000	-168.286332	22.000000	262.460779	262.460779	262.460779	4.074217	0.605456
