-156.387695	17.614901	-110.690000	26.250000	70.196507	78.000000	251.167105	251.067105	251.167105	4.076837	1.038346
-153.503204	19.495199	-110.690000	26.250000	-16.840159	87.000000	252.915232	252.915232	252.915232	4.078653	0.857370
-159.525604	16.659599	-110.690000	26.250000	155.808661	41.000000	250.369948	250.369948	250.469948	4.075848	1.021683
-159.025604	17.159599	-110.690000	26.250000	138.844946	50.000000	250.790035	250.790035	250.790035	4.071475	1.003752
-158.525604	17.659599	-110.690000	26.250000	122.402655	62.000000	251.322043	251.322043	251.322043	4.067924	1.082002
-158.025604	18.159599	-110.690000	26.250000	105.575246	75.000000	251.666461	251.666461	251.666461	4.068506	0.956496
-157.525604	18.659599	-110.690000	26.250000	89.155487	81.000000	252.023797	252.023797	252.123797	4.070213	0.826955
-157.025604	19.159599	-110.690000	26.250000	72.183773	87.000000	252.494576	252.494576	252.494576	4.071850	0.793679
-156.525604	19.659599	-110.690000	26.250000	56.047902	89.000000	252.979336	252.979336	252.979336	4.072464	0.756720
-156.025604	20.159599	-110.690000	26.250000	39.649034	93.000000	253.478634	253.478634	253.478634	4.076083	0.715777
-155.525604	20.659599	-110.690000	26.250000	23.777537	91.000000	253.993045	253.993045	253.993045	4.078717	0.671176
-155.025604	21.159599	-110.690000	26.250000	7.850632	88.000000	254.623156	254.623156	254.623156	4.084034	0.722957
-154.525604	21.659599	-110.690000	26.250000	-7.584803	82.000000	255.369575	255.369575	255.369575	4.085651	0.870798
-154.025604	22.159599	-110.690000	26.250000	-23.293274	77.000000	256.032921	256.032921	256.032921	4.089422	0.915052
-153.525604	22.659599	-110.690000	26.250000	-38.899368	74.000000	256.713830	256.713830	256.713830	4.090194	0.955746
-153.025604	23.159599	-110.690000	26.250000	-54.202813	69.000000	257.312954	257.312954	257.312954	4.096020	0.892531
-152.525604	23.659599	-110.690000	26.250000	-69.353039	69.000000	258.030954	258.030954	258.030954	4.097966	0.925799
-152.025604	24.159599	-110.690000	26.250000	-84.080706	69.000000	258.668505	258.668505	258.668505	4.102552	0.855554
-151.525604	24.659599	-110.690000	26.250000	-98.836730	69.000000	259.326291	259.326291	259.426291	4.105001	0.781426
-151.025604	25.159599	-110.690000	26.250000	-112.993514	64.000000	260.205004	260.205004	260.205004	4.110733	0.903842
-150.525604	25.659599	-110.690000	26.250000	-127.326958	52.000000	261.005342	261.005342	261.005342	4.114539	0.922789
-150.025604	26.159599	-110.690000	26.250000	-141.322889	39.000000	261.928004	261.828004	261.928004	4.117393	1.037866
-149.525604	26.659599	-110.690000	26.250000	-155.669991	27.000000	262.273689	262.273689	262.273689	4.104457	0.549548
-156.206604	16.162001	-110.690000	26.250000	78.226898	68.000000	250.091804	249.991804	250.091804	4.084251	1.423052
-153.295898	18.800900	-110.690000	26.250000	-16.230042	84.000000	252.090779	252.090779	252.190779	4.080091	0.827965
-159.525604	17.159599	-110.690000	26.250000	151.225960	41.000000	250.820279	250.820279	250.820279	4.075380	1.020935
-159.025604	17.659599	-110.690000	26.250000	134.450975	52.000000	251.249136	251.249136	251.249136	4.069602	1.000784
-158.525604	18.159599	-110.690000	26.250000	118.068815	64.000000	251.690164	251.690164	251.690164	4.067638	0.976501
-158.025604	18.659599	-110.690000	26.250000	101.272277	74.000000	252.043856	252.043856	252.043856	4.068104	0.848509
-157.525604	19.159599	-110.690000	26.250000	84.962773	85.000000	252.510721	252.410721	252.510721	4.068686	0.816830
-157.025604	19.659599	-110.690000	26.250000	68.080291	88.000000	252.891285	252.891285	252.891285	4.071853	0.681071
-156.525604	20.159599	-110.690000	26.250000	52.047655	90.000000	253.386089	253.386089	253.386089	4.073328	0.641676
-156.025604	20.659599	-110.690000	26.250000	35.857756	92.000000	253.895689	253.895689	253.995689	4.077816	0.598675
-155.525604	21.159599	-110.690000	26.250000	20.043676	88.000000	254.520657	254.520657	254.620657	4.081648	0.651637
-155.025604	21.659599	-110.690000	26.250000	4.379458	83.000000	255.261582	255.261582	255.261582	4.087796	0.801029
-154.525604	22.159599	-110.690000	26.250000	-10.927316	77.000000	255.919066	255.919066	255.919066	4.088881	0.846888
-154.025604	22.659599	-110.690000	26.250000	-26.482581	75.000000	256.593726	256.593726	256.593726	4.091458	0.888745
-153.525604	23.159599	-110.690000	26.250000	-41.970862	72.000000	257.286191	257.286191	257.286191	4.091565	0.927089
-153.025604	23.659599	-110.690000	26.250000	-57.081685	69.000000	257.897104	257.897104	257.897104	4.096414	0.861969
-152.525604	24.159599	-110.690000	26.250000	-72.078589	69.000000	258.627119	258.627119	258.627119	4.098867	0.892872
-152.025604	24.659599	-110.690000	26.250000	-86.689588	69.000000	259.276897	259.276897	259.276897	4.101861	0.820312
-151.525604	25.159599	-110.690000	26.250000	-101.249012	64.000000	259.947110	259.947110	259.947110	4.104703	0.744352
-151.025604	25.659599	-110.690000	26.250000	-115.206522	57.000000	260.938433	260.938433	260.938433	4.110970	0.964433
-150.525604	26.159599	-110.690000	26.250000	-129.385983	45.000000	261.751543	261.751543	261.751543	4.115059	0.981093
-150.025604	26.659599	-110.690000	26.250000	-143.258804	32.000000	262.587117	262.487117	262.587117	4.115854	0.994412
-149.025604	14.659600	-110.690000	26.250000	-80.315353	21.000000	246.236542	246.236542	246.236542	4.097035	0.422850
-156.167007	18.301001	-110.690000	26.250000	58.693452	84.000000	251.715149	251.715149	251.715149	4.077412	0.896406
-153.292099	20.892599	-110.690000	26.250000	-32.838439	81.000000	254.521153	254.521153	254.521153	4.086157	0.843314
-159.525604	17.659599	-110.690000	26.250000	146.822733	41.000000	251.174405	251.174405	251.274405	4.077292	0.920057
-159.025604	18.159599	-110.690000	26.250000	130.152430	51.000000	251.612083	251.612083	251.612083	4.069763	0.897395
-158.525604	18.659599	-110.690000	26.250000	113.877378	64.000000	252.062179	252.062179	252.162179	4.066783	0.870820
-158.025604	19.159599	-110.690000	26.250000	97.104975	76.000000	252.425186	252.425186	252.425186	4.067152	0.740438
-157.525604	19.659599	-110.690000	26.250000	80.877007	85.000000	252.901617	252.901617	252.901617	4.068761	0.706302
-157.025604	20.159599	-110.690000	26.250000	64.103543	86.000000	253.291997	253.291997	253.391997	4.072095	0.568321
-156.525604	20.659599	-110.690000	26.250000	48.225936	88.000000	253.896867	253.896867	253.896867	4.074469	0.626597
-156.025604	21.159599	-110.690000	26.250000	32.148850	87.000000	254.416783	254.416783	254.516783	4.081054	0.581187
-155.525604	21.659599	-110.690000	26.250000	16.555141	83.000000	255.152316	255.152316	255.152316	4.085408	0.731993
-155.025604	22.159599	-110.690000	26.250000	1.052337	80.000000	255.804050	255.804050	255.804050	4.091018	0.779110
-154.525604	22.659599	-110.690000	26.250000	-14.115919	75.000000	256.572584	256.472584	256.572584	4.090496	0.922604
-154.025604	23.159599	-110.690000	26.250000	-29.562779	73.000000	257.158528	257.158528	257.158528	4.093289	0.862366
-153.525604	23.659599	-110.690000	26.250000	-44.900918	70.000000	257.862506	257.862506	257.862506	4.092386	0.898487
-153.025604	24.159599	-110.690000	26.250000	-59.857642	69.000000	258.485151	258.485151	258.485151	4.097198	0.831040
-152.525604	24.659599	-110.690000	26.250000	-74.699189	69.000000	259.227105	259.127105	259.227105	4.098800	0.859907
-152.025604	25.159599	-110.690000	26.250000	-89.136328	64.000000	259.889018	259.889018	259.889018	4.101291	0.785172
-151.525604	25.659599	-110.690000	26.250000	-103.464617	57.000000	260.671543	260.571543	260.671543	4.105015	0.806917
-151.025604	26.159599	-110.690000	26.250000	-117.302338	49.000000	261.675338	261.675338	261.675338	4.111314	1.025015
-150.525604	26.659599	-110.690000	26.250000	-131.327880	36.000000	262.401059	262.401059	262.401059	4.114293	0.939546
-149.525604	14.659600	-110.690000	26.250000	-68.550431	27.000000	246.659099	246.659099	246.659099	4.090705	0.717028
-149.025604	15.159600	-110.690000	26.250000	-85.748917	27.000000	246.987934	246.987934	246.987934	4.098903	0.578022
-155.996994	20.771000	-110.690000	26.250000	34.357410	89.000000	254.044529	254.044529	254.044529	4.078794	0.626187
-153.290604	17.906200	-110.690000	26.250000	-8.640429	78.000000	251.174583	251.174583	251.174583	4.083437	0.918091
-159.525604	18.159599	-110.690000	26.250000	142.562405	39.000000	251.632287	251.632287	251.632287	4.070399	0.918981
-159.025604	18.659599	-110.690000	26.250000	125.972337	52.000000	252.078833	252.078833	252.078833	4.064484	0.893787
-158.525604	19.159599	-110.690000	26.250000	109.800468	65.000000	252.538037	252.538037	252.538037	4.063530	0.864846
-158.025604	19.659599	-110.690000	26.250000	93.108583	80.000000	252.810396	252.810396	252.810396	4.065545	0.632209
-157.525604	20.159599	-110.690000	26.250000	76.854982	85.000000	253.296422	253.296422	253.296422	4.068873	0.595592
-157.025604	20.659599	-110.690000	26.250000	60.304674	87.000000	253.796641	253.796641	253.796641	4.073434	0.555308
-156.525604	21.159599	-110.690000	26.250000	44.572104	88.000000	254.411593	254.411593	254.411593	4.077122	0.611395
-156.025604	21.659599	-110.690000	26.250000	28.508248	85.000000	255.041832	255.041832	255.041832	4.084571	0.663550
-155.525604	22.159599	-110.690000	26.250000	13.297139	80.000000	255.687925	255.687925	255.687925	4.089733	0.712112
-155.025604	22.659599	-110.690000	26.250000	-2.158134	76.000000	256.450454	256.350454	256.450454	4.093926	0.857105
-154.525604	23.159599	-110.690000	26.250000	-17.202743	74.000000	257.130012	257.130012	257.130012	4.092652	0.898203
-154.025604	23.659599	-110.690000	26.250000	-32.507285	71.000000	257.727202	257.727202	257.727202	4.094554	0.835776
-153.525604	24.159599	-110.690000	26.250000	-47.701146	69.000000	258.442639	258.442639	258.442639	4.094732	0.869832
-153.025604	24.659599	-110.690000	26.250000	-62.567989	69.000000	259.076945	259.076945	259.076945	4.097471	0.800023
-152.525604	25.159599	-110.690000	26.250000	-77.177605	64.000000	259.730750	259.730750	259.730750	4.097783	0.726753
-152.025604	25.659599	-110.690000	26.250000	-91.415538	57.000000	260.504688	260.504688	260.504688	4.100579	0.750009
-151.525604	26.159599	-110.690000	26.250000	-105.555042	50.000000	261.299396	261.299396	261.299396	4.104289	0.769421
-151.025604	26.659599	-110.690000	26.250000	-119.255785	40.000000	262.315511	262.315511	262.315511	4.111481	0.985431
-150.025604	14.659600	-110.690000	26.250000	-56.310845	32.000000	246.576926	246.576926	246.576926	4.088777	0.511930
-149.525604	15.159600	-110.690000	26.250000	-73.922435	34.000000	247.303739	247.303739	247.303739	4.093084	0.774213
-149.025604	15.659600	-110.690000	26.250000	-91.018075	32.000000	247.646227	247.646227	247.646227	4.102017	0.632793
-155.772995	19.079000	-110.690000	26.250000	42.556939	91.000000	252.430893	252.430893	252.430893	4.076160	0.808685
-152.981201	18.301800	-110.690000	26.250000	-19.437052	81.000000	251.502000	251.502000	251.502000	4.082166	0.821696
-159.525604	18.659599	-110.690000	26.250000	138.394026	41.000000	252.093885	252.093885	252.093885	4.065165	0.917485
-159.025604	19.159599	-110.690000	26.250000	121.887768	54.000000	252.449338	252.449338	252.449338	4.062003	0.790116
-158.525604	19.659599	-110.690000	26.250000	105.831477	69.000000	252.917687	252.917687	252.917687	4.061479	0.758672
-158.025604	20.159599	-110.690000	26.250000	89.162694	79.000000	253.299427	253.299427	253.299427	4.064570	0.623579
-157.525604	20.659599	-110.690000	26.250000	72.933001	84.000000	253.795072	253.795072	253.795072	4.069984	0.584867
-157.025604	21.159599	-110.690000	26.250000	56.660411	84.000000	254.305145	254.305145	254.305145	4.075837	0.542130
-156.525604	21.659599	-110.690000	26.250000	40.932129	85.000000	254.930185	254.930185	254.930185	4.080629	0.595810
-156.025604	22.159599	-110.690000	26.250000	25.111443	81.000000	255.570745	255.570745	255.570745	4.088577	0.645948
-155.525604	22.659599	-110.690000	26.250000	10.129597	79.000000	256.327387	256.327387	256.327387	4.093721	0.792099
-155.025604	23.159599	-110.690000	26.250000	-5.198492	75.000000	257.000687	257.000687	257.000687	4.095949	0.834728
-154.525604	23.659599	-110.690000	26.250000	-20.220131	71.000000	257.691231	257.691231	257.691231	4.094458	0.873884
-154.025604	24.159599	-110.690000	26.250000	-35.342492	69.000000	258.299616	258.299616	258.299616	4.095830	0.809085
-153.525604	24.659599	-110.690000	26.250000	-50.390202	69.000000	259.026445	259.026445	259.026445	4.095233	0.840816
-153.025604	25.159599	-110.690000	26.250000	-65.126417	64.000000	259.572329	259.572329	259.672329	4.096830	0.669137
-152.525604	25.659599	-110.690000	26.250000	-79.493911	57.000000	260.337883	260.237883	260.337883	4.096988	0.693526
-152.025604	26.159599	-110.690000	26.250000	-93.546266	50.000000	261.123724	261.123724	261.123724	4.099644	0.714490
-151.525604	26.659599	-110.690000	26.250000	-107.535523	41.000000	261.930471	261.930471	261.930471	4.104353	0.732104
-150.525604	14.659600	-110.690000	26.250000	-44.454871	36.000000	246.890191	246.890191	246.890191	4.088125	0.707066
-150.025604	15.159600	-110.690000	26.250000	-61.751465	41.000000	247.314950	247.314950	247.314950	4.090689	0.671171
-149.525604	15.659600	-110.690000	26.250000	-79.160422	39.000000	247.955077	247.955077	247.955077	4.095172	0.831277
-149.025604	16.159599	-110.690000	26.250000	-96.123763	36.000000	248.411364	248.411364	248.411364	4.104660	0.787539
-159.664993	22.122999	-110.690000	26.250000	114.823322	43.000000	254.923823	254.923823	254.923823	4.046789	0.453804
-155.765305	26.776699	-110.690000	26.250000	-6.130819	38.000000	261.204398	261.204398	261.204398	4.108962	0.990502
-152.765793	25.592800	-110.690000	26.250000	-73.292058	61.000000	260.194400	260.194400	260.194400	4.096567	0.688445
-159.525604	19.159599	-110.690000	26.250000	134.293079	43.000000	252.559152	252.559152	252.559152	4.057440	0.915886
-159.025604	19.659599	-110.690000	26.250000	117.895402	55.000000	252.923549	252.923549	252.923549	4.057384	0.786037
-158.525604	20.159599	-110.690000	26.250000	101.863514	69.000000	253.401071	253.401071	253.401071	4.057879	0.752340
-158.025604	20.659599	-110.690000	26.250000	85.208439	78.000000	253.792216	253.792216	253.792216	4.064346	0.614893
-157.525604	21.159599	-110.690000	26.250000	69.214873	85.000000	254.297495	254.297495	254.297495	4.071782	0.573754
-157.025604	21.659599	-110.690000	26.250000	52.997069	84.000000	254.817430	254.817430	254.817430	4.079384	0.528830
-156.525604	22.159599	-110.690000	26.250000	37.422807	81.000000	255.452558	255.452558	255.552558	4.085116	0.580214
-156.025604	22.659599	-110.690000	26.250000	21.942627	81.000000	256.203427	256.103427	256.203427	4.092367	0.727971
-155.525604	23.159599	-110.690000	26.250000	7.024076	73.000000	256.870595	256.870595	256.870595	4.096900	0.772000
-155.025604	23.659599	-110.690000	26.250000	-8.119575	71.000000	257.554632	257.554632	257.554632	4.098420	0.812387
-154.525604	24.159599	-110.690000	26.250000	-23.077236	71.000000	258.256116	258.256116	258.256116	4.096628	0.849203
-154.025604	24.659599	-110.690000	26.250000	-38.110271	69.000000	258.875633	258.875633	258.975633	4.096215	0.782340
-153.525604	25.159599	-110.690000	26.250000	-52.970372	64.000000	259.513776	259.513776	259.513776	4.094690	0.711879
-153.025604	25.659599	-110.690000	26.250000	-67.488174	57.000000	260.171141	260.071141	260.171141	4.096247	0.637897
-152.525604	26.159599	-110.690000	26.250000	-81.657067	50.000000	260.848327	260.848327	260.948327	4.095683	0.560277
-152.025604	26.659599	-110.690000	26.250000	-95.568130	41.000000	261.745935	261.745935	261.745935	4.100206	0.679096
-151.025604	14.659600	-110.690000	26.250000	-31.895501	40.000000	246.599059	246.499059	246.599059	4.087077	0.302822
-150.525604	15.159600	-110.690000	26.250000	-49.868216	45.000000	247.621734	247.621734	247.721734	4.089701	0.868601
-150.025604	15.659600	-110.690000	26.250000	-67.031331	48.000000	248.059478	248.059478	248.059478	4.091353	0.830246
-149.525604	16.159599	-110.690000	26.250000	-84.188381	45.000000	248.613057	248.613057	248.613057	4.097313	0.888065
-149.025604	16.659599	-110.690000	26.250000	-101.000977	39.000000	248.983282	248.983282	248.983282	4.113180	0.742185
-159.401001	21.971001	-110.690000	26.250000	109.594560	48.000000	254.921190	254.921190	254.921190	4.048147	0.567892
-155.714996	18.000299	-110.690000	26.250000	50.346838	86.000000	251.384102	251.384102	251.484102	4.080651	0.890115
-152.132401	18.481400	-110.690000	26.250000	-41.996123	77.000000	251.650720	251.650720	251.650720	4.089854	0.819690
-159.525604	19.659599	-110.690000	26.250000	130.251641	42.000000	252.928042	252.928042	253.028042	4.055085	0.814109
-159.025604	20.159599	-110.690000	26.250000	113.922614	57.000000	253.401411	253.301411	253.401411	4.051624	0.781759
-158.525604	20.659599	-110.690000	26.250000	97.839772	70.000000	253.788130	253.788130	253.888130	4.059051	0.645733
-158.025604	21.159599	-110.690000	26.250000	81.423974	77.000000	254.288695	254.188695	254.288695	4.065087	0.606068
-157.525604	21.659599	-110.690000	26.250000	65.577130	82.000000	254.803617	254.803617	254.803617	4.075078	0.562477
-157.025604	22.159599	-110.690000	26.250000	49.323197	82.000000	255.333414	255.333414	255.333414	4.083697	0.515285
-156.525604	22.659599	-110.690000	26.250000	34.174499	78.000000	256.078621	256.078621	256.078621	4.089619	0.664516
-156.025604	23.159599	-110.690000	26.250000	18.842652	74.000000	256.739779	256.739779	256.739779	4.098361	0.709864
-155.525604	23.659599	-110.690000	26.250000	4.063149	71.000000	257.417442	257.417442	257.417442	4.099628	0.751682
-155.025604	24.159599	-110.690000	26.250000	-10.946011	70.000000	258.112172	258.112172	258.112172	4.100353	0.789977
-154.525604	24.659599	-110.690000	26.250000	-25.812720	70.000000	258.824536	258.824536	258.824536	4.097372	0.824422
-154.025604	25.159599	-110.690000	26.250000	-40.753001	64.000000	259.455111	259.455111	259.455111	4.096712	0.755402
-153.525604	25.659599	-110.690000	26.250000	-55.372817	57.000000	260.004476	260.004476	260.104476	4.095052	0.582906
-153.025604	26.159599	-110.690000	26.250000	-69.705758	50.000000	260.673212	260.673212	260.673212	4.094802	0.506585
-152.525604	26.659599	-110.690000	26.250000	-83.727852	41.000000	261.461903	261.461903	261.461903	4.095733	0.526859
-151.525604	14.659600	-110.690000	26.250000	-20.223946	40.000000	247.103685	247.103685	247.103685	4.090217	0.699314
-151.025604	15.159600	-110.690000	26.250000	-37.361903	49.000000	247.424252	247.324252	247.424252	4.090506	0.566386
-150.525604	15.659600	-110.690000	26.250000	-55.113052	54.000000	248.359594	248.359594	248.359594	4.090229	1.029733
-150.025604	16.159599	-110.690000	26.250000	-72.083758	54.000000	248.710454	248.710454	248.710454	4.092997	0.889326
-149.525604	16.659599	-110.690000	26.250000	-89.081130	49.000000	249.177618	249.177618	249.177618	4.101024	0.844705
-149.025604	17.159599	-110.690000	26.250000	-105.729351	39.000000	249.661905	249.661905	249.661905	4.116259	0.796431
-158.982498	15.574000	-110.690000	26.250000	152.567643	40.000000	249.504506	249.504506	249.604506	4.068079	1.159490
-155.710999	20.046000	-110.690000	26.250000	33.116724	95.000000	253.384031	253.384031	253.384031	4.075399	0.732841
-151.686600	14.689100	-110.690000	26.250000	-16.413667	39.000000	246.943031	246.943031	246.943031	4.086882	0.472448
-159.525604	20.159599	-110.690000	26.250000	126.252439	45.000000	253.400502	253.400502	253.400502	4.047872	0.811927
-159.025604	20.659599	-110.690000	26.250000	109.932457	59.000000	253.782867	253.782867	253.782867	4.051204	0.677445
-158.525604	21.159599	-110.690000	26.250000	93.920002	67.000000	254.278799	254.278799	254.278799	4.058545	0.638947
-158.025604	21.659599	-110.690000	26.250000	77.708857	76.000000	254.688795	254.688795	254.688795	4.068868	0.496856
-157.525604	22.159599	-110.690000	26.250000	61.927463	82.000000	255.313360	255.313360	255.313360	4.079318	0.551211
-157.025604	22.659599	-110.690000	26.250000	45.908560	79.000000	255.853012	255.853012	255.953012	4.088299	0.501594
-156.525604	23.159599	-110.690000	26.250000	31.053665	76.000000	256.608278	256.608278	256.608278	4.093556	0.648447
-156.025604	23.659599	-110.690000	26.250000	15.867955	71.000000	257.279697	257.279697	257.279697	4.102082	0.691817
-155.525604	24.159599	-110.690000	26.250000	1.188295	70.000000	257.967813	257.967813	258.067813	4.102191	0.731250
-155.025604	24.659599	-110.690000	26.250000	-13.728101	70.000000	258.773179	258.673179	258.773179	4.101465	0.867208
-154.525604	25.159599	-110.690000	26.250000	-28.420870	65.000000	259.496355	259.496355	259.496355	4.097761	0.899749
-154.025604	25.659599	-110.690000	26.250000	-43.231141	58.000000	260.037902	260.037902	260.037902	4.097400	0.728379
-153.525604	26.159599	-110.690000	26.250000	-57.613807	51.000000	260.598386	260.598386	260.598386	4.095938	0.553583
-153.025604	26.659599	-110.690000	26.250000	-71.769356	41.000000	261.278371	261.278371	261.278371	4.094411	0.475428
-152.025604	14.659600	-110.690000	26.250000	-7.478684	41.000000	246.604218	246.504218	246.604218	4.083177	0.096081
-151.525604	15.159600	-110.690000	26.250000	-25.584177	49.000000	247.822656	247.822656	247.822656	4.092753	0.864949
-151.025604	15.659600	-110.690000	26.250000	-42.672462	58.000000	248.155581	248.155581	248.155581	4.091677	0.729815
-150.525604	16.159599	-110.690000	26.250000	-60.174852	61.000000	248.903715	248.903715	249.003715	4.091118	0.990823
-150.025604	16.659599	-110.690000	26.250000	-76.971901	58.000000	249.267820	249.267820	249.367820	4.095888	0.848007
-149.525604	17.159599	-110.690000	26.250000	-93.840251	50.000000	249.848687	249.848687	249.848687	4.104887	0.901245
-149.025604	17.659599	-110.690000	26.250000	-110.267964	40.000000	250.247150	250.247150	250.247150	4.124060	0.750683
-158.933105	24.573799	-110.690000	26.250000	80.519021	53.000000	257.406705	257.406705	257.406705	4.094773	0.355840
-155.679398	21.205500	-110.690000	26.250000	23.480757	88.000000	254.647939	254.547939	254.647939	4.081442	0.738773
-151.637604	16.737801	-110.690000	26.250000	-38.624131	73.000000	249.692600	249.592600	249.692600	4.092714	0.932731
-159.525604	20.659599	-110.690000	26.250000	122.309983	46.000000	253.776479	253.776479	253.776479	4.045747	0.709666
-159.025604	21.159599	-110.690000	26.250000	106.036285	57.000000	254.167856	254.167856	254.167856	4.050897	0.572737
-158.525604	21.659599	-110.690000	26.250000	90.180206	66.000000	254.673011	254.673011	254.673011	4.061872	0.532022
-158.025604	22.159599	-110.690000	26.250000	74.043969	74.000000	255.192439	255.192439	255.192439	4.072617	0.487612
-157.525604	22.659599	-110.690000	26.250000	58.367328	79.000000	255.826641	255.826641	255.826641	4.084382	0.539570
-157.025604	23.159599	-110.690000	26.250000	42.788720	75.000000	256.376131	256.376131	256.476131	4.093498	0.487801
-156.525604	23.659599	-110.690000	26.250000	27.966061	71.000000	257.141431	257.141431	257.141431	4.099529	0.632391
-156.025604	24.159599	-110.690000	26.250000	13.021399	70.000000	257.823071	257.823071	257.823071	4.104063	0.673408
-155.525604	24.659599	-110.690000	26.250000	-1.564068	70.000000	258.621588	258.621588	258.621588	4.103800	0.810751
-155.025604	25.159599	-110.690000	26.250000	-16.456367	66.000000	259.337526	259.337526	259.337526	4.101829	0.844498
-154.525604	25.659599	-110.690000	26.250000	-30.894591	58.000000	260.071432	260.071432	260.071432	4.099252	0.874724
-154.025604	26.159599	-110.690000	26.250000	-45.496056	51.000000	260.623853	260.523853	260.623853	4.097397	0.701322
-153.525604	26.659599	-110.690000	26.250000	-59.741150	42.000000	261.195339	261.195339	261.195339	4.094548	0.524363
-152.525604	14.659600	-110.690000	26.250000	4.220255	41.000000	247.100804	247.000804	247.100804	4.092477	0.493491
-152.025604	15.159600	-110.690000	26.250000	-12.822539	50.000000	247.317094	247.317094	247.317094	4.087679	0.264016
-151.525604	15.659600	-110.690000	26.250000	-30.806484	58.000000	248.447591	248.447591	248.447591	4.093561	0.930405
-151.025604	16.159599	-110.690000	26.250000	-47.772469	66.000000	248.892995	248.792995	248.892995	4.092358	0.892961
-150.525604	16.659599	-110.690000	26.250000	-65.036141	65.000000	249.454043	249.454043	249.554043	4.091941	0.951796
-150.025604	17.159599	-110.690000	26.250000	-81.654049	59.000000	249.831505	249.831505	249.931505	4.099094	0.806538
-149.525604	17.659599	-110.690000	26.250000	-98.397295	50.000000	250.426184	250.426184	250.426184	4.112115	0.857524
-149.025604	18.159599	-110.690000	26.250000	-114.700525	40.000000	250.938923	250.938923	250.938923	4.127190	0.804854
-158.903000	21.298401	-110.690000	26.250000	101.980372	59.000000	254.312751	254.312751	254.312751	4.053982	0.569471
-155.636200	22.299900	-110.690000	26.250000	15.080155	79.000000	255.835139	255.835139	255.835139	4.089882	0.714389
-150.914993	18.914200	-110.690000	26.250000	-75.464492	67.000000	252.106858	252.106858	252.106858	4.099614	0.841487
-159.525604	21.159599	-110.690000	26.250000	118.436198	46.000000	254.155913	254.155913	254.155913	4.045025	0.607250
-159.025604	21.659599	-110.690000	26.250000	102.400691	56.000000	254.656313	254.656313	254.656313	4.051500	0.567850
-158.525604	22.159599	-110.690000	26.250000	86.525058	66.000000	255.170695	255.170695	255.170695	4.065083	0.524842
-158.025604	22.659599	-110.690000	26.250000	70.463919	74.000000	255.699548	255.599548	255.699548	4.078088	0.478250
-157.525604	23.159599	-110.690000	26.250000	55.117342	77.000000	256.343373	256.343373	256.343373	4.089869	0.527784
-157.025604	23.659599	-110.690000	26.250000	39.738918	73.000000	257.002676	257.002676	257.002676	4.098150	0.573782
-156.525604	24.159599	-110.690000	26.250000	25.051450	72.000000	257.677973	257.677973	257.677973	4.103771	0.616252
-156.025604	24.659599	-110.690000	26.250000	10.248887	70.000000	258.469787	258.469787	258.469787	4.106171	0.754887
-155.525604	25.159599	-110.690000	26.250000	-4.205759	65.000000	259.278645	259.278645	259.278645	4.105142	0.890051
-155.025604	25.659599	-110.690000	26.250000	-18.994213	59.000000	259.905078	259.805078	259.905078	4.102226	0.821737
-154.525604	26.159599	-110.690000	26.250000	-33.211365	51.000000	260.749620	260.749620	260.749620	4.101208	0.949618
-154.025604	26.659599	-110.690000	26.250000	-47.622680	42.000000	261.212806	261.212806	261.212806	4.096207	0.674089
-153.025604	14.659600	-110.690000	26.250000	16.454603	40.000000	246.993580	246.993580	247.093580	4.093519	0.291652
-152.525604	15.159600	-110.690000	26.250000	-1.072743	50.000000	247.807708	247.807708	247.807708	4.094150	0.663471
-152.025604	15.659600	-110.690000	26.250000	-18.055639	59.000000	248.135767	248.035767	248.135767	4.092232	0.531542
-151.525604	16.159599	-110.690000	26.250000	-35.824630	65.000000	249.078439	249.078439	249.078439	4.093881	0.995846
-151.025604	16.659599	-110.690000	26.250000	-52.646672	72.000000	249.436438	249.436438	249.436438	4.092632	0.855945
-150.525604	17.159599	-110.690000	26.250000	-69.739963	67.000000	250.010509	250.010509	250.010509	4.093703	0.912369
-150.025604	17.659599	-110.690000	26.250000	-86.176335	60.000000	250.501431	250.501431	250.501431	4.102384	0.865108
-149.525604	18.159599	-110.690000	26.250000	-102.798770	49.000000	251.110019	251.110019	251.110019	4.115705	0.913671
-149.025604	18.659599	-110.690000	26.250000	-118.973288	40.000000	251.537124	251.537124	251.537124	4.132828	0.758626
-158.760193	18.564699	-110.690000	26.250000	120.215143	59.000000	251.936661	251.936661	251.936661	4.068430	0.838354
-154.994400	21.507000	-110.690000	26.250000	4.695257	81.000000	255.023706	255.023706	255.123706	4.086043	0.732342
-149.000900	16.989000	-110.690000	26.250000	-104.732615	37.000000	249.381087	249.381087	249.381087	4.115141	0.733802
-159.525604	21.659599	-110.690000	26.250000	114.767106	46.000000	254.538743	254.538743	254.638743	4.047200	0.504441
-159.025604	22.159599	-110.690000	26.250000	98.791514	55.000000	255.048170	255.048170	255.048170	4.057221	0.462952
-158.525604	22.659599	-110.690000	26.250000	82.987063	65.000000	255.671774	255.671774	255.671774	4.070092	0.517502
-158.025604	23.159599	-110.690000	26.250000	67.107234	71.000000	256.110041	256.110041	256.210041	4.085742	0.368514
-157.525604	23.659599	-110.690000	26.250000	52.039254	73.000000	256.863466	256.863466	256.863466	4.095802	0.516035
-157.025604	24.159599	-110.690000	26.250000	36.804791	71.000000	257.532549	257.532549	257.532549	4.102553	0.559635
-156.525604	24.659599	-110.690000	26.250000	22.266454	71.000000	258.317799	258.317799	258.317799	4.106658	0.699755
-156.025604	25.159599	-110.690000	26.250000	7.576395	65.000000	259.019728	259.019728	259.019728	4.107745	0.736449
-155.525604	25.659599	-110.690000	26.250000	-6.706067	58.000000	259.938853	259.938853	259.938853	4.106183	0.969255
-155.025604	26.159599	-110.690000	26.250000	-21.332500	51.000000	260.475694	260.475694	260.475694	4.102390	0.798631
-154.525604	26.659599	-110.690000	26.250000	-35.386982	42.000000	261.330770	261.330770	261.330770	4.099888	0.924642
-153.525604	14.659600	-110.690000	26.250000	28.182710	40.000000	247.582680	247.482680	247.582680	4.103474	0.790128
-153.025604	15.159600	-110.690000	26.250000	11.234614	51.000000	247.694632	247.694632	247.694632	4.095549	0.463718
-152.525604	15.659600	-110.690000	26.250000	-6.215661	61.000000	248.420248	248.420248	248.420248	4.094188	0.733299
-152.025604	16.159599	-110.690000	26.250000	-23.097641	68.000000	248.760189	248.760189	248.760189	4.092468	0.599009
-151.525604	16.659599	-110.690000	26.250000	-40.663934	74.000000	249.515147	249.515147	249.615147	4.092993	0.860885
-151.025604	17.159599	-110.690000	26.250000	-57.376514	73.000000	249.985845	249.985845	249.985845	4.093285	0.818812
-150.525604	17.659599	-110.690000	26.250000	-74.294403	67.000000	250.573038	250.573038	250.573038	4.097123	0.872930
-150.025604	18.159599	-110.690000	26.250000	-90.560941	60.000000	251.077513	251.077513	251.077513	4.107657	0.823280
-149.525604	18.659599	-110.690000	26.250000	-107.027985	49.000000	251.700094	251.700094	251.700094	4.121521	0.869736
-149.025604	19.159599	-110.690000	26.250000	-123.163402	40.000000	252.241639	252.241639	252.241639	4.133440	0.812434
-158.185394	22.620199	-110.690000	26.250000	74.821466	73.000000	255.598970	255.598970	255.598970	4.076637	0.439530
-154.983002	19.601000	-110.690000	26.250000	18.874957	94.000000	252.929659	252.929659	252.929659	4.079061	0.747511
-159.525604	22.159599	-110.690000	26.250000	111.234072	44.000000	255.024904	255.024904	255.124904	4.048636	0.501580
-159.025604	22.659599	-110.690000	26.250000	95.175737	53.000000	255.543355	255.543355	255.543355	4.061881	0.457674
-158.525604	23.159599	-110.690000	26.250000	79.591651	63.000000	256.076170	256.076170	256.076170	4.078785	0.410044
-158.025604	23.659599	-110.690000	26.250000	63.965448	69.000000	256.723831	256.723831	256.723831	4.091665	0.458772
-157.525604	24.159599	-110.690000	26.250000	49.024299	71.000000	257.386824	257.386824	257.386824	4.101438	0.503924
-157.025604	24.659599	-110.690000	26.250000	34.007338	70.000000	258.065646	258.065646	258.065646	4.107687	0.545406
-156.525604	25.159599	-110.690000	26.250000	19.588424	65.000000	258.860793	258.860793	258.860793	4.108481	0.683295
-156.025604	25.659599	-110.690000	26.250000	5.031749	58.000000	259.572770	259.572770	259.572770	4.107890	0.717664
-155.525604	26.159599	-110.690000	26.250000	-9.055313	50.000000	260.602081	260.602081	260.602081	4.107243	1.048410
-155.025604	26.659599	-110.690000	26.250000	-23.499671	41.000000	261.049232	261.049232	261.149232	4.101865	0.775606
-154.025604	14.659600	-110.690000	26.250000	40.268171	39.000000	247.668231	247.668231	247.668231	4.105544	0.789271
-153.525604	15.159600	-110.690000	26.250000	23.029610	51.000000	248.177998	248.177998	248.177998	4.101373	0.864499
-153.025604	15.659600	-110.690000	26.250000	6.142640	62.000000	248.401167	248.401167	248.401167	4.096626	0.635590
-152.525604	16.159599	-110.690000	26.250000	-11.191075	70.000000	249.038379	249.038379	249.038379	4.093233	0.802837
-152.025604	16.659599	-110.690000	26.250000	-27.994478	75.000000	249.490308	249.490308	249.490308	4.092558	0.766344
-151.525604	17.159599	-110.690000	26.250000	-45.392778	75.000000	250.057652	250.057652	250.157652	4.092233	0.825761
-151.025604	17.659599	-110.690000	26.250000	-61.942871	74.000000	250.541145	250.541145	250.541145	4.094377	0.781413
-150.525604	18.159599	-110.690000	26.250000	-78.666324	67.000000	251.241547	251.241547	251.241547	4.100108	0.933394
-150.025604	18.659599	-110.690000	26.250000	-94.828263	59.000000	251.759656	251.759656	251.759656	4.110352	0.881320
-149.525604	19.159599	-110.690000	26.250000	-111.164496	49.000000	252.296302	252.296302	252.296302	4.126562	0.825556
-149.025604	19.659599	-110.690000	26.250000	-127.204072	39.000000	252.952347	252.952347	252.952347	4.133485	0.866180
-158.179504	20.377800	-110.690000	26.250000	91.393882	74.000000	253.562739	253.462739	253.562739	4.062102	0.677761
-154.797394	18.803101	-110.690000	26.250000	20.945288	90.000000	252.195387	252.095387	252.195387	4.080716	0.881090
-159.525604	22.659599	-110.690000	26.250000	107.670440	44.000000	255.514327	255.514327	255.514327	4.052011	0.498583
-159.025604	23.159599	-110.690000	26.250000	91.753275	54.000000	255.941793	255.941793	255.941793	4.069597	0.352238
-158.525604	23.659599	-110.690000	26.250000	76.333253	62.000000	256.583800	256.583800	256.583800	4.086012	0.402350
-158.025604	24.159599	-110.690000	26.250000	60.945042	66.000000	257.140826	257.140826	257.240826	4.099491	0.348929
-157.525604	24.659599	-110.690000	26.250000	46.150223	71.000000	257.913350	257.913350	257.913350	4.106396	0.491687
-157.025604	25.159599	-110.690000	26.250000	31.258977	66.000000	258.501858	258.501858	258.601858	4.110397	0.430969
-156.525604	25.659599	-110.690000	26.250000	17.057965	58.000000	259.506840	259.506840	259.506840	4.109887	0.766770
-156.025604	26.159599	-110.690000	26.250000	2.659561	51.000000	260.228787	260.228787	260.228787	4.107932	0.798784
-155.525604	26.659599	-110.690000	26.250000	-11.265639	41.000000	261.268191	261.268191	261.268191	4.108087	1.127384
-154.525604	14.659600	-110.690000	26.250000	52.522534	40.000000	247.750357	247.750357	247.750357	4.101171	0.789182
-154.025604	15.159600	-110.690000	26.250000	35.180694	51.000000	248.257931	248.257931	248.257931	4.103454	0.865704
-153.525604	15.659600	-110.690000	26.250000	18.015898	62.000000	248.778651	248.778651	248.778651	4.098243	0.938456
-153.025604	16.159599	-110.690000	26.250000	1.252807	72.000000	249.013140	249.013140	249.013140	4.094027	0.707427
-152.525604	16.659599	-110.690000	26.250000	-16.021003	77.000000	249.662051	249.662051	249.662051	4.091762	0.872198
-152.025604	17.159599	-110.690000	26.250000	-32.729508	77.000000	250.126063	250.026063	250.126063	4.091506	0.833276
-151.525604	17.659599	-110.690000	26.250000	-50.006866	75.000000	250.605885	250.605885	250.705885	4.092023	0.790655
-151.025604	18.159599	-110.690000	26.250000	-66.348724	74.000000	251.202256	251.202256	251.202256	4.096338	0.843870
-150.525604	18.659599	-110.690000	26.250000	-82.933095	67.000000	251.815946	251.815946	251.815946	4.104459	0.893459
-150.025604	19.159599	-110.690000	26.250000	-98.958792	58.000000	252.347758	252.347758	252.347758	4.115175	0.839430
-149.525604	19.659599	-110.690000	26.250000	-115.158665	48.000000	252.998525	252.998525	252.998525	4.128080	0.881260
-149.025604	20.159599	-110.690000	26.250000	-131.087565	39.000000	253.569116	253.569116	253.569116	4.138682	0.819527
-157.931000	21.646000	-110.690000	26.250000	75.487857	77.000000	254.734712	254.734712	254.734712	4.069141	0.547306
-154.691299	17.180099	-110.690000	26.250000	32.165317	81.000000	250.533662	250.533662	250.533662	4.087059	0.957084
-159.525604	23.159599	-110.690000	26.250000	104.198139	44.000000	256.006941	256.006941	256.006941	4.057269	0.495209
-159.025604	23.659599	-110.690000	26.250000	88.495908	52.000000	256.543404	256.443404	256.543404	4.074426	0.446815
-158.525604	24.159599	-110.690000	26.250000	73.212947	59.000000	257.094578	257.094578	257.094578	4.093718	0.394514
-158.025604	24.659599	-110.690000	26.250000	58.045470	66.000000	257.660932	257.660932	257.660932	4.105298	0.338728
-157.525604	25.159599	-110.690000	26.250000	43.406185	65.000000	258.442939	258.442939	258.442939	4.111349	0.479510
-157.025604	25.659599	-110.690000	26.250000	28.639733	59.000000	259.041074	259.041074	259.041074	4.111606	0.416423
-156.525604	26.159599	-110.690000	26.250000	14.688056	51.000000	260.155817	260.155817	260.155817	4.110369	0.849902
-156.025604	26.659599	-110.690000	26.250000	0.453476	41.000000	260.887646	260.887646	260.887646	4.109297	0.880011
-155.025604	14.659600	-110.690000	26.250000	64.264536	40.000000	248.329175	248.329175	248.329175	4.102565	1.289446
-154.525604	15.159600	-110.690000	26.250000	47.340864	51.000000	248.434551	248.434551	248.434551	4.099179	0.967716
-154.025604	15.659600	-110.690000	26.250000	30.206228	61.000000	248.852822	248.852822	248.852822	4.100372	0.941968
-153.525604	16.159599	-110.690000	26.250000	13.157537	71.000000	249.284595	249.284595	249.284595	4.094676	0.912336
-153.025604	16.659599	-110.690000	26.250000	-3.464577	79.000000	249.630503	249.630503	249.630503	4.091980	0.778857
-152.525604	17.159599	-110.690000	26.250000	-20.661761	78.000000	250.191205	250.191205	250.191205	4.088767	0.841427
-152.025604	17.659599	-110.690000	26.250000	-37.339393	78.000000	250.667388	250.667388	250.667388	4.090228	0.800177
-151.525604	18.159599	-110.690000	26.250000	-54.439716	75.000000	251.259769	251.259769	251.259769	4.092438	0.855150
-151.025604	18.659599	-110.690000	26.250000	-70.646982	73.000000	251.869093	251.869093	251.869093	4.097912	0.906229
-150.525604	19.159599	-110.690000	26.250000	-87.039097	65.000000	252.396137	252.396137	252.496137	4.108185	0.853543
-150.025604	19.659599	-110.690000	26.250000	-102.973081	57.000000	253.041706	252.941706	253.041706	4.117851	0.897144
-149.525604	20.159599	-110.690000	26.250000	-119.067642	48.000000	253.706639	253.706639	253.706639	4.128853	0.936902
-149.025604	20.659599	-110.690000	26.250000	-134.789563	38.000000	254.291805	254.291805	254.291805	4.135907	0.872941
-157.859100	14.659600	-110.690000	26.250000	133.751105	38.000000	248.752035	248.752035	248.752035	4.066022	1.336866
-154.617798	20.088900	-110.690000	26.250000	6.063506	90.000000	253.481983	253.481983	253.481983	4.078832	0.758235
-159.525604	23.659599	-110.690000	26.250000	100.896435	42.000000	256.502670	256.502670	256.502670	4.063729	0.491806
-159.025604	24.159599	-110.690000	26.250000	85.304313	52.000000	256.948107	256.948107	256.948107	4.086336	0.341027
-158.525604	24.659599	-110.690000	26.250000	70.269880	59.000000	257.608414	257.608414	257.608414	4.099228	0.386581
-158.025604	25.159599	-110.690000	26.250000	55.284373	60.000000	258.284052	258.184052	258.284052	4.110471	0.428544
-157.525604	25.659599	-110.690000	26.250000	40.775123	59.000000	258.975484	258.975484	258.975484	4.113283	0.466986
-157.025604	26.159599	-110.690000	26.250000	26.230200	51.000000	259.583178	259.583178	259.583178	4.111902	0.401813
-156.525604	26.659599	-110.690000	26.250000	12.429729	41.000000	260.707599	260.707599	260.807599	4.111725	0.833094
-155.525604	14.659600	-110.690000	26.250000	76.819528	40.000000	248.104800	248.104800	248.104800	4.088568	0.990403
-155.025604	15.159600	-110.690000	26.250000	59.014128	50.000000	249.007974	249.007974	249.107974	4.102156	1.470292
-154.525604	15.659600	-110.690000	26.250000	42.255108	61.000000	249.123799	249.123799	249.123799	4.097364	1.146039
-154.025604	16.159599	-110.690000	26.250000	25.363855	70.000000	249.452863	249.352863	249.452863	4.096594	1.017932
-153.525604	16.659599	-110.690000	26.250000	8.435194	79.000000	249.795784	249.795784	249.795784	4.091479	0.886066
-153.025604	17.159599	-110.690000	26.250000	-8.092463	79.000000	250.253200	250.153200	250.253200	4.089079	0.850111
-152.525604	17.659599	-110.690000	26.250000	-25.208787	81.000000	250.725777	250.725777	250.725777	4.086148	0.810383
-152.025604	18.159599	-110.690000	26.250000	-41.786166	79.000000	251.314210	251.314210	251.314210	4.090198	0.866965
-151.525604	18.659599	-110.690000	26.250000	-58.727106	75.000000	251.919221	251.819221	251.919221	4.093567	0.919500
-151.025604	19.159599	-110.690000	26.250000	-74.798917	72.000000	252.441561	252.441561	252.441561	4.100070	0.868338
-150.525604	19.659599	-110.690000	26.250000	-91.062474	65.000000	253.082010	253.082010	253.082010	4.109648	0.913548
-150.025604	20.159599	-110.690000	26.250000	-106.848715	57.000000	253.641379	253.641379	253.641379	4.123246	0.854743
-149.525604	20.659599	-110.690000	26.250000	-122.811589	48.000000	254.320506	254.320506	254.320506	4.132185	0.892312
-149.025604	21.159599	-110.690000	26.250000	-138.381891	38.000000	255.020262	254.920262	255.020262	4.133378	0.926309
-157.700806	16.348400	-110.690000	26.250000	113.965000	69.000000	250.087718	250.087718	250.087718	4.071014	1.121157
-154.495895	18.401699	-110.690000	26.250000	16.786178	87.000000	251.777592	251.777592	251.777592	4.081677	0.907640
-159.525604	24.159599	-110.690000	26.250000	97.675475	42.000000	257.001434	257.001434	257.001434	4.072164	0.488288
-159.025604	24.659599	-110.690000	26.250000	82.287003	50.000000	257.455814	257.455814	257.455814	4.092486	0.335099
-158.525604	25.159599	-110.690000	26.250000	67.459257	53.000000	258.225213	258.225213	258.225213	4.106087	0.478430
-158.025604	25.659599	-110.690000	26.250000	52.615978	53.000000	258.710082	258.710082	258.810082	4.114896	0.318279
-157.525604	26.159599	-110.690000	26.250000	38.323587	51.000000	259.610876	259.610876	259.610876	4.113954	0.554355
-157.025604	26.659599	-110.690000	26.250000	23.984037	41.000000	260.228050	260.228050	260.228050	4.113480	0.487014
-156.025604	14.659600	-110.690000	26.250000	88.747470	41.000000	248.477342	248.477342	248.477342	4.085527	1.292146
-155.525604	15.159600	-110.690000	26.250000	71.593466	50.000000	248.878312	248.778312	248.878312	4.091422	1.273327
-155.025604	15.659600	-110.690000	26.250000	53.989018	61.000000	249.591694	249.491694	249.591694	4.099233	1.550716
-154.525604	16.159599	-110.690000	26.250000	37.333974	72.000000	249.618061	249.618061	249.718061	4.094152	1.124308
-154.025604	16.659599	-110.690000	26.250000	20.639613	79.000000	249.958011	249.958011	249.958011	4.092298	0.993706
-153.525604	17.159599	-110.690000	26.250000	3.844729	80.000000	250.312165	250.312165	250.412165	4.088272	0.859390
-153.025604	17.659599	-110.690000	26.250000	-12.672945	82.000000	250.781169	250.781169	250.781169	4.085626	0.821362
-152.525604	18.159599	-110.690000	26.250000	-29.668445	82.000000	251.365697	251.365697	251.365697	4.084926	0.879180
-152.025604	18.659599	-110.690000	26.250000	-46.123819	80.000000	251.866448	251.866448	251.866448	4.090268	0.833356
-151.525604	19.159599	-110.690000	26.250000	-62.903423	74.000000	252.484149	252.484149	252.484149	4.094601	0.883899
-151.025604	19.659599	-110.690000	26.250000	-78.827861	70.000000	253.119557	253.119557	253.119557	4.103061	0.930318
-150.525604	20.159599	-110.690000	26.250000	-94.911325	64.000000	253.773452	253.673452	253.773452	4.111930	0.973159
-150.025604	20.659599	-110.690000	26.250000	-110.525862	57.000000	254.346648	254.346648	254.346648	4.123248	0.912443
-149.525604	21.159599	-110.690000	26.250000	-126.415310	47.000000	255.039983	255.039983	255.039983	4.131122	0.947624
-149.025604	21.659599	-110.690000	26.250000	-141.838417	38.000000	255.654326	255.654326	255.654326	4.133251	0.879282
-157.627594	20.346100	-110.690000	26.250000	77.879892	82.000000	253.497648	253.497648	253.497648	4.068176	0.612791
-154.482803	21.001900	-110.690000	26.250000	-4.136167	83.000000	254.572720	254.572720	254.572720	4.082325	0.819659
-159.525604	24.659599	-110.690000	26.250000	94.574826	39.000000	257.503153	257.503153	257.503153	4.078517	0.484408
-159.025604	25.159599	-110.690000	26.250000	79.443316	45.000000	258.066438	257.966438	258.066438	4.096476	0.429209
-158.525604	25.659599	-110.690000	26.250000	64.748281	47.000000	258.744878	258.744878	258.744878	4.110024	0.470157
-158.025604	26.159599	-110.690000	26.250000	50.093528	47.000000	259.238918	259.238918	259.238918	4.116797	0.307670
-157.525604	26.659599	-110.690000	26.250000	36.021400	40.000000	260.149000	260.149000	260.249000	4.115863	0.541807
-156.525604	14.659600	-110.690000	26.250000	101.486266	41.000000	248.046906	248.046906	248.046906	4.070511	0.794282
-156.025604	15.159600	-110.690000	26.250000	83.505665	51.000000	249.245672	249.245672	249.245672	4.089296	1.577186
-155.525604	15.659600	-110.690000	26.250000	66.549198	61.000000	249.456618	249.456618	249.456618	4.090571	1.356064
-155.025604	16.159599	-110.690000	26.250000	49.193535	71.000000	249.980297	249.980297	249.980297	4.093746	1.431044
-154.525604	16.659599	-110.690000	26.250000	32.620555	81.000000	250.117295	250.117295	250.117295	4.090677	1.102166
-154.025604	17.159599	-110.690000	26.250000	16.090471	81.000000	250.468212	250.468212	250.468212	4.089271	0.969331
-153.525604	17.659599	-110.690000	26.250000	-0.660752	83.000000	250.933677	250.933677	250.933677	4.084887	0.932665
-153.025604	18.159599	-110.690000	26.250000	-17.121276	84.000000	251.414343	251.414343	251.414343	4.083397	0.892212
-152.525604	18.659599	-110.690000	26.250000	-34.016226	83.000000	251.910887	251.910887	251.910887	4.083997	0.847864
-152.025604	19.159599	-110.690000	26.250000	-50.367785	79.000000	252.524015	252.524015	252.524015	4.091531	0.899744
-151.525604	19.659599	-110.690000	26.250000	-66.905442	74.000000	253.154456	253.054456	253.154456	4.096613	0.947903
-151.025604	20.159599	-110.690000	26.250000	-82.695149	71.000000	253.702969	253.702969	253.702969	4.105420	0.892221
-150.525604	20.659599	-110.690000	26.250000	-98.633573	64.000000	254.370339	254.370339	254.370339	4.116652	0.932816
-150.025604	21.159599	-110.690000	26.250000	-114.050447	56.000000	254.957375	254.957375	254.957375	4.126127	0.869751
-149.525604	21.659599	-110.690000	26.250000	-129.835121	47.000000	255.764916	255.764916	255.764916	4.128447	1.002891
-149.025604	22.159599	-110.690000	26.250000	-145.161587	38.000000	256.393824	256.393824	256.393824	4.127928	0.932350
-157.270004	21.108999	-110.690000	26.250000	63.180200	85.000000	254.227743	254.227743	254.227743	4.073886	0.536278
-154.393997	19.262501	-110.690000	26.250000	7.035420	92.000000	252.676148	252.676148	252.676148	4.078827	0.867284
-159.525604	25.159599	-110.690000	26.250000	91.659315	36.000000	258.007741	258.007741	258.007741	4.084415	0.480523
-159.025604	25.659599	-110.690000	26.250000	76.711259	39.000000	258.579883	258.579883	258.579883	4.106744	0.422969
-158.525604	26.159599	-110.690000	26.250000	62.178965	40.000000	259.267309	259.267309	259.267309	4.113009	0.461805
-158.025604	26.659599	-110.690000	26.250000	47.747298	38.000000	259.870450	259.870450	259.870450	4.117498	0.397100
-157.025604	14.659600	-110.690000	26.250000	113.285062	42.000000	248.613594	248.613594	248.613594	4.075149	1.297135
-156.525604	15.159600	-110.690000	26.250000	96.311227	50.000000	248.810158	248.810158	248.810158	4.076937	1.081640
-156.025604	15.659600	-110.690000	26.250000	78.506519	62.000000	249.718673	249.718673	249.818673	4.087946	1.562000
-155.525604	16.159599	-110.690000	26.250000	61.723010	72.000000	249.939679	249.839679	249.939679	4.088551	1.338493
-155.025604	16.659599	-110.690000	26.250000	44.669377	80.000000	250.273743	250.273743	250.273743	4.090226	1.211207
-154.525604	17.159599	-110.690000	26.250000	28.162477	83.000000	250.521450	250.521450	250.521450	4.087969	0.979832
-154.025604	17.659599	-110.690000	26.250000	11.661267	85.000000	250.983410	250.983410	250.983410	4.086602	0.944674
-153.525604	18.159599	-110.690000	26.250000	-5.036886	85.000000	251.460257	251.460257	251.460257	4.081387	0.905810
-153.025604	18.659599	-110.690000	26.250000	-21.463857	86.000000	251.952647	251.952647	251.952647	4.081875	0.862904
-152.525604	19.159599	-110.690000	26.250000	-38.244986	84.000000	252.561265	252.561265	252.561265	4.085164	0.916292
-152.025604	19.659599	-110.690000	26.250000	-54.450420	77.000000	253.086816	253.086816	253.086816	4.092628	0.866039
-151.525604	20.159599	-110.690000	26.250000	-70.780723	74.000000	253.730036	253.730036	253.730036	4.099456	0.911781
-151.025604	20.659599	-110.690000	26.250000	-86.423402	70.000000	254.391681	254.391681	254.391681	4.107558	0.953889
-150.525604	21.159599	-110.690000	26.250000	-102.185662	63.000000	255.072536	254.972536	255.072536	4.118329	0.992414
-150.025604	21.659599	-110.690000	26.250000	-117.451968	56.000000	255.573411	255.573411	255.573411	4.127240	0.826961
-149.525604	22.159599	-110.690000	26.250000	-133.076653	47.000000	256.395139	256.395139	256.395139	4.127754	0.957943
-149.025604	22.659599	-110.690000	26.250000	-148.283401	38.000000	257.038576	257.038576	257.138576	4.125332	0.885391
-157.227295	18.984800	-110.690000	26.250000	78.764847	85.000000	252.340176	252.340176	252.340176	4.070789	0.817738
-154.251801	21.168699	-110.690000	26.250000	-11.055580	83.000000	254.828242	254.728242	254.828242	4.084356	0.873324
-159.525604	25.659599	-110.690000	26.250000	88.896764	32.000000	258.615108	258.615108	258.615108	4.093042	0.576542
-159.025604	26.159599	-110.690000	26.250000	74.087365	34.000000	259.096055	259.096055	259.096055	4.111937	0.416608
-158.525604	26.659599	-110.690000	26.250000	59.777950	33.000000	259.892400	259.892400	259.892400	4.114054	0.553256
-157.525604	14.659600	-110.690000	26.250000	125.928963	42.000000	248.377505	248.277505	248.377505	4.064992	1.000794
-157.025604	15.159600	-110.690000	26.250000	108.137105	51.000000	249.271870	249.271870	249.271870	4.079417	1.486589
-156.525604	15.659600	-110.690000	26.250000	91.298413	60.000000	249.377962	249.377962	249.377962	4.079442	1.168571
-156.025604	16.159599	-110.690000	26.250000	73.749249	69.000000	250.096308	250.096308	250.096308	4.085493	1.446738
-155.525604	16.659599	-110.690000	26.250000	57.138443	79.000000	250.227458	250.227458	250.227458	4.086134	1.120714
-155.025604	17.159599	-110.690000	26.250000	40.314008	84.000000	250.671983	250.571983	250.671983	4.087542	1.090957
-154.525604	17.659599	-110.690000	26.250000	23.854825	87.000000	251.030473	251.030473	251.030473	4.086360	0.957474
-154.025604	18.159599	-110.690000	26.250000	7.344625	87.000000	251.503543	251.503543	251.503543	4.083921	0.919845
-153.525604	18.659599	-110.690000	26.250000	-9.297081	87.000000	251.991833	251.991833	251.991833	4.079546	0.878556
-153.025604	19.159599	-110.690000	26.250000	-25.712811	85.000000	252.496003	252.496003	252.496003	4.082134	0.833622
-152.525604	19.659599	-110.690000	26.250000	-42.364644	82.000000	253.116739	253.116739	253.116739	4.086041	0.884579
-152.025604	20.159599	-110.690000	26.250000	-58.399064	75.000000	253.654751	253.654751	253.754751	4.094350	0.831942
-151.525604	20.659599	-110.690000	26.250000	-74.506199	71.000000	254.310774	254.310774	254.410774	4.101148	0.875735
-151.025604	21.159599	-110.690000	26.250000	-89.952583	70.000000	254.985564	254.985564	254.985564	4.110287	0.915446
-150.525604	21.659599	-110.690000	26.250000	-105.599552	63.000000	255.679905	255.679905	255.679905	4.120159	0.951622
-150.025604	22.159599	-110.690000	26.250000	-120.694241	56.000000	256.294601	256.294601	256.294601	4.125448	0.884299
-149.525604	22.659599	-110.690000	26.250000	-136.139496	47.000000	257.030480	257.030480	257.030480	4.125978	0.912911
-149.025604	23.159599	-110.690000	26.250000	-151.220435	38.000000	257.788389	257.788389	257.788389	4.118368	0.938039
-156.964600	24.312099	-110.690000	26.250000	34.511367	72.000000	257.737211	257.737211	257.737211	4.105075	0.586642
-154.030502	17.988400	-110.690000	26.250000	8.933772	85.000000	251.358811	251.258811	251.358811	4.085116	0.961992
-159.525604	26.159599	-110.690000	26.250000	86.263152	28.000000	259.225163	259.125163	259.225163	4.097368	0.672215
-159.025604	26.659599	-110.690000	26.250000	71.632261	28.000000	259.714853	259.714853	259.714853	4.112080	0.510308
-158.025604	14.659600	-110.690000	26.250000	137.899220	38.000000	248.738734	248.738734	248.738734	4.066909	1.304886
-157.525604	15.159600	-110.690000	26.250000	120.943744	51.000000	248.830903	248.830903	248.830903	4.067107	0.992380
-157.025604	15.659600	-110.690000	26.250000	103.251975	61.000000	249.734582	249.634582	249.734582	4.078831	1.475839
-156.525604	16.159599	-110.690000	26.250000	86.509039	70.000000	249.850282	249.850282	249.850282	4.079512	1.155385
-156.025604	16.659599	-110.690000	26.250000	69.189463	77.000000	250.378540	250.378540	250.378540	4.083055	1.231059
-155.525604	17.159599	-110.690000	26.250000	52.760553	83.000000	250.619909	250.619909	250.619909	4.084250	1.002771
-155.025604	17.659599	-110.690000	26.250000	36.018444	87.000000	251.074964	251.074964	251.074964	4.086199	0.970640
-154.525604	18.159599	-110.690000	26.250000	19.600034	90.000000	251.544302	251.544302	251.544302	4.083744	0.934712
-154.025604	18.659599	-110.690000	26.250000	3.116840	88.000000	252.028543	251.928543	252.028543	4.081570	0.894887
-153.525604	19.159599	-110.690000	26.250000	-13.494742	88.000000	252.528329	252.528329	252.528329	4.078970	0.851281
-153.025604	19.659599	-110.690000	26.250000	-29.836493	86.000000	253.044323	253.044323	253.044323	4.083041	0.803947
-152.525604	20.159599	-110.690000	26.250000	-46.292818	81.000000	253.677214	253.677214	253.677214	4.088002	0.852772
-152.025604	20.659599	-110.690000	26.250000	-62.152824	76.000000	254.327712	254.327712	254.327712	4.096898	0.897870
-151.525604	21.159599	-110.690000	26.250000	-78.086101	69.000000	254.996550	254.996550	254.996550	4.103304	0.939302
-151.025604	21.659599	-110.690000	26.250000	-93.344976	69.000000	255.684485	255.684485	255.684485	4.111109	0.976944
-150.525604	22.159599	-110.690000	26.250000	-108.811010	63.000000	256.292295	256.292295	256.292295	4.120578	0.910903
-150.025604	22.659599	-110.690000	26.250000	-123.774141	56.000000	256.920779	256.920779	256.920779	4.124484	0.841251
-149.525604	23.159599	-110.690000	26.250000	-139.051845	47.000000	257.670756	257.670756	257.670756	4.123341	0.867853
-149.025604	23.659599	-110.690000	26.250000	-154.027725	38.000000	258.443064	258.443064	258.443064	4.114312	0.890810
-156.932007	19.832701	-110.690000	26.250000	64.414264	85.000000	253.094259	252.994259	253.094259	4.071346	0.703754
-153.992294	18.797600	-110.690000	26.250000	1.165079	87.000000	252.113918	252.113918	252.113918	4.080266	0.828699
-159.525604	26.659599	-110.690000	26.250000	83.761896	23.000000	259.737810	259.737810	259.737810	4.100481	0.667905
-158.525604	14.659600	-110.690000	26.250000	150.353400	34.000000	248.597371	248.597371	248.597371	4.065870	1.109722
-158.025604	15.159600	-110.690000	26.250000	132.955776	47.000000	249.187350	249.187350	249.187350	4.068018	1.298799
-157.525604	15.659600	-110.690000	26.250000	116.127718	61.000000	249.388626	249.288626	249.388626	4.071137	1.083724
-157.025604	16.159599	-110.690000	26.250000	98.595583	69.000000	250.001696	250.001696	250.001696	4.075426	1.264769
-156.525604	16.659599	-110.690000	26.250000	81.937288	76.000000	250.227083	250.227083	250.327083	4.078632	1.042016
-156.025604	17.159599	-110.690000	26.250000	64.868057	83.000000	250.765325	250.765325	250.765325	4.082004	1.115174
-155.525604	17.659599	-110.690000	26.250000	48.536619	87.000000	251.116980	251.116980	251.116980	4.082683	0.984536
-155.025604	18.159599	-110.690000	26.250000	31.734160	92.000000	251.582630	251.582630	251.582630	4.083828	0.950176
-154.525604	18.659599	-110.690000	26.250000	15.392173	91.000000	251.962874	251.962874	252.062874	4.081868	0.811778
-154.025604	19.159599	-110.690000	26.250000	-1.045801	91.000000	252.458337	252.458337	252.558337	4.080549	0.769664
-153.525604	19.659599	-110.690000	26.250000	-17.598336	87.000000	253.069661	253.069661	253.069661	4.079436	0.823896
-153.025604	20.159599	-110.690000	26.250000	-33.777681	83.000000	253.697514	253.697514	253.697514	4.084407	0.874131
-152.525604	20.659599	-110.690000	26.250000	-50.028900	78.000000	254.242584	254.242584	254.342584	4.089922	0.820725
-152.025604	21.159599	-110.690000	26.250000	-65.727333	73.000000	254.905581	254.905581	254.905581	4.098761	0.863724
-151.525604	21.659599	-110.690000	26.250000	-81.490130	69.000000	255.687236	255.587236	255.687236	4.105062	1.002759
-151.025604	22.159599	-110.690000	26.250000	-96.583725	68.000000	256.288301	256.288301	256.288301	4.112792	0.938222
-150.525604	22.659599	-110.690000	26.250000	-111.880729	63.000000	257.009549	257.009549	257.009549	4.118942	0.970142
-150.025604	23.159599	-110.690000	26.250000	-126.684266	56.000000	257.551771	257.551771	257.551771	4.122744	0.798121
-149.525604	23.659599	-110.690000	26.250000	-141.884708	47.000000	258.315777	258.315777	258.315777	4.120124	0.822595
-149.025604	24.159599	-110.690000	26.250000	-156.710472	38.000000	259.102389	259.102389	259.102389	4.112971	0.843569
-156.808197	18.404200	-110.690000	26.250000	73.511631	81.000000	251.851395	251.851395	251.851395	4.073701	0.914873
-153.982697	21.519699	-110.690000	26.250000	-20.040868	79.000000	255.248434	255.248434	255.248434	4.086626	0.872924
-159.025604	14.659600	-110.690000	26.250000	162.532325	29.000000	248.753506	248.753506	248.853506	4.068340	1.215384
-158.525604	15.159600	-110.690000	26.250000	145.484934	41.000000	249.041301	249.041301	249.041301	4.068031	1.105748
-158.025604	15.659600	-110.690000	26.250000	128.171311	55.000000	249.540185	249.540185	249.540185	4.068002	1.192275
-157.525604	16.159599	-110.690000	26.250000	111.513975	68.000000	249.750641	249.750641	249.750641	4.070788	0.974971
-157.025604	16.659599	-110.690000	26.250000	94.085272	77.000000	250.373179	250.373179	250.373179	4.075376	1.153477
-156.525604	17.159599	-110.690000	26.250000	77.565561	78.000000	250.708322	250.708322	250.708322	4.078052	1.028230
-156.025604	17.659599	-110.690000	26.250000	60.671113	87.000000	251.156614	251.156614	251.156614	4.080402	0.999242
-155.525604	18.159599	-110.690000	26.250000	44.338443	91.000000	251.518618	251.518618	251.518618	4.080954	0.866114
-155.025604	18.659599	-110.690000	26.250000	27.540919	93.000000	251.994918	251.994918	251.994918	4.082444	0.829310
-154.525604	19.159599	-110.690000	26.250000	11.280741	93.000000	252.486118	252.486118	252.486118	4.079216	0.788847
-154.025604	19.659599	-110.690000	26.250000	-5.121926	90.000000	253.092845	253.092845	253.092845	4.080067	0.844288
-153.525604	20.159599	-110.690000	26.250000	-21.543730	86.000000	253.615742	253.615742	253.615742	4.080500	0.796120
-153.025604	20.659599	-110.690000	26.250000	-37.565429	80.000000	254.255478	254.255478	254.255478	4.086633	0.844369
-152.525604	21.159599	-110.690000	26.250000	-53.606233	75.000000	254.912740	254.912740	254.912740	4.091926	0.888555
-152.025604	21.659599	-110.690000	26.250000	-69.131552	71.000000	255.588236	255.588236	255.588236	4.101158	0.929192
-151.525604	22.159599	-110.690000	26.250000	-84.739850	69.000000	256.282694	256.282694	256.282694	4.105806	0.966320
-151.025604	22.659599	-110.690000	26.250000	-99.686854	68.000000	256.896861	256.896861	256.896861	4.113506	0.899406
-150.525604	23.159599	-110.690000	26.250000	-114.775731	63.000000	257.631500	257.631500	257.631500	4.118319	0.928998
-150.025604	23.659599	-110.690000	26.250000	-129.477146	56.000000	258.187395	258.187395	258.287395	4.120214	0.755148
-149.525604	24.159599	-110.690000	26.250000	-144.624075	47.000000	259.065340	259.065340	259.065340	4.116426	0.877269
-149.025604	24.659599	-110.690000	26.250000	-159.248728	38.000000	259.866145	259.866145	259.866145	4.109618	0.895943
-156.755997	21.136000	-110.690000	26.250000	50.310998	86.000000	254.367246	254.367246	254.367246	4.075930	0.608899
-153.967499	14.731300	-110.690000	26.250000	38.223905	40.000000	247.633900	247.633900	247.633900	4.103173	0.691480
-159.525604	14.659600	-110.690000	26.250000	174.877218	23.000000	248.707224	248.707224	248.707224	4.076874	1.121519
-159.025604	15.159600	-110.690000	26.250000	157.681766	35.000000	249.192843	249.192843	249.192843	4.068187	1.213558
-158.525604	15.659600	-110.690000	26.250000	140.746342	48.000000	249.389346	249.389346	249.489346	4.068514	1.001551
-158.025604	16.159599	-110.690000	26.250000	123.526233	63.000000	249.997206	249.997206	249.997206	4.068978	1.185615
-157.525604	16.659599	-110.690000	26.250000	106.939211	77.000000	250.316918	250.316918	250.316918	4.070997	1.065793
-157.025604	17.159599	-110.690000	26.250000	89.701668	78.000000	250.748991	250.748991	250.748991	4.075141	1.042001
-156.525604	17.659599	-110.690000	26.250000	73.301149	82.000000	251.193954	251.193954	251.193954	4.076485	1.014355
-156.025604	18.159599	-110.690000	26.250000	56.428960	87.000000	251.552356	251.552356	251.652356	4.078815	0.882902
-155.525604	18.659599	-110.690000	26.250000	40.130281	92.000000	252.024762	252.024762	252.024762	4.078656	0.847547
-155.025604	19.159599	-110.690000	26.250000	23.460825	97.000000	252.511761	252.511761	252.511761	4.080095	0.808403
-154.525604	19.659599	-110.690000	26.250000	7.186000	93.000000	253.013959	253.013959	253.013959	4.078655	0.765523
-154.025604	20.159599	-110.690000	26.250000	-9.046607	88.000000	253.631982	253.631982	253.631982	4.080718	0.818802
-153.525604	20.659599	-110.690000	26.250000	-25.313872	83.000000	254.266476	254.266476	254.266476	4.082534	0.868348
-153.025604	21.159599	-110.690000	26.250000	-41.196833	76.000000	254.918109	254.918109	254.918109	4.088922	0.914223
-152.525604	21.659599	-110.690000	26.250000	-57.043852	73.000000	255.587564	255.487564	255.587564	4.094125	0.956310
-152.025604	22.159599	-110.690000	26.250000	-72.411862	70.000000	256.175548	256.175548	256.275548	4.102232	0.894713
-151.525604	22.659599	-110.690000	26.250000	-87.820866	68.000000	256.882782	256.882782	256.882782	4.106889	0.929501
-151.025604	23.159599	-110.690000	26.250000	-102.598985	68.000000	257.510006	257.510006	257.610006	4.113258	0.860549
-150.525604	23.659599	-110.690000	26.250000	-117.553980	63.000000	258.257975	258.257975	258.257975	4.116925	0.887954
-150.025604	24.159599	-110.690000	26.250000	-132.142394	56.000000	258.927459	258.927459	258.927459	4.116919	0.811794
-149.525604	24.659599	-110.690000	26.250000	-147.208576	47.000000	259.719238	259.719238	259.719238	4.114972	0.831933
-149.025604	25.159599	-110.690000	26.250000	-161.607056	35.000000	260.434104	260.434104	260.434104	4.107385	0.748464
-156.658005	20.891001	-110.690000	26.250000	49.719450	87.000000	254.079427	254.079427	254.079427	4.075179	0.572890
-153.902405	19.979099	-110.690000	26.250000	-10.649420	88.000000	253.410908	253.410908	253.410908	4.080252	0.801087
-159.525604	15.159600	-110.690000	26.250000	170.058075	29.000000	249.042058	249.042058	249.042058	4.075963	1.022029
-159.025604	15.659600	-110.690000	26.250000	152.860961	41.000000	249.636193	249.536193	249.636193	4.069147	1.211472
-158.525604	16.159599	-110.690000	26.250000	136.064309	55.000000	249.941474	249.941474	249.941474	4.069348	1.097021
-158.025604	16.659599	-110.690000	26.250000	118.934281	70.000000	250.458383	250.358383	250.458383	4.068567	1.178753
-157.525604	17.159599	-110.690000	26.250000	102.399017	78.000000	250.787415	250.787415	250.887415	4.071348	1.056392
-157.025604	17.659599	-110.690000	26.250000	85.317745	80.000000	251.229086	251.229086	251.229086	4.074748	1.030225
-156.525604	18.159599	-110.690000	26.250000	68.998990	85.000000	251.583928	251.583928	251.583928	4.075149	0.900318
-156.025604	18.659599	-110.690000	26.250000	52.087888	87.000000	252.052493	252.052493	252.052493	4.076965	0.866375
-155.525604	19.159599	-110.690000	26.250000	35.908920	93.000000	252.535349	252.535349	252.535349	4.076826	0.828707
-155.025604	19.659599	-110.690000	26.250000	19.409410	96.000000	253.033087	253.033087	253.033087	4.079064	0.787370
-154.525604	20.159599	-110.690000	26.250000	3.160287	89.000000	253.546314	253.546314	253.546314	4.079207	0.742044
-154.025604	20.659599	-110.690000	26.250000	-12.805922	85.000000	254.175657	254.175657	254.175657	4.082548	0.793069
-153.525604	21.159599	-110.690000	26.250000	-28.910470	79.000000	254.821762	254.821762	254.821762	4.084675	0.840487
-153.025604	21.659599	-110.690000	26.250000	-44.689364	76.000000	255.485293	255.485293	255.485293	4.091442	0.883954
-152.525604	22.159599	-110.690000	26.250000	-60.313632	72.000000	256.166932	256.166932	256.166932	4.096321	0.923841
-152.025604	22.659599	-110.690000	26.250000	-75.533118	70.000000	256.867379	256.867379	256.867379	4.102842	0.960177
-151.525604	23.159599	-110.690000	26.250000	-90.749321	68.000000	257.487348	257.487348	257.587348	4.107282	0.892589
-151.025604	23.659599	-110.690000	26.250000	-105.379852	68.000000	258.227571	258.127571	258.227571	4.112264	0.921489
-150.525604	24.159599	-110.690000	26.250000	-120.220991	63.000000	258.888791	258.888791	258.888791	4.114770	0.846884
-150.025604	24.659599	-110.690000	26.250000	-134.662387	56.000000	259.671763	259.671763	259.771763	4.115786	0.868374
-149.525604	25.159599	-110.690000	26.250000	-149.575748	43.000000	260.277252	260.277252	260.377252	4.112496	0.686415
-149.025604	25.659599	-110.690000	26.250000	-163.828213	31.000000	261.006027	261.006027	261.006027	4.103544	0.600989
-156.510101	19.477699	-110.690000	26.250000	57.168679	88.000000	252.816565	252.816565	252.816565	4.072121	0.782383
-153.868195	17.315399	-110.690000	26.250000	10.923777	82.000000	250.610844	250.610844	250.610844	4.088149	0.957620
-159.525604	15.659600	-110.690000	26.250000	165.263891	34.000000	249.580807	249.480807	249.580807	4.076370	1.122091
-159.025604	16.159599	-110.690000	26.250000	148.112017	46.000000	249.983528	249.983528	249.983528	4.069019	1.109268
-158.525604	16.659599	-110.690000	26.250000	131.414171	60.000000	250.397657	250.397657	250.497657	4.070427	1.092253
-158.025604	17.159599	-110.690000	26.250000	114.403735	72.000000	250.823679	250.823679	250.823679	4.069244	1.071467
-157.525604	17.659599	-110.690000	26.250000	97.893059	80.000000	251.262093	251.262093	251.262093	4.070764	1.046923
-157.025604	18.159599	-110.690000	26.250000	80.889472	81.000000	251.713418	251.613418	251.713418	4.072664	1.018245
-156.525604	18.659599	-110.690000	26.250000	64.587917	86.000000	252.078190	252.078190	252.078190	4.073732	0.885874
-156.025604	19.159599	-110.690000	26.250000	47.769277	91.000000	252.556963	252.556963	252.556963	4.075790	0.849830
-155.525604	19.659599	-110.690000	26.250000	31.748774	96.000000	253.050309	253.050309	253.050309	4.076307	0.809698
-155.025604	20.159599	-110.690000	26.250000	15.414286	93.000000	253.558818	253.558818	253.558818	4.079606	0.765945
-154.525604	20.659599	-110.690000	26.250000	-0.635243	89.000000	254.183098	254.183098	254.183098	4.080245	0.818597
-154.025604	21.159599	-110.690000	26.250000	-16.456010	82.000000	254.823775	254.823775	254.823775	4.085200	0.867200
-153.525604	21.659599	-110.690000	26.250000	-32.362698	78.000000	255.481493	255.481493	255.481493	4.086740	0.912243
-153.025604	22.159599	-110.690000	26.250000	-47.992555	73.000000	256.156914	256.156914	256.156914	4.093143	0.953765
-152.525604	22.659599	-110.690000	26.250000	-63.460811	71.000000	256.850713	256.750713	256.850713	4.097116	0.991267
-152.025604	23.159599	-110.690000	26.250000	-78.515084	68.000000	257.463584	257.463584	257.463584	4.102975	0.925264
-151.525604	23.659599	-110.690000	26.250000	-93.532710	69.000000	258.196233	258.096233	258.196233	4.106391	0.955808
-151.025604	24.159599	-110.690000	26.250000	-108.059024	69.000000	258.849381	258.849381	258.849381	4.110428	0.882352
-150.525604	24.659599	-110.690000	26.250000	-122.783460	64.000000	259.623757	259.623757	259.623757	4.114474	0.905439
-150.025604	25.159599	-110.690000	26.250000	-137.024151	51.000000	260.420100	260.420100	260.520100	4.115687	0.925136
-149.525604	25.659599	-110.690000	26.250000	-151.746168	38.000000	260.939155	260.939155	260.939155	4.109817	0.640844
-149.025604	26.159599	-110.690000	26.250000	-165.895244	27.000000	261.581670	261.581670	261.681670	4.098840	0.453137
-156.465103	18.775000	-110.690000	26.250000	62.099768	84.000000	252.211989	252.211989	252.211989	4.073823	0.902098
-153.700806	17.297501	-110.690000	26.250000	7.004628	83.000000	250.500086	250.500086	250.500086	4.086925	0.880931
-159.525604	16.159599	-110.690000	26.250000	160.480994	38.000000	250.023446	250.023446	250.023446	4.072773	1.121997
-159.025604	16.659599	-110.690000	26.250000	143.431163	50.000000	250.434820	250.434820	250.434820	4.069198	1.106630
-158.525604	17.159599	-110.690000	26.250000	126.845012	62.000000	250.857860	250.857860	250.957860	4.068691	1.087284
-158.025604	17.659599	-110.690000	26.250000	109.926958	71.000000	251.293053	251.293053	251.293053	4.068057	1.064072
-157.525604	18.159599	-110.690000	26.250000	93.494647	80.000000	251.640903	251.640903	251.740903	4.070366	0.937041
-157.025604	18.659599	-110.690000	26.250000	76.449256	83.000000	252.101933	252.101933	252.101933	4.071598	0.906103
-156.525604	19.159599	-110.690000	26.250000	60.240179	91.000000	252.476680	252.476680	252.476680	4.072624	0.771368
-156.025604	19.659599	-110.690000	26.250000	43.619327	95.000000	252.965701	252.965701	252.965701	4.075097	0.732887
-155.525604	20.159599	-110.690000	26.250000	27.663069	97.000000	253.469567	253.469567	253.569567	4.077098	0.690565
-155.025604	20.659599	-110.690000	26.250000	11.527201	90.000000	254.088870	254.088870	254.088870	4.081259	0.744504
-154.525604	21.159599	-110.690000	26.250000	-4.149775	84.000000	254.724217	254.724217	254.724217	4.083006	0.794765
-154.025604	21.659599	-110.690000	26.250000	-19.967312	80.000000	255.376232	255.376232	255.376232	4.087296	0.841241
-153.525604	22.159599	-110.690000	26.250000	-35.702072	76.000000	256.045556	256.045556	256.045556	4.088904	0.884030
-153.025604	22.659599	-110.690000	26.250000	-51.174748	73.000000	256.732844	256.732844	256.732844	4.094790	0.923201
-152.525604	23.159599	-110.690000	26.250000	-66.476320	69.000000	257.438768	257.438768	257.438768	4.097679	0.958636
-152.025604	23.659599	-110.690000	26.250000	-81.346619	69.000000	258.064012	258.064012	258.064012	4.103399	0.890429
-151.525604	24.159599	-110.690000	26.250000	-96.248528	69.000000	258.809272	258.809272	258.809272	4.105638	0.918656
-151.025604	24.659599	-110.690000	26.250000	-110.615062	69.000000	259.475255	259.475255	259.575255	4.110346	0.843189
-150.525604	25.159599	-110.690000	26.250000	-125.152827	59.000000	260.262676	260.262676	260.262676	4.114265	0.864118
-150.025604	25.659599	-110.690000	26.250000	-139.235925	45.000000	261.172255	261.172255	261.172255	4.116243	0.981526
-149.525604	26.159599	-110.690000	26.250000	-153.779968	33.000000	261.604715	261.604715	261.604715	4.107491	0.595278
-149.025604	26.659599	-110.690000	26.250000	-167.741933	22.000000	262.360779	262.360779	262.360779	4.096297	0.505456
