-156.387695	17.614901	153.190000	-4.530000	-76.977833	78.000000	71.448495	71.348495	71.448495	4.062636	0.642618
-153.503204	19.495199	153.190000	-4.530000	10.092943	87.000000	71.281348	71.281348	71.381348	4.099081	0.153622
-159.525604	16.659599	153.190000	-4.530000	-162.805545	41.000000	70.608553	70.608553	70.708553	4.073852	0.812099
-159.025604	17.159599	153.190000	-4.530000	-146.338256	50.000000	70.721350	70.721350	70.721350	4.066039	1.019846
-158.525604	17.659599	153.190000	-4.530000	-129.279825	62.000000	70.538094	70.538094	70.538094	4.061543	0.921686
-158.025604	18.159599	153.190000	-4.530000	-112.886491	75.000000	70.458519	70.458519	70.558519	4.051189	0.917634
-157.525604	18.659599	153.190000	-4.530000	-95.675493	81.000000	70.282368	70.182368	70.282368	4.045696	0.807397
-157.025604	19.159599	153.190000	-4.530000	-78.962659	87.000000	70.109395	70.109395	70.109395	4.042708	0.691097
-156.525604	19.659599	153.190000	-4.530000	-62.034822	89.000000	69.939363	69.939363	69.939363	4.043552	0.568745
-156.025604	20.159599	153.190000	-4.530000	-44.741160	93.000000	69.872043	69.772043	69.872043	4.047597	0.540058
-155.525604	20.659599	153.190000	-4.530000	-27.967160	91.000000	69.707216	69.707216	69.807216	4.058129	0.405149
-155.025604	21.159599	153.190000	-4.530000	-11.171150	88.000000	69.744672	69.644672	69.744672	4.067182	0.464021
-154.525604	21.659599	153.190000	-4.530000	5.063078	82.000000	69.784205	69.784205	69.784205	4.079437	0.516403
-154.025604	22.159599	153.190000	-4.530000	21.769405	77.000000	69.725620	69.725620	69.725620	4.088949	0.462397
-153.525604	22.659599	153.190000	-4.530000	38.260253	74.000000	69.668727	69.668727	69.668727	4.091680	0.402001
-153.025604	23.159599	153.190000	-4.530000	54.788686	69.000000	69.713344	69.713344	69.713344	4.089696	0.434954
-152.525604	23.659599	153.190000	-4.530000	71.186882	69.000000	69.759293	69.759293	69.759293	4.083196	0.461348
-152.025604	24.159599	153.190000	-4.530000	87.558628	69.000000	69.706403	69.706403	69.706403	4.075730	0.381178
-151.525604	24.659599	153.190000	-4.530000	103.864955	69.000000	69.754510	69.754510	69.754510	4.070808	0.394189
-151.025604	25.159599	153.190000	-4.530000	120.129251	64.000000	69.903454	69.903454	69.903454	4.068856	0.500467
-150.525604	25.659599	153.190000	-4.530000	136.438241	52.000000	69.953080	69.953080	70.053080	4.063814	0.500003
-150.025604	26.159599	153.190000	-4.530000	152.765452	39.000000	70.103238	70.103238	70.103238	4.059924	0.592549
-149.525604	26.659599	153.190000	-4.530000	169.171508	27.000000	70.053783	70.053783	70.053783	4.049877	0.478185
-156.206604	16.162001	153.190000	-4.530000	-84.907244	68.000000	72.411954	72.411954	72.411954	4.075639	0.524319
-153.295898	18.800900	153.190000	-4.530000	9.204156	84.000000	71.934422	71.934422	71.934422	4.098484	0.281867
-159.525604	17.159599	153.190000	-4.530000	-158.461394	41.000000	70.408774	70.408774	70.408774	4.067411	0.986522
-159.025604	17.659599	153.190000	-4.530000	-141.856402	52.000000	70.427044	70.427044	70.427044	4.059315	1.091420
-158.525604	18.159599	153.190000	-4.530000	-124.886756	64.000000	70.249057	70.249057	70.249057	4.055003	0.990141
-158.025604	18.659599	153.190000	-4.530000	-108.234866	74.000000	70.074554	70.074554	70.074554	4.043306	0.882970
-157.525604	19.159599	153.190000	-4.530000	-91.133477	85.000000	69.903284	69.903284	69.903284	4.040556	0.769803
-157.025604	19.659599	153.190000	-4.530000	-74.154071	88.000000	69.735006	69.735006	69.735006	4.038512	0.650318
-156.525604	20.159599	153.190000	-4.530000	-57.208240	90.000000	69.569489	69.569489	69.569489	4.041683	0.524779
-156.025604	20.659599	153.190000	-4.530000	-39.914716	92.000000	69.506512	69.506512	69.506512	4.048052	0.493081
-155.525604	21.159599	153.190000	-4.530000	-23.247126	88.000000	69.445858	69.445858	69.445858	4.058857	0.454918
-155.025604	21.659599	153.190000	-4.530000	-6.459772	83.000000	69.487324	69.487324	69.487324	4.070689	0.510532
-154.525604	22.159599	153.190000	-4.530000	9.767035	77.000000	69.530708	69.530708	69.530708	4.082214	0.559823
-154.025604	22.659599	153.190000	-4.530000	26.505529	75.000000	69.475821	69.475821	69.475821	4.088488	0.502492
-153.525604	23.159599	153.190000	-4.530000	43.030368	72.000000	69.522477	69.522477	69.522477	4.087813	0.538766
-153.025604	23.659599	153.190000	-4.530000	59.500322	69.000000	69.470496	69.470496	69.470496	4.085553	0.468546
-152.525604	24.159599	153.190000	-4.530000	75.857150	69.000000	69.519708	69.519708	69.519708	4.077007	0.491543
-152.025604	24.659599	153.190000	-4.530000	92.246054	69.000000	69.569945	69.569945	69.569945	4.071678	0.507970
-151.525604	25.159599	153.190000	-4.530000	108.526519	64.000000	69.621045	69.621045	69.621045	4.068747	0.517727
-151.025604	25.659599	153.190000	-4.530000	124.794314	57.000000	69.772854	69.772854	69.772854	4.067515	0.620536
-150.525604	26.159599	153.190000	-4.530000	141.161897	45.000000	69.825219	69.825219	69.825219	4.063152	0.616595
-150.025604	26.659599	153.190000	-4.530000	157.549008	32.000000	69.777995	69.777995	69.777995	4.054301	0.505805
-149.025604	14.659600	153.190000	-4.530000	87.391052	21.000000	77.802959	77.802959	77.802959	4.060398	1.842657
-156.167007	18.301001	153.190000	-4.530000	-65.709535	84.000000	71.040333	70.940333	71.040333	4.058956	0.576076
-153.292099	20.892599	153.190000	-4.530000	27.675997	81.000000	70.601929	70.601929	70.601929	4.105281	0.185942
-159.525604	17.659599	153.190000	-4.530000	-153.960794	41.000000	70.111916	70.111916	70.111916	4.064046	1.060710
-159.025604	18.159599	153.190000	-4.530000	-137.356639	51.000000	70.135580	70.135580	70.135580	4.052841	1.162523
-158.525604	18.659599	153.190000	-4.530000	-120.280813	64.000000	69.862785	69.862785	69.862785	4.045789	0.958274
-158.025604	19.159599	153.190000	-4.530000	-103.507474	76.000000	69.693277	69.693277	69.693277	4.036888	0.848032
-157.525604	19.659599	153.190000	-4.530000	-86.373514	85.000000	69.426813	69.426813	69.526813	4.036935	0.631713
-157.025604	20.159599	153.190000	-4.530000	-69.224956	86.000000	69.363156	69.363156	69.363156	4.037067	0.609182
-156.525604	20.659599	153.190000	-4.530000	-52.259497	88.000000	69.202083	69.202083	69.202083	4.041904	0.480500
-156.025604	21.159599	153.190000	-4.530000	-35.067585	87.000000	69.143376	69.143376	69.143376	4.049844	0.445582
-155.525604	21.659599	153.190000	-4.530000	-18.461965	83.000000	69.186827	69.186827	69.186827	4.061381	0.504296
-155.025604	22.159599	153.190000	-4.530000	-1.677093	80.000000	69.232233	69.132233	69.232233	4.073709	0.556694
-154.525604	22.659599	153.190000	-4.530000	14.565282	75.000000	69.279402	69.279402	69.279402	4.082759	0.602692
-154.025604	23.159599	153.190000	-4.530000	31.313680	73.000000	69.228147	69.228147	69.228147	4.087228	0.542160
-153.525604	23.659599	153.190000	-4.530000	47.828763	70.000000	69.278286	69.278286	69.278286	4.084916	0.575144
-153.025604	24.159599	153.190000	-4.530000	64.264539	69.000000	69.229646	69.229646	69.229646	4.080895	0.501559
-152.525604	24.659599	153.190000	-4.530000	80.591781	69.000000	69.282059	69.282059	69.282059	4.073139	0.521277
-152.025604	25.159599	153.190000	-4.530000	96.989635	64.000000	69.335361	69.335361	69.335361	4.069324	0.534338
-151.525604	25.659599	153.190000	-4.530000	113.254977	57.000000	69.489396	69.489396	69.489396	4.068393	0.640656
-151.025604	26.159599	153.190000	-4.530000	129.573637	49.000000	69.644011	69.644011	69.644011	4.067839	0.740108
-150.525604	26.659599	153.190000	-4.530000	146.030726	36.000000	69.499059	69.499059	69.499059	4.058248	0.532725
-149.525604	14.659600	153.190000	-4.530000	74.381881	27.000000	77.466746	77.466746	77.466746	4.061564	1.700762
-149.025604	15.159600	153.190000	-4.530000	90.234478	27.000000	77.345688	77.345688	77.345688	4.065870	1.660299
-155.996994	20.771000	153.190000	-4.530000	-38.133842	89.000000	69.392444	69.392444	69.492444	4.048456	0.432855
-153.290604	17.906200	153.190000	-4.530000	1.654108	78.000000	72.545060	72.545060	72.545060	4.095067	0.347409
-159.525604	18.159599	153.190000	-4.530000	-149.335203	39.000000	69.817997	69.817997	69.817997	4.056374	1.134589
-159.025604	18.659599	153.190000	-4.530000	-132.768076	52.000000	69.846975	69.846975	69.846975	4.040450	1.233286
-158.525604	19.159599	153.190000	-4.530000	-115.483405	65.000000	69.379292	69.379292	69.479292	4.041726	0.826000
-158.025604	19.659599	153.190000	-4.530000	-98.710882	80.000000	69.314701	69.214701	69.314701	4.031313	0.812751
-157.525604	20.159599	153.190000	-4.530000	-81.439894	85.000000	69.052965	69.052965	69.052965	4.033569	0.593250
-157.025604	20.659599	153.190000	-4.530000	-64.249107	87.000000	68.993856	68.893856	68.993856	4.036341	0.567610
-156.525604	21.159599	153.190000	-4.530000	-47.268975	88.000000	68.937152	68.937152	68.937152	4.043823	0.535844
-156.025604	21.659599	153.190000	-4.530000	-30.174252	85.000000	68.882644	68.882644	68.882644	4.052886	0.497675
-155.525604	22.159599	153.190000	-4.530000	-13.583631	80.000000	68.930128	68.930128	68.930128	4.066427	0.553206
-155.025604	22.659599	153.190000	-4.530000	3.147973	76.000000	68.979407	68.979407	68.979407	4.077320	0.602443
-154.525604	23.159599	153.190000	-4.530000	19.444418	74.000000	69.030292	69.030292	69.030292	4.083669	0.645120
-154.025604	23.659599	153.190000	-4.530000	36.173446	71.000000	68.982602	68.982602	68.982602	4.085762	0.581330
-153.525604	24.159599	153.190000	-4.530000	52.656391	69.000000	69.036160	69.036160	69.036160	4.082692	0.611075
-153.025604	24.659599	153.190000	-4.530000	69.092152	69.000000	68.990797	68.990797	68.990797	4.077287	0.534097
-152.525604	25.159599	153.190000	-4.530000	85.392912	64.000000	69.146348	69.146348	69.146348	4.071638	0.650480
-152.025604	25.659599	153.190000	-4.530000	101.790156	57.000000	69.202654	69.202654	69.202654	4.069111	0.660223
-151.525604	26.159599	153.190000	-4.530000	118.105298	50.000000	69.359563	69.359563	69.359563	4.069863	0.763076
-151.025604	26.659599	153.190000	-4.530000	134.507452	40.000000	69.316926	69.316926	69.316926	4.064189	0.659116
-150.025604	14.659600	153.190000	-4.530000	61.486656	32.000000	77.228033	77.228033	77.228033	4.067001	1.658697
-149.525604	15.159600	153.190000	-4.530000	77.295761	34.000000	77.007351	77.007351	77.007351	4.065368	1.521235
-149.025604	15.659600	153.190000	-4.530000	93.148076	32.000000	76.889774	76.889774	76.889774	4.072497	1.477458
-155.772995	19.079000	153.190000	-4.530000	-48.628664	91.000000	70.701163	70.601163	70.701163	4.056551	0.532734
-152.981201	18.301800	153.190000	-4.530000	12.661919	81.000000	72.405570	72.405570	72.405570	4.102349	0.293974
-159.525604	18.659599	153.190000	-4.530000	-144.639985	41.000000	69.427032	69.427032	69.427032	4.051055	1.107994
-159.025604	19.159599	153.190000	-4.530000	-127.968191	54.000000	69.361241	69.361241	69.361241	4.036087	1.103800
-158.525604	19.659599	153.190000	-4.530000	-110.629827	69.000000	68.998589	68.998589	68.998589	4.034099	0.793367
-158.025604	20.159599	153.190000	-4.530000	-93.689113	79.000000	68.838837	68.838837	68.838837	4.028260	0.676971
-157.525604	20.659599	153.190000	-4.530000	-76.430309	84.000000	68.681752	68.681752	68.681752	4.032657	0.554499
-157.025604	21.159599	153.190000	-4.530000	-59.180930	84.000000	68.527113	68.527113	68.527113	4.038135	0.425645
-156.525604	21.659599	153.190000	-4.530000	-42.276863	85.000000	68.574705	68.574705	68.574705	4.047526	0.490662
-156.025604	22.159599	153.190000	-4.530000	-25.197982	81.000000	68.524323	68.524323	68.624323	4.058297	0.449442
-155.525604	22.659599	153.190000	-4.530000	-8.715733	79.000000	68.675767	68.675767	68.675767	4.071482	0.601689
-155.025604	23.159599	153.190000	-4.530000	8.023076	75.000000	68.628848	68.628848	68.628848	4.079925	0.547639
-154.525604	23.659599	153.190000	-4.530000	24.351325	71.000000	68.683382	68.683382	68.683382	4.084639	0.587183
-154.025604	24.159599	153.190000	-4.530000	41.089095	69.000000	68.739190	68.739190	68.739190	4.084547	0.620038
-153.525604	24.659599	153.190000	-4.530000	57.538572	69.000000	68.696101	68.696101	68.796101	4.080346	0.546422
-153.025604	25.159599	153.190000	-4.530000	73.950904	64.000000	68.753949	68.753949	68.753949	4.075262	0.566230
-152.525604	25.659599	153.190000	-4.530000	90.286171	57.000000	68.912575	68.912575	68.912575	4.071050	0.679186
-152.025604	26.159599	153.190000	-4.530000	106.679007	50.000000	68.971825	68.971825	68.971825	4.068978	0.685495
-151.525604	26.659599	153.190000	-4.530000	123.047746	41.000000	69.031548	69.031548	69.031548	4.067236	0.685053
-150.525604	14.659600	153.190000	-4.530000	48.314519	36.000000	76.686768	76.686768	76.686768	4.070126	1.316201
-150.025604	15.159600	153.190000	-4.530000	64.419099	41.000000	76.766471	76.766471	76.766471	4.070490	1.482010
-149.525604	15.659600	153.190000	-4.530000	80.329643	39.000000	76.549364	76.549364	76.649364	4.071314	1.341384
-149.025604	16.159599	153.190000	-4.530000	96.129415	36.000000	76.435236	76.435236	76.435236	4.081882	1.294351
-159.664993	22.122999	153.190000	-4.530000	-111.493736	43.000000	65.949628	65.949628	65.949628	4.029666	0.154702
-155.765305	26.776699	153.190000	-4.530000	28.924984	38.000000	65.996646	65.996646	65.996646	4.096331	0.471533
-152.765793	25.592800	153.190000	-4.530000	84.056062	61.000000	68.791329	68.791329	68.791329	4.073172	0.672311
-159.525604	19.159599	153.190000	-4.530000	-139.781608	43.000000	68.939035	68.939035	68.939035	4.044968	0.981132
-159.025604	19.659599	153.190000	-4.530000	-122.997330	55.000000	68.878391	68.878391	68.878391	4.029820	0.973826
-158.525604	20.159599	153.190000	-4.530000	-105.661931	69.000000	68.520688	68.520688	68.620688	4.029897	0.660388
-158.025604	20.659599	153.190000	-4.530000	-88.542770	78.000000	68.365693	68.365693	68.465693	4.026872	0.540887
-157.525604	21.159599	153.190000	-4.530000	-71.304438	85.000000	68.313181	68.313181	68.313181	4.033657	0.515234
-157.025604	21.659599	153.190000	-4.530000	-54.141384	84.000000	68.262935	68.162935	68.262935	4.041776	0.483298
-156.525604	22.159599	153.190000	-4.530000	-37.215975	81.000000	68.214747	68.214747	68.314747	4.052888	0.445139
-156.025604	22.659599	153.190000	-4.530000	-20.188598	81.000000	68.268416	68.268416	68.268416	4.063780	0.500667
-155.525604	23.159599	153.190000	-4.530000	-3.832479	73.000000	68.323750	68.323750	68.323750	4.076153	0.549756
-155.025604	23.659599	153.190000	-4.530000	12.921648	71.000000	68.380562	68.380562	68.380562	4.082444	0.592454
-154.525604	24.159599	153.190000	-4.530000	29.280008	71.000000	68.438674	68.438674	68.438674	4.084878	0.628675
-154.025604	24.659599	153.190000	-4.530000	46.041489	69.000000	68.397912	68.397912	68.397912	4.083574	0.558293
-153.525604	25.159599	153.190000	-4.530000	62.463706	64.000000	68.458110	68.458110	68.458110	4.077951	0.581352
-153.025604	25.659599	153.190000	-4.530000	78.880684	57.000000	68.519105	68.519105	68.519105	4.073607	0.597763
-152.525604	26.159599	153.190000	-4.530000	95.248981	50.000000	68.680744	68.680744	68.680744	4.071266	0.707404
-152.025604	26.659599	153.190000	-4.530000	111.680247	41.000000	68.742873	68.742873	68.742873	4.069439	0.710312
-151.025604	14.659600	153.190000	-4.530000	35.671096	40.000000	76.642896	76.642896	76.642896	4.073989	1.473496
-150.525604	15.159600	153.190000	-4.530000	51.363483	45.000000	76.222996	76.222996	76.222996	4.073234	1.142478
-150.025604	15.659600	153.190000	-4.530000	67.565508	48.000000	76.406369	76.306369	76.406369	4.074240	1.404980
-149.525604	16.159599	153.190000	-4.530000	83.419901	45.000000	76.192802	76.192802	76.192802	4.078151	1.261135
-149.025604	16.659599	153.190000	-4.530000	99.182071	39.000000	76.082083	76.082083	76.082083	4.091155	1.210900
-159.401001	21.971001	153.190000	-4.530000	-107.112518	48.000000	66.347070	66.347070	66.347070	4.026411	0.275374
-155.714996	18.000299	153.190000	-4.530000	-57.011658	86.000000	71.360037	71.360037	71.360037	4.066031	0.457071
-152.132401	18.481400	153.190000	-4.530000	34.923971	77.000000	72.792968	72.792968	72.792968	4.112258	0.367493
-159.525604	19.659599	153.190000	-4.530000	-134.748991	42.000000	68.454018	68.454018	68.454018	4.037547	0.853939
-159.025604	20.159599	153.190000	-4.530000	-117.946902	57.000000	68.398435	68.398435	68.498435	4.024485	0.843489
-158.525604	20.659599	153.190000	-4.530000	-100.486037	70.000000	68.145598	68.045598	68.145598	4.025596	0.626980
-158.025604	21.159599	153.190000	-4.530000	-83.332198	77.000000	67.995279	67.995279	67.995279	4.026986	0.504435
-157.525604	21.659599	153.190000	-4.530000	-66.184694	82.000000	67.947259	67.947259	67.947259	4.037261	0.475573
-157.025604	22.159599	153.190000	-4.530000	-48.992964	82.000000	67.901328	67.901328	67.901328	4.047616	0.440492
-156.525604	22.659599	153.190000	-4.530000	-32.123165	78.000000	67.957284	67.957284	67.957284	4.059305	0.499212
-156.025604	23.159599	153.190000	-4.530000	-15.193157	74.000000	68.014930	68.014930	68.014930	4.071719	0.551462
-155.525604	23.659599	153.190000	-4.530000	1.097898	71.000000	68.074079	68.074079	68.074079	4.079244	0.597330
-155.025604	24.159599	153.190000	-4.530000	17.852800	70.000000	68.134551	68.134551	68.134551	4.084914	0.636831
-154.525604	24.659599	153.190000	-4.530000	34.281835	70.000000	68.196172	68.196172	68.196172	4.085559	0.669702
-154.025604	25.159599	153.190000	-4.530000	51.031940	64.000000	68.158771	68.158771	68.158771	4.082766	0.596025
-153.525604	25.659599	153.190000	-4.530000	67.433197	57.000000	68.222189	68.222189	68.222189	4.077409	0.615807
-153.025604	26.159599	153.190000	-4.530000	83.884841	50.000000	68.286266	68.286266	68.286266	4.072776	0.628796
-152.525604	26.659599	153.190000	-4.530000	100.291109	41.000000	68.450852	68.350852	68.450852	4.072290	0.735066
-151.525604	14.659600	153.190000	-4.530000	22.379498	40.000000	75.896360	75.896360	75.996360	4.069830	0.930639
-151.025604	15.159600	153.190000	-4.530000	38.757398	49.000000	76.176870	76.176870	76.176870	4.076197	1.302565
-150.525604	15.659600	153.190000	-4.530000	54.642954	54.000000	75.960737	75.960737	75.960737	4.076633	1.168277
-150.025604	16.159599	153.190000	-4.530000	70.784617	54.000000	75.947745	75.947745	76.047745	4.080755	1.227710
-149.525604	16.659599	153.190000	-4.530000	86.611631	49.000000	75.837678	75.837678	75.837678	4.086157	1.180524
-149.025604	17.159599	153.190000	-4.530000	102.438540	39.000000	75.830332	75.730332	75.830332	4.096447	1.226947
-158.982498	15.574000	153.190000	-4.530000	-158.958227	40.000000	71.841998	71.841998	71.841998	4.077436	0.937246
-155.710999	20.046000	153.190000	-4.530000	-38.169447	95.000000	70.026138	70.026138	70.026138	4.054246	0.443095
-151.686600	14.689100	153.190000	-4.530000	18.405841	39.000000	75.814981	75.814981	75.814981	4.068174	0.933192
-159.525604	20.159599	153.190000	-4.530000	-129.637529	45.000000	67.971990	67.971990	67.971990	4.030777	0.726255
-159.025604	20.659599	153.190000	-4.530000	-112.734566	59.000000	67.921382	67.921382	68.021382	4.021324	0.712872
-158.525604	21.159599	153.190000	-4.530000	-95.164934	67.000000	67.673326	67.673326	67.673326	4.025754	0.493189
-158.025604	21.659599	153.190000	-4.530000	-78.067844	76.000000	67.627600	67.527600	67.627600	4.030098	0.467468
-157.525604	22.159599	153.190000	-4.530000	-60.984148	82.000000	67.583992	67.583992	67.583992	4.043466	0.435592
-157.025604	22.659599	153.190000	-4.530000	-43.735905	79.000000	67.542297	67.542297	67.542297	4.054979	0.397269
-156.525604	23.159599	153.190000	-4.530000	-27.015715	76.000000	67.602318	67.602318	67.602318	4.065853	0.452743
-156.025604	23.659599	153.190000	-4.530000	-10.215357	71.000000	67.663866	67.663866	67.663866	4.077295	0.501898
-155.525604	24.159599	153.190000	-4.530000	6.087497	70.000000	67.726757	67.726757	67.826757	4.083880	0.544453
-155.025604	24.659599	153.190000	-4.530000	22.900951	70.000000	67.790817	67.790817	67.790817	4.086599	0.580636
-154.525604	25.159599	153.190000	-4.530000	39.385571	65.000000	67.955875	67.955875	67.955875	4.086139	0.710331
-154.025604	25.659599	153.190000	-4.530000	56.074826	58.000000	67.921768	67.921768	67.921768	4.082317	0.633269
-153.525604	26.159599	153.190000	-4.530000	72.513539	51.000000	67.988337	67.988337	67.988337	4.077522	0.649660
-153.025604	26.659599	153.190000	-4.530000	88.994675	41.000000	68.055430	68.055430	68.055430	4.073648	0.659392
-152.025604	14.659600	153.190000	-4.530000	9.716252	41.000000	75.847105	75.847105	75.847105	4.071440	1.087357
-151.525604	15.159600	153.190000	-4.530000	25.553065	49.000000	75.428037	75.428037	75.528037	4.073524	0.762507
-151.025604	15.659600	153.190000	-4.530000	42.053785	58.000000	75.712413	75.712413	75.812413	4.080694	1.131316
-150.525604	16.159599	153.190000	-4.530000	58.007487	61.000000	75.600010	75.600010	75.600010	4.083110	1.093818
-150.025604	16.659599	153.190000	-4.530000	74.077856	58.000000	75.690611	75.590611	75.690611	4.084190	1.249947
-149.525604	17.159599	153.190000	-4.530000	89.960156	50.000000	75.584007	75.584007	75.584007	4.091824	1.199565
-149.025604	17.659599	153.190000	-4.530000	105.798607	40.000000	75.479995	75.479995	75.479995	4.104139	1.142699
-158.933105	24.573799	153.190000	-4.530000	-66.307334	53.000000	64.548883	64.548883	64.548883	4.085828	-0.127039
-155.679398	21.205500	153.190000	-4.530000	-26.391976	88.000000	69.332506	69.332506	69.332506	4.055600	0.459929
-151.637604	16.737801	153.190000	-4.530000	33.799353	73.000000	74.509653	74.509653	74.509653	4.090588	0.829403
-159.525604	20.659599	153.190000	-4.530000	-124.397245	46.000000	67.492959	67.492959	67.492959	4.026782	0.598276
-159.025604	21.159599	153.190000	-4.530000	-107.356119	57.000000	67.447239	67.447239	67.447239	4.019608	0.581752
-158.525604	21.659599	153.190000	-4.530000	-89.783961	66.000000	67.203878	67.203878	67.203878	4.029532	0.359027
-158.025604	22.159599	153.190000	-4.530000	-72.751968	74.000000	67.262662	67.262662	67.262662	4.035872	0.430166
-157.525604	22.659599	153.190000	-4.530000	-55.617587	79.000000	67.223384	67.223384	67.223384	4.051055	0.395080
-157.025604	23.159599	153.190000	-4.530000	-38.443764	75.000000	67.185845	67.185845	67.185845	4.062807	0.353639
-156.525604	23.659599	153.190000	-4.530000	-21.874614	71.000000	67.349854	67.349854	67.349854	4.074212	0.505900
-156.025604	24.159599	153.190000	-4.530000	-5.174867	70.000000	67.415227	67.415227	67.415227	4.082074	0.551773
-155.525604	24.659599	153.190000	-4.530000	11.179413	70.000000	67.581786	67.481786	67.581786	4.087321	0.691133
-155.025604	25.159599	153.190000	-4.530000	28.061693	66.000000	67.549360	67.549360	67.549360	4.088302	0.624029
-154.525604	25.659599	153.190000	-4.530000	44.564190	58.000000	67.717785	67.717785	67.717785	4.087412	0.750370
-154.025604	26.159599	153.190000	-4.530000	61.240321	51.000000	67.586901	67.586901	67.586901	4.080102	0.570034
-153.525604	26.659599	153.190000	-4.530000	77.705911	42.000000	67.656555	67.656555	67.656555	4.075812	0.583063
-152.525604	14.659600	153.190000	-4.530000	-3.409397	41.000000	75.195069	75.195069	75.295069	4.068583	0.643878
-152.025604	15.159600	153.190000	-4.530000	12.946368	50.000000	75.376440	75.276440	75.376440	4.072843	0.922153
-151.525604	15.659600	153.190000	-4.530000	28.984821	58.000000	75.161340	75.161340	75.161340	4.077635	0.794040
-151.025604	16.159599	153.190000	-4.530000	45.472573	66.000000	75.449543	75.449543	75.449543	4.084961	1.159675
-150.525604	16.659599	153.190000	-4.530000	61.388709	65.000000	75.340827	75.340827	75.340827	4.087647	1.119022
-150.025604	17.159599	153.190000	-4.530000	77.486260	59.000000	75.334982	75.334982	75.334982	4.091398	1.171817
-149.525604	17.659599	153.190000	-4.530000	93.414510	50.000000	75.231801	75.231801	75.231801	4.098511	1.118183
-149.025604	18.159599	153.190000	-4.530000	109.187150	40.000000	75.131084	75.031084	75.131084	4.108282	1.058083
-158.903000	21.298401	153.190000	-4.530000	-102.840695	59.000000	67.344321	67.344321	67.344321	4.023383	0.495709
-155.636200	22.299900	153.190000	-4.530000	-14.768854	79.000000	68.729039	68.729039	68.729039	4.064937	0.504154
-150.914993	18.914200	153.190000	-4.530000	67.866858	67.000000	73.213614	73.213614	73.213614	4.117495	0.438517
-159.525604	21.159599	153.190000	-4.530000	-118.980425	46.000000	67.016933	67.016933	67.016933	4.023939	0.469939
-159.025604	21.659599	153.190000	-4.530000	-101.870008	56.000000	66.976012	66.976012	66.976012	4.021654	0.450245
-158.525604	22.159599	153.190000	-4.530000	-84.390126	66.000000	66.837260	66.837260	66.837260	4.034396	0.324412
-158.025604	22.659599	153.190000	-4.530000	-67.283673	74.000000	66.800469	66.800469	66.800469	4.045648	0.292472
-157.525604	23.159599	153.190000	-4.530000	-50.182986	77.000000	66.865438	66.865438	66.865438	4.059597	0.354147
-157.025604	23.659599	153.190000	-4.530000	-33.118379	73.000000	66.931975	66.831975	66.931975	4.070221	0.409525
-156.525604	24.159599	153.190000	-4.530000	-16.682406	72.000000	66.999893	66.999893	66.999893	4.080832	0.458629
-156.025604	24.659599	153.190000	-4.530000	0.022512	70.000000	67.069014	67.069014	67.069014	4.086986	0.501193
-155.525604	25.159599	153.190000	-4.530000	16.392097	65.000000	67.339165	67.339165	67.339165	4.091620	0.737297
-155.025604	25.659599	153.190000	-4.530000	33.350616	59.000000	67.310181	67.210181	67.310181	4.090161	0.666958
-154.525604	26.159599	153.190000	-4.530000	49.878580	51.000000	67.381901	67.381901	67.381901	4.087136	0.689918
-154.025604	26.659599	153.190000	-4.530000	66.510599	42.000000	67.254171	67.254171	67.254171	4.078272	0.506250
-153.025604	14.659600	153.190000	-4.530000	-15.718416	40.000000	75.440192	75.440192	75.440192	4.078440	1.100262
-152.525604	15.159600	153.190000	-4.530000	-0.085870	50.000000	74.722018	74.722018	74.822018	4.070237	0.481427
-152.025604	15.659600	153.190000	-4.530000	16.382570	59.000000	74.907459	74.907459	75.007459	4.076397	0.756476
-151.525604	16.159599	153.190000	-4.530000	32.545761	65.000000	74.896286	74.896286	74.896286	4.084048	0.825341
-151.025604	16.659599	153.190000	-4.530000	48.925139	72.000000	75.088273	74.988273	75.088273	4.090584	1.087680
-150.525604	17.159599	153.190000	-4.530000	64.859588	67.000000	74.983205	74.983205	74.983205	4.093564	1.043729
-150.025604	17.659599	153.190000	-4.530000	80.975452	60.000000	74.980873	74.980873	74.980873	4.098547	1.093417
-149.525604	18.159599	153.190000	-4.530000	96.867401	49.000000	74.881074	74.881074	74.881074	4.104015	1.036415
-149.025604	18.659599	153.190000	-4.530000	112.566745	40.000000	74.583612	74.583612	74.583612	4.115954	0.772944
-158.760193	18.564699	153.190000	-4.530000	-126.991354	59.000000	69.873306	69.873306	69.873306	4.046965	1.037353
-154.994400	21.507000	153.190000	-4.530000	-7.168075	81.000000	69.569547	69.569547	69.569547	4.069008	0.482141
-149.000900	16.989000	153.190000	-4.530000	101.906397	37.000000	75.925559	75.825559	75.925559	4.094298	1.220345
-159.525604	21.659599	153.190000	-4.530000	-113.419923	46.000000	66.543917	66.543917	66.543917	4.024961	0.341098
-159.025604	22.159599	153.190000	-4.530000	-96.319115	55.000000	66.607705	66.607705	66.607705	4.025493	0.418427
-158.525604	22.659599	153.190000	-4.530000	-78.903425	65.000000	66.473474	66.473474	66.473474	4.041760	0.289392
-158.025604	23.159599	153.190000	-4.530000	-61.701246	71.000000	66.441022	66.441022	66.441022	4.055257	0.254245
-157.525604	23.659599	153.190000	-4.530000	-44.762106	73.000000	66.510156	66.510156	66.510156	4.068749	0.312863
-157.025604	24.159599	153.190000	-4.530000	-27.769854	71.000000	66.480686	66.480686	66.480686	4.078373	0.264969
-156.525604	24.659599	153.190000	-4.530000	-11.414445	71.000000	66.652434	66.652434	66.652434	4.086732	0.410796
-156.025604	25.159599	153.190000	-4.530000	5.335313	65.000000	66.825226	66.825226	66.825226	4.092039	0.550223
-155.525604	25.659599	153.190000	-4.530000	21.780377	58.000000	67.098895	67.098895	67.098895	4.095238	0.782984
-155.025604	26.159599	153.190000	-4.530000	38.759492	51.000000	66.873278	66.873278	66.873278	4.088756	0.509294
-154.525604	26.659599	153.190000	-4.530000	55.316435	42.000000	66.948221	66.948221	66.948221	4.083361	0.529036
-153.525604	14.659600	153.190000	-4.530000	-28.749204	40.000000	74.882411	74.882411	74.882411	4.078212	0.756229
-153.025604	15.159600	153.190000	-4.530000	-12.295206	51.000000	74.964710	74.964710	74.964710	4.078793	0.940573
-152.525604	15.659600	153.190000	-4.530000	3.394588	61.000000	74.450712	74.350712	74.450712	4.074495	0.518666
-152.025604	16.159599	153.190000	-4.530000	19.971919	68.000000	74.640182	74.640182	74.640182	4.082843	0.790549
-151.525604	16.659599	153.190000	-4.530000	36.093535	74.000000	74.632891	74.632891	74.632891	4.089663	0.856153
-151.025604	17.159599	153.190000	-4.530000	52.468287	73.000000	74.728621	74.728621	74.728621	4.095046	1.015343
-150.525604	17.659599	153.190000	-4.530000	68.419691	67.000000	74.627158	74.627158	74.627158	4.099557	0.968149
-150.025604	18.159599	153.190000	-4.530000	84.442317	60.000000	74.528297	74.528297	74.528297	4.106602	0.914505
-149.525604	18.659599	153.190000	-4.530000	100.291428	49.000000	74.331838	74.331838	74.331838	4.112324	0.754274
-149.025604	19.159599	153.190000	-4.530000	116.041536	40.000000	74.037588	74.037588	74.037588	4.121641	0.487483
-158.185394	22.620199	153.190000	-4.530000	-71.557258	73.000000	66.772613	66.772613	66.772613	4.042682	0.342140
-154.983002	19.601000	153.190000	-4.530000	-24.399946	94.000000	70.612730	70.612730	70.712730	4.068743	0.344289
-159.525604	22.159599	153.190000	-4.530000	-107.822393	44.000000	66.073914	66.073914	66.073914	4.030672	0.211929
-159.025604	22.659599	153.190000	-4.530000	-90.648945	53.000000	66.142320	66.142320	66.142320	4.035339	0.286088
-158.525604	23.159599	153.190000	-4.530000	-73.323499	63.000000	66.012522	66.012522	66.012522	4.054390	0.153975
-158.025604	23.659599	153.190000	-4.530000	-56.148493	69.000000	66.084324	66.084324	66.084324	4.065853	0.215653
-157.525604	24.159599	153.190000	-4.530000	-39.290962	71.000000	66.157538	66.057538	66.157538	4.076590	0.271030
-157.025604	24.659599	153.190000	-4.530000	-22.394460	70.000000	66.131981	66.131981	66.231981	4.085276	0.219981
-156.525604	25.159599	153.190000	-4.530000	-6.035091	65.000000	66.407479	66.407479	66.507479	4.091938	0.462560
-156.025604	25.659599	153.190000	-4.530000	10.773600	58.000000	66.583863	66.483863	66.583863	4.096711	0.598674
-155.525604	26.159599	153.190000	-4.530000	27.307762	50.000000	66.760973	66.660973	66.760973	4.097167	0.728201
-155.025604	26.659599	153.190000	-4.530000	44.282589	41.000000	66.438650	66.438650	66.438650	4.085596	0.351188
-154.025604	14.659600	153.190000	-4.530000	-41.378698	39.000000	74.721659	74.721659	74.721659	4.080842	0.812010
-153.525604	15.159600	153.190000	-4.530000	-25.190554	51.000000	74.504453	74.504453	74.504453	4.079717	0.699433
-153.025604	15.659600	153.190000	-4.530000	-8.811264	62.000000	74.491036	74.391036	74.491036	4.079587	0.780556
-152.525604	16.159599	153.190000	-4.530000	7.088624	70.000000	74.181170	74.081170	74.181170	4.081395	0.555519
-152.025604	16.659599	153.190000	-4.530000	23.601651	75.000000	74.274623	74.274623	74.274623	4.088518	0.724293
-151.525604	17.159599	153.190000	-4.530000	39.702000	75.000000	74.271172	74.271172	74.271172	4.096150	0.786607
-151.025604	17.659599	153.190000	-4.530000	56.099886	74.000000	74.270600	74.270600	74.270600	4.103000	0.842589
-150.525604	18.159599	153.190000	-4.530000	72.006563	67.000000	74.172699	74.172699	74.172699	4.107251	0.792208
-150.025604	18.659599	153.190000	-4.530000	87.912931	59.000000	74.077266	73.977266	74.077266	4.111460	0.735202
-149.525604	19.159599	153.190000	-4.530000	103.769158	49.000000	73.784104	73.784104	73.784104	4.118409	0.471686
-149.025604	19.659599	153.190000	-4.530000	119.632022	39.000000	73.493023	73.393023	73.493023	4.122528	0.201628
-158.179504	20.377800	153.190000	-4.530000	-95.269016	74.000000	68.621403	68.521403	68.621403	4.025484	0.700091
-154.797394	18.803101	153.190000	-4.530000	-27.062852	90.000000	71.287101	71.187101	71.287101	4.074234	0.417123
-159.525604	22.659599	153.190000	-4.530000	-102.139770	44.000000	65.706927	65.706927	65.706927	4.035565	0.182379
-159.025604	23.159599	153.190000	-4.530000	-84.897605	54.000000	65.679860	65.679860	65.679860	4.047673	0.153339
-158.525604	23.659599	153.190000	-4.530000	-67.690038	62.000000	65.654406	65.654406	65.654406	4.064575	0.118082
-158.025604	24.159599	153.190000	-4.530000	-50.616515	66.000000	65.730375	65.630375	65.730375	4.074517	0.176644
-157.525604	24.659599	153.190000	-4.530000	-33.770692	71.000000	65.807583	65.807583	65.807583	4.083689	0.228752
-157.025604	25.159599	153.190000	-4.530000	-16.926929	66.000000	65.885856	65.885856	65.885856	4.090015	0.274484
-156.525604	25.659599	153.190000	-4.530000	-0.587203	58.000000	66.265024	66.265024	66.265024	4.098223	0.613868
-156.025604	26.159599	153.190000	-4.530000	16.315394	51.000000	66.144923	66.144923	66.144923	4.097607	0.446643
-155.525604	26.659599	153.190000	-4.530000	32.956428	41.000000	66.225397	66.225397	66.225397	4.093538	0.472876
-154.525604	14.659600	153.190000	-4.530000	-54.509793	40.000000	74.057871	74.057871	74.057871	4.078074	0.367670
-154.025604	15.159600	153.190000	-4.530000	-37.674039	51.000000	74.441180	74.341180	74.441180	4.083089	0.857930
-153.525604	15.659600	153.190000	-4.530000	-21.615207	62.000000	74.028367	74.028367	74.028367	4.080191	0.542169
-153.025604	16.159599	153.190000	-4.530000	-5.153139	72.000000	74.019189	74.019189	74.019189	4.082798	0.620316
-152.525604	16.659599	153.190000	-4.530000	10.812290	77.000000	73.813408	73.813408	73.913408	4.086858	0.492025
-152.025604	17.159599	153.190000	-4.530000	27.255825	77.000000	73.910800	73.910800	73.910800	4.095467	0.657545
-151.525604	17.659599	153.190000	-4.530000	43.474020	75.000000	73.911143	73.911143	73.911143	4.103096	0.716799
-151.025604	18.159599	153.190000	-4.530000	59.759364	74.000000	73.914225	73.814225	73.914225	4.108628	0.769457
-150.525604	18.659599	153.190000	-4.530000	75.598084	67.000000	73.719840	73.719840	73.719840	4.113149	0.615750
-150.025604	19.159599	153.190000	-4.530000	91.472751	58.000000	73.527790	73.527790	73.527790	4.117461	0.455600
-149.525604	19.659599	153.190000	-4.530000	107.386772	48.000000	73.237881	73.137881	73.237881	4.120941	0.188688
-149.025604	20.159599	153.190000	-4.530000	123.333812	39.000000	72.849926	72.849926	72.949926	4.125603	-0.184770
-157.931000	21.646000	153.190000	-4.530000	-75.921601	77.000000	67.584866	67.584866	67.584866	4.032704	0.356568
-154.691299	17.180099	153.190000	-4.530000	-38.663276	81.000000	72.380331	72.380331	72.380331	4.081482	0.420316
-159.525604	23.159599	153.190000	-4.530000	-96.356545	44.000000	65.242955	65.242955	65.242955	4.048412	0.052308
-159.025604	23.659599	153.190000	-4.530000	-79.103194	52.000000	65.220324	65.220324	65.220324	4.061753	0.020247
-158.525604	24.159599	153.190000	-4.530000	-62.028322	59.000000	65.299124	65.299124	65.299124	4.074490	0.081758
-158.025604	24.659599	153.190000	-4.530000	-45.016277	66.000000	65.379172	65.379172	65.379172	4.082625	0.137083
-157.525604	25.159599	153.190000	-4.530000	-28.277061	65.000000	65.560291	65.560291	65.560291	4.090110	0.286091
-157.025604	25.659599	153.190000	-4.530000	-11.381364	59.000000	65.542311	65.542311	65.542311	4.094696	0.228521
-156.525604	26.159599	153.190000	-4.530000	4.952035	51.000000	66.025067	66.025067	66.025067	4.102364	0.664596
-156.025604	26.659599	153.190000	-4.530000	21.964641	41.000000	65.708402	65.708402	65.808402	4.096335	0.294189
-155.025604	14.659600	153.190000	-4.530000	-67.048330	40.000000	73.890976	73.890976	73.890976	4.078575	0.422919
-154.525604	15.159600	153.190000	-4.530000	-50.759082	51.000000	73.674825	73.674825	73.674825	4.080279	0.316316
-154.025604	15.659600	153.190000	-4.530000	-33.953965	61.000000	73.962640	73.962640	73.962640	4.082611	0.703549
-153.525604	16.159599	153.190000	-4.530000	-17.883692	71.000000	73.654174	73.654174	73.654174	4.082598	0.484663
-153.025604	16.659599	153.190000	-4.530000	-1.434168	79.000000	73.649185	73.649185	73.649185	4.086959	0.559592
-152.525604	17.159599	153.190000	-4.530000	14.526635	78.000000	73.547444	73.547444	73.547444	4.093069	0.528198
-152.025604	17.659599	153.190000	-4.530000	31.057064	78.000000	73.548727	73.548727	73.548727	4.102419	0.590518
-151.525604	18.159599	153.190000	-4.530000	47.302674	75.000000	73.552818	73.452818	73.552818	4.109282	0.646484
-151.025604	18.659599	153.190000	-4.530000	63.416544	73.000000	73.459507	73.359507	73.459507	4.114001	0.595959
-150.525604	19.159599	153.190000	-4.530000	79.267832	65.000000	73.268594	73.268594	73.268594	4.117016	0.438977
-150.025604	19.659599	153.190000	-4.530000	95.235487	57.000000	72.979882	72.979882	73.079882	4.119960	0.175465
-149.525604	20.159599	153.190000	-4.530000	111.197974	48.000000	72.693181	72.593181	72.693181	4.122511	-0.094709
-149.025604	20.659599	153.190000	-4.530000	127.229317	38.000000	72.308307	72.208307	72.408307	4.125499	-0.471519
-157.859100	14.659600	153.190000	-4.530000	-138.781853	38.000000	72.482897	72.482897	72.482897	4.078779	0.332229
-154.617798	20.088900	153.190000	-4.530000	-11.444578	90.000000	70.502109	70.502109	70.502109	4.077525	0.335584
-159.525604	23.659599	153.190000	-4.530000	-90.502303	42.000000	64.881999	64.881999	64.881999	4.057538	0.021879
-159.025604	24.159599	153.190000	-4.530000	-73.279875	52.000000	64.863710	64.863710	64.863710	4.072691	-0.013383
-158.525604	24.659599	153.190000	-4.530000	-56.318938	59.000000	64.946674	64.946674	64.946674	4.082587	0.045013
-158.025604	25.159599	153.190000	-4.530000	-39.359133	60.000000	65.030714	65.030714	65.030714	4.090779	0.097127
-157.525604	25.659599	153.190000	-4.530000	-22.707178	59.000000	65.315658	65.315658	65.315658	4.095022	0.342863
-157.025604	26.159599	153.190000	-4.530000	-5.741824	51.000000	65.201341	65.201341	65.301341	4.097703	0.182099
-156.525604	26.659599	153.190000	-4.530000	10.620171	41.000000	65.687605	65.687605	65.687605	4.105504	0.614889
-155.525604	14.659600	153.190000	-4.530000	-79.783100	40.000000	73.620902	73.620902	73.620902	4.078611	0.377993
-155.025604	15.159600	153.190000	-4.530000	-63.228842	50.000000	73.605317	73.605317	73.605317	4.080440	0.474425
-154.525604	15.659600	153.190000	-4.530000	-46.947627	61.000000	73.393787	73.293787	73.393787	4.081902	0.364642
-154.025604	16.159599	153.190000	-4.530000	-30.186738	70.000000	73.486059	73.486059	73.486059	4.083121	0.548786
-153.525604	16.659599	153.190000	-4.530000	-14.045964	79.000000	73.281889	73.281889	73.281889	4.084717	0.426837
-153.025604	17.159599	153.190000	-4.530000	2.331743	79.000000	73.281043	73.281043	73.281043	4.091650	0.498518
-152.525604	17.659599	153.190000	-4.530000	18.370735	81.000000	73.183292	73.183292	73.183292	4.099747	0.463960
-152.025604	18.159599	153.190000	-4.530000	34.989835	79.000000	73.188419	73.188419	73.188419	4.108661	0.523138
-151.525604	18.659599	153.190000	-4.530000	51.152823	75.000000	73.096210	73.096210	73.096210	4.114003	0.475785
-151.025604	19.159599	153.190000	-4.530000	67.159830	72.000000	73.006460	73.006460	73.006460	4.117483	0.422021
-150.525604	19.659599	153.190000	-4.530000	83.099926	65.000000	72.818971	72.718971	72.818971	4.117874	0.261818
-150.025604	20.159599	153.190000	-4.530000	99.142942	57.000000	72.533550	72.433550	72.533550	4.119635	-0.005085
-149.525604	20.659599	153.190000	-4.530000	115.192532	48.000000	72.150011	72.150011	72.250011	4.121474	-0.378576
-149.025604	21.159599	153.190000	-4.530000	131.350173	38.000000	71.968173	71.868173	71.968173	4.117221	-0.558687
-157.700806	16.348400	153.190000	-4.530000	-120.220778	69.000000	71.924247	71.924247	71.924247	4.075345	0.923571
-154.495895	18.401699	153.190000	-4.530000	-23.575229	87.000000	71.554669	71.554669	71.554669	4.080707	0.273903
-159.525604	24.159599	153.190000	-4.530000	-84.601270	42.000000	64.524056	64.524056	64.524056	4.068283	-0.008957
-159.025604	24.659599	153.190000	-4.530000	-67.439684	50.000000	64.510016	64.510016	64.510016	4.082035	-0.047447
-158.525604	25.159599	153.190000	-4.530000	-50.492292	53.000000	64.597054	64.597054	64.597054	4.092311	0.007767
-158.025604	25.659599	153.190000	-4.530000	-33.608681	53.000000	64.784997	64.784997	64.784997	4.095638	0.156726
-157.525604	26.159599	153.190000	-4.530000	-17.006016	51.000000	65.073680	65.073680	65.073680	4.100308	0.399163
-157.025604	26.659599	153.190000	-4.530000	-0.041271	41.000000	64.962943	64.962943	64.962943	4.101854	0.235144
-156.025604	14.659600	153.190000	-4.530000	-92.397339	41.000000	73.347576	73.347576	73.447576	4.075961	0.332962
-155.525604	15.159600	153.190000	-4.530000	-75.983811	50.000000	73.232585	73.232585	73.232585	4.079418	0.332179
-155.025604	15.659600	153.190000	-4.530000	-59.328579	61.000000	73.221738	73.221738	73.221738	4.080112	0.425468
-154.525604	16.159599	153.190000	-4.530000	-43.054819	72.000000	73.014778	73.014778	73.014778	4.082245	0.312753
-154.025604	16.659599	153.190000	-4.530000	-26.297513	79.000000	73.111455	73.111455	73.111455	4.083835	0.493685
-153.525604	17.159599	153.190000	-4.530000	-10.180474	80.000000	72.911532	72.911532	72.911532	4.088901	0.368524
-153.025604	17.659599	153.190000	-4.530000	6.247679	82.000000	72.914778	72.914778	72.914778	4.096564	0.437191
-152.525604	18.159599	153.190000	-4.530000	22.410726	82.000000	72.820969	72.820969	72.820969	4.104986	0.399351
-152.025604	18.659599	153.190000	-4.530000	38.965265	80.000000	72.729889	72.729889	72.829889	4.113616	0.355247
-151.525604	19.159599	153.190000	-4.530000	55.054641	74.000000	72.641332	72.641332	72.741332	4.117466	0.304797
-151.025604	19.659599	153.190000	-4.530000	71.052944	70.000000	72.555094	72.555094	72.555094	4.119662	0.247680
-150.525604	20.159599	153.190000	-4.530000	87.086896	64.000000	72.370982	72.270982	72.370982	4.118160	0.084121
-150.025604	20.659599	153.190000	-4.530000	103.226744	57.000000	72.088805	72.088805	72.088805	4.117326	-0.185962
-149.525604	21.159599	153.190000	-4.530000	119.415480	47.000000	71.808381	71.808381	71.908381	4.115177	-0.462879
-149.025604	21.659599	153.190000	-4.530000	135.631822	38.000000	71.629533	71.629533	71.629533	4.110132	-0.646419
-157.627594	20.346100	153.190000	-4.530000	-81.942487	82.000000	68.796090	68.796090	68.896090	4.031478	0.521517
-154.482803	21.001900	153.190000	-4.530000	0.022009	83.000000	70.032100	70.032100	70.032100	4.078666	0.345547
-159.525604	24.659599	153.190000	-4.530000	-78.555886	39.000000	64.069122	64.069122	64.069122	4.081789	-0.140331
-159.025604	25.159599	153.190000	-4.530000	-61.521266	45.000000	64.159238	64.159238	64.159238	4.089674	-0.081886
-158.525604	25.659599	153.190000	-4.530000	-44.623460	47.000000	64.250258	64.250258	64.350258	4.097521	-0.029933
-158.025604	26.159599	153.190000	-4.530000	-27.707686	47.000000	64.342016	64.342016	64.342016	4.100621	0.015757
-157.525604	26.659599	153.190000	-4.530000	-11.227503	40.000000	64.734352	64.734352	64.734352	4.104562	0.355049
-156.525604	14.659600	153.190000	-4.530000	-104.995343	41.000000	73.170921	73.170921	73.170921	4.078651	0.387525
-156.025604	15.159600	153.190000	-4.530000	-88.477901	51.000000	73.056554	73.056554	73.056554	4.077468	0.389839
-155.525604	15.659600	153.190000	-4.530000	-72.022324	61.000000	72.946420	72.946420	72.946420	4.080030	0.386073
-155.025604	16.159599	153.190000	-4.530000	-55.380982	71.000000	72.940259	72.840259	72.940259	4.080226	0.476278
-154.525604	16.659599	153.190000	-4.530000	-38.988388	81.000000	72.737815	72.737815	72.737815	4.082854	0.360387
-154.025604	17.159599	153.190000	-4.530000	-22.326640	81.000000	72.738846	72.738846	72.738846	4.085192	0.438259
-153.525604	17.659599	153.190000	-4.530000	-6.218900	83.000000	72.543118	72.543118	72.643118	4.091948	0.309941
-153.025604	18.159599	153.190000	-4.530000	10.388303	84.000000	72.550405	72.550405	72.550405	4.100678	0.375362
-152.525604	18.659599	153.190000	-4.530000	26.542233	83.000000	72.460486	72.460486	72.460486	4.109362	0.334385
-152.025604	19.159599	153.190000	-4.530000	42.990704	79.000000	72.373151	72.373151	72.373151	4.118318	0.287049
-151.525604	19.659599	153.190000	-4.530000	59.071953	74.000000	72.288195	72.288195	72.288195	4.118258	0.233281
-151.025604	20.159599	153.190000	-4.530000	75.125756	71.000000	72.105420	72.105420	72.105420	4.118580	0.072947
-150.525604	20.659599	153.190000	-4.530000	91.236519	64.000000	71.924635	71.924635	71.924635	4.116291	-0.093920
-150.025604	21.159599	153.190000	-4.530000	107.483855	56.000000	71.745654	71.645654	71.745654	4.111816	-0.267393
-149.525604	21.659599	153.190000	-4.530000	123.789055	47.000000	71.568298	71.568298	71.568298	4.106814	-0.447606
-149.025604	22.159599	153.190000	-4.530000	140.078742	38.000000	71.492393	71.492393	71.492393	4.098699	-0.534531
-157.270004	21.108999	153.190000	-4.530000	-65.788248	85.000000	68.480361	68.480361	68.480361	4.036111	0.493864
-154.393997	19.262501	153.190000	-4.530000	-13.398864	92.000000	71.116952	71.116952	71.116952	4.080987	0.319624
-159.525604	25.159599	153.190000	-4.530000	-72.441137	36.000000	63.617193	63.617193	63.617193	4.092470	-0.272094
-159.025604	25.659599	153.190000	-4.530000	-55.491704	39.000000	63.811371	63.811371	63.811371	4.099228	-0.116881
-158.525604	26.159599	153.190000	-4.530000	-38.657963	40.000000	63.906282	63.906282	63.906282	4.101559	-0.068082
-158.025604	26.659599	153.190000	-4.530000	-21.704299	38.000000	63.901766	63.901766	63.901766	4.103570	-0.125640
-157.025604	14.659600	153.190000	-4.530000	-117.750740	42.000000	72.890858	72.890858	72.890858	4.077501	0.341924
-156.525604	15.159600	153.190000	-4.530000	-101.095872	50.000000	72.877148	72.877148	72.877148	4.078865	0.447231
-156.025604	15.659600	153.190000	-4.530000	-84.344851	62.000000	72.967761	72.967761	72.967761	4.078489	0.646405
-155.525604	16.159599	153.190000	-4.530000	-68.033218	72.000000	72.562430	72.562430	72.562430	4.077829	0.339591
-155.025604	16.659599	153.190000	-4.530000	-51.299128	80.000000	72.560898	72.560898	72.560898	4.078871	0.426776
-154.525604	17.159599	153.190000	-4.530000	-34.865377	83.000000	72.462917	72.462917	72.462917	4.082306	0.407678
-154.025604	17.659599	153.190000	-4.530000	-18.273706	85.000000	72.368249	72.368249	72.368249	4.086550	0.382429
-153.525604	18.159599	153.190000	-4.530000	-2.011895	85.000000	72.176663	72.176663	72.276663	4.093338	0.251013
-153.025604	18.659599	153.190000	-4.530000	14.615601	86.000000	72.187938	72.187938	72.187938	4.104270	0.313158
-152.525604	19.159599	153.190000	-4.530000	30.749277	84.000000	72.101858	72.101858	72.101858	4.113852	0.268984
-152.025604	19.659599	153.190000	-4.530000	47.138463	77.000000	72.018215	72.018215	72.018215	4.119664	0.218472
-151.525604	20.159599	153.190000	-4.530000	63.229605	74.000000	71.936810	71.836810	71.936810	4.117868	0.161357
-151.025604	20.659599	153.190000	-4.530000	79.322552	70.000000	71.757447	71.757447	71.757447	4.116167	-0.002250
-150.525604	21.159599	153.190000	-4.530000	95.556370	63.000000	71.579940	71.579940	71.579940	4.112040	-0.172372
-150.025604	21.659599	153.190000	-4.530000	111.900078	56.000000	71.404106	71.404106	71.404106	4.107279	-0.349265
-149.525604	22.159599	153.190000	-4.530000	128.276739	47.000000	71.429769	71.429769	71.429769	4.096054	-0.332829
-149.025604	22.659599	153.190000	-4.530000	144.629460	38.000000	71.456759	71.456759	71.456759	4.086150	-0.323088
-157.227295	18.984800	153.190000	-4.530000	-85.647095	85.000000	70.128420	70.128420	70.128420	4.044404	0.706587
-154.251801	21.168699	153.190000	-4.530000	7.184532	83.000000	70.035171	70.035171	70.035171	4.085743	0.317789
-159.525604	25.659599	153.190000	-4.530000	-66.281599	32.000000	63.268263	63.168263	63.268263	4.101649	-0.304289
-159.025604	26.159599	153.190000	-4.530000	-49.352850	34.000000	63.366408	63.366408	63.366408	4.105442	-0.252334
-158.525604	26.659599	153.190000	-4.530000	-32.548218	33.000000	63.465118	63.465118	63.465118	4.105331	-0.206755
-157.525604	14.659600	153.190000	-4.530000	-130.195676	42.000000	72.807306	72.807306	72.807306	4.082019	0.496233
-157.025604	15.159600	153.190000	-4.530000	-113.706392	51.000000	72.594288	72.594288	72.594288	4.076538	0.404275
-156.525604	15.659600	153.190000	-4.530000	-96.952471	60.000000	72.685682	72.685682	72.685682	4.079312	0.606480
-156.025604	16.159599	153.190000	-4.530000	-80.232850	69.000000	72.581218	72.581218	72.581218	4.075875	0.602765
-155.525604	16.659599	153.190000	-4.530000	-63.917259	79.000000	72.280632	72.280632	72.280632	4.075695	0.392779
-155.025604	17.159599	153.190000	-4.530000	-47.100426	84.000000	72.283674	72.283674	72.283674	4.077551	0.476794
-154.525604	17.659599	153.190000	-4.530000	-30.725573	87.000000	72.090101	72.090101	72.090101	4.082014	0.354724
-154.025604	18.159599	153.190000	-4.530000	-14.021580	87.000000	71.999679	71.999679	71.999679	4.087146	0.326236
-153.525604	18.659599	153.190000	-4.530000	2.320543	87.000000	71.912181	71.912181	71.912181	4.095527	0.291580
-153.025604	19.159599	153.190000	-4.530000	18.853175	85.000000	71.827390	71.827390	71.827390	4.107870	0.250672
-152.525604	19.659599	153.190000	-4.530000	35.052155	82.000000	71.745095	71.745095	71.745095	4.115662	0.203188
-152.025604	20.159599	153.190000	-4.530000	51.402843	75.000000	71.665093	71.665093	71.665093	4.119383	0.149364
-151.525604	20.659599	153.190000	-4.530000	67.509410	71.000000	71.487186	71.487186	71.587186	4.116159	-0.010887
-151.025604	21.159599	153.190000	-4.530000	83.703300	70.000000	71.411185	71.411185	71.411185	4.112385	-0.077875
-150.525604	21.659599	153.190000	-4.530000	100.006065	63.000000	71.236904	71.236904	71.236904	4.106922	-0.251382
-150.025604	22.159599	153.190000	-4.530000	116.383959	56.000000	71.264167	71.164167	71.264167	4.097644	-0.231494
-149.525604	22.659599	153.190000	-4.530000	132.809113	47.000000	71.292801	71.292801	71.292801	4.087932	-0.218511
-149.025604	23.159599	153.190000	-4.530000	149.214784	38.000000	71.422637	71.422637	71.522637	4.076131	-0.112230
-156.964600	24.312099	153.190000	-4.530000	-24.740745	72.000000	66.440060	66.440060	66.440060	4.081636	0.277322
-154.030502	17.988400	153.190000	-4.530000	-15.626658	85.000000	72.092385	72.092385	72.092385	4.086552	0.314734
-159.525604	26.159599	153.190000	-4.530000	-60.049509	28.000000	62.822323	62.722323	62.822323	4.107543	-0.437039
-159.025604	26.659599	153.190000	-4.530000	-43.139036	28.000000	62.924342	62.924342	62.924342	4.108812	-0.388196
-158.025604	14.659600	153.190000	-4.530000	-143.033233	38.000000	72.320181	72.320181	72.320181	4.076315	0.250140
-157.525604	15.159600	153.190000	-4.530000	-125.992450	51.000000	72.707892	72.607892	72.707892	4.083024	0.761242
-157.025604	15.659600	153.190000	-4.530000	-109.556598	61.000000	72.400105	72.400105	72.400105	4.076847	0.566344
-156.525604	16.159599	153.190000	-4.530000	-92.702454	70.000000	72.396545	72.396545	72.396545	4.075524	0.665504
-156.025604	16.659599	153.190000	-4.530000	-76.135161	77.000000	72.196944	72.196944	72.196944	4.072128	0.558653
-155.525604	17.159599	153.190000	-4.530000	-59.627750	83.000000	72.001047	72.001047	72.001047	4.073551	0.445651
-155.025604	17.659599	153.190000	-4.530000	-42.888064	87.000000	71.908606	71.908606	71.908606	4.076292	0.426549
-154.525604	18.159599	153.190000	-4.530000	-26.452854	90.000000	71.719384	71.719384	71.719384	4.081322	0.301276
-154.025604	18.659599	153.190000	-4.530000	-9.590272	88.000000	71.633151	71.633151	71.733151	4.087567	0.269694
-153.525604	19.159599	153.190000	-4.530000	6.637548	88.000000	71.549686	71.549686	71.549686	4.097682	0.231848
-153.025604	19.659599	153.190000	-4.530000	23.154555	86.000000	71.468774	71.468774	71.468774	4.110174	0.187665
-152.525604	20.159599	153.190000	-4.530000	39.423892	81.000000	71.390210	71.390210	71.390210	4.115765	0.137009
-152.025604	20.659599	153.190000	-4.530000	55.733193	76.000000	71.313794	71.313794	71.313794	4.117689	0.079920
-151.525604	21.159599	153.190000	-4.530000	71.905853	69.000000	71.239333	71.239333	71.239333	4.111721	0.016322
-151.025604	21.659599	153.190000	-4.530000	88.157786	69.000000	71.066640	71.066640	71.066640	4.107530	-0.153917
-150.525604	22.159599	153.190000	-4.530000	104.546392	63.000000	70.995536	70.995536	70.995536	4.100866	-0.230764
-150.025604	22.659599	153.190000	-4.530000	120.963148	56.000000	71.025845	71.025845	71.125845	4.092446	-0.214297
-149.525604	23.159599	153.190000	-4.530000	137.387378	47.000000	71.257398	71.257398	71.257398	4.078035	-0.004645
-149.025604	23.659599	153.190000	-4.530000	153.780678	38.000000	71.490033	71.390033	71.490033	4.063129	0.198220
-156.932007	19.832701	153.190000	-4.530000	-70.120132	85.000000	69.675416	69.575416	69.675416	4.036983	0.651487
-153.992294	18.797600	153.190000	-4.530000	-7.575947	87.000000	71.589217	71.589217	71.589217	4.087910	0.293582
-159.525604	26.659599	153.190000	-4.530000	-53.785613	23.000000	62.379367	62.379367	62.379367	4.112967	-0.570210
-158.525604	14.659600	153.190000	-4.530000	-155.232669	34.000000	72.529396	72.529396	72.529396	4.082792	0.703893
-158.025604	15.159600	153.190000	-4.530000	-138.746958	47.000000	72.217876	72.217876	72.317876	4.077890	0.517949
-157.525604	15.659600	153.190000	-4.530000	-121.850239	61.000000	72.410948	72.410948	72.410948	4.079537	0.825949
-157.025604	16.159599	153.190000	-4.530000	-105.149223	69.000000	72.308333	72.308333	72.308333	4.074966	0.828043
-156.525604	16.659599	153.190000	-4.530000	-88.553984	76.000000	72.009757	72.009757	72.109757	4.071492	0.624226
-156.025604	17.159599	153.190000	-4.530000	-71.838775	83.000000	71.914960	71.814960	71.914960	4.068430	0.614208
-155.525604	17.659599	153.190000	-4.530000	-55.367924	87.000000	71.623692	71.623692	71.723692	4.071229	0.398125
-155.025604	18.159599	153.190000	-4.530000	-38.557551	92.000000	71.535709	71.535709	71.535709	4.074649	0.375969
-154.525604	18.659599	153.190000	-4.530000	-21.983756	91.000000	71.450780	71.450780	71.450780	4.080206	0.347461
-154.025604	19.159599	153.190000	-4.530000	-5.213331	91.000000	71.368679	71.268679	71.368679	4.088805	0.312724
-153.525604	19.659599	153.190000	-4.530000	10.974865	87.000000	71.189189	71.189189	71.189189	4.099342	0.171746
-153.025604	20.159599	153.190000	-4.530000	27.545929	83.000000	71.112100	71.112100	71.112100	4.110840	0.124258
-152.525604	20.659599	153.190000	-4.530000	43.833055	78.000000	71.037211	71.037211	71.037211	4.114246	0.070372
-152.025604	21.159599	153.190000	-4.530000	60.097648	73.000000	70.964327	70.964327	70.964327	4.114520	0.010073
-151.525604	21.659599	153.190000	-4.530000	76.381966	69.000000	70.893258	70.893258	70.893258	4.106391	-0.056901
-151.025604	22.159599	153.190000	-4.530000	92.703682	68.000000	70.823821	70.823821	70.823821	4.101062	-0.130448
-150.525604	22.659599	153.190000	-4.530000	109.130734	63.000000	70.855840	70.855840	70.855840	4.093852	-0.110584
-150.025604	23.159599	153.190000	-4.530000	125.532100	56.000000	70.989144	70.889144	70.989144	4.083192	0.002434
-149.525604	23.659599	153.190000	-4.530000	141.937014	47.000000	71.123568	71.123568	71.223568	4.072739	0.108702
-149.025604	24.159599	153.190000	-4.530000	158.318793	38.000000	71.358949	71.358949	71.458949	4.060998	0.308198
-156.808197	18.404200	153.190000	-4.530000	-80.263279	81.000000	70.768974	70.668974	70.768974	4.053067	0.721707
-153.982697	21.519699	153.190000	-4.530000	16.836666	79.000000	70.048734	70.048734	70.048734	4.089875	0.386322
-159.025604	14.659600	153.190000	-4.530000	-167.877771	29.000000	72.234861	72.234861	72.234861	4.081319	0.657572
-158.525604	15.159600	153.190000	-4.530000	-150.991740	41.000000	72.324153	72.324153	72.324153	4.081333	0.874315
-158.025604	15.659600	153.190000	-4.530000	-134.454390	55.000000	72.118128	72.118128	72.118128	4.077591	0.785307
-157.525604	16.159599	153.190000	-4.530000	-117.579409	68.000000	72.116500	72.116500	72.116500	4.076338	0.890460
-157.025604	16.659599	153.190000	-4.530000	-100.826836	77.000000	71.918992	71.918992	71.918992	4.070084	0.789421
-156.525604	17.159599	153.190000	-4.530000	-84.288193	78.000000	71.725338	71.625338	71.725338	4.066493	0.682473
-156.025604	17.659599	153.190000	-4.530000	-67.514340	87.000000	71.535284	71.535284	71.535284	4.064563	0.569527
-155.525604	18.159599	153.190000	-4.530000	-51.100766	91.000000	71.348583	71.348583	71.348583	4.067461	0.450245
-155.025604	18.659599	153.190000	-4.530000	-34.008373	93.000000	71.264998	71.164998	71.264998	4.071946	0.424890
-154.525604	19.159599	153.190000	-4.530000	-17.543380	93.000000	71.084302	71.084302	71.084302	4.079308	0.293372
-154.025604	19.659599	153.190000	-4.530000	-0.867114	90.000000	71.006274	71.006274	71.006274	4.089197	0.255367
-153.525604	20.159599	153.190000	-4.530000	15.373776	86.000000	70.930701	70.930701	70.930701	4.099242	0.211120
-153.025604	20.659599	153.190000	-4.530000	31.976674	80.000000	70.857379	70.857379	70.857379	4.109471	0.160540
-152.525604	21.159599	153.190000	-4.530000	48.269516	75.000000	70.786109	70.786109	70.786109	4.111223	0.103316
-152.025604	21.659599	153.190000	-4.530000	64.563120	71.000000	70.716700	70.716700	70.716700	4.108557	0.039674
-151.525604	22.159599	153.190000	-4.530000	80.920100	69.000000	70.648968	70.648968	70.648968	4.100386	-0.030475
-151.025604	22.659599	153.190000	-4.530000	97.294274	68.000000	70.682734	70.582734	70.682734	4.094334	-0.007431
-150.525604	23.159599	153.190000	-4.530000	113.696614	63.000000	70.717824	70.717824	70.717824	4.085856	0.009016
-150.025604	23.659599	153.190000	-4.530000	130.063526	56.000000	70.854071	70.854071	70.854071	4.076689	0.118778
-149.525604	24.159599	153.190000	-4.530000	146.480724	47.000000	70.991313	70.991313	71.091313	4.068519	0.221563
-149.025604	24.659599	153.190000	-4.530000	162.802638	38.000000	71.229392	71.129392	71.229392	4.058219	0.417569
-156.755997	21.136000	153.190000	-4.530000	-52.851609	86.000000	68.767495	68.767495	68.767495	4.040944	0.488788
-153.967499	14.731300	153.190000	-4.530000	-39.332917	40.000000	74.757179	74.757179	74.757179	4.081258	0.869152
-159.525604	14.659600	153.190000	-4.530000	-180.241097	23.000000	72.136483	72.136483	72.136483	4.084145	0.810854
-159.025604	15.159600	153.190000	-4.530000	-163.620951	35.000000	72.026633	72.026633	72.026633	4.080658	0.830621
-158.525604	15.659600	153.190000	-4.530000	-146.598137	48.000000	72.121556	72.121556	72.121556	4.078280	1.044463
-158.025604	16.159599	153.190000	-4.530000	-130.247863	63.000000	71.820962	71.820962	71.820962	4.074741	0.852449
-157.525604	16.659599	153.190000	-4.530000	-113.183481	77.000000	71.724567	71.724567	71.724567	4.070947	0.854506
-157.025604	17.159599	153.190000	-4.530000	-96.662866	78.000000	71.532101	71.532101	71.532101	4.065204	0.750492
-156.525604	17.659599	153.190000	-4.530000	-79.872067	82.000000	71.343306	71.343306	71.343306	4.061551	0.640467
-156.025604	18.159599	153.190000	-4.530000	-63.304357	87.000000	71.157931	71.157931	71.157931	4.060331	0.524357
-155.525604	18.659599	153.190000	-4.530000	-46.575395	92.000000	70.975735	70.975735	71.075735	4.064251	0.402024
-155.025604	19.159599	153.190000	-4.530000	-29.417232	97.000000	70.896487	70.896487	70.996487	4.069870	0.373520
-154.525604	19.659599	153.190000	-4.530000	-13.120318	93.000000	70.819963	70.819963	70.819963	4.078707	0.338769
-154.025604	20.159599	153.190000	-4.530000	3.529383	88.000000	70.645948	70.645948	70.745948	4.089590	0.197636
-153.525604	20.659599	153.190000	-4.530000	19.835792	83.000000	70.674233	70.574233	70.674233	4.099796	0.250166
-153.025604	21.159599	153.190000	-4.530000	36.462976	76.000000	70.604618	70.504618	70.604618	4.107776	0.196281
-152.525604	21.659599	153.190000	-4.530000	52.743443	73.000000	70.536911	70.536911	70.536911	4.106684	0.135850
-152.025604	22.159599	153.190000	-4.530000	69.059806	70.000000	70.470922	70.470922	70.470922	4.102266	0.068911
-151.525604	22.659599	153.190000	-4.530000	85.517290	68.000000	70.506472	70.406472	70.506472	4.093262	0.095385
-151.025604	23.159599	153.190000	-4.530000	101.888719	68.000000	70.543385	70.443385	70.543385	4.088023	0.115142
-150.525604	23.659599	153.190000	-4.530000	118.228958	63.000000	70.581492	70.581492	70.581492	4.079434	0.128216
-150.025604	24.159599	153.190000	-4.530000	134.541568	56.000000	70.620629	70.620629	70.720629	4.073440	0.134526
-149.525604	24.659599	153.190000	-4.530000	150.991314	47.000000	70.760637	70.760637	70.860637	4.065156	0.233946
-149.025604	25.159599	153.190000	-4.530000	167.211393	35.000000	70.901363	70.901363	70.901363	4.058043	0.326502
-156.658005	20.891001	153.190000	-4.530000	-53.007067	87.000000	68.985333	68.985333	68.985333	4.040990	0.490769
-153.902405	19.979099	153.190000	-4.530000	4.831996	88.000000	70.893660	70.793660	70.893660	4.092645	0.269702
-159.525604	15.159600	153.190000	-4.530000	-175.881273	29.000000	71.925224	71.925224	72.025224	4.082123	0.986673
-159.025604	15.659600	153.190000	-4.530000	-159.306126	41.000000	71.721144	71.721144	71.821144	4.076674	0.903376
-158.525604	16.159599	153.190000	-4.530000	-142.294857	55.000000	71.721632	71.721632	71.721632	4.074043	1.014249
-158.025604	16.659599	153.190000	-4.530000	-125.899050	70.000000	71.426398	71.426398	71.426398	4.071366	0.819298
-157.525604	17.159599	153.190000	-4.530000	-108.919924	78.000000	71.335169	71.335169	71.335169	4.065263	0.818226
-157.025604	17.659599	153.190000	-4.530000	-92.317556	80.000000	71.147680	71.147680	71.147680	4.059972	0.711171
-156.525604	18.159599	153.190000	-4.530000	-75.612515	85.000000	70.963678	70.963678	70.963678	4.056627	0.598134
-156.025604	18.659599	153.190000	-4.530000	-58.888548	87.000000	70.782917	70.782917	70.782917	4.056624	0.478830
-155.525604	19.159599	153.190000	-4.530000	-41.896658	93.000000	70.705163	70.705163	70.705163	4.060786	0.453382
-155.025604	19.659599	153.190000	-4.530000	-24.925590	96.000000	70.530188	70.530188	70.630188	4.067998	0.321790
-154.525604	20.159599	153.190000	-4.530000	-8.626340	89.000000	70.457774	70.457774	70.457774	4.078435	0.283776
-154.025604	20.659599	153.190000	-4.530000	8.008909	85.000000	70.387710	70.387710	70.387710	4.088640	0.239453
-153.525604	21.159599	153.190000	-4.530000	24.358200	79.000000	70.419794	70.419794	70.419794	4.099579	0.288816
-153.025604	21.659599	153.190000	-4.530000	40.950542	76.000000	70.353828	70.353828	70.353828	4.104027	0.231598
-152.525604	22.159599	153.190000	-4.530000	57.277840	72.000000	70.289624	70.289624	70.289624	4.100372	0.167902
-152.025604	22.659599	153.190000	-4.530000	73.628536	70.000000	70.226998	70.226998	70.226998	4.095281	0.097717
-151.525604	23.159599	153.190000	-4.530000	90.100367	68.000000	70.265773	70.265773	70.265773	4.087218	0.120786
-151.025604	23.659599	153.190000	-4.530000	106.441942	68.000000	70.305778	70.305778	70.305778	4.081652	0.137202
-150.525604	24.159599	153.190000	-4.530000	122.718672	63.000000	70.446848	70.346848	70.446848	4.074017	0.246951
-150.025604	24.659599	153.190000	-4.530000	139.016953	56.000000	70.488821	70.488821	70.488821	4.068313	0.249783
-149.525604	25.159599	153.190000	-4.530000	155.496895	43.000000	70.531544	70.531544	70.631544	4.060988	0.245784
-149.025604	25.659599	153.190000	-4.530000	171.628594	31.000000	70.674865	70.674865	70.674865	4.053373	0.334938
-156.510101	19.477699	153.190000	-4.530000	-63.419662	88.000000	70.053546	70.053546	70.053546	4.044289	0.554855
-153.868195	17.315399	153.190000	-4.530000	-17.221974	82.000000	72.715761	72.715761	72.715761	4.085771	0.436378
-159.525604	15.659600	153.190000	-4.530000	-171.547011	34.000000	71.616800	71.516800	71.616800	4.078791	1.062048
-159.025604	16.159599	153.190000	-4.530000	-154.931661	46.000000	71.418421	71.418421	71.418421	4.071807	0.975943
-158.525604	16.659599	153.190000	-4.530000	-138.097330	60.000000	71.224400	71.224400	71.224400	4.071569	0.883722
-158.025604	17.159599	153.190000	-4.530000	-121.488044	72.000000	71.134458	71.134458	71.134458	4.065344	0.885679
-157.525604	17.659599	153.190000	-4.530000	-104.671960	80.000000	70.948326	70.948326	70.948326	4.058907	0.781720
-157.025604	18.159599	153.190000	-4.530000	-87.863227	81.000000	70.765746	70.765746	70.765746	4.053903	0.671506
-156.525604	18.659599	153.190000	-4.530000	-71.370620	86.000000	70.586469	70.586469	70.686469	4.052021	0.555310
-156.025604	19.159599	153.190000	-4.530000	-54.155787	91.000000	70.510256	70.510256	70.510256	4.052647	0.533037
-155.525604	19.659599	153.190000	-4.530000	-37.310033	96.000000	70.336878	70.336878	70.336878	4.058906	0.404363
-155.025604	20.159599	153.190000	-4.530000	-20.370981	93.000000	70.266112	70.266112	70.266112	4.067113	0.369542
-154.525604	20.659599	153.190000	-4.530000	-4.107655	89.000000	70.197745	70.197745	70.197745	4.077790	0.328478
-154.025604	21.159599	153.190000	-4.530000	12.525730	82.000000	70.131572	70.131572	70.131572	4.089631	0.280860
-153.525604	21.659599	153.190000	-4.530000	28.935017	78.000000	70.167392	70.167392	70.167392	4.097752	0.326923
-153.025604	22.159599	153.190000	-4.530000	45.498747	73.000000	70.105015	70.105015	70.105015	4.099656	0.266573
-152.525604	22.659599	153.190000	-4.530000	61.871252	71.000000	70.144255	70.044255	70.144255	4.094218	0.299510
-152.025604	23.159599	153.190000	-4.530000	78.263619	68.000000	70.084933	70.084933	70.084933	4.088401	0.225953
-151.525604	23.659599	153.190000	-4.530000	94.646682	69.000000	70.126877	70.126877	70.126877	4.080678	0.245807
-151.025604	24.159599	153.190000	-4.530000	110.997610	69.000000	70.169918	70.169918	70.169918	4.075394	0.258783
-150.525604	24.659599	153.190000	-4.530000	127.237774	64.000000	70.213896	70.213896	70.213896	4.069981	0.265086
-150.025604	25.159599	153.190000	-4.530000	143.533581	51.000000	70.358652	70.258652	70.358652	4.064325	0.364622
-149.525604	25.659599	153.190000	-4.530000	159.995739	38.000000	70.304036	70.304036	70.404036	4.055392	0.257111
-149.025604	26.159599	153.190000	-4.530000	176.073902	27.000000	70.549900	70.549900	70.549900	4.049528	0.442744
-156.465103	18.775000	153.190000	-4.530000	-68.938409	84.000000	70.577620	70.577620	70.577620	4.050401	0.589953
-153.700806	17.297501	153.190000	-4.530000	-13.367480	83.000000	72.794210	72.694210	72.794210	4.088668	0.421995
-159.525604	16.159599	153.190000	-4.530000	-167.163249	38.000000	71.111236	71.011236	71.111236	4.075738	0.937216
-159.025604	16.659599	153.190000	-4.530000	-150.652036	50.000000	71.018482	71.018482	71.018482	4.069778	0.948052
-158.525604	17.159599	153.190000	-4.530000	-133.720580	62.000000	70.829881	70.829881	70.829881	4.068144	0.852896
-158.025604	17.659599	153.190000	-4.530000	-117.230757	71.000000	70.745159	70.745159	70.845159	4.060113	0.851816
-157.525604	18.159599	153.190000	-4.530000	-100.204636	80.000000	70.564054	70.564054	70.564054	4.052950	0.744732
-157.025604	18.659599	153.190000	-4.530000	-83.488554	83.000000	70.486313	70.486313	70.486313	4.046930	0.731509
-156.525604	19.159599	153.190000	-4.530000	-66.811256	91.000000	70.311693	70.311693	70.311693	4.047096	0.612204
-156.025604	19.659599	153.190000	-4.530000	-49.422121	95.000000	70.139961	70.139961	70.139961	4.049634	0.486739
-155.525604	20.159599	153.190000	-4.530000	-32.670280	97.000000	70.070893	70.070893	70.070893	4.058022	0.454978
-155.025604	20.659599	153.190000	-4.530000	-15.798116	90.000000	70.004271	69.904271	70.004271	4.066621	0.416975
-154.525604	21.159599	153.190000	-4.530000	0.434061	84.000000	69.939886	69.939886	69.939886	4.078714	0.372648
-154.025604	21.659599	153.190000	-4.530000	17.127904	80.000000	69.977539	69.977539	69.977539	4.089564	0.421866
-153.525604	22.159599	153.190000	-4.530000	33.560460	76.000000	69.917034	69.917034	69.917034	4.094570	0.364673
-153.025604	22.659599	153.190000	-4.530000	50.106895	73.000000	69.858185	69.858185	69.958185	4.094802	0.300988
-152.525604	23.159599	153.190000	-4.530000	66.523089	69.000000	69.900810	69.900810	69.900810	4.088683	0.330682
-152.025604	23.659599	153.190000	-4.530000	82.907915	69.000000	69.944734	69.944734	69.944734	4.081663	0.353793
-151.525604	24.159599	153.190000	-4.530000	99.240118	69.000000	69.989788	69.889788	69.989788	4.074521	0.370240
-151.025604	24.659599	153.190000	-4.530000	115.552119	69.000000	70.035809	69.935809	70.035809	4.071411	0.379894
-150.525604	25.159599	153.190000	-4.530000	131.793426	59.000000	70.082639	70.082639	70.082639	4.066264	0.382790
-150.025604	25.659599	153.190000	-4.530000	148.090534	45.000000	70.230124	70.230124	70.230124	4.061252	0.478845
-149.525604	26.159599	153.190000	-4.530000	164.541346	33.000000	70.178116	70.178116	70.178116	4.051754	0.367933
-149.025604	26.659599	153.190000	-4.530000	180.553097	22.000000	70.526470	70.526470	70.526470	4.049505	0.650083
