-156.387695	17.614901	153.190000	-4.530000	-76.580534	78.000000	71.148495	71.048495	71.148495	4.046232	0.342618
-153.503204	19.495199	153.190000	-4.530000	10.749114	87.000000	71.181348	71.081348	71.181348	4.132517	0.053622
-159.525604	16.659599	153.190000	-4.530000	-162.852455	41.000000	70.408553	70.408553	70.508553	4.055658	0.612099
-159.025604	17.159599	153.190000	-4.530000	-145.807756	50.000000	70.321350	70.321350	70.321350	4.051185	0.619846
-158.525604	17.659599	153.190000	-4.530000	-129.087951	62.000000	70.338094	70.338094	70.338094	4.041929	0.721686
-158.025604	18.159599	153.190000	-4.530000	-112.070167	75.000000	70.258519	70.258519	70.258519	4.030671	0.717634
-157.525604	18.659599	153.190000	-4.530000	-95.036115	81.000000	70.182368	70.182368	70.182368	4.022378	0.707397
-157.025604	19.159599	153.190000	-4.530000	-78.178080	87.000000	70.109395	70.109395	70.109395	4.023794	0.691097
-156.525604	19.659599	153.190000	-4.530000	-61.317113	89.000000	70.039363	70.039363	70.039363	4.030359	0.668745
-156.025604	20.159599	153.190000	-4.530000	-43.827954	93.000000	69.972043	69.872043	69.972043	4.045135	0.640058
-155.525604	20.659599	153.190000	-4.530000	-27.159099	91.000000	69.907216	69.807216	69.907216	4.066008	0.605149
-155.025604	21.159599	153.190000	-4.530000	-10.410259	88.000000	69.844672	69.744672	69.944672	4.089269	0.564021
-154.525604	21.659599	153.190000	-4.530000	5.797169	82.000000	69.984205	69.884205	69.984205	4.108404	0.716403
-154.025604	22.159599	153.190000	-4.530000	21.965091	77.000000	70.025620	70.025620	70.025620	4.128443	0.762397
-153.525604	22.659599	153.190000	-4.530000	38.288787	74.000000	70.068727	69.968727	70.068727	4.133693	0.802001
-153.025604	23.159599	153.190000	-4.530000	54.414607	69.000000	70.013344	70.013344	70.013344	4.132390	0.734954
-152.525604	23.659599	153.190000	-4.530000	70.779727	69.000000	70.059293	70.059293	70.059293	4.122121	0.761348
-152.025604	24.159599	153.190000	-4.530000	86.755289	69.000000	70.106403	70.106403	70.106403	4.108279	0.781178
-151.525604	24.659599	153.190000	-4.530000	103.065126	69.000000	70.154510	70.154510	70.154510	4.099909	0.794189
-151.025604	25.159599	153.190000	-4.530000	118.845418	64.000000	70.403454	70.303454	70.403454	4.096084	1.000467
-150.525604	25.659599	153.190000	-4.530000	135.334108	52.000000	70.353080	70.353080	70.353080	4.089928	0.900003
-150.025604	26.159599	153.190000	-4.530000	151.355912	39.000000	70.503238	70.503238	70.603238	4.085477	0.992549
-149.525604	26.659599	153.190000	-4.530000	167.878863	27.000000	70.253783	70.253783	70.253783	4.067392	0.678185
-156.206604	16.162001	153.190000	-4.530000	-84.588640	68.000000	72.211954	72.211954	72.211954	4.058808	0.324319
-153.295898	18.800900	153.190000	-4.530000	9.728863	84.000000	71.734422	71.734422	71.734422	4.129562	0.081867
-159.525604	17.159599	153.190000	-4.530000	-158.287908	41.000000	70.108774	70.108774	70.108774	4.051966	0.686522
-159.025604	17.659599	153.190000	-4.530000	-141.239133	52.000000	70.027044	70.027044	70.027044	4.046580	0.691420
-158.525604	18.159599	153.190000	-4.530000	-124.618899	64.000000	70.149057	70.149057	70.149057	4.032369	0.890141
-158.025604	18.659599	153.190000	-4.530000	-107.347156	74.000000	69.974554	69.974554	69.974554	4.020570	0.782970
-157.525604	19.159599	153.190000	-4.530000	-90.488692	85.000000	69.903284	69.903284	69.903284	4.016796	0.769803
-157.025604	19.659599	153.190000	-4.530000	-73.533060	88.000000	69.835006	69.835006	69.835006	4.021217	0.750318
-156.525604	20.159599	153.190000	-4.530000	-56.411333	90.000000	69.769489	69.769489	69.769489	4.030469	0.724779
-156.025604	20.659599	153.190000	-4.530000	-39.126385	92.000000	69.606512	69.606512	69.706512	4.048922	0.593081
-155.525604	21.159599	153.190000	-4.530000	-22.505147	88.000000	69.645858	69.645858	69.745858	4.069770	0.654918
-155.025604	21.659599	153.190000	-4.530000	-5.818910	83.000000	69.687324	69.687324	69.787324	4.094812	0.710532
-154.525604	22.159599	153.190000	-4.530000	10.375327	77.000000	69.830708	69.730708	69.830708	4.115836	0.859823
-154.025604	22.659599	153.190000	-4.530000	26.500850	75.000000	69.775821	69.775821	69.775821	4.129705	0.802492
-153.525604	23.159599	153.190000	-4.530000	42.860037	72.000000	69.822477	69.822477	69.822477	4.130763	0.838766
-153.025604	23.659599	153.190000	-4.530000	58.965942	69.000000	69.870496	69.870496	69.870496	4.127077	0.868546
-152.525604	24.159599	153.190000	-4.530000	75.305209	69.000000	69.919708	69.919708	69.919708	4.113755	0.891543
-152.025604	24.659599	153.190000	-4.530000	91.289486	69.000000	69.969945	69.969945	69.969945	4.102258	0.907970
-151.525604	25.159599	153.190000	-4.530000	107.618917	64.000000	70.021045	70.021045	70.021045	4.096667	0.917727
-151.025604	25.659599	153.190000	-4.530000	123.356993	57.000000	70.372854	70.372854	70.472854	4.096002	1.220536
-150.525604	26.159599	153.190000	-4.530000	139.972398	45.000000	70.125219	70.125219	70.225219	4.086599	0.916595
-150.025604	26.659599	153.190000	-4.530000	156.059264	32.000000	70.277995	70.277995	70.277995	4.081393	1.005805
-149.025604	14.659600	153.190000	-4.530000	87.191970	21.000000	77.902959	77.902959	77.902959	4.092417	1.942657
-156.167007	18.301001	153.190000	-4.530000	-64.783458	84.000000	70.840333	70.740333	70.840333	4.047581	0.376076
-153.292099	20.892599	153.190000	-4.530000	27.945611	81.000000	70.601929	70.601929	70.701929	4.146960	0.185942
-159.525604	17.659599	153.190000	-4.530000	-153.666286	41.000000	69.911916	69.911916	69.911916	4.044729	0.860710
-159.025604	18.159599	153.190000	-4.530000	-136.658117	51.000000	69.835580	69.835580	69.835580	4.036842	0.862523
-158.525604	18.659599	153.190000	-4.530000	-120.117073	64.000000	69.962785	69.862785	69.962785	4.018247	1.058274
-158.025604	19.159599	153.190000	-4.530000	-102.505783	76.000000	69.693277	69.593277	69.693277	4.013277	0.848032
-157.525604	19.659599	153.190000	-4.530000	-85.952018	85.000000	69.626813	69.626813	69.626813	4.014226	0.831713
-157.025604	20.159599	153.190000	-4.530000	-68.607498	86.000000	69.463156	69.463156	69.563156	4.021430	0.709182
-156.525604	20.659599	153.190000	-4.530000	-51.532725	88.000000	69.402083	69.402083	69.502083	4.032744	0.680500
-156.025604	21.159599	153.190000	-4.530000	-34.290286	87.000000	69.343376	69.343376	69.443376	4.053922	0.645582
-155.525604	21.659599	153.190000	-4.530000	-17.752019	83.000000	69.486827	69.386827	69.486827	4.074851	0.804296
-155.025604	22.159599	153.190000	-4.530000	-1.162420	80.000000	69.532233	69.432233	69.532233	4.100309	0.856694
-154.525604	22.659599	153.190000	-4.530000	14.983964	75.000000	69.579402	69.579402	69.579402	4.118679	0.902692
-154.025604	23.159599	153.190000	-4.530000	31.111245	73.000000	69.628147	69.628147	69.628147	4.129780	0.942160
-153.525604	23.659599	153.190000	-4.530000	47.496107	70.000000	69.578286	69.578286	69.678286	4.128230	0.875144
-153.025604	24.159599	153.190000	-4.530000	63.568409	69.000000	69.629646	69.629646	69.729646	4.121637	0.901559
-152.525604	24.659599	153.190000	-4.530000	79.949202	69.000000	69.682059	69.682059	69.682059	4.108632	0.921277
-152.025604	25.159599	153.190000	-4.530000	95.934361	64.000000	69.835361	69.835361	69.835361	4.099189	1.034338
-151.525604	25.659599	153.190000	-4.530000	112.255084	57.000000	69.889396	69.889396	69.889396	4.095060	1.040656
-151.025604	26.159599	153.190000	-4.530000	128.031134	49.000000	70.344011	70.244011	70.344011	4.099352	1.440108
-150.525604	26.659599	153.190000	-4.530000	144.809509	36.000000	69.799059	69.799059	69.799059	4.081546	0.832725
-149.525604	14.659600	153.190000	-4.530000	74.773732	27.000000	78.066746	78.066746	78.166746	4.090378	2.300762
-149.025604	15.159600	153.190000	-4.530000	89.960908	27.000000	77.445688	77.445688	77.445688	4.096320	1.760299
-155.996994	20.771000	153.190000	-4.530000	-37.364192	89.000000	69.592444	69.592444	69.692444	4.049127	0.632855
-153.290604	17.906200	153.190000	-4.530000	2.242865	78.000000	72.345060	72.345060	72.445060	4.120034	0.147409
-159.525604	18.159599	153.190000	-4.530000	-149.052570	39.000000	69.617997	69.617997	69.617997	4.037928	0.934589
-159.025604	18.659599	153.190000	-4.530000	-132.107328	52.000000	69.646975	69.646975	69.646975	4.023429	1.033286
-158.525604	19.159599	153.190000	-4.530000	-115.347531	65.000000	69.579292	69.579292	69.579292	4.012955	1.026000
-158.025604	19.659599	153.190000	-4.530000	-97.827442	80.000000	69.314701	69.314701	69.314701	4.009908	0.812751
-157.525604	20.159599	153.190000	-4.530000	-81.132630	85.000000	69.352965	69.252965	69.352965	4.011789	0.893250
-157.025604	20.659599	153.190000	-4.530000	-63.682047	87.000000	69.193856	69.193856	69.193856	4.022342	0.767610
-156.525604	21.159599	153.190000	-4.530000	-46.549737	88.000000	69.137152	69.137152	69.237152	4.036977	0.735844
-156.025604	21.659599	153.190000	-4.530000	-29.393792	85.000000	69.182644	69.082644	69.182644	4.059559	0.797675
-155.525604	22.159599	153.190000	-4.530000	-12.936119	80.000000	69.230128	69.130128	69.230128	4.083199	0.853206
-155.025604	22.659599	153.190000	-4.530000	3.482431	76.000000	69.279407	69.279407	69.279407	4.108123	0.902443
-154.525604	23.159599	153.190000	-4.530000	19.646593	74.000000	69.330292	69.330292	69.330292	4.121994	0.945120
-154.025604	23.659599	153.190000	-4.530000	35.798579	71.000000	69.382602	69.382602	69.382602	4.129541	0.981330
-153.525604	24.159599	153.190000	-4.530000	52.142985	69.000000	69.436160	69.436160	69.436160	4.125872	1.011075
-153.025604	24.659599	153.190000	-4.530000	68.256685	69.000000	69.490797	69.490797	69.490797	4.117734	1.034097
-152.525604	25.159599	153.190000	-4.530000	84.750150	64.000000	69.446348	69.446348	69.446348	4.104842	0.950480
-152.025604	25.659599	153.190000	-4.530000	100.647318	57.000000	69.702654	69.702654	69.702654	4.098867	1.160223
-151.525604	26.159599	153.190000	-4.530000	116.973441	50.000000	69.659563	69.659563	69.659563	4.093929	1.063076
-151.025604	26.659599	153.190000	-4.530000	132.895255	40.000000	70.016926	69.916926	70.016926	4.096621	1.359116
-150.025604	14.659600	153.190000	-4.530000	61.446572	32.000000	77.428033	77.428033	77.428033	4.100010	1.858697
-149.525604	15.159600	153.190000	-4.530000	77.592600	34.000000	77.607351	77.607351	77.707351	4.092170	2.121235
-149.025604	15.659600	153.190000	-4.530000	92.815553	32.000000	76.989774	76.989774	76.989774	4.101586	1.577458
-155.772995	19.079000	153.190000	-4.530000	-47.724240	91.000000	70.601163	70.501163	70.601163	4.053346	0.432734
-152.981201	18.301800	153.190000	-4.530000	12.694498	81.000000	72.205570	72.205570	72.205570	4.135401	0.093974
-159.525604	18.659599	153.190000	-4.530000	-144.429068	41.000000	69.427032	69.427032	69.427032	4.027839	1.107994
-159.025604	19.159599	153.190000	-4.530000	-127.388385	54.000000	69.261241	69.261241	69.361241	4.016409	1.003800
-158.525604	19.659599	153.190000	-4.530000	-110.556321	69.000000	69.298589	69.198589	69.298589	4.006532	1.093367
-158.025604	20.159599	153.190000	-4.530000	-93.026294	79.000000	69.038837	69.038837	69.038837	4.006519	0.876971
-157.525604	20.659599	153.190000	-4.530000	-76.148320	84.000000	68.981752	68.981752	68.981752	4.012968	0.854499
-157.025604	21.159599	153.190000	-4.530000	-58.663363	84.000000	68.927113	68.827113	68.927113	4.025932	0.825645
-156.525604	21.659599	153.190000	-4.530000	-41.585608	85.000000	68.874705	68.874705	68.874705	4.043673	0.790662
-156.025604	22.159599	153.190000	-4.530000	-24.527844	81.000000	68.924323	68.824323	68.924323	4.067696	0.849442
-155.525604	22.659599	153.190000	-4.530000	-8.098542	79.000000	68.975767	68.875767	68.975767	4.091913	0.901689
-155.025604	23.159599	153.190000	-4.530000	8.185019	75.000000	69.028848	69.028848	69.028848	4.112542	0.947639
-154.525604	23.659599	153.190000	-4.530000	24.312420	71.000000	69.083382	69.083382	69.083382	4.125022	0.987183
-154.025604	24.159599	153.190000	-4.530000	40.501821	69.000000	69.139190	69.139190	69.139190	4.129150	1.020038
-153.525604	24.659599	153.190000	-4.530000	56.930231	69.000000	69.096101	69.096101	69.096101	4.124216	0.946422
-153.025604	25.159599	153.190000	-4.530000	73.052796	64.000000	69.253949	69.253949	69.253949	4.115622	1.066230
-152.525604	25.659599	153.190000	-4.530000	89.585432	57.000000	69.112575	69.112575	69.112575	4.101522	0.879186
-152.025604	26.159599	153.190000	-4.530000	105.425664	50.000000	69.471825	69.471825	69.471825	4.099117	1.185495
-151.525604	26.659599	153.190000	-4.530000	121.818450	41.000000	69.331548	69.331548	69.331548	4.091041	0.985053
-150.525604	14.659600	153.190000	-4.530000	48.838893	36.000000	77.386768	77.386768	77.386768	4.101165	2.016201
-150.025604	15.159600	153.190000	-4.530000	64.392648	41.000000	76.966471	76.966471	76.966471	4.102593	1.682010
-149.525604	15.659600	153.190000	-4.530000	80.462176	39.000000	77.149364	77.149364	77.149364	4.094822	1.941384
-149.025604	16.159599	153.190000	-4.530000	95.759736	36.000000	76.635236	76.635236	76.635236	4.106170	1.494351
-159.664993	22.122999	153.190000	-4.530000	-111.569231	43.000000	66.349628	66.349628	66.349628	4.002606	0.554702
-155.765305	26.776699	153.190000	-4.530000	28.425959	38.000000	66.196646	66.096646	66.196646	4.140122	0.671533
-152.765793	25.592800	153.190000	-4.530000	83.242723	61.000000	69.191329	69.191329	69.191329	4.108951	1.072311
-159.525604	19.159599	153.190000	-4.530000	-139.686019	43.000000	69.139035	69.139035	69.139035	4.016913	1.181132
-159.025604	19.659599	153.190000	-4.530000	-122.517932	55.000000	68.978391	68.978391	68.978391	4.006987	1.073826
-158.525604	20.159599	153.190000	-4.530000	-105.709197	69.000000	68.920688	68.920688	69.020688	4.002566	1.060388
-158.025604	20.659599	153.190000	-4.530000	-87.993223	78.000000	68.665693	68.665693	68.665693	4.005399	0.840887
-157.525604	21.159599	153.190000	-4.530000	-71.112488	85.000000	68.613181	68.613181	68.713181	4.015389	0.815234
-157.025604	21.659599	153.190000	-4.530000	-53.632615	84.000000	68.562935	68.562935	68.562935	4.031916	0.783298
-156.525604	22.159599	153.190000	-4.530000	-36.598107	81.000000	68.614747	68.514747	68.614747	4.051228	0.845139
-156.025604	22.659599	153.190000	-4.530000	-19.641184	81.000000	68.568416	68.468416	68.668416	4.076712	0.800667
-155.525604	23.159599	153.190000	-4.530000	-3.311508	73.000000	68.623750	68.623750	68.723750	4.100810	0.849756
-155.025604	23.659599	153.190000	-4.530000	12.896515	71.000000	68.680562	68.680562	68.680562	4.119038	0.892454
-154.525604	24.159599	153.190000	-4.530000	29.014237	71.000000	68.838674	68.738674	68.838674	4.127106	1.028675
-154.025604	24.659599	153.190000	-4.530000	45.274458	69.000000	68.897912	68.897912	68.897912	4.129963	1.058293
-153.525604	25.159599	153.190000	-4.530000	61.805995	64.000000	68.858110	68.858110	68.858110	4.122199	0.981352
-153.025604	25.659599	153.190000	-4.530000	77.882627	57.000000	69.019105	69.019105	69.019105	4.114159	1.097763
-152.525604	26.159599	153.190000	-4.530000	94.410135	50.000000	68.880744	68.780744	68.880744	4.100135	0.907404
-152.025604	26.659599	153.190000	-4.530000	110.294027	41.000000	69.242873	69.242873	69.242873	4.099114	1.210312
-151.025604	14.659600	153.190000	-4.530000	35.643571	40.000000	76.642896	76.642896	76.742896	4.103302	1.473496
-150.525604	15.159600	153.190000	-4.530000	51.921693	45.000000	77.022996	77.022996	77.022996	4.102595	1.942478
-150.025604	15.659600	153.190000	-4.530000	67.413733	48.000000	76.606369	76.506369	76.606369	4.104961	1.604980
-149.525604	16.159599	153.190000	-4.530000	83.449387	45.000000	76.592802	76.592802	76.592802	4.101487	1.661135
-149.025604	16.659599	153.190000	-4.530000	98.750031	39.000000	76.182083	76.182083	76.182083	4.116791	1.310900
-159.401001	21.971001	153.190000	-4.530000	-107.124515	48.000000	66.747070	66.747070	66.747070	4.000051	0.675374
-155.714996	18.000299	153.190000	-4.530000	-56.420765	86.000000	71.160037	71.160037	71.160037	4.057687	0.257071
-152.132401	18.481400	153.190000	-4.530000	34.692477	77.000000	72.692968	72.592968	72.692968	4.150423	0.267493
-159.525604	19.659599	153.190000	-4.530000	-134.765793	42.000000	68.854018	68.754018	68.854018	4.006161	1.253939
-159.025604	20.159599	153.190000	-4.530000	-117.588201	57.000000	68.698435	68.598435	68.698435	3.999199	1.143489
-158.525604	20.659599	153.190000	-4.530000	-100.540894	70.000000	68.545598	68.545598	68.545598	4.000557	1.026980
-158.025604	21.159599	153.190000	-4.530000	-82.878543	77.000000	68.295279	68.295279	68.295279	4.007018	0.804435
-157.525604	21.659599	153.190000	-4.530000	-65.930764	82.000000	68.247259	68.247259	68.247259	4.020676	0.775573
-157.025604	22.159599	153.190000	-4.530000	-48.537947	82.000000	68.201328	68.201328	68.201328	4.040466	0.740492
-156.525604	22.659599	153.190000	-4.530000	-31.639963	78.000000	68.257284	68.257284	68.257284	4.061195	0.799212
-156.025604	23.159599	153.190000	-4.530000	-14.811675	74.000000	68.314930	68.214930	68.314930	4.089518	0.851462
-155.525604	23.659599	153.190000	-4.530000	1.417452	71.000000	68.374079	68.374079	68.374079	4.107107	0.897330
-155.025604	24.159599	153.190000	-4.530000	17.633642	70.000000	68.434551	68.434551	68.434551	4.124286	0.936831
-154.525604	24.659599	153.190000	-4.530000	33.812421	70.000000	68.596172	68.496172	68.596172	4.130075	1.069702
-154.025604	25.159599	153.190000	-4.530000	50.134519	64.000000	68.658771	68.658771	68.658771	4.131115	1.096025
-153.525604	25.659599	153.190000	-4.530000	66.755356	57.000000	68.522189	68.522189	68.522189	4.120707	0.915807
-153.025604	26.159599	153.190000	-4.530000	82.813927	50.000000	68.686266	68.686266	68.786266	4.111730	1.028796
-152.525604	26.659599	153.190000	-4.530000	99.296384	41.000000	68.550852	68.550852	68.550852	4.098484	0.835066
-151.525604	14.659600	153.190000	-4.530000	22.842293	40.000000	76.396360	76.396360	76.396360	4.098349	1.430639
-151.025604	15.159600	153.190000	-4.530000	38.750568	49.000000	76.276870	76.276870	76.276870	4.106055	1.402565
-150.525604	15.659600	153.190000	-4.530000	54.985708	54.000000	76.460737	76.460737	76.460737	4.105434	1.668277
-150.025604	16.159599	153.190000	-4.530000	70.513805	54.000000	76.147745	76.147745	76.147745	4.109669	1.427710
-149.525604	16.659599	153.190000	-4.530000	86.534377	49.000000	76.137678	76.137678	76.137678	4.108972	1.480524
-149.025604	17.159599	153.190000	-4.530000	101.886516	39.000000	75.830332	75.830332	75.830332	4.124733	1.226947
-158.982498	15.574000	153.190000	-4.530000	-158.764410	40.000000	71.641998	71.641998	71.741998	4.067412	0.737246
-155.710999	20.046000	153.190000	-4.530000	-37.197705	95.000000	70.026138	69.926138	70.126138	4.056458	0.443095
-151.686600	14.689100	153.190000	-4.530000	18.734219	39.000000	76.114981	76.114981	76.114981	4.095180	1.233192
-159.525604	20.159599	153.190000	-4.530000	-129.711720	45.000000	68.471990	68.371990	68.471990	3.998970	1.226255
-159.025604	20.659599	153.190000	-4.530000	-112.490670	59.000000	68.221382	68.221382	68.321382	3.998180	1.012872
-158.525604	21.159599	153.190000	-4.530000	-95.182482	67.000000	68.073326	68.073326	68.073326	4.001566	0.893189
-158.025604	21.659599	153.190000	-4.530000	-77.700331	76.000000	67.927600	67.927600	67.927600	4.011475	0.767468
-157.525604	22.159599	153.190000	-4.530000	-60.688395	82.000000	67.883992	67.883992	67.883992	4.029023	0.735592
-157.025604	22.659599	153.190000	-4.530000	-43.382548	79.000000	67.842297	67.842297	67.942297	4.051006	0.697269
-156.525604	23.159599	153.190000	-4.530000	-26.646224	76.000000	67.902318	67.902318	68.002318	4.071898	0.752743
-156.025604	23.659599	153.190000	-4.530000	-9.977635	71.000000	67.963866	67.963866	68.063866	4.099310	0.801898
-155.525604	24.159599	153.190000	-4.530000	6.194469	70.000000	68.026757	68.026757	68.126757	4.115399	0.844453
-155.025604	24.659599	153.190000	-4.530000	22.427289	70.000000	68.190817	68.190817	68.190817	4.128765	0.980636
-154.525604	25.159599	153.190000	-4.530000	38.749075	65.000000	68.355875	68.355875	68.355875	4.132783	1.110331
-154.025604	25.659599	153.190000	-4.530000	55.129329	58.000000	68.421768	68.421768	68.421768	4.132160	1.133269
-153.525604	26.159599	153.190000	-4.530000	71.771450	51.000000	68.188337	68.188337	68.188337	4.118888	0.849660
-153.025604	26.659599	153.190000	-4.530000	87.844444	41.000000	68.355430	68.355430	68.355430	4.110200	0.959392
-152.025604	14.659600	153.190000	-4.530000	10.073809	41.000000	76.047105	76.047105	76.147105	4.095105	1.287357
-151.525604	15.159600	153.190000	-4.530000	26.090239	49.000000	76.028037	76.028037	76.028037	4.103896	1.362507
-151.025604	15.659600	153.190000	-4.530000	41.938776	58.000000	75.812413	75.812413	75.812413	4.110850	1.231316
-150.525604	16.159599	153.190000	-4.530000	58.095743	61.000000	75.900010	75.900010	75.900010	4.112527	1.393818
-150.025604	16.659599	153.190000	-4.530000	73.664265	58.000000	75.690611	75.690611	75.690611	4.115938	1.249947
-149.525604	17.159599	153.190000	-4.530000	89.740067	50.000000	75.784007	75.784007	75.784007	4.115673	1.399565
-149.025604	17.659599	153.190000	-4.530000	105.154339	40.000000	75.479995	75.479995	75.479995	4.131092	1.142699
-158.933105	24.573799	153.190000	-4.530000	-66.504123	53.000000	64.848883	64.848883	64.948883	4.069633	0.172961
-155.679398	21.205500	153.190000	-4.530000	-25.688347	88.000000	69.632506	69.532506	69.632506	4.064694	0.759929
-151.637604	16.737801	153.190000	-4.530000	33.614623	73.000000	74.509653	74.409653	74.509653	4.120739	0.829403
-159.525604	20.659599	153.190000	-4.530000	-124.542939	46.000000	67.992959	67.992959	67.992959	3.997267	1.098276
-159.025604	21.159599	153.190000	-4.530000	-107.110374	57.000000	67.747239	67.747239	67.747239	3.997734	0.881752
-158.525604	21.659599	153.190000	-4.530000	-89.839798	66.000000	67.703878	67.703878	67.703878	4.003239	0.859027
-158.025604	22.159599	153.190000	-4.530000	-72.440081	74.000000	67.562662	67.562662	67.562662	4.018198	0.730166
-157.525604	22.659599	153.190000	-4.530000	-55.355942	79.000000	67.523384	67.523384	67.523384	4.038848	0.695080
-157.025604	23.159599	153.190000	-4.530000	-38.170070	75.000000	67.485845	67.485845	67.585845	4.062781	0.653639
-156.525604	23.659599	153.190000	-4.530000	-21.523784	71.000000	67.649854	67.549854	67.649854	4.085698	0.805900
-156.025604	24.159599	153.190000	-4.530000	-5.037227	70.000000	67.615227	67.615227	67.715227	4.107513	0.751773
-155.525604	24.659599	153.190000	-4.530000	11.078327	70.000000	67.781786	67.781786	67.881786	4.121366	0.891133
-155.025604	25.159599	153.190000	-4.530000	27.398820	66.000000	67.949360	67.949360	68.049360	4.133253	1.024029
-154.525604	25.659599	153.190000	-4.530000	43.858482	58.000000	68.017785	68.017785	68.117785	4.135211	1.050370
-154.025604	26.159599	153.190000	-4.530000	60.225037	51.000000	68.086901	68.086901	68.086901	4.130981	1.070034
-153.525604	26.659599	153.190000	-4.530000	76.875177	42.000000	67.756555	67.756555	67.756555	4.114669	0.683063
-152.525604	14.659600	153.190000	-4.530000	-2.561062	41.000000	75.995069	75.895069	75.995069	4.092850	1.443878
-152.025604	15.159600	153.190000	-4.530000	13.272740	50.000000	75.576440	75.576440	75.576440	4.098023	1.122153
-151.525604	15.659600	153.190000	-4.530000	29.348514	58.000000	75.561340	75.561340	75.561340	4.107298	1.194040
-151.025604	16.159599	153.190000	-4.530000	45.207389	66.000000	75.449543	75.449543	75.449543	4.115080	1.159675
-150.525604	16.659599	153.190000	-4.530000	61.321115	65.000000	75.440827	75.440827	75.440827	4.117698	1.219022
-150.025604	17.159599	153.190000	-4.530000	76.936692	59.000000	75.334982	75.334982	75.334982	4.122298	1.171817
-149.525604	17.659599	153.190000	-4.530000	93.089999	50.000000	75.431801	75.431801	75.431801	4.122303	1.318183
-149.025604	18.159599	153.190000	-4.530000	108.498677	40.000000	75.031084	75.031084	75.131084	4.138949	0.958083
-158.903000	21.298401	153.190000	-4.530000	-102.591518	59.000000	67.644321	67.644321	67.644321	4.001372	0.795709
-155.636200	22.299900	153.190000	-4.530000	-14.170545	79.000000	69.029039	69.029039	69.129039	4.080313	0.804154
-150.914993	18.914200	153.190000	-4.530000	67.594146	67.000000	73.113614	73.113614	73.213614	4.155056	0.338517
-159.525604	21.159599	153.190000	-4.530000	-119.137459	46.000000	67.516933	67.516933	67.516933	3.994973	0.969939
-159.025604	21.659599	153.190000	-4.530000	-101.564942	56.000000	67.276012	67.276012	67.276012	3.999709	0.750245
-158.525604	22.159599	153.190000	-4.530000	-84.552269	66.000000	67.237260	67.237260	67.337260	4.010158	0.724412
-158.025604	22.659599	153.190000	-4.530000	-67.041188	74.000000	67.100469	67.100469	67.100469	4.029427	0.592472
-157.525604	23.159599	153.190000	-4.530000	-49.948238	77.000000	67.165438	67.065438	67.165438	4.050859	0.654147
-157.025604	23.659599	153.190000	-4.530000	-32.914178	73.000000	67.131975	67.131975	67.231975	4.075948	0.609525
-156.525604	24.159599	153.190000	-4.530000	-16.378386	72.000000	67.199893	67.199893	67.299893	4.097716	0.658629
-156.025604	24.659599	153.190000	-4.530000	0.077616	70.000000	67.269014	67.269014	67.369014	4.115757	0.701193
-155.525604	25.159599	153.190000	-4.530000	16.223009	65.000000	67.539165	67.539165	67.539165	4.128299	0.937297
-155.025604	25.659599	153.190000	-4.530000	32.570160	59.000000	67.710181	67.710181	67.810181	4.137240	1.066958
-154.525604	26.159599	153.190000	-4.530000	49.130570	51.000000	67.681901	67.681901	67.681901	4.136462	0.989918
-154.025604	26.659599	153.190000	-4.530000	65.511401	42.000000	67.654171	67.654171	67.654171	4.128001	0.906250
-153.025604	14.659600	153.190000	-4.530000	-15.048850	40.000000	75.940192	75.940192	75.940192	4.094330	1.600262
-152.525604	15.159600	153.190000	-4.530000	0.748494	50.000000	75.422018	75.422018	75.422018	4.094963	1.181427
-152.025604	15.659600	153.190000	-4.530000	16.564187	59.000000	75.107459	75.107459	75.107459	4.103031	0.956476
-151.525604	16.159599	153.190000	-4.530000	32.638972	65.000000	75.096286	74.996286	75.096286	4.113611	1.025341
-151.025604	16.659599	153.190000	-4.530000	48.542785	72.000000	74.988273	74.988273	74.988273	4.122032	0.987680
-150.525604	17.159599	153.190000	-4.530000	64.678940	67.000000	75.083205	75.083205	75.083205	4.124108	1.143729
-150.025604	17.659599	153.190000	-4.530000	80.327593	60.000000	74.980873	74.980873	74.980873	4.129121	1.093417
-149.525604	18.159599	153.190000	-4.530000	96.503167	49.000000	74.981074	74.881074	74.981074	4.130559	1.136415
-149.025604	18.659599	153.190000	-4.530000	111.868435	40.000000	74.483612	74.483612	74.583612	4.147736	0.672944
-158.760193	18.564699	153.190000	-4.530000	-126.491132	59.000000	69.773306	69.773306	69.773306	4.025022	0.937353
-154.994400	21.507000	153.190000	-4.530000	-6.518289	81.000000	69.769547	69.669547	69.869547	4.091742	0.682141
-149.000900	16.989000	153.190000	-4.530000	101.418981	37.000000	76.025559	75.925559	76.025559	4.118936	1.320345
-159.525604	21.659599	153.190000	-4.530000	-113.552994	46.000000	66.943917	66.943917	66.943917	3.999415	0.741098
-159.025604	22.159599	153.190000	-4.530000	-96.046735	55.000000	66.807705	66.807705	66.807705	4.005874	0.618427
-158.525604	22.659599	153.190000	-4.530000	-79.094258	65.000000	66.873474	66.873474	66.873474	4.017262	0.689392
-158.025604	23.159599	153.190000	-4.530000	-61.579511	71.000000	66.741022	66.741022	66.741022	4.041256	0.554245
-157.525604	23.659599	153.190000	-4.530000	-44.605976	73.000000	66.710156	66.710156	66.810156	4.065744	0.512863
-157.025604	24.159599	153.190000	-4.530000	-27.555111	71.000000	66.780686	66.680686	66.780686	4.088784	0.564969
-156.525604	24.659599	153.190000	-4.530000	-11.093343	71.000000	66.852434	66.852434	66.852434	4.106704	0.610796
-156.025604	25.159599	153.190000	-4.530000	5.315244	65.000000	67.025226	66.925226	67.025226	4.123655	0.750223
-155.525604	25.659599	153.190000	-4.530000	21.537326	58.000000	67.198895	67.198895	67.298895	4.133774	0.882984
-155.025604	26.159599	153.190000	-4.530000	37.903253	51.000000	67.373278	67.373278	67.373278	4.139184	1.009294
-154.525604	26.659599	153.190000	-4.530000	54.576560	42.000000	67.048221	67.048221	67.048221	4.129887	0.629036
-153.525604	14.659600	153.190000	-4.530000	-28.031998	40.000000	75.382411	75.382411	75.482411	4.085262	1.256229
-153.025604	15.159600	153.190000	-4.530000	-11.762995	51.000000	75.264710	75.264710	75.264710	4.094077	1.240573
-152.525604	15.659600	153.190000	-4.530000	4.133124	61.000000	74.950712	74.850712	74.950712	4.097575	1.018666
-152.025604	16.159599	153.190000	-4.530000	19.925571	68.000000	74.640182	74.640182	74.640182	4.109166	0.790549
-151.525604	16.659599	153.190000	-4.530000	36.019837	74.000000	74.632891	74.632891	74.732891	4.119336	0.856153
-151.025604	17.159599	153.190000	-4.530000	51.973574	73.000000	74.728621	74.628621	74.728621	4.127503	1.015343
-150.525604	17.659599	153.190000	-4.530000	68.200617	67.000000	74.727158	74.727158	74.727158	4.130351	1.068149
-150.025604	18.159599	153.190000	-4.530000	83.829181	60.000000	74.528297	74.528297	74.528297	4.137341	0.914505
-149.525604	18.659599	153.190000	-4.530000	99.935209	49.000000	74.431838	74.431838	74.431838	4.138974	0.854274
-149.025604	19.159599	153.190000	-4.530000	115.287035	40.000000	73.937588	73.937588	73.937588	4.154800	0.387483
-158.185394	22.620199	153.190000	-4.530000	-71.288464	73.000000	67.072613	67.072613	67.072613	4.025017	0.642140
-154.983002	19.601000	153.190000	-4.530000	-23.410867	94.000000	70.612730	70.412730	70.712730	4.083317	0.344289
-159.525604	22.159599	153.190000	-4.530000	-107.917630	44.000000	66.373914	66.373914	66.473914	4.007645	0.511929
-159.025604	22.659599	153.190000	-4.530000	-90.540855	53.000000	66.342320	66.342320	66.342320	4.015239	0.486088
-158.525604	23.159599	153.190000	-4.530000	-73.548219	63.000000	66.512522	66.412522	66.512522	4.027315	0.653975
-158.025604	23.659599	153.190000	-4.530000	-56.092004	69.000000	66.284324	66.284324	66.384324	4.057338	0.415653
-157.525604	24.159599	153.190000	-4.530000	-39.147557	71.000000	66.357538	66.257538	66.357538	4.080167	0.471030
-157.025604	24.659599	153.190000	-4.530000	-22.127728	70.000000	66.331981	66.231981	66.331981	4.100772	0.419981
-156.525604	25.159599	153.190000	-4.530000	-5.718672	65.000000	66.507479	66.407479	66.507479	4.113686	0.562560
-156.025604	25.659599	153.190000	-4.530000	10.597019	58.000000	66.683863	66.683863	66.683863	4.128512	0.698674
-155.525604	26.159599	153.190000	-4.530000	26.950672	50.000000	66.860973	66.860973	66.860973	4.137496	0.828201
-155.025604	26.659599	153.190000	-4.530000	43.384287	41.000000	66.838650	66.838650	66.838650	4.136949	0.751188
-154.025604	14.659600	153.190000	-4.530000	-40.705009	39.000000	75.221659	75.121659	75.221659	4.083961	1.312010
-153.525604	15.159600	153.190000	-4.530000	-24.610507	51.000000	74.804453	74.804453	74.804453	4.085758	0.999433
-153.025604	15.659600	153.190000	-4.530000	-8.374400	62.000000	74.591036	74.591036	74.591036	4.094942	0.880556
-152.525604	16.159599	153.190000	-4.530000	7.487530	70.000000	74.281170	74.281170	74.281170	4.104247	0.655519
-152.025604	16.659599	153.190000	-4.530000	23.397509	75.000000	74.174623	74.174623	74.274623	4.116177	0.624293
-151.525604	17.159599	153.190000	-4.530000	39.562151	75.000000	74.271172	74.271172	74.371172	4.127819	0.786607
-151.025604	17.659599	153.190000	-4.530000	55.573577	74.000000	74.270600	74.270600	74.270600	4.137182	0.842589
-150.525604	18.159599	153.190000	-4.530000	71.854286	67.000000	74.272699	74.172699	74.272699	4.139236	0.892208
-150.025604	18.659599	153.190000	-4.530000	87.401251	59.000000	73.977266	73.977266	74.077266	4.143821	0.635202
-149.525604	19.159599	153.190000	-4.530000	103.415375	49.000000	73.784104	73.784104	73.884104	4.148528	0.471686
-149.025604	19.659599	153.190000	-4.530000	118.743712	39.000000	73.293023	73.193023	73.293023	4.161350	0.001628
-158.179504	20.377800	153.190000	-4.530000	-94.619981	74.000000	68.821403	68.821403	68.821403	4.003872	0.900091
-154.797394	18.803101	153.190000	-4.530000	-26.371390	90.000000	71.087101	70.987101	71.187101	4.085917	0.217123
-159.525604	22.659599	153.190000	-4.530000	-102.291350	44.000000	66.006927	66.006927	66.006927	4.010590	0.482379
-159.025604	23.159599	153.190000	-4.530000	-84.908556	54.000000	65.979860	65.979860	65.979860	4.023554	0.453339
-158.525604	23.659599	153.190000	-4.530000	-67.934702	62.000000	66.054406	66.054406	66.054406	4.041996	0.518082
-158.025604	24.159599	153.190000	-4.530000	-50.562695	66.000000	65.930375	65.930375	65.930375	4.071216	0.376644
-157.525604	24.659599	153.190000	-4.530000	-33.605918	71.000000	65.907583	65.907583	66.007583	4.092388	0.328752
-157.025604	25.159599	153.190000	-4.530000	-16.712144	66.000000	65.885856	65.885856	65.985856	4.107931	0.274484
-156.525604	25.659599	153.190000	-4.530000	-0.295510	58.000000	66.065024	66.065024	66.065024	4.119651	0.413868
-156.025604	26.159599	153.190000	-4.530000	15.978704	51.000000	66.344923	66.344923	66.344923	4.132364	0.646643
-155.525604	26.659599	153.190000	-4.530000	32.449767	41.000000	66.425397	66.325397	66.425397	4.138220	0.672876
-154.525604	14.659600	153.190000	-4.530000	-54.013871	40.000000	74.357871	74.257871	74.357871	4.068973	0.667670
-154.025604	15.159600	153.190000	-4.530000	-37.193203	51.000000	74.541180	74.541180	74.641180	4.083281	0.957930
-153.525604	15.659600	153.190000	-4.530000	-21.081949	62.000000	74.228367	74.128367	74.228367	4.087897	0.742169
-153.025604	16.159599	153.190000	-4.530000	-4.904108	72.000000	74.019189	73.919189	74.019189	4.100197	0.620316
-152.525604	16.659599	153.190000	-4.530000	10.963788	77.000000	73.813408	73.713408	73.813408	4.111982	0.492025
-152.025604	17.159599	153.190000	-4.530000	26.956744	77.000000	73.910800	73.810800	73.910800	4.126545	0.657545
-151.525604	17.659599	153.190000	-4.530000	43.302182	75.000000	73.911143	73.911143	73.911143	4.137168	0.716799
-151.025604	18.159599	153.190000	-4.530000	59.242918	74.000000	73.814225	73.814225	73.814225	4.144312	0.669457
-150.525604	18.659599	153.190000	-4.530000	75.554507	67.000000	73.719840	73.719840	73.719840	4.147077	0.615750
-150.025604	19.159599	153.190000	-4.530000	91.068239	58.000000	73.527790	73.427790	73.527790	4.147225	0.455600
-149.525604	19.659599	153.190000	-4.530000	106.969245	48.000000	73.237881	73.137881	73.237881	4.152514	0.188688
-149.025604	20.159599	153.190000	-4.530000	122.373835	39.000000	72.649926	72.549926	72.749926	4.168574	-0.384770
-157.931000	21.646000	153.190000	-4.530000	-75.639690	77.000000	67.984866	67.984866	67.984866	4.012595	0.756568
-154.691299	17.180099	153.190000	-4.530000	-38.431986	81.000000	72.080331	72.080331	72.080331	4.081986	0.120316
-159.525604	23.159599	153.190000	-4.530000	-96.637338	44.000000	65.642955	65.642955	65.642955	4.017018	0.452308
-159.025604	23.659599	153.190000	-4.530000	-79.200599	52.000000	65.520324	65.520324	65.520324	4.038019	0.320247
-158.525604	24.159599	153.190000	-4.530000	-62.250949	59.000000	65.699124	65.599124	65.699124	4.057116	0.481758
-158.025604	24.659599	153.190000	-4.530000	-44.930771	66.000000	65.479172	65.479172	65.579172	4.085510	0.237083
-157.525604	25.159599	153.190000	-4.530000	-28.068995	65.000000	65.560291	65.560291	65.560291	4.102037	0.286091
-157.025604	25.659599	153.190000	-4.530000	-11.232780	59.000000	65.442311	65.442311	65.542311	4.113836	0.128521
-156.525604	26.159599	153.190000	-4.530000	5.144017	51.000000	65.725067	65.725067	65.725067	4.125086	0.364596
-156.025604	26.659599	153.190000	-4.530000	21.362484	41.000000	66.108402	66.108402	66.108402	4.139702	0.694189
-155.025604	14.659600	153.190000	-4.530000	-66.638675	40.000000	74.090976	74.090976	74.090976	4.064532	0.622919
-154.525604	15.159600	153.190000	-4.530000	-50.341586	51.000000	73.774825	73.774825	73.874825	4.071627	0.416316
-154.025604	15.659600	153.190000	-4.530000	-33.583194	61.000000	73.962640	73.862640	73.962640	4.084896	0.703549
-153.525604	16.159599	153.190000	-4.530000	-17.479353	71.000000	73.654174	73.654174	73.654174	4.092435	0.484663
-153.025604	16.659599	153.190000	-4.530000	-1.297718	79.000000	73.549185	73.449185	73.549185	4.106625	0.459592
-152.525604	17.159599	153.190000	-4.530000	14.624527	78.000000	73.447444	73.447444	73.547444	4.120483	0.428198
-152.025604	17.659599	153.190000	-4.530000	30.730157	78.000000	73.548727	73.448727	73.548727	4.136158	0.590518
-151.525604	18.159599	153.190000	-4.530000	47.158648	75.000000	73.452818	73.452818	73.452818	4.145468	0.546484
-151.025604	18.659599	153.190000	-4.530000	63.019610	73.000000	73.359507	73.359507	73.359507	4.150740	0.495959
-150.525604	19.159599	153.190000	-4.530000	79.280098	65.000000	73.268594	73.268594	73.268594	4.151844	0.438977
-150.025604	19.659599	153.190000	-4.530000	94.772158	57.000000	72.979882	72.879882	72.979882	4.149965	0.175465
-149.525604	20.159599	153.190000	-4.530000	110.649165	48.000000	72.593181	72.593181	72.693181	4.158762	-0.194709
-149.025604	20.659599	153.190000	-4.530000	126.230750	38.000000	72.108307	72.008307	72.208307	4.170188	-0.671519
-157.859100	14.659600	153.190000	-4.530000	-138.780782	38.000000	72.382897	72.382897	72.382897	4.068277	0.232229
-154.617798	20.088900	153.190000	-4.530000	-10.494225	90.000000	70.402109	70.302109	70.502109	4.098811	0.235584
-159.525604	23.659599	153.190000	-4.530000	-90.882343	42.000000	65.281999	65.281999	65.281999	4.024464	0.421879
-159.025604	24.159599	153.190000	-4.530000	-73.440237	52.000000	65.163710	65.163710	65.163710	4.052060	0.286617
-158.525604	24.659599	153.190000	-4.530000	-56.500951	59.000000	65.246674	65.246674	65.346674	4.071978	0.345013
-158.025604	25.159599	153.190000	-4.530000	-39.177874	60.000000	65.030714	65.030714	65.130714	4.098101	0.097127
-157.525604	25.659599	153.190000	-4.530000	-22.430977	59.000000	65.115658	65.115658	65.115658	4.109778	0.142863
-157.025604	26.159599	153.190000	-4.530000	-5.792375	51.000000	65.201341	65.201341	65.201341	4.119895	0.182099
-156.525604	26.659599	153.190000	-4.530000	10.595352	41.000000	65.487605	65.487605	65.487605	4.131444	0.414889
-155.525604	14.659600	153.190000	-4.530000	-79.826616	40.000000	73.420902	73.320902	73.420902	4.056474	0.177993
-155.025604	15.159600	153.190000	-4.530000	-62.866271	50.000000	73.605317	73.605317	73.705317	4.066168	0.474425
-154.525604	15.659600	153.190000	-4.530000	-46.588786	61.000000	73.293787	73.293787	73.293787	4.073298	0.264642
-154.025604	16.159599	153.190000	-4.530000	-29.845513	70.000000	73.386059	73.386059	73.386059	4.087998	0.448786
-153.525604	16.659599	153.190000	-4.530000	-13.795091	79.000000	73.181889	73.081889	73.181889	4.097516	0.326837
-153.025604	17.159599	153.190000	-4.530000	2.478834	79.000000	73.081043	73.081043	73.181043	4.115691	0.298518
-152.525604	17.659599	153.190000	-4.530000	18.511434	81.000000	73.083292	73.083292	73.183292	4.130905	0.363960
-152.025604	18.159599	153.190000	-4.530000	34.639966	79.000000	72.988419	72.988419	73.088419	4.144746	0.323138
-151.525604	18.659599	153.190000	-4.530000	51.104400	75.000000	72.996210	72.996210	72.996210	4.152839	0.375785
-151.025604	19.159599	153.190000	-4.530000	66.865785	72.000000	72.906460	72.806460	72.906460	4.156158	0.322021
-150.525604	19.659599	153.190000	-4.530000	83.060040	65.000000	72.718971	72.718971	72.718971	4.154835	0.161818
-150.025604	20.159599	153.190000	-4.530000	98.573960	57.000000	72.433550	72.333550	72.433550	4.153876	-0.105085
-149.525604	20.659599	153.190000	-4.530000	114.558397	48.000000	72.150011	72.050011	72.150011	4.157652	-0.378576
-149.025604	21.159599	153.190000	-4.530000	130.369183	38.000000	71.768173	71.668173	71.768173	4.164284	-0.758687
-157.700806	16.348400	153.190000	-4.530000	-120.486405	69.000000	71.424247	71.424247	71.424247	4.057736	0.423571
-154.495895	18.401699	153.190000	-4.530000	-22.659766	87.000000	71.354669	71.354669	71.454669	4.093648	0.073903
-159.525604	24.159599	153.190000	-4.530000	-85.030507	42.000000	64.924056	64.924056	64.924056	4.037244	0.391043
-159.025604	24.659599	153.190000	-4.530000	-67.539464	50.000000	64.710016	64.710016	64.710016	4.067013	0.152553
-158.525604	25.159599	153.190000	-4.530000	-50.595260	53.000000	64.897054	64.797054	64.897054	4.086529	0.307767
-158.025604	25.659599	153.190000	-4.530000	-33.435096	53.000000	64.684997	64.584997	64.684997	4.105748	0.056726
-157.525604	26.159599	153.190000	-4.530000	-16.758676	51.000000	64.773680	64.773680	64.773680	4.116550	0.099163
-157.025604	26.659599	153.190000	-4.530000	-0.269157	41.000000	64.962943	64.962943	64.962943	4.126156	0.235144
-156.025604	14.659600	153.190000	-4.530000	-92.304121	41.000000	73.347576	73.347576	73.347576	4.058876	0.332962
-155.525604	15.159600	153.190000	-4.530000	-75.957190	50.000000	72.932585	72.932585	73.032585	4.057255	0.032179
-155.025604	15.659600	153.190000	-4.530000	-59.038200	61.000000	73.121738	73.121738	73.121738	4.067186	0.325468
-154.525604	16.159599	153.190000	-4.530000	-42.656277	72.000000	72.914778	72.914778	72.914778	4.077143	0.212753
-154.025604	16.659599	153.190000	-4.530000	-25.977392	79.000000	72.911455	72.911455	72.911455	4.091033	0.293685
-153.525604	17.159599	153.190000	-4.530000	-9.889587	80.000000	72.811532	72.711532	72.811532	4.105926	0.268524
-153.025604	17.659599	153.190000	-4.530000	6.413820	82.000000	72.714778	72.714778	72.814778	4.125247	0.237191
-152.525604	18.159599	153.190000	-4.530000	22.595208	82.000000	72.620969	72.620969	72.720969	4.138977	0.199351
-152.025604	18.659599	153.190000	-4.530000	38.625319	80.000000	72.629889	72.529889	72.629889	4.152533	0.255247
-151.525604	19.159599	153.190000	-4.530000	55.073164	74.000000	72.541332	72.541332	72.541332	4.158611	0.204797
-151.025604	19.659599	153.190000	-4.530000	70.820124	70.000000	72.455094	72.355094	72.455094	4.158809	0.147680
-150.525604	20.159599	153.190000	-4.530000	86.939701	64.000000	72.270982	72.270982	72.270982	4.155782	-0.015879
-150.025604	20.659599	153.190000	-4.530000	102.568801	57.000000	71.988805	71.888805	71.988805	4.152803	-0.285962
-149.525604	21.159599	153.190000	-4.530000	118.685282	47.000000	71.708381	71.708381	71.808381	4.156535	-0.562879
-149.025604	21.659599	153.190000	-4.530000	134.722976	38.000000	71.529533	71.529533	71.629533	4.154273	-0.746419
-157.627594	20.346100	153.190000	-4.530000	-81.749048	82.000000	69.096090	69.096090	69.196090	4.010610	0.821517
-154.482803	21.001900	153.190000	-4.530000	0.861044	83.000000	70.132100	70.132100	70.232100	4.105705	0.445547
-159.525604	24.659599	153.190000	-4.530000	-79.030134	39.000000	64.569122	64.469122	64.569122	4.048632	0.359669
-159.025604	25.159599	153.190000	-4.530000	-61.529883	45.000000	64.259238	64.259238	64.259238	4.079127	0.018114
-158.525604	25.659599	153.190000	-4.530000	-44.681036	47.000000	64.450258	64.350258	64.450258	4.097186	0.170067
-158.025604	26.159599	153.190000	-4.530000	-27.596795	47.000000	64.242016	64.242016	64.242016	4.112363	-0.084243
-157.525604	26.659599	153.190000	-4.530000	-11.004451	40.000000	64.434352	64.434352	64.434352	4.120837	0.055049
-156.525604	14.659600	153.190000	-4.530000	-105.207115	41.000000	72.870921	72.870921	72.870921	4.058360	0.087525
-156.025604	15.159600	153.190000	-4.530000	-88.393661	51.000000	72.856554	72.856554	72.856554	4.059534	0.189839
-155.525604	15.659600	153.190000	-4.530000	-71.980813	61.000000	72.646420	72.546420	72.646420	4.059601	0.086073
-155.025604	16.159599	153.190000	-4.530000	-55.071154	71.000000	72.640259	72.640259	72.740259	4.069477	0.176278
-154.525604	16.659599	153.190000	-4.530000	-38.639795	81.000000	72.537815	72.537815	72.537815	4.081506	0.160387
-154.025604	17.159599	153.190000	-4.530000	-21.896586	81.000000	72.538846	72.538846	72.538846	4.096360	0.238259
-153.525604	17.659599	153.190000	-4.530000	-5.738651	83.000000	72.443118	72.443118	72.443118	4.113339	0.209941
-153.025604	18.159599	153.190000	-4.530000	10.490114	84.000000	72.350405	72.250405	72.350405	4.132442	0.175362
-152.525604	18.659599	153.190000	-4.530000	26.779940	83.000000	72.260486	72.260486	72.260486	4.146285	0.134385
-152.025604	19.159599	153.190000	-4.530000	42.751189	79.000000	72.173151	72.173151	72.173151	4.160395	0.087049
-151.525604	19.659599	153.190000	-4.530000	59.103484	74.000000	72.188195	72.088195	72.188195	4.161128	0.133281
-151.025604	20.159599	153.190000	-4.530000	74.846741	71.000000	72.005420	72.005420	72.005420	4.158683	-0.027053
-150.525604	20.659599	153.190000	-4.530000	91.006353	64.000000	71.924635	71.824635	71.924635	4.153178	-0.093920
-150.025604	21.159599	153.190000	-4.530000	106.776673	56.000000	71.645654	71.545654	71.645654	4.149197	-0.367393
-149.525604	21.659599	153.190000	-4.530000	123.066855	47.000000	71.568298	71.568298	71.568298	4.146222	-0.447606
-149.025604	22.159599	153.190000	-4.530000	139.259199	38.000000	71.492393	71.492393	71.592393	4.139066	-0.534531
-157.270004	21.108999	153.190000	-4.530000	-65.359479	85.000000	68.780361	68.780361	68.780361	4.021353	0.793864
-154.393997	19.262501	153.190000	-4.530000	-12.353967	92.000000	70.916952	70.816952	71.016952	4.100945	0.119624
-159.525604	25.159599	153.190000	-4.530000	-72.882506	36.000000	64.017193	64.017193	64.017193	4.064062	0.127906
-159.025604	25.659599	153.190000	-4.530000	-55.484794	39.000000	63.811371	63.811371	63.811371	4.093903	-0.116881
-158.525604	26.159599	153.190000	-4.530000	-38.606876	40.000000	63.906282	63.906282	63.906282	4.106211	-0.068082
-158.025604	26.659599	153.190000	-4.530000	-21.711688	38.000000	63.901766	63.801766	63.901766	4.115860	-0.125640
-157.025604	14.659600	153.190000	-4.530000	-117.572393	42.000000	72.890858	72.890858	72.890858	4.063142	0.341924
-156.525604	15.159600	153.190000	-4.530000	-101.310021	50.000000	72.377148	72.377148	72.377148	4.056722	-0.052769
-156.025604	15.659600	153.190000	-4.530000	-84.273945	62.000000	72.567761	72.567761	72.567761	4.059426	0.246405
-155.525604	16.159599	153.190000	-4.530000	-67.963720	72.000000	72.262430	72.162430	72.262430	4.060499	0.039591
-155.025604	16.659599	153.190000	-4.530000	-50.971141	80.000000	72.360898	72.260898	72.360898	4.071083	0.226776
-154.525604	17.159599	153.190000	-4.530000	-34.491350	83.000000	72.162917	72.162917	72.262917	4.084277	0.107678
-154.025604	17.659599	153.190000	-4.530000	-17.654457	85.000000	72.168249	72.168249	72.168249	4.102523	0.182429
-153.525604	18.159599	153.190000	-4.530000	-1.428328	85.000000	72.076663	71.976663	72.076663	4.118066	0.151013
-153.025604	18.659599	153.190000	-4.530000	14.660596	86.000000	71.887938	71.887938	71.987938	4.138969	0.013158
-152.525604	19.159599	153.190000	-4.530000	31.009894	84.000000	71.901858	71.901858	71.901858	4.153479	0.068984
-152.025604	19.659599	153.190000	-4.530000	46.929882	77.000000	71.818215	71.818215	71.818215	4.163546	0.018472
-151.525604	20.159599	153.190000	-4.530000	63.225113	74.000000	71.736810	71.736810	71.836810	4.161781	-0.038643
-151.025604	20.659599	153.190000	-4.530000	79.015363	70.000000	71.657447	71.657447	71.657447	4.156279	-0.102250
-150.525604	21.159599	153.190000	-4.530000	95.302563	63.000000	71.579940	71.579940	71.579940	4.148829	-0.172372
-150.025604	21.659599	153.190000	-4.530000	111.172636	56.000000	71.404106	71.404106	71.404106	4.143394	-0.349265
-149.525604	22.159599	153.190000	-4.530000	127.564577	47.000000	71.429769	71.429769	71.429769	4.136492	-0.332829
-149.025604	22.659599	153.190000	-4.530000	143.818692	38.000000	71.556759	71.556759	71.556759	4.122259	-0.223088
-157.227295	18.984800	153.190000	-4.530000	-84.776802	85.000000	70.128420	70.128420	70.128420	4.023105	0.706587
-154.251801	21.168699	153.190000	-4.530000	7.874473	83.000000	70.235171	70.135171	70.235171	4.117689	0.517789
-159.525604	25.659599	153.190000	-4.530000	-66.677629	32.000000	63.568263	63.568263	63.568263	4.078655	-0.004289
-159.025604	26.159599	153.190000	-4.530000	-49.347412	34.000000	63.366408	63.266408	63.366408	4.101181	-0.252334
-158.525604	26.659599	153.190000	-4.530000	-32.485125	33.000000	63.365118	63.365118	63.465118	4.109359	-0.306755
-157.525604	14.659600	153.190000	-4.530000	-130.496754	42.000000	72.407306	72.407306	72.407306	4.064462	0.096233
-157.025604	15.159600	153.190000	-4.530000	-113.608456	51.000000	72.494288	72.494288	72.494288	4.060995	0.304275
-156.525604	15.659600	153.190000	-4.530000	-97.088727	60.000000	72.185682	72.185682	72.185682	4.058754	0.106480
-156.025604	16.159599	153.190000	-4.530000	-80.171596	69.000000	72.181218	72.181218	72.181218	4.058326	0.202765
-155.525604	16.659599	153.190000	-4.530000	-63.777891	79.000000	71.980632	71.980632	71.980632	4.061822	0.092779
-155.025604	17.159599	153.190000	-4.530000	-46.712979	84.000000	71.983674	71.983674	71.983674	4.073919	0.176794
-154.525604	17.659599	153.190000	-4.530000	-30.134038	87.000000	71.890101	71.890101	71.890101	4.089396	0.154724
-154.025604	18.159599	153.190000	-4.530000	-13.294478	87.000000	71.799679	71.699679	71.799679	4.107011	0.126236
-153.525604	18.659599	153.190000	-4.530000	2.922753	87.000000	71.712181	71.712181	71.712181	4.123233	0.091580
-153.025604	19.159599	153.190000	-4.530000	18.910077	85.000000	71.627390	71.627390	71.627390	4.145059	0.050672
-152.525604	19.659599	153.190000	-4.530000	35.209565	82.000000	71.545095	71.545095	71.545095	4.157743	0.003188
-152.025604	20.159599	153.190000	-4.530000	51.174407	75.000000	71.565093	71.465093	71.565093	4.164607	0.049364
-151.525604	20.659599	153.190000	-4.530000	67.490388	71.000000	71.487186	71.487186	71.487186	4.159600	-0.010887
-151.025604	21.159599	153.190000	-4.530000	83.350910	70.000000	71.411185	71.411185	71.411185	4.151840	-0.077875
-150.525604	21.659599	153.190000	-4.530000	99.745680	63.000000	71.336904	71.336904	71.336904	4.142786	-0.151382
-150.025604	22.159599	153.190000	-4.530000	115.706347	56.000000	71.264167	71.264167	71.264167	4.134277	-0.231494
-149.525604	22.659599	153.190000	-4.530000	132.112131	47.000000	71.392801	71.392801	71.492801	4.125513	-0.118511
-149.025604	23.159599	153.190000	-4.530000	148.405695	38.000000	71.722637	71.622637	71.722637	4.103118	0.187770
-156.964600	24.312099	153.190000	-4.530000	-24.560462	72.000000	66.640060	66.640060	66.740060	4.094561	0.477322
-154.030502	17.988400	153.190000	-4.530000	-14.911753	85.000000	71.892385	71.892385	71.892385	4.104750	0.114734
-159.525604	26.159599	153.190000	-4.530000	-60.393713	28.000000	63.022323	63.022323	63.122323	4.090804	-0.237039
-159.025604	26.659599	153.190000	-4.530000	-43.223957	28.000000	62.924342	62.924342	62.924342	4.104379	-0.388196
-158.025604	14.659600	153.190000	-4.530000	-142.919228	38.000000	72.320181	72.320181	72.320181	4.068616	0.250140
-157.525604	15.159600	153.190000	-4.530000	-126.337073	51.000000	72.107892	72.107892	72.107892	4.063197	0.161242
-157.025604	15.659600	153.190000	-4.530000	-109.393772	61.000000	72.200105	72.200105	72.200105	4.059175	0.366344
-156.525604	16.159599	153.190000	-4.530000	-92.762236	70.000000	71.996545	71.996545	71.996545	4.056643	0.265504
-156.025604	16.659599	153.190000	-4.530000	-76.020628	77.000000	71.796944	71.796944	71.796944	4.055769	0.158653
-155.525604	17.159599	153.190000	-4.530000	-59.404043	83.000000	71.701047	71.701047	71.701047	4.062089	0.145651
-155.025604	17.659599	153.190000	-4.530000	-42.309846	87.000000	71.608606	71.608606	71.708606	4.076586	0.126549
-154.525604	18.159599	153.190000	-4.530000	-25.594183	90.000000	71.519384	71.519384	71.619384	4.092608	0.101276
-154.025604	18.659599	153.190000	-4.530000	-8.933716	88.000000	71.433151	71.433151	71.533151	4.110584	0.069694
-153.525604	19.159599	153.190000	-4.530000	7.279014	88.000000	71.349686	71.349686	71.449686	4.128151	0.031848
-153.025604	19.659599	153.190000	-4.530000	23.230616	86.000000	71.268774	71.268774	71.268774	4.149316	-0.012335
-152.525604	20.159599	153.190000	-4.530000	39.471707	81.000000	71.290210	71.290210	71.290210	4.159283	0.037009
-152.025604	20.659599	153.190000	-4.530000	55.472076	76.000000	71.213794	71.213794	71.213794	4.163077	-0.020080
-151.525604	21.159599	153.190000	-4.530000	71.885598	69.000000	71.239333	71.139333	71.239333	4.154517	0.016322
-151.025604	21.659599	153.190000	-4.530000	87.809274	69.000000	71.166640	71.166640	71.166640	4.145881	-0.053917
-150.525604	22.159599	153.190000	-4.530000	104.266112	63.000000	71.195536	71.195536	71.195536	4.134976	-0.030764
-150.025604	22.659599	153.190000	-4.530000	120.273817	56.000000	71.225845	71.225845	71.225845	4.124685	-0.014297
-149.525604	23.159599	153.190000	-4.530000	136.669912	47.000000	71.457398	71.357398	71.457398	4.112498	0.195355
-149.025604	23.659599	153.190000	-4.530000	152.958236	38.000000	71.790033	71.690033	71.790033	4.089098	0.498220
-156.932007	19.832701	153.190000	-4.530000	-69.559152	85.000000	69.775416	69.775416	69.775416	4.019415	0.751487
-153.992294	18.797600	153.190000	-4.530000	-6.961003	87.000000	71.389217	71.289217	71.489217	4.112500	0.093582
-159.525604	26.659599	153.190000	-4.530000	-54.069947	23.000000	62.579367	62.579367	62.579367	4.095987	-0.370210
-158.525604	14.659600	153.190000	-4.530000	-155.597573	34.000000	72.029396	72.029396	72.029396	4.069555	0.203893
-158.025604	15.159600	153.190000	-4.530000	-138.589496	47.000000	72.217876	72.117876	72.217876	4.068890	0.517949
-157.525604	15.659600	153.190000	-4.530000	-122.177969	61.000000	71.810948	71.810948	71.810948	4.060324	0.225949
-157.025604	16.159599	153.190000	-4.530000	-104.885472	69.000000	72.008333	72.008333	72.008333	4.056728	0.528043
-156.525604	16.659599	153.190000	-4.530000	-88.549765	76.000000	71.709757	71.609757	71.709757	4.053660	0.324226
-156.025604	17.159599	153.190000	-4.530000	-71.639582	83.000000	71.514960	71.514960	71.514960	4.054321	0.214208
-155.525604	17.659599	153.190000	-4.530000	-54.967594	87.000000	71.423692	71.323692	71.423692	4.062372	0.198125
-155.025604	18.159599	153.190000	-4.530000	-37.724440	92.000000	71.335709	71.235709	71.335709	4.078808	0.175969
-154.525604	18.659599	153.190000	-4.530000	-21.079798	91.000000	71.250780	71.150780	71.250780	4.094707	0.147461
-154.025604	19.159599	153.190000	-4.530000	-4.542795	91.000000	71.168679	71.068679	71.268679	4.114494	0.112724
-153.525604	19.659599	153.190000	-4.530000	11.611499	87.000000	71.089189	71.089189	71.089189	4.133077	0.071746
-153.025604	20.159599	153.190000	-4.530000	27.535518	83.000000	71.012100	71.012100	71.012100	4.152857	0.024258
-152.525604	20.659599	153.190000	-4.530000	43.847907	78.000000	71.037211	71.037211	71.037211	4.158539	0.070372
-152.025604	21.159599	153.190000	-4.530000	59.906891	73.000000	70.964327	70.964327	70.964327	4.159393	0.010073
-151.525604	21.659599	153.190000	-4.530000	76.361762	69.000000	70.993258	70.993258	70.993258	4.148199	0.043099
-151.025604	22.159599	153.190000	-4.530000	92.336606	68.000000	70.923821	70.923821	71.023821	4.138167	-0.030448
-150.525604	22.659599	153.190000	-4.530000	108.762050	63.000000	71.055840	71.055840	71.155840	4.127780	0.089416
-150.025604	23.159599	153.190000	-4.530000	124.771266	56.000000	71.189144	71.089144	71.189144	4.115718	0.202434
-149.525604	23.659599	153.190000	-4.530000	141.201334	47.000000	71.423568	71.423568	71.523568	4.103063	0.408702
-149.025604	24.159599	153.190000	-4.530000	157.436898	38.000000	71.758949	71.658949	71.758949	4.083085	0.708198
-156.808197	18.404200	153.190000	-4.530000	-79.629614	81.000000	70.568974	70.568974	70.568974	4.034743	0.521707
-153.982697	21.519699	153.190000	-4.530000	17.214183	79.000000	70.248734	70.248734	70.248734	4.127362	0.586322
-159.025604	14.659600	153.190000	-4.530000	-167.747513	29.000000	72.234861	72.234861	72.234861	4.074898	0.657572
-158.525604	15.159600	153.190000	-4.530000	-151.286224	41.000000	71.824153	71.824153	71.824153	4.069566	0.374315
-158.025604	15.659600	153.190000	-4.530000	-134.335248	55.000000	71.818128	71.818128	71.818128	4.062654	0.485307
-157.525604	16.159599	153.190000	-4.530000	-117.764256	68.000000	71.616500	71.616500	71.616500	4.058254	0.390460
-157.025604	16.659599	153.190000	-4.530000	-100.484654	77.000000	71.618992	71.618992	71.618992	4.051816	0.489421
-156.525604	17.159599	153.190000	-4.530000	-84.246499	78.000000	71.325338	71.325338	71.325338	4.049455	0.282473
-156.025604	17.659599	153.190000	-4.530000	-67.066802	87.000000	71.235284	71.235284	71.235284	4.052156	0.269527
-155.525604	18.159599	153.190000	-4.530000	-50.425400	91.000000	71.148583	71.048583	71.148583	4.061080	0.250245
-155.025604	18.659599	153.190000	-4.530000	-33.055454	93.000000	71.064998	70.964998	71.164998	4.080112	0.224890
-154.525604	19.159599	153.190000	-4.530000	-16.553950	93.000000	70.984302	70.884302	71.084302	4.096045	0.193372
-154.025604	19.659599	153.190000	-4.530000	-0.205847	90.000000	70.906274	70.806274	70.906274	4.117236	0.155367
-153.525604	20.159599	153.190000	-4.530000	15.893574	86.000000	70.830701	70.830701	70.830701	4.135015	0.111120
-153.025604	20.659599	153.190000	-4.530000	31.944744	80.000000	70.857379	70.857379	70.857379	4.152991	0.160540
-152.525604	21.159599	153.190000	-4.530000	48.302102	75.000000	70.786109	70.786109	70.886109	4.155689	0.103316
-152.025604	21.659599	153.190000	-4.530000	64.417228	71.000000	70.816700	70.716700	70.816700	4.152016	0.139674
-151.525604	22.159599	153.190000	-4.530000	80.873417	69.000000	70.848968	70.748968	70.848968	4.140331	0.169525
-151.025604	22.659599	153.190000	-4.530000	96.868336	68.000000	70.882734	70.782734	70.882734	4.128745	0.192569
-150.525604	23.159599	153.190000	-4.530000	113.257768	63.000000	71.017824	70.917824	71.017824	4.117386	0.309016
-150.025604	23.659599	153.190000	-4.530000	129.243010	56.000000	71.054071	71.054071	71.154071	4.108753	0.318778
-149.525604	24.159599	153.190000	-4.530000	145.664198	47.000000	71.391313	71.291313	71.391313	4.095751	0.621563
-149.025604	24.659599	153.190000	-4.530000	161.856584	38.000000	71.529392	71.429392	71.629392	4.081719	0.717569
-156.755997	21.136000	153.190000	-4.530000	-52.329407	86.000000	69.067495	68.967495	69.067495	4.031470	0.788788
-153.967499	14.731300	153.190000	-4.530000	-38.722406	40.000000	75.157179	75.157179	75.157179	4.084294	1.269152
-159.525604	14.659600	153.190000	-4.530000	-180.453293	23.000000	71.836483	71.736483	71.836483	4.075890	0.510854
-159.025604	15.159600	153.190000	-4.530000	-163.506092	35.000000	71.826633	71.826633	71.926633	4.071135	0.630621
-158.525604	15.659600	153.190000	-4.530000	-146.885298	48.000000	71.621556	71.621556	71.621556	4.065657	0.544463
-158.025604	16.159599	153.190000	-4.530000	-130.042689	63.000000	71.520962	71.520962	71.520962	4.058370	0.552449
-157.525604	16.659599	153.190000	-4.530000	-113.146170	77.000000	71.424567	71.324567	71.424567	4.052630	0.554506
-157.025604	17.159599	153.190000	-4.530000	-96.271888	78.000000	71.232101	71.232101	71.232101	4.046590	0.450492
-156.525604	17.659599	153.190000	-4.530000	-79.666975	82.000000	71.043306	71.043306	71.043306	4.044515	0.340467
-156.025604	18.159599	153.190000	-4.530000	-62.563686	87.000000	70.957931	70.957931	70.957931	4.049167	0.324357
-155.525604	18.659599	153.190000	-4.530000	-45.694877	92.000000	70.875735	70.775735	70.875735	4.060683	0.302024
-155.025604	19.159599	153.190000	-4.530000	-28.449829	97.000000	70.796487	70.696487	70.896487	4.081187	0.273520
-154.525604	19.659599	153.190000	-4.530000	-12.055596	93.000000	70.719963	70.619963	70.819963	4.097984	0.238769
-154.025604	20.159599	153.190000	-4.530000	4.179307	88.000000	70.645948	70.545948	70.645948	4.120256	0.197636
-153.525604	20.659599	153.190000	-4.530000	20.256391	83.000000	70.674233	70.574233	70.674233	4.138231	0.250166
-153.025604	21.159599	153.190000	-4.530000	36.411780	76.000000	70.604618	70.604618	70.604618	4.152381	0.196281
-152.525604	21.659599	153.190000	-4.530000	52.839068	73.000000	70.636911	70.636911	70.636911	4.151296	0.235850
-152.025604	22.159599	153.190000	-4.530000	68.926812	70.000000	70.670922	70.570922	70.670922	4.144226	0.268911
-151.525604	22.659599	153.190000	-4.530000	85.372887	68.000000	70.706472	70.606472	70.706472	4.131042	0.295385
-151.025604	23.159599	153.190000	-4.530000	101.350740	68.000000	70.743385	70.743385	70.743385	4.121508	0.315142
-150.525604	23.659599	153.190000	-4.530000	117.690152	63.000000	70.881492	70.881492	70.981492	4.110357	0.428216
-150.025604	24.159599	153.190000	-4.530000	133.634547	56.000000	70.920629	70.920629	71.020629	4.102436	0.434526
-149.525604	24.659599	153.190000	-4.530000	150.077105	47.000000	71.160637	71.060637	71.260637	4.092001	0.633946
-149.025604	25.159599	153.190000	-4.530000	166.185752	35.000000	71.301363	71.201363	71.301363	4.077849	0.726502
-156.658005	20.891001	153.190000	-4.530000	-52.432689	87.000000	69.285333	69.285333	69.285333	4.032990	0.790769
-153.902405	19.979099	153.190000	-4.530000	5.395193	88.000000	70.793660	70.693660	70.793660	4.123565	0.169702
-159.525604	15.159600	153.190000	-4.530000	-176.153735	29.000000	71.425224	71.425224	71.525224	4.071605	0.486673
-159.025604	15.659600	153.190000	-4.530000	-159.061858	41.000000	71.621144	71.521144	71.621144	4.066044	0.803376
-158.525604	16.159599	153.190000	-4.530000	-142.632215	55.000000	71.221632	71.221632	71.221632	4.059618	0.514249
-158.025604	16.659599	153.190000	-4.530000	-125.512021	70.000000	71.126398	71.126398	71.226398	4.054295	0.519298
-157.525604	17.159599	153.190000	-4.530000	-108.712189	78.000000	71.035169	71.035169	71.035169	4.046428	0.518226
-157.025604	17.659599	153.190000	-4.530000	-91.832850	80.000000	70.947680	70.847680	70.947680	4.040417	0.511171
-156.525604	18.159599	153.190000	-4.530000	-75.047153	85.000000	70.763678	70.763678	70.763678	4.040162	0.398134
-156.025604	18.659599	153.190000	-4.530000	-58.026405	87.000000	70.682917	70.682917	70.682917	4.047299	0.378830
-155.525604	19.159599	153.190000	-4.530000	-40.963730	93.000000	70.605163	70.505163	70.705163	4.060668	0.353382
-155.025604	19.659599	153.190000	-4.530000	-23.866669	96.000000	70.530188	70.330188	70.630188	4.081842	0.321790
-154.525604	20.159599	153.190000	-4.530000	-7.642576	89.000000	70.457774	70.357774	70.557774	4.100413	0.283776
-154.025604	20.659599	153.190000	-4.530000	8.576540	85.000000	70.387710	70.387710	70.487710	4.122152	0.239453
-153.525604	21.159599	153.190000	-4.530000	24.747092	79.000000	70.519794	70.419794	70.519794	4.139748	0.388816
-153.025604	21.659599	153.190000	-4.530000	40.915675	76.000000	70.453828	70.453828	70.553828	4.149092	0.331598
-152.525604	22.159599	153.190000	-4.530000	57.387722	72.000000	70.489624	70.489624	70.489624	4.143909	0.367902
-152.025604	22.659599	153.190000	-4.530000	73.420218	70.000000	70.526998	70.426998	70.526998	4.134651	0.397717
-151.525604	23.159599	153.190000	-4.530000	89.798252	68.000000	70.565773	70.565773	70.565773	4.122130	0.420786
-151.025604	23.659599	153.190000	-4.530000	105.759493	68.000000	70.605778	70.605778	70.605778	4.112188	0.437202
-150.525604	24.159599	153.190000	-4.530000	122.070098	63.000000	70.746848	70.746848	70.746848	4.103628	0.546951
-150.025604	24.659599	153.190000	-4.530000	138.025211	56.000000	70.788821	70.788821	70.788821	4.095845	0.549783
-149.525604	25.159599	153.190000	-4.530000	154.477681	43.000000	70.831544	70.831544	70.931544	4.086838	0.545784
-149.025604	25.659599	153.190000	-4.530000	170.492974	31.000000	70.974865	70.974865	71.074865	4.072581	0.634938
-156.510101	19.477699	153.190000	-4.530000	-62.683737	88.000000	70.153546	70.053546	70.153546	4.031215	0.654855
-153.868195	17.315399	153.190000	-4.530000	-16.866041	82.000000	72.515761	72.515761	72.515761	4.099739	0.236378
-159.525604	15.659600	153.190000	-4.530000	-171.771080	34.000000	71.216800	71.116800	71.216800	4.069031	0.662048
-159.025604	16.159599	153.190000	-4.530000	-154.658175	46.000000	71.118421	71.018421	71.118421	4.058262	0.675943
-158.525604	16.659599	153.190000	-4.530000	-138.273878	60.000000	70.924400	70.924400	70.924400	4.054853	0.583722
-158.025604	17.159599	153.190000	-4.530000	-120.955067	72.000000	70.834458	70.734458	70.834458	4.047834	0.585679
-157.525604	17.659599	153.190000	-4.530000	-104.392696	80.000000	70.748326	70.748326	70.748326	4.037495	0.581720
-157.025604	18.159599	153.190000	-4.530000	-87.126174	81.000000	70.665746	70.565746	70.665746	4.033313	0.571506
-156.525604	18.659599	153.190000	-4.530000	-70.641149	86.000000	70.486469	70.486469	70.486469	4.035978	0.455310
-156.025604	19.159599	153.190000	-4.530000	-53.288067	91.000000	70.410256	70.410256	70.510256	4.046980	0.433037
-155.525604	19.659599	153.190000	-4.530000	-36.268717	96.000000	70.336878	70.236878	70.436878	4.061429	0.404363
-155.025604	20.159599	153.190000	-4.530000	-19.416211	93.000000	70.266112	70.166112	70.366112	4.082987	0.369542
-154.525604	20.659599	153.190000	-4.530000	-3.233448	89.000000	70.197745	70.197745	70.297745	4.102738	0.328478
-154.025604	21.159599	153.190000	-4.530000	13.023911	82.000000	70.331572	70.231572	70.331572	4.124956	0.480860
-153.525604	21.659599	153.190000	-4.530000	29.257900	78.000000	70.367392	70.267392	70.367392	4.138759	0.526923
-153.025604	22.159599	153.190000	-4.530000	45.402536	73.000000	70.305015	70.305015	70.405015	4.144327	0.466573
-152.525604	22.659599	153.190000	-4.530000	61.889775	71.000000	70.344255	70.344255	70.344255	4.136434	0.499510
-152.025604	23.159599	153.190000	-4.530000	77.885463	68.000000	70.384933	70.384933	70.384933	4.125570	0.525953
-151.525604	23.659599	153.190000	-4.530000	94.211706	69.000000	70.426877	70.426877	70.426877	4.113792	0.545807
-151.025604	24.159599	153.190000	-4.530000	110.086823	69.000000	70.469918	70.469918	70.469918	4.104404	0.558783
-150.525604	24.659599	153.190000	-4.530000	126.427006	64.000000	70.513896	70.513896	70.613896	4.098286	0.565086
-150.025604	25.159599	153.190000	-4.530000	142.401429	51.000000	70.658652	70.658652	70.658652	4.089837	0.664622
-149.525604	25.659599	153.190000	-4.530000	158.836200	38.000000	70.704036	70.604036	70.704036	4.079675	0.657111
-149.025604	26.159599	153.190000	-4.530000	174.796059	27.000000	70.849900	70.849900	70.949900	4.067468	0.742744
-156.465103	18.775000	153.190000	-4.530000	-68.088256	84.000000	70.477620	70.477620	70.477620	4.035591	0.489953
-153.700806	17.297501	153.190000	-4.530000	-13.139350	83.000000	72.594210	72.494210	72.594210	4.104541	0.221995
-159.525604	16.159599	153.190000	-4.530000	-167.306609	38.000000	70.811236	70.811236	70.811236	4.062956	0.637216
-159.025604	16.659599	153.190000	-4.530000	-150.309342	50.000000	70.618482	70.618482	70.718482	4.054658	0.548052
-158.525604	17.159599	153.190000	-4.530000	-133.681951	62.000000	70.629881	70.629881	70.629881	4.049462	0.652896
-158.025604	17.659599	153.190000	-4.530000	-116.520729	71.000000	70.545159	70.445159	70.545159	4.039856	0.651816
-157.525604	18.159599	153.190000	-4.530000	-99.819499	80.000000	70.464054	70.464054	70.464054	4.029985	0.644732
-157.025604	18.659599	153.190000	-4.530000	-82.582868	83.000000	70.386313	70.386313	70.386313	4.026236	0.631509
-156.525604	19.159599	153.190000	-4.530000	-66.094275	91.000000	70.311693	70.211693	70.311693	4.031696	0.612204
-156.025604	19.659599	153.190000	-4.530000	-48.533341	95.000000	70.139961	70.139961	70.239961	4.045541	0.486739
-155.525604	20.159599	153.190000	-4.530000	-31.743287	97.000000	70.070893	69.970893	70.170893	4.063431	0.454978
-155.025604	20.659599	153.190000	-4.530000	-14.920062	90.000000	70.004271	69.904271	70.104271	4.086311	0.416975
-154.525604	21.159599	153.190000	-4.530000	1.252190	84.000000	70.139886	70.039886	70.139886	4.105669	0.572648
-154.025604	21.659599	153.190000	-4.530000	17.490156	80.000000	70.177539	70.077539	70.177539	4.127144	0.621866
-153.525604	22.159599	153.190000	-4.530000	33.754284	76.000000	70.217034	70.217034	70.217034	4.136162	0.664673
-153.025604	22.659599	153.190000	-4.530000	49.902686	73.000000	70.158185	70.158185	70.258185	4.138286	0.600988
-152.525604	23.159599	153.190000	-4.530000	66.344186	69.000000	70.200810	70.200810	70.200810	4.129137	0.630682
-152.025604	23.659599	153.190000	-4.530000	82.321672	69.000000	70.244734	70.244734	70.244734	4.116150	0.653793
-151.525604	24.159599	153.190000	-4.530000	98.593574	69.000000	70.289788	70.289788	70.289788	4.105442	0.670240
-151.025604	24.659599	153.190000	-4.530000	114.426345	69.000000	70.335809	70.335809	70.435809	4.098861	0.679894
-150.525604	25.159599	153.190000	-4.530000	130.853166	59.000000	70.482639	70.382639	70.482639	4.093607	0.782790
-150.025604	25.659599	153.190000	-4.530000	146.823806	45.000000	70.630124	70.630124	70.630124	4.086699	0.878845
-149.525604	26.159599	153.190000	-4.530000	163.309072	33.000000	70.478116	70.478116	70.478116	4.072952	0.667933
-149.025604	26.659599	153.190000	-4.530000	179.215816	22.000000	70.826470	70.826470	70.826470	4.063926	0.950083
