-156.387695	17.614901	153.190000	-4.530000	-77.365910	78.000000	70.848495	70.848495	70.948495	4.071817	0.042618
-153.503204	19.495199	153.190000	-4.530000	9.958800	87.000000	70.781348	70.681348	70.781348	4.082144	-0.346378
-159.525604	16.659599	153.190000	-4.530000	-163.236059	41.000000	69.908553	69.908553	69.908553	4.078390	0.112099
-159.025604	17.159599	153.190000	-4.530000	-146.558416	50.000000	69.921350	69.921350	69.921350	4.075705	0.219846
-158.525604	17.659599	153.190000	-4.530000	-129.672278	62.000000	69.838094	69.838094	69.938094	4.072828	0.221686
-158.025604	18.159599	153.190000	-4.530000	-112.893670	75.000000	69.858519	69.858519	69.858519	4.066906	0.317634
-157.525604	18.659599	153.190000	-4.530000	-95.999798	81.000000	69.682368	69.682368	69.682368	4.062279	0.207397
-157.025604	19.159599	153.190000	-4.530000	-79.166547	87.000000	69.609395	69.609395	69.609395	4.057239	0.191097
-156.525604	19.659599	153.190000	-4.530000	-61.987680	89.000000	69.439363	69.439363	69.439363	4.050575	0.068745
-156.025604	20.159599	153.190000	-4.530000	-45.368976	93.000000	69.372043	69.372043	69.372043	4.045559	0.040058
-155.525604	20.659599	153.190000	-4.530000	-27.925856	91.000000	69.207216	69.207216	69.207216	4.045035	-0.094851
-155.025604	21.159599	153.190000	-4.530000	-11.478815	88.000000	69.244672	69.244672	69.244672	4.045200	-0.035979
-154.525604	21.659599	153.190000	-4.530000	5.685284	82.000000	69.184205	69.084205	69.184205	4.051379	-0.083597
-154.025604	22.159599	153.190000	-4.530000	22.416616	77.000000	69.125620	69.125620	69.125620	4.054379	-0.137603
-153.525604	22.659599	153.190000	-4.530000	39.198451	74.000000	69.168727	69.168727	69.168727	4.061073	-0.097999
-153.025604	23.159599	153.190000	-4.530000	56.003022	69.000000	69.213344	69.213344	69.213344	4.060859	-0.065046
-152.525604	23.659599	153.190000	-4.530000	72.313210	69.000000	69.259293	69.259293	69.359293	4.064141	-0.038652
-152.025604	24.159599	153.190000	-4.530000	89.168005	69.000000	69.406403	69.306403	69.406403	4.063669	0.081178
-151.525604	24.659599	153.190000	-4.530000	105.395609	69.000000	69.454510	69.454510	69.454510	4.065795	0.094189
-151.025604	25.159599	153.190000	-4.530000	121.977253	64.000000	69.503454	69.503454	69.503454	4.065205	0.100467
-150.525604	25.659599	153.190000	-4.530000	137.867586	52.000000	69.853080	69.853080	69.853080	4.066632	0.400003
-150.025604	26.159599	153.190000	-4.530000	154.120586	39.000000	70.003238	70.003238	70.003238	4.069720	0.492549
-149.525604	26.659599	153.190000	-4.530000	169.877694	27.000000	70.553783	70.553783	70.553783	4.083628	0.978185
-156.206604	16.162001	153.190000	-4.530000	-85.760049	68.000000	71.911954	71.911954	71.911954	4.082482	0.024319
-153.295898	18.800900	153.190000	-4.530000	8.513715	84.000000	71.334422	71.334422	71.334422	4.085008	-0.318133
-159.525604	17.159599	153.190000	-4.530000	-158.711838	41.000000	69.608774	69.608774	69.608774	4.076422	0.186522
-159.025604	17.659599	153.190000	-4.530000	-141.889916	52.000000	69.627044	69.627044	69.627044	4.072988	0.291420
-158.525604	18.159599	153.190000	-4.530000	-125.127335	64.000000	69.649057	69.649057	69.649057	4.067028	0.390141
-158.025604	18.659599	153.190000	-4.530000	-108.234187	74.000000	69.474554	69.474554	69.474554	4.063692	0.282970
-157.525604	19.159599	153.190000	-4.530000	-91.165862	85.000000	69.403284	69.403284	69.403284	4.056927	0.269803
-157.025604	19.659599	153.190000	-4.530000	-74.333409	88.000000	69.235006	69.235006	69.235006	4.051442	0.150318
-156.525604	20.159599	153.190000	-4.530000	-57.130786	90.000000	69.069489	69.069489	69.069489	4.045620	0.024779
-156.025604	20.659599	153.190000	-4.530000	-40.377055	92.000000	69.006512	69.006512	69.006512	4.042159	-0.006919
-155.525604	21.159599	153.190000	-4.530000	-23.038069	88.000000	68.945858	68.945858	68.945858	4.041911	-0.045082
-155.025604	21.659599	153.190000	-4.530000	-6.470574	83.000000	68.987324	68.987324	68.987324	4.043168	0.010532
-154.525604	22.159599	153.190000	-4.530000	10.670297	77.000000	68.930708	68.930708	68.930708	4.050113	-0.040177
-154.025604	22.659599	153.190000	-4.530000	27.426710	75.000000	68.975821	68.975821	68.975821	4.052248	0.002492
-153.525604	23.159599	153.190000	-4.530000	44.113973	72.000000	69.022477	69.022477	69.022477	4.058984	0.038766
-153.025604	23.659599	153.190000	-4.530000	60.862982	69.000000	69.070496	69.070496	69.070496	4.059129	0.068546
-152.525604	24.159599	153.190000	-4.530000	77.176794	69.000000	69.119708	69.119708	69.219708	4.061834	0.091543
-152.025604	24.659599	153.190000	-4.530000	93.907557	69.000000	69.169945	69.169945	69.269945	4.063375	0.107970
-151.525604	25.159599	153.190000	-4.530000	110.053434	64.000000	69.421045	69.421045	69.421045	4.065920	0.317727
-151.025604	25.659599	153.190000	-4.530000	126.596322	57.000000	69.372854	69.372854	69.372854	4.064018	0.220536
-150.525604	26.159599	153.190000	-4.530000	142.468237	45.000000	69.825219	69.825219	69.825219	4.069840	0.616595
-150.025604	26.659599	153.190000	-4.530000	158.651975	32.000000	69.977995	69.977995	69.977995	4.074379	0.705805
-149.025604	14.659600	153.190000	-4.530000	85.427145	21.000000	77.302959	77.302959	77.302959	4.073042	1.342657
-156.167007	18.301001	153.190000	-4.530000	-66.245574	84.000000	70.540333	70.440333	70.540333	4.066859	0.076076
-153.292099	20.892599	153.190000	-4.530000	27.733662	81.000000	69.901929	69.901929	70.001929	4.076800	-0.514058
-159.525604	17.659599	153.190000	-4.530000	-154.116748	41.000000	69.411916	69.411916	69.411916	4.070232	0.360710
-159.025604	18.159599	153.190000	-4.530000	-137.224177	51.000000	69.435580	69.335580	69.435580	4.066853	0.462523
-158.525604	18.659599	153.190000	-4.530000	-120.307186	64.000000	69.262785	69.262785	69.262785	4.063343	0.358274
-158.025604	19.159599	153.190000	-4.530000	-103.512105	76.000000	69.193277	69.193277	69.193277	4.058096	0.348032
-157.525604	19.659599	153.190000	-4.530000	-86.172631	85.000000	68.926813	68.926813	68.926813	4.052027	0.131713
-157.025604	20.159599	153.190000	-4.530000	-69.427769	86.000000	68.863156	68.863156	68.863156	4.047412	0.109182
-156.525604	20.659599	153.190000	-4.530000	-52.178400	88.000000	68.802083	68.802083	68.802083	4.042834	0.080500
-156.025604	21.159599	153.190000	-4.530000	-35.430509	87.000000	68.743376	68.743376	68.743376	4.038921	0.045582
-155.525604	21.659599	153.190000	-4.530000	-18.029217	83.000000	68.686827	68.686827	68.686827	4.040586	0.004296
-155.025604	22.159599	153.190000	-4.530000	-1.419140	80.000000	68.732233	68.732233	68.732233	4.042267	0.056694
-154.525604	22.659599	153.190000	-4.530000	15.702372	75.000000	68.679402	68.679402	68.779402	4.049436	0.002692
-154.025604	23.159599	153.190000	-4.530000	32.433827	73.000000	68.828147	68.728147	68.828147	4.051361	0.142160
-153.525604	23.659599	153.190000	-4.530000	49.032953	70.000000	68.878286	68.778286	68.878286	4.057977	0.175144
-153.025604	24.159599	153.190000	-4.530000	65.705113	69.000000	68.929646	68.929646	68.929646	4.058038	0.201559
-152.525604	24.659599	153.190000	-4.530000	81.919749	69.000000	68.982059	68.982059	69.082059	4.062227	0.221277
-152.025604	25.159599	153.190000	-4.530000	98.604544	64.000000	69.035361	69.035361	69.135361	4.064212	0.234338
-151.525604	25.659599	153.190000	-4.530000	114.719205	57.000000	69.389396	69.389396	69.389396	4.068282	0.540656
-151.025604	26.159599	153.190000	-4.530000	131.227208	49.000000	69.344011	69.344011	69.344011	4.065982	0.440108
-150.525604	26.659599	153.190000	-4.530000	147.091364	36.000000	69.799059	69.799059	69.799059	4.074670	0.832725
-149.525604	14.659600	153.190000	-4.530000	71.979060	27.000000	76.466746	76.466746	76.466746	4.083947	0.700762
-149.025604	15.159600	153.190000	-4.530000	88.333851	27.000000	76.745688	76.645688	76.745688	4.078112	1.060299
-155.996994	20.771000	153.190000	-4.530000	-38.573043	89.000000	68.992444	68.992444	68.992444	4.040443	0.032855
-153.290604	17.906200	153.190000	-4.530000	0.736114	78.000000	71.945060	71.945060	71.945060	4.086299	-0.252591
-159.525604	18.159599	153.190000	-4.530000	-149.378372	39.000000	69.117997	69.117997	69.117997	4.066890	0.434589
-159.025604	18.659599	153.190000	-4.530000	-132.469020	52.000000	69.046975	69.046975	69.046975	4.063709	0.433286
-158.525604	19.159599	153.190000	-4.530000	-115.381011	65.000000	68.879292	68.879292	68.879292	4.060185	0.326000
-158.025604	19.659599	153.190000	-4.530000	-98.542663	80.000000	68.714701	68.714701	68.814701	4.055446	0.212751
-157.525604	20.159599	153.190000	-4.530000	-81.195831	85.000000	68.552965	68.552965	68.552965	4.047801	0.093250
-157.025604	20.659599	153.190000	-4.530000	-64.390507	87.000000	68.493856	68.493856	68.493856	4.043892	0.067610
-156.525604	21.159599	153.190000	-4.530000	-47.156841	88.000000	68.437152	68.437152	68.437152	4.040337	0.035844
-156.025604	21.659599	153.190000	-4.530000	-30.474288	85.000000	68.482644	68.482644	68.482644	4.037722	0.097675
-155.525604	22.159599	153.190000	-4.530000	-12.969710	80.000000	68.430128	68.430128	68.430128	4.040293	0.053206
-155.025604	22.659599	153.190000	-4.530000	3.660408	76.000000	68.479407	68.479407	68.479407	4.042515	0.102443
-154.525604	23.159599	153.190000	-4.530000	20.701453	74.000000	68.530292	68.530292	68.530292	4.049365	0.145120
-154.025604	23.659599	153.190000	-4.530000	37.400916	71.000000	68.582602	68.582602	68.582602	4.052018	0.181330
-153.525604	24.159599	153.190000	-4.530000	53.936718	69.000000	68.636160	68.636160	68.636160	4.056729	0.211075
-153.025604	24.659599	153.190000	-4.530000	70.517087	69.000000	68.690797	68.690797	68.690797	4.058542	0.234097
-152.525604	25.159599	153.190000	-4.530000	86.632423	64.000000	68.946348	68.946348	68.946348	4.064960	0.450480
-152.025604	25.659599	153.190000	-4.530000	103.334110	57.000000	69.002654	69.002654	69.002654	4.067071	0.460223
-151.525604	26.159599	153.190000	-4.530000	119.451938	50.000000	69.359563	69.359563	69.359563	4.072722	0.763076
-151.025604	26.659599	153.190000	-4.530000	135.921172	40.000000	69.316926	69.216926	69.316926	4.070191	0.659116
-150.025604	14.659600	153.190000	-4.530000	59.740573	32.000000	76.828033	76.828033	76.828033	4.076663	1.258697
-149.525604	15.159600	153.190000	-4.530000	74.914174	34.000000	75.907351	75.807351	75.907351	4.087645	0.421235
-149.025604	15.659600	153.190000	-4.530000	91.342241	32.000000	76.189774	76.189774	76.189774	4.082965	0.777458
-155.772995	19.079000	153.190000	-4.530000	-49.363809	91.000000	70.101163	70.101163	70.101163	4.058097	-0.067266
-152.981201	18.301800	153.190000	-4.530000	11.993164	81.000000	71.905570	71.905570	71.905570	4.088826	-0.206026
-159.525604	18.659599	153.190000	-4.530000	-144.601986	41.000000	68.927032	68.927032	68.927032	4.055914	0.607994
-159.025604	19.159599	153.190000	-4.530000	-127.453883	54.000000	68.661241	68.661241	68.661241	4.061587	0.403800
-158.525604	19.659599	153.190000	-4.530000	-110.373319	69.000000	68.498589	68.498589	68.498589	4.055260	0.293367
-158.025604	20.159599	153.190000	-4.530000	-93.514441	79.000000	68.338837	68.338837	68.438837	4.049937	0.176971
-157.525604	20.659599	153.190000	-4.530000	-76.116302	84.000000	68.181752	68.181752	68.181752	4.044273	0.054499
-157.025604	21.159599	153.190000	-4.530000	-59.364262	84.000000	68.227113	68.227113	68.227113	4.041590	0.125645
-156.525604	21.659599	153.190000	-4.530000	-42.159037	85.000000	68.174705	68.174705	68.174705	4.039386	0.090662
-156.025604	22.159599	153.190000	-4.530000	-25.341215	81.000000	68.224323	68.224323	68.224323	4.037461	0.149442
-155.525604	22.659599	153.190000	-4.530000	-7.939622	79.000000	68.175767	68.175767	68.175767	4.041063	0.101689
-155.025604	23.159599	153.190000	-4.530000	8.695260	75.000000	68.228848	68.228848	68.228848	4.043921	0.147639
-154.525604	23.659599	153.190000	-4.530000	25.739885	71.000000	68.283382	68.283382	68.283382	4.050789	0.187183
-154.025604	24.159599	153.190000	-4.530000	42.337182	69.000000	68.339190	68.339190	68.339190	4.052692	0.220038
-153.525604	24.659599	153.190000	-4.530000	58.743572	69.000000	68.496101	68.496101	68.496101	4.058423	0.346422
-153.025604	25.159599	153.190000	-4.530000	75.348788	64.000000	68.553949	68.553949	68.553949	4.061000	0.366230
-152.525604	25.659599	153.190000	-4.530000	91.406264	57.000000	69.012575	68.912575	69.012575	4.071547	0.779186
-152.025604	26.159599	153.190000	-4.530000	108.168947	50.000000	68.871825	68.871825	68.871825	4.070305	0.585495
-151.525604	26.659599	153.190000	-4.530000	124.341446	41.000000	69.131548	69.131548	69.131548	4.073658	0.785053
-150.525604	14.659600	153.190000	-4.530000	46.439123	36.000000	76.086768	76.086768	76.086768	4.080585	0.716201
-150.025604	15.159600	153.190000	-4.530000	62.717314	41.000000	76.166471	76.166471	76.166471	4.078823	0.882010
-149.525604	15.659600	153.190000	-4.530000	78.067358	39.000000	75.449364	75.349364	75.449364	4.092239	0.241384
-149.025604	16.159599	153.190000	-4.530000	94.433571	36.000000	75.635236	75.635236	75.635236	4.091641	0.494351
-159.664993	22.122999	153.190000	-4.530000	-110.888875	43.000000	65.849628	65.849628	65.849628	4.054624	0.054702
-155.765305	26.776699	153.190000	-4.530000	30.661200	38.000000	65.296646	65.296646	65.296646	4.053193	-0.228467
-152.765793	25.592800	153.190000	-4.530000	85.482229	61.000000	68.691329	68.691329	68.691329	4.066963	0.572311
-159.525604	19.159599	153.190000	-4.530000	-139.597791	43.000000	68.439035	68.439035	68.439035	4.055865	0.481132
-159.025604	19.659599	153.190000	-4.530000	-122.377625	55.000000	68.178391	68.178391	68.178391	4.060021	0.273826
-158.525604	20.159599	153.190000	-4.530000	-105.230146	69.000000	68.020688	68.020688	68.020688	4.052571	0.160388
-158.025604	20.659599	153.190000	-4.530000	-88.356929	78.000000	67.965693	67.965693	67.965693	4.046579	0.140887
-157.525604	21.159599	153.190000	-4.530000	-70.979695	85.000000	67.913181	67.913181	67.913181	4.041598	0.115234
-157.025604	21.659599	153.190000	-4.530000	-54.328021	84.000000	67.962935	67.962935	67.962935	4.040135	0.183298
-156.525604	22.159599	153.190000	-4.530000	-36.965309	81.000000	67.914747	67.914747	67.914747	4.039060	0.145139
-156.025604	22.659599	153.190000	-4.530000	-20.213962	81.000000	67.968416	67.968416	67.968416	4.038042	0.200667
-155.525604	23.159599	153.190000	-4.530000	-2.901599	73.000000	67.923750	67.923750	67.923750	4.042751	0.149756
-155.025604	23.659599	153.190000	-4.530000	13.734808	71.000000	67.980562	67.980562	68.080562	4.045258	0.192454
-154.525604	24.159599	153.190000	-4.530000	30.772587	71.000000	68.038674	68.038674	68.038674	4.051599	0.228675
-154.025604	24.659599	153.190000	-4.530000	47.257239	69.000000	68.197912	68.197912	68.197912	4.054753	0.358293
-153.525604	25.159599	153.190000	-4.530000	63.564193	64.000000	68.358110	68.358110	68.358110	4.061798	0.481352
-153.025604	25.659599	153.190000	-4.530000	80.251297	57.000000	68.419105	68.419105	68.419105	4.064974	0.497763
-152.525604	26.159599	153.190000	-4.530000	96.366550	50.000000	68.880744	68.880744	68.880744	4.076610	0.907404
-152.025604	26.659599	153.190000	-4.530000	113.132573	41.000000	68.642873	68.642873	68.642873	4.071577	0.610312
-151.025604	14.659600	153.190000	-4.530000	33.894434	40.000000	76.142896	76.142896	76.142896	4.075623	0.973496
-150.525604	15.159600	153.190000	-4.530000	49.436443	45.000000	75.422996	75.422996	75.422996	4.082409	0.342478
-150.025604	15.659600	153.190000	-4.530000	65.832699	48.000000	75.606369	75.606369	75.606369	4.082020	0.604980
-149.525604	16.159599	153.190000	-4.530000	81.363109	45.000000	75.092802	74.992802	75.092802	4.096587	0.161135
-149.025604	16.659599	153.190000	-4.530000	97.792811	39.000000	75.282083	75.282083	75.382083	4.095343	0.410900
-159.401001	21.971001	153.190000	-4.530000	-106.319274	48.000000	66.047070	66.047070	66.047070	4.055253	-0.024626
-155.714996	18.000299	153.190000	-4.530000	-57.714190	86.000000	70.860037	70.860037	70.860037	4.070649	-0.042929
-152.132401	18.481400	153.190000	-4.530000	34.289078	77.000000	72.192968	72.192968	72.192968	4.098797	-0.232507
-159.525604	19.659599	153.190000	-4.530000	-134.374308	42.000000	67.954018	67.954018	67.954018	4.055545	0.353939
-159.025604	20.159599	153.190000	-4.530000	-117.230178	57.000000	67.798435	67.798435	67.798435	4.055180	0.243489
-158.525604	20.659599	153.190000	-4.530000	-100.073935	70.000000	67.645598	67.645598	67.645598	4.047302	0.126980
-158.025604	21.159599	153.190000	-4.530000	-83.017339	77.000000	67.595279	67.595279	67.595279	4.044156	0.104435
-157.525604	21.659599	153.190000	-4.530000	-65.865477	82.000000	67.547259	67.547259	67.647259	4.040970	0.075573
-157.025604	22.159599	153.190000	-4.530000	-49.169328	82.000000	67.701328	67.601328	67.701328	4.039584	0.240492
-156.525604	22.659599	153.190000	-4.530000	-31.673535	78.000000	67.657284	67.657284	67.657284	4.039732	0.199212
-156.025604	23.159599	153.190000	-4.530000	-15.064377	74.000000	67.714930	67.714930	67.714930	4.038993	0.251462
-155.525604	23.659599	153.190000	-4.530000	2.193053	71.000000	67.674079	67.674079	67.674079	4.044732	0.197330
-155.025604	24.159599	153.190000	-4.530000	18.842686	70.000000	67.834551	67.734551	67.834551	4.047394	0.336831
-154.525604	24.659599	153.190000	-4.530000	35.777851	70.000000	67.796172	67.796172	67.796172	4.053415	0.269702
-154.025604	25.159599	153.190000	-4.530000	52.227301	64.000000	67.958771	67.958771	67.958771	4.056593	0.396025
-153.525604	25.659599	153.190000	-4.530000	68.520783	57.000000	68.322189	68.322189	68.322189	4.066516	0.715807
-153.025604	26.159599	153.190000	-4.530000	85.274448	50.000000	68.286266	68.286266	68.286266	4.070293	0.628796
-152.525604	26.659599	153.190000	-4.530000	101.533573	41.000000	68.550852	68.550852	68.550852	4.077735	0.835066
-151.525604	14.659600	153.190000	-4.530000	20.911126	40.000000	75.696360	75.696360	75.696360	4.076333	0.730639
-151.025604	15.159600	153.190000	-4.530000	37.064004	49.000000	75.576870	75.476870	75.576870	4.076243	0.702565
-150.525604	15.659600	153.190000	-4.530000	52.713962	54.000000	74.960737	74.960737	75.060737	4.085538	0.168277
-150.025604	16.159599	153.190000	-4.530000	69.136617	54.000000	75.147745	75.147745	75.147745	4.086960	0.427710
-149.525604	16.659599	153.190000	-4.530000	84.789243	49.000000	74.837678	74.737678	74.837678	4.099268	0.180524
-149.025604	17.159599	153.190000	-4.530000	101.317718	39.000000	75.030332	75.030332	75.130332	4.095806	0.426947
-158.982498	15.574000	153.190000	-4.530000	-159.919962	40.000000	71.041998	71.041998	71.041998	4.080852	0.137246
-155.710999	20.046000	153.190000	-4.530000	-38.503432	95.000000	69.526138	69.526138	69.526138	4.049155	-0.056905
-151.686600	14.689100	153.190000	-4.530000	17.099685	39.000000	75.714981	75.714981	75.714981	4.076655	0.833192
-159.525604	20.159599	153.190000	-4.530000	-129.094769	45.000000	67.471990	67.471990	67.471990	4.054594	0.226255
-159.025604	20.659599	153.190000	-4.530000	-111.974768	59.000000	67.421382	67.421382	67.421382	4.050947	0.212872
-158.525604	21.159599	153.190000	-4.530000	-94.773918	67.000000	67.273326	67.273326	67.273326	4.044893	0.093189
-158.025604	21.659599	153.190000	-4.530000	-77.720894	76.000000	67.327600	67.327600	67.327600	4.042460	0.167468
-157.525604	22.159599	153.190000	-4.530000	-60.667162	82.000000	67.283992	67.283992	67.283992	4.040699	0.135592
-157.025604	22.659599	153.190000	-4.530000	-43.857394	79.000000	67.342297	67.342297	67.342297	4.040060	0.197269
-156.525604	23.159599	153.190000	-4.530000	-26.389719	76.000000	67.302318	67.302318	67.302318	4.041311	0.152743
-156.025604	23.659599	153.190000	-4.530000	-9.812666	71.000000	67.463866	67.463866	67.463866	4.040832	0.301898
-155.525604	24.159599	153.190000	-4.530000	7.411906	70.000000	67.426757	67.426757	67.426757	4.046867	0.244453
-155.025604	24.659599	153.190000	-4.530000	24.032119	70.000000	67.590817	67.590817	67.590817	4.050303	0.380636
-154.525604	25.159599	153.190000	-4.530000	40.811489	65.000000	67.655875	67.655875	67.655875	4.056846	0.410331
-154.025604	25.659599	153.190000	-4.530000	57.318382	58.000000	67.821768	67.821768	67.821768	4.060864	0.533269
-153.525604	26.159599	153.190000	-4.530000	73.631513	51.000000	68.188337	68.188337	68.188337	4.071604	0.849660
-153.025604	26.659599	153.190000	-4.530000	90.482073	41.000000	67.955430	67.955430	67.955430	4.071014	0.559392
-152.025604	14.659600	153.190000	-4.530000	7.931361	41.000000	75.147105	75.147105	75.247105	4.072208	0.387357
-151.525604	15.159600	153.190000	-4.530000	24.153352	49.000000	75.128037	75.128037	75.128037	4.078174	0.462507
-151.025604	15.659600	153.190000	-4.530000	40.446884	58.000000	75.012413	75.012413	75.112413	4.079298	0.431316
-150.525604	16.159599	153.190000	-4.530000	56.228328	61.000000	74.700010	74.700010	74.700010	4.088529	0.193818
-150.025604	16.659599	153.190000	-4.530000	72.632178	58.000000	74.790611	74.790611	74.890611	4.090380	0.349947
-149.525604	17.159599	153.190000	-4.530000	88.378458	50.000000	74.584007	74.584007	74.584007	4.100818	0.199565
-149.025604	17.659599	153.190000	-4.530000	104.943319	40.000000	74.779995	74.779995	74.779995	4.094406	0.442699
-158.933105	24.573799	153.190000	-4.530000	-66.336781	53.000000	64.948883	64.948883	64.948883	4.048330	0.272961
-155.679398	21.205500	153.190000	-4.530000	-26.313889	88.000000	68.832506	68.832506	68.832506	4.040491	-0.040071
-151.637604	16.737801	153.190000	-4.530000	33.009637	73.000000	73.909653	73.909653	74.009653	4.087522	0.229403
-159.525604	20.659599	153.190000	-4.530000	-123.713487	46.000000	66.992959	66.992959	66.992959	4.054573	0.098276
-159.025604	21.159599	153.190000	-4.530000	-106.600158	57.000000	66.947239	66.947239	66.947239	4.051691	0.081752
-158.525604	21.659599	153.190000	-4.530000	-89.386929	66.000000	66.903878	66.903878	66.903878	4.045184	0.059027
-158.025604	22.159599	153.190000	-4.530000	-72.477004	74.000000	67.062662	67.062662	67.062662	4.041983	0.230166
-157.525604	22.659599	153.190000	-4.530000	-55.249084	79.000000	67.023384	67.023384	67.023384	4.040641	0.195080
-157.025604	23.159599	153.190000	-4.530000	-38.542184	75.000000	67.085845	67.085845	67.085845	4.040387	0.253639
-156.525604	23.659599	153.190000	-4.530000	-21.092776	71.000000	67.049854	67.049854	67.049854	4.043018	0.205900
-156.025604	24.159599	153.190000	-4.530000	-4.500455	70.000000	67.115227	67.115227	67.115227	4.044031	0.251773
-155.525604	24.659599	153.190000	-4.530000	12.729706	70.000000	67.181786	67.181786	67.181786	4.049433	0.291133
-155.025604	25.159599	153.190000	-4.530000	29.338100	66.000000	67.249360	67.249360	67.249360	4.052657	0.324029
-154.525604	25.659599	153.190000	-4.530000	45.962033	58.000000	67.417785	67.417785	67.417785	4.059371	0.450370
-154.025604	26.159599	153.190000	-4.530000	62.553426	51.000000	67.586901	67.586901	67.586901	4.065860	0.570034
-153.525604	26.659599	153.190000	-4.530000	78.945867	42.000000	67.856555	67.856555	67.856555	4.073908	0.783063
-152.525604	14.659600	153.190000	-4.530000	-4.826066	41.000000	74.895069	74.895069	74.895069	4.074591	0.343878
-152.025604	15.159600	153.190000	-4.530000	11.386086	50.000000	74.776440	74.776440	74.776440	4.074545	0.322153
-151.525604	15.659600	153.190000	-4.530000	27.652540	58.000000	74.661340	74.661340	74.661340	4.079515	0.294040
-151.025604	16.159599	153.190000	-4.530000	43.989531	66.000000	74.649543	74.649543	74.649543	4.083099	0.359675
-150.525604	16.659599	153.190000	-4.530000	59.822713	65.000000	74.440827	74.440827	74.440827	4.091302	0.219022
-150.025604	17.159599	153.190000	-4.530000	76.305113	59.000000	74.534982	74.534982	74.534982	4.092623	0.371817
-149.525604	17.659599	153.190000	-4.530000	92.011745	50.000000	74.331801	74.231801	74.331801	4.100340	0.218183
-149.025604	18.159599	153.190000	-4.530000	108.575317	40.000000	74.431084	74.431084	74.431084	4.094207	0.358083
-158.903000	21.298401	153.190000	-4.530000	-102.316847	59.000000	67.044321	67.044321	67.044321	4.045024	0.195709
-155.636200	22.299900	153.190000	-4.530000	-14.151800	79.000000	68.329039	68.229039	68.329039	4.039799	0.104154
-150.914993	18.914200	153.190000	-4.530000	67.654301	67.000000	72.513614	72.513614	72.513614	4.103974	-0.261483
-159.525604	21.159599	153.190000	-4.530000	-118.255033	46.000000	66.616933	66.616933	66.616933	4.052622	0.069939
-159.025604	21.659599	153.190000	-4.530000	-101.132601	56.000000	66.576012	66.576012	66.576012	4.051794	0.050245
-158.525604	22.159599	153.190000	-4.530000	-83.954278	66.000000	66.637260	66.637260	66.637260	4.044309	0.124412
-158.025604	22.659599	153.190000	-4.530000	-67.073111	74.000000	66.700469	66.700469	66.700469	4.043576	0.192472
-157.525604	23.159599	153.190000	-4.530000	-49.815375	77.000000	66.665438	66.665438	66.665438	4.042393	0.154147
-157.025604	23.659599	153.190000	-4.530000	-33.124172	73.000000	66.731975	66.731975	66.731975	4.042443	0.209525
-156.525604	24.159599	153.190000	-4.530000	-15.721902	72.000000	66.699893	66.699893	66.699893	4.045259	0.158629
-156.025604	24.659599	153.190000	-4.530000	0.819439	70.000000	66.869014	66.869014	66.869014	4.047826	0.301193
-155.525604	25.159599	153.190000	-4.530000	18.073500	65.000000	66.839165	66.839165	66.839165	4.052257	0.237297
-155.025604	25.659599	153.190000	-4.530000	34.703594	59.000000	67.010181	67.010181	67.010181	4.056693	0.366958
-154.525604	26.159599	153.190000	-4.530000	51.202500	51.000000	67.181901	67.181901	67.281901	4.062795	0.489918
-154.025604	26.659599	153.190000	-4.530000	67.932551	42.000000	67.154171	67.154171	67.154171	4.065665	0.406250
-153.025604	14.659600	153.190000	-4.530000	-17.915338	40.000000	74.340192	74.340192	74.340192	4.068765	0.000262
-152.525604	15.159600	153.190000	-4.530000	-1.311018	50.000000	74.522018	74.422018	74.522018	4.077478	0.281427
-152.025604	15.659600	153.190000	-4.530000	14.920608	59.000000	74.307459	74.307459	74.307459	4.076457	0.156476
-151.525604	16.159599	153.190000	-4.530000	31.366038	65.000000	74.396286	74.396286	74.396286	4.083378	0.325341
-151.025604	16.659599	153.190000	-4.530000	47.599182	72.000000	74.288273	74.288273	74.288273	4.087830	0.287680
-150.525604	17.159599	153.190000	-4.530000	63.446435	67.000000	74.183205	74.183205	74.183205	4.094240	0.243729
-150.025604	17.659599	153.190000	-4.530000	80.032562	60.000000	74.180873	74.180873	74.180873	4.094795	0.293417
-149.525604	18.159599	153.190000	-4.530000	95.668539	49.000000	73.881074	73.881074	73.881074	4.104191	0.036415
-149.025604	18.659599	153.190000	-4.530000	112.255668	40.000000	73.983612	73.983612	73.983612	4.094193	0.172944
-158.760193	18.564699	153.190000	-4.530000	-127.017179	59.000000	69.273306	69.273306	69.273306	4.063731	0.437353
-154.994400	21.507000	153.190000	-4.530000	-7.245446	81.000000	69.069547	69.069547	69.069547	4.043987	-0.017859
-149.000900	16.989000	153.190000	-4.530000	100.698821	37.000000	75.125559	75.125559	75.225559	4.095232	0.420345
-159.525604	21.659599	153.190000	-4.530000	-112.724387	46.000000	66.143917	66.143917	66.143917	4.057360	-0.058902
-159.025604	22.159599	153.190000	-4.530000	-95.623038	55.000000	66.207705	66.207705	66.207705	4.053183	0.018427
-158.525604	22.659599	153.190000	-4.530000	-78.440024	65.000000	66.273474	66.273474	66.273474	4.046689	0.089392
-158.025604	23.159599	153.190000	-4.530000	-61.584519	71.000000	66.441022	66.341022	66.441022	4.043255	0.254245
-157.525604	23.659599	153.190000	-4.530000	-44.321322	73.000000	66.310156	66.310156	66.310156	4.044423	0.112863
-157.025604	24.159599	153.190000	-4.530000	-27.612973	71.000000	66.480686	66.380686	66.480686	4.044235	0.264969
-156.525604	24.659599	153.190000	-4.530000	-10.288518	71.000000	66.452434	66.452434	66.452434	4.048341	0.210796
-156.025604	25.159599	153.190000	-4.530000	6.235749	65.000000	66.625226	66.625226	66.625226	4.051456	0.350223
-155.525604	25.659599	153.190000	-4.530000	23.462346	58.000000	66.498895	66.498895	66.498895	4.054462	0.182984
-155.025604	26.159599	153.190000	-4.530000	40.123150	51.000000	66.673278	66.573278	66.673278	4.060040	0.309294
-154.525604	26.659599	153.190000	-4.530000	56.562959	42.000000	66.948221	66.948221	66.948221	4.068138	0.529036
-153.525604	14.659600	153.190000	-4.530000	-30.427475	40.000000	74.282411	74.182411	74.282411	4.074919	0.156229
-153.025604	15.159600	153.190000	-4.530000	-14.091129	51.000000	74.164710	74.064710	74.164710	4.073590	0.140573
-152.525604	15.659600	153.190000	-4.530000	2.200790	61.000000	73.950712	73.950712	73.950712	4.077572	0.018666
-152.025604	16.159599	153.190000	-4.530000	18.665897	68.000000	74.040182	74.040182	74.040182	4.081538	0.190549
-151.525604	16.659599	153.190000	-4.530000	35.131415	74.000000	74.032891	74.032891	74.032891	4.086074	0.256153
-151.025604	17.159599	153.190000	-4.530000	51.336348	73.000000	74.028621	73.928621	74.028621	4.090869	0.315343
-150.525604	17.659599	153.190000	-4.530000	67.120998	67.000000	73.827158	73.827158	73.827158	4.098621	0.168149
-150.025604	18.159599	153.190000	-4.530000	83.783486	60.000000	73.828297	73.728297	73.828297	4.097481	0.214505
-149.525604	18.659599	153.190000	-4.530000	99.367254	49.000000	73.431838	73.331838	73.431838	4.105653	-0.145726
-149.025604	19.159599	153.190000	-4.530000	115.931805	40.000000	73.337588	73.337588	73.437588	4.097594	-0.212517
-158.185394	22.620199	153.190000	-4.530000	-71.062958	73.000000	66.572613	66.572613	66.572613	4.043488	0.142140
-154.983002	19.601000	153.190000	-4.530000	-25.171397	94.000000	70.112730	70.112730	70.112730	4.057293	-0.155711
-159.525604	22.159599	153.190000	-4.530000	-107.169381	44.000000	65.873914	65.873914	65.873914	4.055898	0.011929
-159.025604	22.659599	153.190000	-4.530000	-90.050486	53.000000	65.942320	65.942320	65.942320	4.052334	0.086088
-158.525604	23.159599	153.190000	-4.530000	-72.834599	63.000000	65.912522	65.912522	65.912522	4.049359	0.053975
-158.025604	23.659599	153.190000	-4.530000	-56.105732	69.000000	66.084324	66.084324	66.084324	4.044919	0.215653
-157.525604	24.159599	153.190000	-4.530000	-38.768615	71.000000	65.957538	65.957538	66.057538	4.046440	0.071030
-157.025604	24.659599	153.190000	-4.530000	-22.061860	70.000000	66.131981	66.131981	66.131981	4.047232	0.219981
-156.525604	25.159599	153.190000	-4.530000	-4.790242	65.000000	66.107479	66.107479	66.107479	4.051240	0.162560
-156.025604	25.659599	153.190000	-4.530000	11.805966	58.000000	66.383863	66.283863	66.383863	4.056808	0.398674
-155.525604	26.159599	153.190000	-4.530000	28.942282	50.000000	66.160973	66.160973	66.160973	4.056648	0.128201
-155.025604	26.659599	153.190000	-4.530000	45.592152	41.000000	66.238650	66.238650	66.338650	4.060054	0.151188
-154.025604	14.659600	153.190000	-4.530000	-43.712663	39.000000	73.321659	73.321659	73.421659	4.066462	-0.587990
-153.525604	15.159600	153.190000	-4.530000	-26.540275	51.000000	74.004453	74.004453	74.004453	4.078083	0.199433
-153.025604	15.659600	153.190000	-4.530000	-10.423375	62.000000	73.691036	73.691036	73.691036	4.074962	-0.019444
-152.525604	16.159599	153.190000	-4.530000	6.002920	70.000000	73.681170	73.681170	73.681170	4.082171	0.055519
-152.025604	16.659599	153.190000	-4.530000	22.439812	75.000000	73.674623	73.674623	73.674623	4.085499	0.124293
-151.525604	17.159599	153.190000	-4.530000	38.898554	75.000000	73.671172	73.671172	73.671172	4.091929	0.186607
-151.025604	17.659599	153.190000	-4.530000	55.168211	74.000000	73.570600	73.570600	73.570600	4.096592	0.142589
-150.525604	18.159599	153.190000	-4.530000	70.808526	67.000000	73.372699	73.272699	73.372699	4.102328	-0.007792
-150.025604	18.659599	153.190000	-4.530000	87.516358	59.000000	73.277266	73.277266	73.277266	4.101415	-0.064798
-149.525604	19.159599	153.190000	-4.530000	103.204510	49.000000	72.884104	72.884104	72.984104	4.107530	-0.428314
-149.025604	19.659599	153.190000	-4.530000	119.683237	39.000000	72.793023	72.793023	72.793023	4.094438	-0.498372
-158.179504	20.377800	153.190000	-4.530000	-94.865738	74.000000	68.121403	68.121403	68.121403	4.047213	0.200091
-154.797394	18.803101	153.190000	-4.530000	-27.823535	90.000000	70.687101	70.687101	70.787101	4.067217	-0.182877
-159.525604	22.659599	153.190000	-4.530000	-101.565053	44.000000	65.506927	65.506927	65.506927	4.058465	-0.017621
-159.025604	23.159599	153.190000	-4.530000	-84.437786	54.000000	65.579860	65.579860	65.579860	4.055839	0.053339
-158.525604	23.659599	153.190000	-4.530000	-67.243919	62.000000	65.554406	65.554406	65.554406	4.051103	0.018082
-158.025604	24.159599	153.190000	-4.530000	-50.542220	66.000000	65.830375	65.730375	65.830375	4.044639	0.276644
-157.525604	24.659599	153.190000	-4.530000	-33.206813	71.000000	65.707583	65.707583	65.707583	4.047625	0.128752
-157.025604	25.159599	153.190000	-4.530000	-16.485764	66.000000	65.885856	65.885856	65.885856	4.050042	0.274484
-156.525604	25.659599	153.190000	-4.530000	0.823456	58.000000	65.765024	65.765024	65.765024	4.053481	0.113868
-156.025604	26.159599	153.190000	-4.530000	17.498124	51.000000	65.944923	65.944923	65.944923	4.059222	0.246643
-155.525604	26.659599	153.190000	-4.530000	34.487508	41.000000	65.825397	65.825397	65.825397	4.058688	0.072876
-154.525604	14.659600	153.190000	-4.530000	-55.981842	40.000000	73.557871	73.457871	73.557871	4.077554	-0.132330
-154.025604	15.159600	153.190000	-4.530000	-39.680679	51.000000	73.341180	73.241180	73.341180	4.074221	-0.242070
-153.525604	15.659600	153.190000	-4.530000	-22.767382	62.000000	73.628367	73.628367	73.628367	4.079094	0.142169
-153.025604	16.159599	153.190000	-4.530000	-6.660493	72.000000	73.319189	73.319189	73.319189	4.078657	-0.079684
-152.525604	16.659599	153.190000	-4.530000	9.920407	77.000000	73.313408	73.313408	73.313408	4.085015	-0.007975
-152.025604	17.159599	153.190000	-4.530000	26.328617	77.000000	73.310800	73.310800	73.310800	4.089553	0.057545
-151.525604	17.659599	153.190000	-4.530000	42.670387	75.000000	73.211143	73.211143	73.311143	4.097049	0.016799
-151.025604	18.159599	153.190000	-4.530000	59.032778	74.000000	73.114225	73.114225	73.114225	4.099571	-0.030543
-150.525604	18.659599	153.190000	-4.530000	74.578505	67.000000	72.919840	72.819840	72.919840	4.104793	-0.184250
-150.025604	19.159599	153.190000	-4.530000	91.282826	58.000000	72.827790	72.727790	72.827790	4.102745	-0.244400
-149.525604	19.659599	153.190000	-4.530000	107.124063	48.000000	72.437881	72.337881	72.437881	4.101443	-0.611312
-149.025604	20.159599	153.190000	-4.530000	123.580718	39.000000	72.249926	72.149926	72.249926	4.090009	-0.784770
-157.931000	21.646000	153.190000	-4.530000	-75.723158	77.000000	67.384866	67.384866	67.384866	4.042317	0.156568
-154.691299	17.180099	153.190000	-4.530000	-39.585486	81.000000	71.780331	71.780331	71.880331	4.078043	-0.179684
-159.525604	23.159599	153.190000	-4.530000	-95.869062	44.000000	65.242955	65.242955	65.242955	4.056095	0.052308
-159.025604	23.659599	153.190000	-4.530000	-78.808689	52.000000	65.220324	65.220324	65.220324	4.057181	0.020247
-158.525604	24.159599	153.190000	-4.530000	-61.651358	59.000000	65.299124	65.299124	65.299124	4.050783	0.081758
-158.025604	24.659599	153.190000	-4.530000	-44.913560	66.000000	65.479172	65.479172	65.579172	4.047050	0.237083
-157.525604	25.159599	153.190000	-4.530000	-27.545496	65.000000	65.360291	65.360291	65.360291	4.049965	0.086091
-157.025604	25.659599	153.190000	-4.530000	-10.848273	59.000000	65.642311	65.642311	65.642311	4.054226	0.328521
-156.525604	26.159599	153.190000	-4.530000	6.534654	51.000000	65.325067	65.325067	65.325067	4.053740	-0.035404
-156.025604	26.659599	153.190000	-4.530000	23.271142	41.000000	65.508402	65.408402	65.508402	4.059208	0.094189
-155.025604	14.659600	153.190000	-4.530000	-68.807801	40.000000	73.090976	73.090976	73.090976	4.077882	-0.377081
-154.525604	15.159600	153.190000	-4.530000	-51.915815	51.000000	73.374825	73.374825	73.374825	4.081516	0.016316
-154.025604	15.659600	153.190000	-4.530000	-35.768656	61.000000	72.962640	72.962640	73.062640	4.075114	-0.296451
-153.525604	16.159599	153.190000	-4.530000	-18.942931	71.000000	73.154174	73.154174	73.154174	4.080251	-0.015337
-153.025604	16.659599	153.190000	-4.530000	-2.793086	79.000000	72.949185	72.949185	72.949185	4.081717	-0.140408
-152.525604	17.159599	153.190000	-4.530000	13.819157	78.000000	72.947444	72.947444	72.947444	4.088434	-0.071802
-152.025604	17.659599	153.190000	-4.530000	30.322934	78.000000	72.948727	72.948727	72.948727	4.094502	-0.009482
-151.525604	18.159599	153.190000	-4.530000	46.508798	75.000000	72.852818	72.752818	72.852818	4.100146	-0.053516
-151.025604	18.659599	153.190000	-4.530000	62.924999	73.000000	72.659507	72.659507	72.659507	4.102056	-0.204041
-150.525604	19.159599	153.190000	-4.530000	78.471854	65.000000	72.368594	72.368594	72.468594	4.106545	-0.461023
-150.025604	19.659599	153.190000	-4.530000	95.170124	57.000000	72.279882	72.279882	72.279882	4.101370	-0.524535
-149.525604	20.159599	153.190000	-4.530000	111.183547	48.000000	71.893181	71.793181	71.893181	4.099141	-0.894709
-149.025604	20.659599	153.190000	-4.530000	127.649773	38.000000	71.708307	71.608307	71.708307	4.090155	-1.071519
-157.859100	14.659600	153.190000	-4.530000	-139.975114	38.000000	71.882897	71.882897	71.882897	4.079468	-0.267771
-154.617798	20.088900	153.190000	-4.530000	-11.541806	90.000000	69.902109	69.902109	69.902109	4.060786	-0.264416
-159.525604	23.659599	153.190000	-4.530000	-90.097732	42.000000	64.881999	64.881999	64.881999	4.056869	0.021879
-159.025604	24.159599	153.190000	-4.530000	-73.110021	52.000000	64.963710	64.963710	64.963710	4.054294	0.086617
-158.525604	24.659599	153.190000	-4.530000	-55.965197	59.000000	65.046674	65.046674	65.046674	4.050436	0.145013
-158.025604	25.159599	153.190000	-4.530000	-39.209951	60.000000	65.330714	65.230714	65.330714	4.047299	0.397127
-157.525604	25.659599	153.190000	-4.530000	-21.791792	59.000000	65.015658	65.015658	65.115658	4.052150	0.042863
-157.025604	26.159599	153.190000	-4.530000	-5.071140	51.000000	65.301341	65.301341	65.401341	4.057194	0.282099
-156.525604	26.659599	153.190000	-4.530000	12.312290	41.000000	64.887605	64.887605	64.887605	4.053115	-0.185111
-155.525604	14.659600	153.190000	-4.530000	-81.159127	40.000000	73.120902	73.120902	73.120902	4.082888	-0.122007
-155.025604	15.159600	153.190000	-4.530000	-64.689008	50.000000	72.905317	72.905317	73.005317	4.081337	-0.225575
-154.525604	15.659600	153.190000	-4.530000	-47.929727	61.000000	73.093787	72.993787	73.093787	4.081826	0.064642
-154.025604	16.159599	153.190000	-4.530000	-31.837505	70.000000	72.686059	72.686059	72.686059	4.077485	-0.251214
-153.525604	16.659599	153.190000	-4.530000	-14.904802	79.000000	72.781889	72.781889	72.781889	4.080624	-0.073163
-153.025604	17.159599	153.190000	-4.530000	1.074635	79.000000	72.581043	72.581043	72.681043	4.084271	-0.201482
-152.525604	17.659599	153.190000	-4.530000	17.796561	81.000000	72.583292	72.583292	72.583292	4.093188	-0.136040
-152.025604	18.159599	153.190000	-4.530000	34.430102	79.000000	72.488419	72.488419	72.488419	4.097048	-0.176862
-151.525604	18.659599	153.190000	-4.530000	50.397927	75.000000	72.396210	72.396210	72.396210	4.101813	-0.224215
-151.025604	19.159599	153.190000	-4.530000	66.884479	72.000000	72.306460	72.306460	72.306460	4.101656	-0.277979
-150.525604	19.659599	153.190000	-4.530000	82.549782	65.000000	72.018971	71.918971	72.018971	4.103382	-0.538182
-150.025604	20.159599	153.190000	-4.530000	99.262417	57.000000	71.833550	71.733550	71.833550	4.096979	-0.705085
-149.525604	20.659599	153.190000	-4.530000	115.386061	48.000000	71.450011	71.350011	71.450011	4.092920	-1.078576
-149.025604	21.159599	153.190000	-4.530000	131.884092	38.000000	71.268173	71.168173	71.268173	4.088126	-1.258687
-157.700806	16.348400	153.190000	-4.530000	-121.108687	69.000000	71.224247	71.224247	71.224247	4.080000	0.223571
-154.495895	18.401699	153.190000	-4.530000	-24.094364	87.000000	71.154669	71.054669	71.154669	4.073122	-0.126097
-159.525604	24.159599	153.190000	-4.530000	-84.219209	42.000000	64.524056	64.524056	64.524056	4.058104	-0.008957
-159.025604	24.659599	153.190000	-4.530000	-67.325045	50.000000	64.710016	64.710016	64.710016	4.052857	0.152553
-158.525604	25.159599	153.190000	-4.530000	-50.143578	53.000000	64.697054	64.697054	64.697054	4.051132	0.107767
-158.025604	25.659599	153.190000	-4.530000	-33.306168	53.000000	64.984997	64.984997	64.984997	4.050674	0.356726
-157.525604	26.159599	153.190000	-4.530000	-15.858469	51.000000	64.673680	64.573680	64.673680	4.053578	-0.000837
-157.025604	26.659599	153.190000	-4.530000	0.863088	41.000000	64.862943	64.862943	64.862943	4.057212	0.135144
-156.025604	14.659600	153.190000	-4.530000	-94.055612	41.000000	72.547576	72.547576	72.547576	4.078028	-0.467038
-155.525604	15.159600	153.190000	-4.530000	-76.974555	50.000000	72.932585	72.932585	72.932585	4.086046	0.032179
-155.025604	15.659600	153.190000	-4.530000	-60.634930	61.000000	72.721738	72.621738	72.721738	4.082556	-0.074532
-154.525604	16.159599	153.190000	-4.530000	-43.997058	72.000000	72.614778	72.614778	72.614778	4.080101	-0.087247
-154.025604	16.659599	153.190000	-4.530000	-27.707843	79.000000	72.411455	72.411455	72.411455	4.077679	-0.206315
-153.525604	17.159599	153.190000	-4.530000	-10.889778	80.000000	72.411532	72.411532	72.411532	4.082197	-0.131476
-153.025604	17.659599	153.190000	-4.530000	5.197329	82.000000	72.314778	72.214778	72.314778	4.086709	-0.162809
-152.525604	18.159599	153.190000	-4.530000	21.914552	82.000000	72.220969	72.220969	72.220969	4.095546	-0.200649
-152.025604	18.659599	153.190000	-4.530000	38.585724	80.000000	72.129889	72.129889	72.129889	4.099138	-0.244753
-151.525604	19.159599	153.190000	-4.530000	54.448524	74.000000	71.941332	71.941332	72.041332	4.102405	-0.395203
-151.025604	19.659599	153.190000	-4.530000	70.928676	70.000000	71.855094	71.855094	71.855094	4.101175	-0.452320
-150.525604	20.159599	153.190000	-4.530000	86.754828	64.000000	71.470982	71.370982	71.570982	4.102174	-0.815879
-150.025604	20.659599	153.190000	-4.530000	103.525329	57.000000	71.388805	71.288805	71.388805	4.092699	-0.885962
-149.525604	21.159599	153.190000	-4.530000	119.766250	47.000000	71.108381	71.008381	71.108381	4.086170	-1.162879
-149.025604	21.659599	153.190000	-4.530000	136.344120	38.000000	71.029533	71.029533	71.029533	4.080891	-1.246419
-157.627594	20.346100	153.190000	-4.530000	-81.907471	82.000000	68.396090	68.396090	68.396090	4.045458	0.121517
-154.482803	21.001900	153.190000	-4.530000	0.312774	83.000000	69.432100	69.432100	69.532100	4.054783	-0.254453
-159.525604	24.659599	153.190000	-4.530000	-78.288441	39.000000	64.169122	64.169122	64.169122	4.060170	-0.040331
-159.025604	25.159599	153.190000	-4.530000	-61.417282	45.000000	64.459238	64.359238	64.459238	4.051780	0.218114
-158.525604	25.659599	153.190000	-4.530000	-44.049936	47.000000	64.250258	64.250258	64.250258	4.053484	-0.029933
-158.025604	26.159599	153.190000	-4.530000	-27.212385	47.000000	64.442016	64.442016	64.542016	4.053813	0.115757
-157.525604	26.659599	153.190000	-4.530000	-9.740530	40.000000	64.034352	64.034352	64.034352	4.051484	-0.344951
-156.525604	14.659600	153.190000	-4.530000	-106.509496	41.000000	72.470921	72.470921	72.470921	4.081503	-0.312475
-156.025604	15.159600	153.190000	-4.530000	-89.942148	51.000000	72.356554	72.356554	72.356554	4.081372	-0.310161
-155.525604	15.659600	153.190000	-4.530000	-72.789630	61.000000	72.746420	72.746420	72.746420	4.086696	0.186073
-155.025604	16.159599	153.190000	-4.530000	-56.658220	71.000000	72.240259	72.240259	72.240259	4.081103	-0.223722
-154.525604	16.659599	153.190000	-4.530000	-39.856108	81.000000	72.237815	72.237815	72.237815	4.079345	-0.139613
-154.025604	17.159599	153.190000	-4.530000	-23.595153	81.000000	72.138846	72.038846	72.138846	4.078657	-0.161741
-153.525604	17.659599	153.190000	-4.530000	-6.820441	83.000000	72.043118	72.043118	72.043118	4.083979	-0.190059
-153.025604	18.159599	153.190000	-4.530000	9.555373	84.000000	71.950405	71.950405	71.950405	4.088174	-0.224638
-152.525604	18.659599	153.190000	-4.530000	26.148848	83.000000	71.860486	71.860486	71.860486	4.096362	-0.265615
-152.025604	19.159599	153.190000	-4.530000	42.747747	79.000000	71.773151	71.773151	71.773151	4.099981	-0.312951
-151.525604	19.659599	153.190000	-4.530000	58.624883	74.000000	71.588195	71.588195	71.588195	4.100620	-0.466719
-151.025604	20.159599	153.190000	-4.530000	75.132672	71.000000	71.405420	71.405420	71.405420	4.097064	-0.627053
-150.525604	20.659599	153.190000	-4.530000	91.103569	64.000000	71.124635	71.024635	71.124635	4.097311	-0.893920
-150.025604	21.159599	153.190000	-4.530000	107.972822	56.000000	71.045654	70.945654	71.045654	4.086487	-0.967393
-149.525604	21.659599	153.190000	-4.530000	124.330542	47.000000	70.868298	70.868298	70.868298	4.080149	-1.147606
-149.025604	22.159599	153.190000	-4.530000	140.930212	38.000000	70.892393	70.892393	70.892393	4.077400	-1.134531
-157.270004	21.108999	153.190000	-4.530000	-65.402012	85.000000	68.080361	68.080361	68.080361	4.041859	0.093864
-154.393997	19.262501	153.190000	-4.530000	-13.855160	92.000000	70.516952	70.516952	70.516952	4.068027	-0.280376
-159.525604	25.159599	153.190000	-4.530000	-72.218111	36.000000	63.717193	63.717193	63.717193	4.064044	-0.172094
-159.025604	25.659599	153.190000	-4.530000	-55.345816	39.000000	64.011371	64.011371	64.011371	4.053964	0.083119
-158.525604	26.159599	153.190000	-4.530000	-37.819550	40.000000	63.606282	63.606282	63.706282	4.055311	-0.368082
-158.025604	26.659599	153.190000	-4.530000	-20.927086	38.000000	63.801766	63.801766	63.901766	4.053201	-0.225640
-157.025604	14.659600	153.190000	-4.530000	-119.145902	42.000000	72.090858	72.090858	72.190858	4.079540	-0.458076
-156.525604	15.159600	153.190000	-4.530000	-102.255291	50.000000	72.277148	72.277148	72.277148	4.083855	-0.152769
-156.025604	15.659600	153.190000	-4.530000	-85.676456	62.000000	72.167761	72.167761	72.167761	4.082933	-0.153595
-155.525604	16.159599	153.190000	-4.530000	-68.699345	72.000000	72.262430	72.262430	72.362430	4.083633	0.039591
-155.025604	16.659599	153.190000	-4.530000	-52.537892	80.000000	71.960898	71.960898	71.960898	4.079625	-0.173224
-154.525604	17.159599	153.190000	-4.530000	-35.578159	83.000000	71.962917	71.962917	71.962917	4.077899	-0.092322
-154.025604	17.659599	153.190000	-4.530000	-19.489829	85.000000	71.768249	71.768249	71.768249	4.078527	-0.217571
-153.525604	18.159599	153.190000	-4.530000	-2.537291	85.000000	71.676663	71.676663	71.676663	4.083888	-0.248987
-153.025604	18.659599	153.190000	-4.530000	14.045191	86.000000	71.587938	71.587938	71.587938	4.088649	-0.286842
-152.525604	19.159599	153.190000	-4.530000	30.451393	84.000000	71.501858	71.501858	71.501858	4.097176	-0.331016
-152.025604	19.659599	153.190000	-4.530000	47.001749	77.000000	71.318215	71.318215	71.318215	4.098784	-0.481528
-151.525604	20.159599	153.190000	-4.530000	62.942007	74.000000	71.136810	71.136810	71.236810	4.097957	-0.638643
-151.025604	20.659599	153.190000	-4.530000	79.561659	70.000000	71.057447	70.957447	71.057447	4.092810	-0.702250
-150.525604	21.159599	153.190000	-4.530000	95.602757	63.000000	70.779940	70.679940	70.779940	4.091733	-0.972372
-150.025604	21.659599	153.190000	-4.530000	112.615456	56.000000	70.804106	70.804106	70.804106	4.081135	-0.949265
-149.525604	22.159599	153.190000	-4.530000	129.042615	47.000000	70.729769	70.729769	70.729769	4.074041	-1.032829
-149.025604	22.659599	153.190000	-4.530000	145.638247	38.000000	70.956759	70.956759	70.956759	4.070956	-0.823088
-157.227295	18.984800	153.190000	-4.530000	-85.515186	85.000000	69.628420	69.628420	69.628420	4.060795	0.206587
-154.251801	21.168699	153.190000	-4.530000	7.166432	83.000000	69.535171	69.435171	69.535171	4.058003	-0.182211
-159.525604	25.659599	153.190000	-4.530000	-66.001740	32.000000	63.268263	63.268263	63.268263	4.064625	-0.304289
-159.025604	26.159599	153.190000	-4.530000	-49.103809	34.000000	63.566408	63.466408	63.566408	4.055197	-0.052334
-158.525604	26.659599	153.190000	-4.530000	-31.479801	33.000000	63.065118	63.065118	63.065118	4.054298	-0.606755
-157.525604	14.659600	153.190000	-4.530000	-131.650742	42.000000	72.007306	72.007306	72.007306	4.078010	-0.303767
-157.025604	15.159600	153.190000	-4.530000	-114.781917	51.000000	72.094288	72.094288	72.094288	4.084771	-0.095725
-156.525604	15.659600	153.190000	-4.530000	-97.925740	60.000000	72.185682	72.185682	72.185682	4.085550	0.106480
-156.025604	16.159599	153.190000	-4.530000	-81.423181	69.000000	71.981218	71.981218	71.981218	4.082864	0.002765
-155.525604	16.659599	153.190000	-4.530000	-64.500487	79.000000	71.880632	71.880632	71.880632	4.080528	-0.007221
-155.025604	17.159599	153.190000	-4.530000	-48.285233	84.000000	71.683674	71.583674	71.683674	4.077685	-0.123206
-154.525604	17.659599	153.190000	-4.530000	-31.380646	87.000000	71.590101	71.590101	71.590101	4.076105	-0.145276
-154.025604	18.159599	153.190000	-4.530000	-15.108032	87.000000	71.399679	71.399679	71.399679	4.077869	-0.273764
-153.525604	18.659599	153.190000	-4.530000	1.910398	87.000000	71.312181	71.312181	71.412181	4.083323	-0.308420
-153.025604	19.159599	153.190000	-4.530000	18.551071	85.000000	71.227390	71.227390	71.227390	4.088717	-0.349328
-152.525604	19.659599	153.190000	-4.530000	34.918242	82.000000	71.145095	71.045095	71.145095	4.095647	-0.396812
-152.025604	20.159599	153.190000	-4.530000	51.355028	75.000000	70.965093	70.965093	70.965093	4.095698	-0.550636
-151.525604	20.659599	153.190000	-4.530000	67.360888	71.000000	70.787186	70.787186	70.787186	4.094414	-0.710887
-151.025604	21.159599	153.190000	-4.530000	84.121468	70.000000	70.711185	70.611185	70.711185	4.088105	-0.777875
-150.525604	21.659599	153.190000	-4.530000	100.326353	63.000000	70.436904	70.436904	70.536904	4.086964	-1.051382
-150.025604	22.159599	153.190000	-4.530000	117.384218	56.000000	70.664167	70.664167	70.664167	4.075322	-0.831494
-149.525604	22.659599	153.190000	-4.530000	133.838980	47.000000	70.792801	70.792801	70.792801	4.067141	-0.718511
-149.025604	23.159599	153.190000	-4.530000	150.357852	38.000000	71.122637	71.022637	71.122637	4.064752	-0.412230
-156.964600	24.312099	153.190000	-4.530000	-24.526795	72.000000	66.440060	66.340060	66.440060	4.044487	0.277322
-154.030502	17.988400	153.190000	-4.530000	-16.768359	85.000000	71.592385	71.492385	71.592385	4.078637	-0.185266
-159.525604	26.159599	153.190000	-4.530000	-59.670070	28.000000	62.722323	62.722323	62.722323	4.065725	-0.537039
-159.025604	26.659599	153.190000	-4.530000	-42.665010	28.000000	62.924342	62.924342	62.924342	4.056865	-0.388196
-158.025604	14.659600	153.190000	-4.530000	-144.292678	38.000000	71.620181	71.620181	71.620181	4.074916	-0.449860
-157.525604	15.159600	153.190000	-4.530000	-127.282787	51.000000	71.907892	71.907892	71.907892	4.081228	-0.038758
-157.025604	15.659600	153.190000	-4.530000	-110.442373	61.000000	71.900105	71.900105	71.900105	4.085769	0.066344
-156.525604	16.159599	153.190000	-4.530000	-93.510466	70.000000	71.896545	71.896545	71.896545	4.082960	0.165504
-156.025604	16.659599	153.190000	-4.530000	-77.138234	77.000000	71.596944	71.596944	71.596944	4.080079	-0.041347
-155.525604	17.159599	153.190000	-4.530000	-60.167611	83.000000	71.501047	71.501047	71.601047	4.077038	-0.054349
-155.025604	17.659599	153.190000	-4.530000	-44.009202	87.000000	71.308606	71.308606	71.308606	4.075321	-0.173451
-154.525604	18.159599	153.190000	-4.530000	-27.023940	90.000000	71.219384	71.219384	71.219384	4.074178	-0.198724
-154.025604	18.659599	153.190000	-4.530000	-10.514368	88.000000	71.133151	71.133151	71.133151	4.075416	-0.230306
-153.525604	19.159599	153.190000	-4.530000	6.404357	88.000000	71.049686	70.949686	71.049686	4.083253	-0.268152
-153.025604	19.659599	153.190000	-4.530000	23.079714	86.000000	70.868774	70.868774	70.868774	4.087756	-0.412335
-152.525604	20.159599	153.190000	-4.530000	39.452578	81.000000	70.690210	70.690210	70.690210	4.093366	-0.562991
-152.025604	20.659599	153.190000	-4.530000	55.846277	76.000000	70.613794	70.613794	70.613794	4.091837	-0.620080
-151.525604	21.159599	153.190000	-4.530000	71.889120	69.000000	70.439333	70.439333	70.439333	4.089874	-0.783678
-151.025604	21.659599	153.190000	-4.530000	88.850940	69.000000	70.366640	70.366640	70.366640	4.083928	-0.853917
-150.525604	22.159599	153.190000	-4.530000	105.178577	63.000000	70.295536	70.295536	70.295536	4.081187	-0.930764
-150.025604	22.659599	153.190000	-4.530000	122.139342	56.000000	70.525845	70.525845	70.625845	4.073534	-0.714297
-149.525604	23.159599	153.190000	-4.530000	138.576040	47.000000	70.857398	70.757398	70.857398	4.064071	-0.404645
-149.025604	23.659599	153.190000	-4.530000	155.008064	38.000000	71.190033	71.190033	71.290033	4.066291	-0.101780
-156.932007	19.832701	153.190000	-4.530000	-70.441874	85.000000	69.175416	69.175416	69.175416	4.049549	0.151487
-153.992294	18.797600	153.190000	-4.530000	-8.370726	87.000000	71.089217	71.089217	71.089217	4.075019	-0.206418
-159.525604	26.659599	153.190000	-4.530000	-53.198275	23.000000	62.179367	62.179367	62.179367	4.065171	-0.770210
-158.525604	14.659600	153.190000	-4.530000	-156.424775	34.000000	71.829396	71.829396	71.829396	4.081318	0.003893
-158.025604	15.159600	153.190000	-4.530000	-139.897376	47.000000	71.517876	71.517876	71.517876	4.078332	-0.182051
-157.525604	15.659600	153.190000	-4.530000	-122.875146	61.000000	71.710948	71.710948	71.710948	4.081945	0.125949
-157.025604	16.159599	153.190000	-4.530000	-106.062758	69.000000	71.708333	71.708333	71.708333	4.083175	0.228043
-156.525604	16.659599	153.190000	-4.530000	-89.166495	76.000000	71.509757	71.509757	71.609757	4.079675	0.124226
-156.025604	17.159599	153.190000	-4.530000	-72.737419	83.000000	71.314960	71.314960	71.314960	4.076899	0.014208
-155.525604	17.659599	153.190000	-4.530000	-55.846496	87.000000	71.223692	71.123692	71.223692	4.073379	-0.001875
-155.025604	18.159599	153.190000	-4.530000	-39.668689	92.000000	71.035709	70.935709	71.035709	4.071443	-0.124031
-154.525604	18.659599	153.190000	-4.530000	-22.412412	91.000000	70.950780	70.950780	70.950780	4.071676	-0.152539
-154.025604	19.159599	153.190000	-4.530000	-5.964782	91.000000	70.768679	70.768679	70.768679	4.073607	-0.287276
-153.525604	19.659599	153.190000	-4.530000	10.956604	87.000000	70.689189	70.589189	70.689189	4.081280	-0.328254
-153.025604	20.159599	153.190000	-4.530000	27.639320	83.000000	70.512100	70.512100	70.512100	4.085197	-0.475742
-152.525604	20.659599	153.190000	-4.530000	43.926372	78.000000	70.337211	70.337211	70.337211	4.089909	-0.629628
-152.025604	21.159599	153.190000	-4.530000	60.444304	73.000000	70.264327	70.264327	70.264327	4.087617	-0.689927
-151.525604	21.659599	153.190000	-4.530000	76.559838	69.000000	70.193258	70.093258	70.193258	4.084057	-0.756901
-151.025604	22.159599	153.190000	-4.530000	93.667628	68.000000	70.123821	70.123821	70.223821	4.079000	-0.830448
-150.525604	22.659599	153.190000	-4.530000	110.054321	63.000000	70.255840	70.255840	70.255840	4.076068	-0.710584
-150.025604	23.159599	153.190000	-4.530000	126.895596	56.000000	70.589144	70.489144	70.689144	4.069655	-0.397566
-149.525604	23.659599	153.190000	-4.530000	143.238120	47.000000	70.923568	70.823568	71.023568	4.063810	-0.091298
-149.025604	24.159599	153.190000	-4.530000	159.553544	38.000000	71.158949	71.058949	71.258949	4.069396	0.108198
-156.808197	18.404200	153.190000	-4.530000	-80.976523	81.000000	70.168974	70.168974	70.168974	4.065376	0.121707
-153.982697	21.519699	153.190000	-4.530000	17.165518	79.000000	69.448734	69.448734	69.448734	4.057909	-0.213678
-159.025604	14.659600	153.190000	-4.530000	-169.229111	29.000000	71.234861	71.234861	71.334861	4.077838	-0.342428
-158.525604	15.159600	153.190000	-4.530000	-152.019077	41.000000	71.624153	71.624153	71.724153	4.079938	0.174315
-158.025604	15.659600	153.190000	-4.530000	-135.389433	55.000000	71.418128	71.418128	71.418128	4.081174	0.085307
-157.525604	16.159599	153.190000	-4.530000	-118.462967	68.000000	71.416500	71.416500	71.516500	4.080295	0.190460
-157.025604	16.659599	153.190000	-4.530000	-101.666310	77.000000	71.318992	71.318992	71.318992	4.079478	0.189421
-156.525604	17.159599	153.190000	-4.530000	-84.814970	78.000000	71.125338	71.125338	71.125338	4.075536	0.082473
-156.025604	17.659599	153.190000	-4.530000	-68.424909	87.000000	70.935284	70.935284	70.935284	4.072406	-0.030473
-155.525604	18.159599	153.190000	-4.530000	-51.544241	91.000000	70.848583	70.848583	70.848583	4.069009	-0.049755
-155.025604	18.659599	153.190000	-4.530000	-35.076210	93.000000	70.664998	70.664998	70.664998	4.066547	-0.175110
-154.525604	19.159599	153.190000	-4.530000	-17.813139	93.000000	70.584302	70.584302	70.584302	4.068361	-0.206628
-154.025604	19.659599	153.190000	-4.530000	-1.442265	90.000000	70.406274	70.406274	70.506274	4.070911	-0.344633
-153.525604	20.159599	153.190000	-4.530000	15.609980	86.000000	70.330701	70.230701	70.330701	4.077710	-0.388880
-153.025604	20.659599	153.190000	-4.530000	32.188499	80.000000	70.157379	70.157379	70.157379	4.081067	-0.539460
-152.525604	21.159599	153.190000	-4.530000	48.409065	75.000000	70.086109	70.086109	70.086109	4.085274	-0.596684
-152.025604	21.659599	153.190000	-4.530000	65.094892	71.000000	70.016700	69.916700	70.016700	4.081774	-0.660326
-151.525604	22.159599	153.190000	-4.530000	81.358274	69.000000	69.948968	69.948968	69.948968	4.079204	-0.730475
-151.025604	22.659599	153.190000	-4.530000	98.474828	68.000000	70.082734	69.982734	70.082734	4.074887	-0.607431
-150.525604	23.159599	153.190000	-4.530000	114.868024	63.000000	70.217824	70.217824	70.317824	4.072220	-0.490984
-150.025604	23.659599	153.190000	-4.530000	131.566002	56.000000	70.654071	70.554071	70.754071	4.067857	-0.081222
-149.525604	24.159599	153.190000	-4.530000	147.749971	47.000000	70.791313	70.691313	70.791313	4.067740	0.021563
-149.025604	24.659599	153.190000	-4.530000	163.962809	38.000000	71.029392	70.929392	71.029392	4.074590	0.217569
-156.755997	21.136000	153.190000	-4.530000	-53.133706	86.000000	68.367495	68.367495	68.367495	4.040777	0.088788
-153.967499	14.731300	153.190000	-4.530000	-41.601331	40.000000	73.457179	73.457179	73.457179	4.068644	-0.430848
-159.525604	14.659600	153.190000	-4.530000	-181.218626	23.000000	71.536483	71.536483	71.536483	4.087087	0.210854
-159.025604	15.159600	153.190000	-4.530000	-164.732310	35.000000	71.126633	71.126633	71.226633	4.080747	-0.069379
-158.525604	15.659600	153.190000	-4.530000	-147.563476	48.000000	71.421556	71.421556	71.421556	4.079315	0.344463
-158.025604	16.159599	153.190000	-4.530000	-130.963282	63.000000	71.120962	71.120962	71.220962	4.079680	0.152449
-157.525604	16.659599	153.190000	-4.530000	-114.010375	77.000000	71.124567	71.024567	71.124567	4.077615	0.254506
-157.025604	17.159599	153.190000	-4.530000	-97.287737	78.000000	70.932101	70.932101	70.932101	4.075481	0.150492
-156.525604	17.659599	153.190000	-4.530000	-80.411877	82.000000	70.843306	70.743306	70.843306	4.071313	0.140467
-156.025604	18.159599	153.190000	-4.530000	-64.174636	87.000000	70.657931	70.557931	70.657931	4.067978	0.024357
-155.525604	18.659599	153.190000	-4.530000	-47.044204	92.000000	70.575735	70.475735	70.575735	4.063922	0.002024
-155.025604	19.159599	153.190000	-4.530000	-30.356355	97.000000	70.396487	70.396487	70.396487	4.061389	-0.126480
-154.525604	19.659599	153.190000	-4.530000	-13.316907	93.000000	70.219963	70.219963	70.319963	4.064912	-0.261231
-154.025604	20.159599	153.190000	-4.530000	3.156227	88.000000	70.145948	70.145948	70.145948	4.067138	-0.302364
-153.525604	20.659599	153.190000	-4.530000	20.270780	83.000000	69.974233	69.974233	69.974233	4.074559	-0.449834
-153.025604	21.159599	153.190000	-4.530000	36.780421	76.000000	69.904618	69.904618	69.904618	4.077630	-0.503719
-152.525604	21.659599	153.190000	-4.530000	52.950521	73.000000	69.836911	69.836911	69.836911	4.080141	-0.564150
-152.025604	22.159599	153.190000	-4.530000	69.891284	70.000000	69.770922	69.770922	69.770922	4.076523	-0.631089
-151.525604	22.659599	153.190000	-4.530000	86.180652	68.000000	69.806472	69.806472	69.806472	4.074682	-0.604615
-151.025604	23.159599	153.190000	-4.530000	103.209582	68.000000	70.043385	69.943385	70.043385	4.071722	-0.384858
-150.525604	23.659599	153.190000	-4.530000	119.576928	63.000000	70.281492	70.181492	70.281492	4.069661	-0.171784
-150.025604	24.159599	153.190000	-4.530000	136.165081	56.000000	70.420629	70.320629	70.520629	4.070527	-0.065474
-149.525604	24.659599	153.190000	-4.530000	152.180200	47.000000	70.560637	70.560637	70.660637	4.070639	0.033946
-149.025604	25.159599	153.190000	-4.530000	168.302623	35.000000	70.801363	70.701363	70.801363	4.079830	0.226502
-156.658005	20.891001	153.190000	-4.530000	-53.118670	87.000000	68.585333	68.585333	68.585333	4.041296	0.090769
-153.902405	19.979099	153.190000	-4.530000	4.734534	88.000000	70.293660	70.293660	70.293660	4.072070	-0.330298
-159.525604	15.159600	153.190000	-4.530000	-176.755154	29.000000	71.325224	71.225224	71.325224	4.083885	0.386673
-159.025604	15.659600	153.190000	-4.530000	-160.267518	41.000000	70.921144	70.921144	71.021144	4.079617	0.103376
-158.525604	16.159599	153.190000	-4.530000	-143.080077	55.000000	71.021632	71.021632	71.021632	4.076657	0.314249
-158.025604	16.659599	153.190000	-4.530000	-126.472913	70.000000	70.826398	70.826398	70.826398	4.077681	0.219298
-157.525604	17.159599	153.190000	-4.530000	-109.644190	78.000000	70.735169	70.735169	70.735169	4.074085	0.218226
-157.025604	17.659599	153.190000	-4.530000	-92.864399	80.000000	70.547680	70.547680	70.547680	4.071742	0.111171
-156.525604	18.159599	153.190000	-4.530000	-76.021489	85.000000	70.463678	70.463678	70.463678	4.066993	0.098134
-156.025604	18.659599	153.190000	-4.530000	-59.722762	87.000000	70.282917	70.282917	70.282917	4.063152	-0.021170
-155.525604	19.159599	153.190000	-4.530000	-42.327695	93.000000	70.205163	70.205163	70.205163	4.058201	-0.046618
-155.025604	19.659599	153.190000	-4.530000	-25.692262	96.000000	70.030188	70.030188	70.030188	4.056751	-0.178210
-154.525604	20.159599	153.190000	-4.530000	-8.672753	89.000000	69.957774	69.857774	69.957774	4.061338	-0.216224
-154.025604	20.659599	153.190000	-4.530000	7.817698	85.000000	69.787710	69.787710	69.787710	4.063400	-0.360547
-153.525604	21.159599	153.190000	-4.530000	24.866675	79.000000	69.719794	69.719794	69.719794	4.071131	-0.411184
-153.025604	21.659599	153.190000	-4.530000	41.479123	76.000000	69.653828	69.653828	69.653828	4.072699	-0.468402
-152.525604	22.159599	153.190000	-4.530000	57.624294	72.000000	69.589624	69.589624	69.689624	4.074542	-0.532098
-152.025604	22.659599	153.190000	-4.530000	74.703435	70.000000	69.626998	69.626998	69.726998	4.070986	-0.502283
-151.525604	23.159599	153.190000	-4.530000	91.045814	68.000000	69.765773	69.765773	69.765773	4.071300	-0.379214
-151.025604	23.659599	153.190000	-4.530000	107.936184	68.000000	70.005778	69.905778	70.005778	4.069821	-0.162798
-150.525604	24.159599	153.190000	-4.530000	124.221965	63.000000	70.146848	70.046848	70.146848	4.068599	-0.053049
-150.025604	24.659599	153.190000	-4.530000	140.673197	56.000000	70.288821	70.188821	70.288821	4.070188	0.049783
-149.525604	25.159599	153.190000	-4.530000	156.521869	43.000000	70.431544	70.431544	70.431544	4.071213	0.145784
-149.025604	25.659599	153.190000	-4.530000	172.630642	31.000000	70.674865	70.674865	70.674865	4.078637	0.334938
-156.510101	19.477699	153.190000	-4.530000	-63.366910	88.000000	69.553546	69.553546	69.553546	4.052417	0.054855
-153.868195	17.315399	153.190000	-4.530000	-18.233617	82.000000	72.115761	72.115761	72.115761	4.078923	-0.163622
-159.525604	15.659600	153.190000	-4.530000	-172.315691	34.000000	70.816800	70.816800	70.916800	4.079903	0.262048
-159.025604	16.159599	153.190000	-4.530000	-155.681104	46.000000	70.718421	70.718421	70.718421	4.077781	0.275943
-158.525604	16.659599	153.190000	-4.530000	-138.640199	60.000000	70.524400	70.524400	70.624400	4.075924	0.183722
-158.025604	17.159599	153.190000	-4.530000	-121.914730	72.000000	70.434458	70.434458	70.434458	4.076077	0.185679
-157.525604	17.659599	153.190000	-4.530000	-105.209677	80.000000	70.348326	70.348326	70.348326	4.070485	0.181720
-157.025604	18.159599	153.190000	-4.530000	-88.425489	81.000000	70.265746	70.265746	70.265746	4.067620	0.171506
-156.525604	18.659599	153.190000	-4.530000	-71.506036	86.000000	70.086469	70.086469	70.086469	4.062495	0.055310
-156.025604	19.159599	153.190000	-4.530000	-55.027281	91.000000	70.010256	69.910256	70.010256	4.056327	0.033037
-155.525604	19.659599	153.190000	-4.530000	-37.599297	96.000000	69.836878	69.836878	69.836878	4.053118	-0.095637
-155.025604	20.159599	153.190000	-4.530000	-21.029642	93.000000	69.766112	69.766112	69.766112	4.052251	-0.130458
-154.525604	20.659599	153.190000	-4.530000	-3.947650	89.000000	69.597745	69.597745	69.597745	4.057865	-0.271522
-154.025604	21.159599	153.190000	-4.530000	12.563418	82.000000	69.531572	69.531572	69.631572	4.059847	-0.319140
-153.525604	21.659599	153.190000	-4.530000	29.543075	78.000000	69.467392	69.467392	69.467392	4.067494	-0.373077
-153.025604	22.159599	153.190000	-4.530000	46.256003	73.000000	69.505015	69.405015	69.505015	4.067836	-0.333427
-152.525604	22.659599	153.190000	-4.530000	62.443619	71.000000	69.544255	69.444255	69.544255	4.069488	-0.300490
-152.025604	23.159599	153.190000	-4.530000	79.504656	68.000000	69.584933	69.584933	69.584933	4.067358	-0.274047
-151.525604	23.659599	153.190000	-4.530000	95.907230	69.000000	69.726877	69.726877	69.726877	4.069115	-0.154193
-151.025604	24.159599	153.190000	-4.530000	112.649771	69.000000	69.869918	69.769918	69.969918	4.068949	-0.041217
-150.525604	24.659599	153.190000	-4.530000	128.783745	64.000000	70.013896	69.913896	70.013896	4.066911	0.065086
-150.025604	25.159599	153.190000	-4.530000	145.160258	51.000000	70.058652	70.058652	70.158652	4.069690	0.064622
-149.525604	25.659599	153.190000	-4.530000	160.930876	38.000000	70.504036	70.404036	70.504036	4.072672	0.457111
-149.025604	26.159599	153.190000	-4.530000	177.019678	27.000000	70.749900	70.749900	70.749900	4.079941	0.642744
-156.465103	18.775000	153.190000	-4.530000	-68.955560	84.000000	70.077620	70.077620	70.077620	4.060346	0.089953
-153.700806	17.297501	153.190000	-4.530000	-14.058739	83.000000	72.194210	72.194210	72.194210	4.082479	-0.178005
-159.525604	16.159599	153.190000	-4.530000	-167.818478	38.000000	70.411236	70.311236	70.411236	4.077261	0.237216
-159.025604	16.659599	153.190000	-4.530000	-151.112397	50.000000	70.318482	70.318482	70.318482	4.076430	0.248052
-158.525604	17.159599	153.190000	-4.530000	-134.148253	62.000000	70.129881	70.129881	70.229881	4.075480	0.152896
-158.025604	17.659599	153.190000	-4.530000	-117.457473	71.000000	70.145159	70.145159	70.145159	4.071881	0.251816
-157.525604	18.159599	153.190000	-4.530000	-100.614075	80.000000	70.064054	70.064054	70.064054	4.066250	0.244732
-157.025604	18.659599	153.190000	-4.530000	-83.908623	83.000000	69.886313	69.886313	69.886313	4.063185	0.131509
-156.525604	19.159599	153.190000	-4.530000	-66.786956	91.000000	69.811693	69.811693	69.811693	4.056309	0.112204
-156.025604	19.659599	153.190000	-4.530000	-50.233013	95.000000	69.639961	69.639961	69.639961	4.050904	-0.013261
-155.525604	20.159599	153.190000	-4.530000	-32.813250	97.000000	69.570893	69.470893	69.570893	4.048713	-0.045022
-155.025604	20.659599	153.190000	-4.530000	-16.303104	90.000000	69.504271	69.504271	69.504271	4.048237	-0.083025
-154.525604	21.159599	153.190000	-4.530000	0.833576	84.000000	69.339886	69.339886	69.339886	4.054465	-0.227352
-154.025604	21.659599	153.190000	-4.530000	17.420395	80.000000	69.377539	69.377539	69.377539	4.056978	-0.178134
-153.525604	22.159599	153.190000	-4.530000	34.329307	76.000000	69.317034	69.317034	69.317034	4.063509	-0.235327
-153.025604	22.659599	153.190000	-4.530000	51.125897	73.000000	69.358185	69.258185	69.358185	4.064161	-0.199012
-152.525604	23.159599	153.190000	-4.530000	67.358342	69.000000	69.400810	69.400810	69.400810	4.066102	-0.169318
-152.025604	23.659599	153.190000	-4.530000	84.343099	69.000000	69.544734	69.444734	69.544734	4.064756	-0.046207
-151.525604	24.159599	153.190000	-4.530000	100.691256	69.000000	69.589788	69.589788	69.689788	4.067152	-0.029760
-151.025604	24.659599	153.190000	-4.530000	117.349656	69.000000	69.635809	69.635809	69.735809	4.066797	-0.020106
-150.525604	25.159599	153.190000	-4.530000	133.327478	59.000000	69.882639	69.882639	69.882639	4.065870	0.182790
-150.025604	25.659599	153.190000	-4.530000	149.625993	45.000000	70.030124	70.030124	70.030124	4.068617	0.278845
-149.525604	26.159599	153.190000	-4.530000	165.369010	33.000000	70.578116	70.578116	70.578116	4.078278	0.767933
-149.025604	26.659599	153.190000	-4.530000	181.477370	22.000000	70.726470	70.626470	70.726470	4.086212	0.850083
