-149.525604	26.659599	-179.120000	51.040000	-76.688823	21.000000	144.025016	143.825016	144.225016	4.076156	-1.343082
-149.025604	20.159599	-179.120000	51.040000	77.334518	21.000000	148.890904	148.690904	149.090904	4.111633	-0.943298
-149.525604	20.159599	-179.120000	51.040000	70.726233	21.000000	148.540424	148.340424	148.640424	4.082449	-1.628057
-149.025604	20.659599	-179.120000	51.040000	65.811293	23.000000	148.486668	148.386668	148.586668	4.107017	-1.031802
-149.525604	20.659599	-179.120000	51.040000	59.146664	23.000000	148.238160	148.138160	148.438160	4.081671	-1.615112
-149.025604	21.159599	-179.120000	51.040000	54.467710	25.000000	147.474695	147.374695	147.674695	4.079324	-1.720161
-149.525604	21.159599	-179.120000	51.040000	47.831122	25.000000	148.928103	148.728103	149.028103	4.129351	-0.602008
-149.025604	21.659599	-179.120000	51.040000	42.989828	27.000000	147.154740	147.054740	147.354740	4.081715	-1.708133
-149.525604	21.659599	-179.120000	51.040000	36.248405	27.000000	148.310005	148.210005	148.410005	4.119073	-0.888523
-149.025604	22.159599	-179.120000	51.040000	31.514411	27.000000	147.026551	146.926551	147.126551	4.090758	-1.495954
-149.525604	22.159599	-179.120000	51.040000	24.657639	27.000000	147.483607	147.383607	147.483607	4.096673	-1.374907
-149.025604	22.659599	-179.120000	51.040000	20.136895	27.000000	146.689864	146.589864	146.789864	4.089703	-1.483651
-149.525604	22.659599	-179.120000	51.040000	13.188096	27.000000	146.948642	146.848642	147.048642	4.086540	-1.561155
-149.025604	23.159599	-179.120000	51.040000	8.657442	27.000000	146.744407	146.644407	146.844407	4.105944	-1.070954
-149.525604	23.159599	-179.120000	51.040000	1.787942	27.000000	146.604831	146.504831	146.704831	4.084352	-1.547015
-149.025604	23.659599	-179.120000	51.040000	-2.660798	27.000000	146.489900	146.289900	146.589900	4.106189	-0.958130
-149.525604	23.659599	-179.120000	51.040000	-9.449898	27.000000	146.751887	146.651887	146.851887	4.103012	-1.032764
-149.025604	24.159599	-179.120000	51.040000	-13.779943	27.000000	145.626051	145.426051	145.726051	4.081084	-1.445202
-149.525604	24.159599	-179.120000	51.040000	-20.579423	27.000000	146.989512	146.789512	147.189512	4.128676	-0.418401
-149.025604	24.659599	-179.120000	51.040000	-24.926262	27.000000	144.852559	144.752559	145.052559	4.063359	-1.831870
-149.525604	24.659599	-179.120000	51.040000	-31.810580	27.000000	146.717400	146.517400	146.917400	4.134121	-0.303640
-149.025604	25.159599	-179.120000	51.040000	-36.120117	27.000000	144.569113	144.369113	144.769113	4.069097	-1.718436
-149.525604	25.159599	-179.120000	51.040000	-43.142640	27.000000	145.835230	145.635230	146.035230	4.112314	-0.788788
-149.025604	25.659599	-179.120000	51.040000	-47.253725	25.000000	144.275391	144.075391	144.475391	4.073204	-1.604919
-149.525604	25.659599	-179.120000	51.040000	-54.401415	25.000000	145.042672	144.942672	145.242672	4.093399	-1.173851
-149.025604	26.159599	-179.120000	51.040000	-58.443142	23.000000	144.371059	144.271059	144.571059	4.094502	-1.090986
-149.525604	26.159599	-179.120000	51.040000	-65.638762	23.000000	144.239386	143.939386	144.439386	4.073717	-1.558502
-149.025604	26.659599	-179.120000	51.040000	-69.602670	21.000000	144.455773	144.255773	144.555773	4.109600	-0.576977
