-149.525604	26.659599	-179.120000	51.040000	-76.189293	21.000000	144.125016	144.025016	144.325016	4.091321	-1.243082
-149.025604	20.159599	-179.120000	51.040000	76.644515	21.000000	147.690904	147.490904	147.890904	4.124319	-2.143298
-149.525604	20.159599	-179.120000	51.040000	69.917034	21.000000	148.640424	148.640424	148.740424	4.152120	-1.528057
-149.025604	20.659599	-179.120000	51.040000	65.106908	23.000000	147.986668	147.986668	148.086668	4.150934	-1.531802
-149.525604	20.659599	-179.120000	51.040000	58.447579	23.000000	148.138160	148.038160	148.238160	4.143076	-1.715112
-149.025604	21.159599	-179.120000	51.040000	53.712788	25.000000	147.974695	147.874695	148.074695	4.162118	-1.220161
-149.525604	21.159599	-179.120000	51.040000	47.026761	25.000000	147.628103	147.528103	147.828103	4.131402	-1.902008
-149.025604	21.659599	-179.120000	51.040000	42.417297	27.000000	147.654740	147.554740	147.754740	4.158904	-1.208133
-149.525604	21.659599	-179.120000	51.040000	35.773538	27.000000	147.710005	147.610005	147.810005	4.146408	-1.488523
-149.025604	22.159599	-179.120000	51.040000	31.203626	27.000000	147.026551	146.926551	147.126551	4.141057	-1.495954
-149.525604	22.159599	-179.120000	51.040000	24.547608	27.000000	147.783607	147.683607	147.983607	4.160807	-1.074907
-149.025604	22.659599	-179.120000	51.040000	20.014508	27.000000	146.489864	146.189864	146.689864	4.126188	-1.683651
-149.525604	22.659599	-179.120000	51.040000	13.311774	27.000000	147.848642	147.648642	148.048642	4.173756	-0.661155
-149.025604	23.159599	-179.120000	51.040000	8.891177	27.000000	145.644407	145.344407	146.044407	4.096507	-2.170954
-149.525604	23.159599	-179.120000	51.040000	2.133715	27.000000	148.004831	147.704831	148.304831	4.190744	-0.147015
-149.025604	23.659599	-179.120000	51.040000	-2.289302	27.000000	145.289900	144.889900	145.689900	4.088100	-2.158130
-149.525604	23.659599	-179.120000	51.040000	-9.095081	27.000000	147.851887	147.551887	148.151887	4.192597	0.067236
-149.025604	24.159599	-179.120000	51.040000	-13.479915	27.000000	145.126051	144.726051	145.526051	4.094153	-1.945202
-149.525604	24.159599	-179.120000	51.040000	-20.312892	27.000000	147.389512	146.989512	147.689512	4.184191	-0.018401
-149.025604	24.659599	-179.120000	51.040000	-24.611567	27.000000	144.852559	144.452559	145.152559	4.093366	-1.831870
-149.525604	24.659599	-179.120000	51.040000	-31.519987	27.000000	146.717400	146.517400	147.017400	4.164670	-0.303640
-149.025604	25.159599	-179.120000	51.040000	-35.743281	27.000000	144.569113	144.369113	144.869113	4.091593	-1.718436
-149.525604	25.159599	-179.120000	51.040000	-42.710803	27.000000	146.135230	145.935230	146.335230	4.148700	-0.488788
-149.025604	25.659599	-179.120000	51.040000	-46.935325	25.000000	144.675391	144.575391	144.875391	4.107873	-1.204919
-149.525604	25.659599	-179.120000	51.040000	-53.946160	25.000000	145.242672	145.042672	145.442672	4.118759	-0.973851
-149.025604	26.159599	-179.120000	51.040000	-58.086768	23.000000	144.671059	144.571059	144.871059	4.118174	-0.790986
-149.525604	26.159599	-179.120000	51.040000	-65.128574	23.000000	144.539386	144.339386	144.639386	4.097409	-1.258502
-149.025604	26.659599	-179.120000	51.040000	-69.099879	21.000000	144.255773	144.155773	144.355773	4.111630	-0.776977
