-149.525604	26.659599	165.810000	60.860000	-79.343589	21.000000	149.788546	149.788546	149.888546	4.101735	-1.509796
-149.025604	20.159599	165.810000	60.860000	76.909044	21.000000	156.347032	154.047032	158.647032	4.459907	2.552276
-149.525604	20.159599	165.810000	60.860000	71.388613	21.000000	148.786733	147.386733	150.286733	4.166264	-5.172871
-149.025604	20.659599	165.810000	60.860000	66.042961	23.000000	154.562897	152.962897	156.262897	4.365962	0.946117
-149.525604	20.659599	165.810000	60.860000	60.907004	23.000000	152.103429	150.903429	153.303429	4.268498	-1.677923
-149.025604	21.159599	165.810000	60.860000	55.886801	25.000000	149.275142	147.775142	150.775142	4.137101	-4.159692
-149.525604	21.159599	165.810000	60.860000	50.312368	25.000000	155.816482	154.216482	157.416482	4.380863	2.217369
-149.025604	21.659599	165.810000	60.860000	44.674015	27.000000	147.883665	146.283665	149.583665	4.062407	-5.365020
-149.525604	21.659599	165.810000	60.860000	38.846462	27.000000	156.225791	154.625791	157.825791	4.379547	2.813137
-149.025604	22.159599	165.810000	60.860000	32.994395	27.000000	147.988365	146.388365	149.488365	4.058087	-5.070012
-149.525604	22.159599	165.810000	60.860000	27.018484	27.000000	155.331253	153.931253	156.731253	4.339339	2.109237
-149.025604	22.659599	165.810000	60.860000	21.100968	27.000000	148.689136	147.289136	150.089136	4.082134	-4.174674
-149.525604	22.659599	165.810000	60.860000	15.080930	27.000000	154.232762	153.032762	155.432762	4.293462	1.205659
-149.025604	23.159599	165.810000	60.860000	9.223118	27.000000	149.185869	147.985869	150.485869	4.099115	-3.478867
-149.525604	23.159599	165.810000	60.860000	3.269271	27.000000	153.730206	152.630206	154.830206	4.270383	0.902546
-149.025604	23.659599	165.810000	60.860000	-2.612370	27.000000	150.078452	149.278452	150.878452	4.107456	-2.382745
-149.525604	23.659599	165.810000	60.860000	-8.566818	27.000000	152.523473	151.823473	153.223473	4.196597	-0.100254
-149.025604	24.159599	165.810000	60.860000	-14.430640	27.000000	150.566770	150.266770	150.866770	4.112031	-1.686314
-149.525604	24.159599	165.810000	60.860000	-20.391431	27.000000	151.512445	151.312445	151.812445	4.142529	-0.902754
-149.025604	24.659599	165.810000	60.860000	-26.180865	27.000000	150.350704	150.250704	150.450704	4.102295	-1.689422
-149.525604	24.659599	165.810000	60.860000	-32.199599	27.000000	151.097003	150.997003	151.197003	4.125036	-1.104798
-149.025604	25.159599	165.810000	60.860000	-37.949200	27.000000	150.130130	150.030130	150.130130	4.099191	-1.692237
-149.525604	25.159599	165.810000	60.860000	-43.964547	27.000000	150.977023	150.877023	151.077023	4.125620	-1.006549
-149.025604	25.659599	165.810000	60.860000	-49.764042	25.000000	150.104922	150.104922	150.204922	4.106119	-1.494764
-149.525604	25.659599	165.810000	60.860000	-55.808089	25.000000	150.452375	150.352375	150.452375	4.113412	-1.308021
-149.025604	26.159599	165.810000	60.860000	-61.544602	23.000000	150.074951	150.074951	150.174951	4.111693	-1.296837
-149.525604	26.159599	165.810000	60.860000	-67.637916	23.000000	149.922928	149.822928	150.022928	4.100123	-1.609045
-149.025604	26.659599	165.810000	60.860000	-73.260724	21.000000	149.840081	149.840081	149.940081	4.109361	-1.298639
