-149.525604	26.659599	153.730000	46.140000	-61.084328	21.000000	128.452263	128.352263	128.552263	4.102955	-0.826239
-149.025604	20.159599	153.730000	46.140000	62.351597	21.000000	132.668686	132.468686	132.868686	4.148677	-0.554712
-149.525604	20.159599	153.730000	46.140000	53.270320	21.000000	133.571820	133.471820	133.771820	4.208823	0.277707
-149.025604	20.659599	153.730000	46.140000	53.177347	23.000000	132.711018	132.611018	132.811018	4.173162	-0.236511
-149.525604	20.659599	153.730000	46.140000	44.047427	23.000000	132.812590	132.812590	132.912590	4.175776	-0.202488
-149.025604	21.159599	153.730000	46.140000	44.021726	25.000000	132.849195	132.649195	132.949195	4.202753	0.182183
-149.525604	21.159599	153.730000	46.140000	34.906718	25.000000	132.149133	132.049133	132.249133	4.144584	-0.582262
-149.025604	21.659599	153.730000	46.140000	35.054267	27.000000	132.483149	132.283149	132.683149	4.196681	0.101553
-149.525604	21.659599	153.730000	46.140000	25.903752	27.000000	131.781379	131.681379	131.881379	4.137617	-0.661367
-149.025604	22.159599	153.730000	46.140000	26.225048	27.000000	131.912812	131.712812	132.012812	4.173606	-0.178666
-149.525604	22.159599	153.730000	46.140000	17.012961	27.000000	131.609260	131.509260	131.609260	4.145321	-0.540003
-149.025604	22.659599	153.730000	46.140000	17.479630	27.000000	131.138116	131.038116	131.238116	4.132661	-0.658418
-149.525604	22.659599	153.730000	46.140000	8.224842	27.000000	131.632706	131.532706	131.632706	4.167845	-0.218247
-149.025604	23.159599	153.730000	46.140000	8.719970	27.000000	130.658993	130.558993	130.758993	4.116798	-0.837512
-149.525604	23.159599	153.730000	46.140000	-0.513991	27.000000	131.551648	131.451648	131.751648	4.184482	0.004159
-149.025604	23.659599	153.730000	46.140000	-0.052488	27.000000	130.275375	130.175375	130.375375	4.110838	-0.916225
-149.525604	23.659599	153.730000	46.140000	-9.400182	27.000000	130.966016	130.866016	131.066016	4.163379	-0.272991
-149.025604	24.159599	153.730000	46.140000	-8.781107	27.000000	129.987193	129.887193	130.087193	4.112702	-0.894495
-149.525604	24.159599	153.730000	46.140000	-18.269760	27.000000	130.175740	130.075740	130.275740	4.124807	-0.749778
-149.025604	24.659599	153.730000	46.140000	-17.381504	27.000000	129.394380	129.294380	129.594380	4.087270	-1.172127
-149.525604	24.659599	153.730000	46.140000	-26.915691	27.000000	129.880751	129.780751	129.980751	4.123808	-0.725932
-149.025604	25.159599	153.730000	46.140000	-26.017347	27.000000	129.196866	129.096866	129.296866	4.092617	-1.049405
-149.525604	25.159599	153.730000	46.140000	-35.600403	27.000000	129.380978	129.280978	129.380978	4.104880	-0.901667
-149.025604	25.659599	153.730000	46.140000	-34.659203	25.000000	129.094583	129.094583	129.094583	4.105343	-0.826265
-149.525604	25.659599	153.730000	46.140000	-44.270232	25.000000	128.776352	128.576352	128.876352	4.077917	-1.177066
-149.025604	26.159599	153.730000	46.140000	-43.144579	23.000000	128.687464	128.587464	128.687464	4.096219	-0.902504
-149.525604	26.159599	153.730000	46.140000	-52.701545	23.000000	128.666803	128.566803	128.666803	4.092752	-0.951851
-149.025604	26.659599	153.730000	46.140000	-51.603246	21.000000	128.275440	128.275440	128.275440	4.091082	-0.978418
