-149.525604	26.659599	153.730000	46.140000	-61.705173	21.000000	128.752263	128.752263	128.852263	4.084345	-0.526239
-149.025604	20.159599	153.730000	46.140000	62.759231	21.000000	133.268686	133.068686	133.368686	4.152881	0.045288
-149.525604	20.159599	153.730000	46.140000	53.638795	21.000000	133.071820	132.971820	133.071820	4.133798	-0.222293
-149.025604	20.659599	153.730000	46.140000	53.627630	23.000000	132.911018	132.811018	133.011018	4.146021	-0.036511
-149.525604	20.659599	153.730000	46.140000	44.474375	23.000000	132.712590	132.712590	132.812590	4.126457	-0.302488
-149.025604	21.159599	153.730000	46.140000	44.626787	25.000000	132.349195	132.249195	132.349195	4.124437	-0.317817
-149.525604	21.159599	153.730000	46.140000	35.411187	25.000000	132.649133	132.549133	132.649133	4.142282	-0.082262
-149.025604	21.659599	153.730000	46.140000	35.639070	27.000000	131.783149	131.783149	131.883149	4.101775	-0.598447
-149.525604	21.659599	153.730000	46.140000	26.361086	27.000000	132.381379	132.281379	132.381379	4.143184	-0.061367
-149.025604	22.159599	153.730000	46.140000	26.654477	27.000000	131.412812	131.412812	131.512812	4.093706	-0.678666
-149.525604	22.159599	153.730000	46.140000	17.299636	27.000000	131.909260	131.909260	132.009260	4.128104	-0.240003
-149.025604	22.659599	153.730000	46.140000	17.668174	27.000000	131.238116	131.138116	131.238116	4.099904	-0.558418
-149.525604	22.659599	153.730000	46.140000	8.235612	27.000000	131.432706	131.332706	131.432706	4.111142	-0.418247
-149.025604	23.159599	153.730000	46.140000	8.731595	27.000000	130.958993	130.858993	130.958993	4.099029	-0.537512
-149.525604	23.159599	153.730000	46.140000	-0.718017	27.000000	131.051648	131.051648	131.051648	4.102547	-0.495841
-149.025604	23.659599	153.730000	46.140000	-0.098687	27.000000	130.575375	130.475375	130.575375	4.089322	-0.616225
-149.525604	23.659599	153.730000	46.140000	-9.532863	27.000000	130.866016	130.866016	130.966016	4.109049	-0.372991
-149.025604	24.159599	153.730000	46.140000	-8.877946	27.000000	130.087193	130.087193	130.187193	4.072246	-0.794495
-149.525604	24.159599	153.730000	46.140000	-18.342610	27.000000	130.575740	130.575740	130.575740	4.108088	-0.349778
-149.025604	24.659599	153.730000	46.140000	-17.643094	27.000000	129.794380	129.794380	129.794380	4.072318	-0.772127
-149.525604	24.659599	153.730000	46.140000	-27.109929	27.000000	130.280751	130.180751	130.280751	4.108061	-0.325932
-149.025604	25.159599	153.730000	46.140000	-26.373326	27.000000	129.496866	129.496866	129.496866	4.073482	-0.749405
-149.525604	25.159599	153.730000	46.140000	-35.847587	27.000000	129.880978	129.780978	129.880978	4.101190	-0.401667
-149.025604	25.659599	153.730000	46.140000	-35.097141	25.000000	129.394583	129.394583	129.394583	4.090716	-0.526265
-149.525604	25.659599	153.730000	46.140000	-44.633317	25.000000	129.176352	129.076352	129.176352	4.071360	-0.777066
-149.025604	26.159599	153.730000	46.140000	-43.695526	23.000000	129.087464	128.987464	129.087464	4.090368	-0.502504
-149.525604	26.159599	153.730000	46.140000	-53.258761	23.000000	128.766803	128.666803	128.866803	4.063780	-0.851851
-149.025604	26.659599	153.730000	46.140000	-52.193678	21.000000	128.575440	128.575440	128.575440	4.072745	-0.678418
