-149.525604	26.659599	153.730000	46.140000	-61.604072	21.000000	128.552263	128.552263	128.552263	4.095818	-0.726239
-149.025604	20.159599	153.730000	46.140000	63.018959	21.000000	133.568686	133.468686	133.668686	4.144272	0.345288
-149.525604	20.159599	153.730000	46.140000	53.974134	21.000000	133.671820	133.571820	133.671820	4.146439	0.377707
-149.025604	20.659599	153.730000	46.140000	53.805708	23.000000	133.211018	133.111018	133.311018	4.138902	0.263489
-149.525604	20.659599	153.730000	46.140000	44.667077	23.000000	133.112590	133.012590	133.112590	4.126739	0.097512
-149.025604	21.159599	153.730000	46.140000	44.688328	25.000000	132.749195	132.649195	132.749195	4.128966	0.082183
-149.525604	21.159599	153.730000	46.140000	35.474255	25.000000	132.749133	132.649133	132.749133	4.124133	0.017738
-149.025604	21.659599	153.730000	46.140000	35.644623	27.000000	132.183149	132.083149	132.183149	4.111670	-0.198447
-149.525604	21.659599	153.730000	46.140000	26.380086	27.000000	132.481379	132.381379	132.481379	4.129768	0.038633
-149.025604	22.159599	153.730000	46.140000	26.563091	27.000000	131.912812	131.912812	132.012812	4.116696	-0.178666
-149.525604	22.159599	153.730000	46.140000	17.294465	27.000000	132.009260	132.009260	132.109260	4.119745	-0.140003
-149.025604	22.659599	153.730000	46.140000	17.481721	27.000000	131.938116	131.838116	132.038116	4.144183	0.141582
-149.525604	22.659599	153.730000	46.140000	8.204993	27.000000	131.432706	131.332706	131.432706	4.100448	-0.418247
-149.025604	23.159599	153.730000	46.140000	8.550169	27.000000	131.558993	131.458993	131.658993	4.139852	0.062488
-149.525604	23.159599	153.730000	46.140000	-0.845810	27.000000	130.751648	130.651648	130.851648	4.071985	-0.795841
-149.025604	23.659599	153.730000	46.140000	-0.305203	27.000000	131.075375	131.075375	131.175375	4.129536	-0.116225
-149.525604	23.659599	153.730000	46.140000	-9.743008	27.000000	130.366016	130.266016	130.466016	4.068959	-0.872991
-149.025604	24.159599	153.730000	46.140000	-9.053201	27.000000	130.587193	130.487193	130.587193	4.116781	-0.294495
-149.525604	24.159599	153.730000	46.140000	-18.499441	27.000000	130.275740	130.175740	130.275740	4.088531	-0.649778
-149.025604	24.659599	153.730000	46.140000	-17.756535	27.000000	129.994380	129.994380	130.094380	4.096587	-0.572127
-149.525604	24.659599	153.730000	46.140000	-27.202297	27.000000	130.080751	130.080751	130.080751	4.100495	-0.525932
-149.025604	25.159599	153.730000	46.140000	-26.429332	27.000000	129.596866	129.596866	129.696866	4.094324	-0.649405
-149.525604	25.159599	153.730000	46.140000	-35.859926	27.000000	129.880978	129.780978	129.880978	4.114159	-0.401667
-149.025604	25.659599	153.730000	46.140000	-35.063924	25.000000	129.294583	129.294583	129.294583	4.100750	-0.626265
-149.525604	25.659599	153.730000	46.140000	-44.517601	25.000000	129.376352	129.376352	129.376352	4.104853	-0.577066
-149.025604	26.159599	153.730000	46.140000	-43.645526	23.000000	128.987464	128.987464	128.987464	4.105133	-0.602504
-149.525604	26.159599	153.730000	46.140000	-53.115519	23.000000	128.866803	128.866803	128.866803	4.093861	-0.751851
-149.025604	26.659599	153.730000	46.140000	-52.106213	21.000000	128.575440	128.575440	128.575440	4.099147	-0.678418
