-149.525604	26.659599	-179.120000	51.040000	-75.959867	21.000000	143.725016	143.525016	144.025016	4.095911	-1.643082
-149.025604	20.159599	-179.120000	51.040000	75.790149	21.000000	148.890904	148.690904	149.190904	4.230843	-0.943298
-149.525604	20.159599	-179.120000	51.040000	69.392948	21.000000	148.540424	148.440424	148.740424	4.200811	-1.628057
-149.025604	20.659599	-179.120000	51.040000	64.623868	23.000000	148.586668	148.286668	148.786668	4.218434	-0.931802
-149.525604	20.659599	-179.120000	51.040000	58.258410	23.000000	148.638160	148.438160	148.838160	4.206004	-1.215112
-149.025604	21.159599	-179.120000	51.040000	53.405462	25.000000	148.374695	147.974695	148.674695	4.207222	-0.820161
-149.525604	21.159599	-179.120000	51.040000	46.983554	25.000000	148.328103	148.028103	148.628103	4.190208	-1.202008
-149.025604	21.659599	-179.120000	51.040000	42.422628	27.000000	147.154740	146.654740	147.554740	4.153620	-1.708133
-149.525604	21.659599	-179.120000	51.040000	35.881128	27.000000	148.810005	148.410005	149.210005	4.214132	-0.388523
-149.025604	22.159599	-179.120000	51.040000	31.414531	27.000000	145.926551	145.426551	146.526551	4.103407	-2.595954
-149.525604	22.159599	-179.120000	51.040000	24.725347	27.000000	148.983607	148.583607	149.483607	4.229467	0.125093
-149.025604	22.659599	-179.120000	51.040000	20.238330	27.000000	145.489864	144.889864	146.089864	4.093416	-2.683651
-149.525604	22.659599	-179.120000	51.040000	13.514799	27.000000	148.948642	148.548642	149.448642	4.238381	0.438845
-149.025604	23.159599	-179.120000	51.040000	9.067010	27.000000	145.044407	144.444407	145.744407	4.084080	-2.770954
-149.525604	23.159599	-179.120000	51.040000	2.236968	27.000000	148.504831	148.104831	148.904831	4.230190	0.352985
-149.025604	23.659599	-179.120000	51.040000	-2.140149	27.000000	144.989900	144.389900	145.489900	4.083722	-2.458130
-149.525604	23.659599	-179.120000	51.040000	-9.081668	27.000000	147.651887	147.351887	148.051887	4.193991	-0.132764
-149.025604	24.159599	-179.120000	51.040000	-13.535247	27.000000	145.626051	145.326051	145.926051	4.124508	-1.445202
-149.525604	24.159599	-179.120000	51.040000	-20.488106	27.000000	146.289512	145.989512	146.489512	4.140248	-1.118401
-149.025604	24.659599	-179.120000	51.040000	-24.761421	27.000000	145.752559	145.552559	145.952559	4.138869	-0.931870
-149.525604	24.659599	-179.120000	51.040000	-31.677916	27.000000	145.617400	145.417400	145.817400	4.117222	-1.403640
-149.025604	25.159599	-179.120000	51.040000	-35.766778	27.000000	145.069113	144.969113	145.169113	4.117890	-1.218436
-149.525604	25.159599	-179.120000	51.040000	-42.711028	27.000000	145.535230	145.435230	145.635230	4.124224	-1.088788
-149.025604	25.659599	-179.120000	51.040000	-46.776562	25.000000	144.475391	144.375391	144.575391	4.105051	-1.404919
-149.525604	25.659599	-179.120000	51.040000	-53.696221	25.000000	145.542672	145.442672	145.742672	4.138785	-0.673851
-149.025604	26.159599	-179.120000	51.040000	-57.777706	23.000000	144.071059	143.971059	144.171059	4.104305	-1.390986
-149.525604	26.159599	-179.120000	51.040000	-64.733080	23.000000	145.139386	144.939386	145.439386	4.137702	-0.658502
-149.025604	26.659599	-179.120000	51.040000	-68.849384	21.000000	144.155773	144.055773	144.355773	4.129795	-0.876977
