-149.525604	26.659599	165.810000	60.860000	-79.321420	21.000000	149.988546	149.888546	150.088546	4.107151	-1.309796
-149.025604	20.159599	165.810000	60.860000	75.952020	21.000000	160.547032	156.747032	164.647032	4.594411	6.752276
-149.525604	20.159599	165.810000	60.860000	71.138246	21.000000	148.386733	146.486733	150.386733	4.156706	-5.572871
-149.025604	20.659599	165.810000	60.860000	66.118259	23.000000	154.262897	152.462897	156.162897	4.363754	0.646117
-149.525604	20.659599	165.810000	60.860000	61.193375	23.000000	153.803429	152.203429	155.403429	4.341043	0.022077
-149.025604	21.159599	165.810000	60.860000	56.266811	25.000000	147.875142	145.875142	149.975142	4.082498	-5.559692
-149.525604	21.159599	165.810000	60.860000	50.780847	25.000000	158.316482	156.116482	160.616482	4.468343	4.717369
-149.025604	21.659599	165.810000	60.860000	44.801486	27.000000	147.483665	145.583665	149.583665	4.049283	-5.765020
-149.525604	21.659599	165.810000	60.860000	38.856429	27.000000	156.625791	154.825791	158.425791	4.398032	3.213137
-149.025604	22.159599	165.810000	60.860000	32.860937	27.000000	148.588365	146.988365	150.388365	4.088738	-4.470012
-149.525604	22.159599	165.810000	60.860000	26.833650	27.000000	154.831253	153.331253	156.331253	4.326957	1.609237
-149.025604	22.659599	165.810000	60.860000	20.943523	27.000000	149.489136	147.989136	150.989136	4.120170	-3.374674
-149.525604	22.659599	165.810000	60.860000	15.015757	27.000000	154.132762	152.832762	155.532762	4.294383	1.105659
-149.025604	23.159599	165.810000	60.860000	9.209329	27.000000	149.485869	148.085869	150.985869	4.114817	-3.178867
-149.525604	23.159599	165.810000	60.860000	3.335580	27.000000	154.230206	152.930206	155.530206	4.291700	1.402546
-149.025604	23.659599	165.810000	60.860000	-2.599920	27.000000	150.378452	149.578452	151.078452	4.114978	-2.082745
-149.525604	23.659599	165.810000	60.860000	-8.459315	27.000000	152.923473	152.223473	153.523473	4.206825	0.299746
-149.025604	24.159599	165.810000	60.860000	-14.432145	27.000000	150.766770	150.566770	150.966770	4.116110	-1.486314
-149.525604	24.159599	165.810000	60.860000	-20.348028	27.000000	151.612445	151.512445	151.812445	4.142568	-0.802754
-149.025604	24.659599	165.810000	60.860000	-26.197110	27.000000	150.450704	150.350704	150.650704	4.108577	-1.589422
-149.525604	24.659599	165.810000	60.860000	-32.176795	27.000000	151.197003	151.097003	151.297003	4.131249	-1.004798
-149.025604	25.159599	165.810000	60.860000	-37.902547	27.000000	150.030130	149.830130	150.230130	4.100119	-1.792237
-149.525604	25.159599	165.810000	60.860000	-43.896816	27.000000	151.277023	151.077023	151.477023	4.141774	-0.706549
-149.025604	25.659599	165.810000	60.860000	-49.744451	25.000000	150.304922	150.104922	150.404922	4.116043	-1.294764
-149.525604	25.659599	165.810000	60.860000	-55.734317	25.000000	150.752375	150.652375	150.852375	4.127029	-1.008021
-149.025604	26.159599	165.810000	60.860000	-61.597452	23.000000	150.474951	150.474951	150.574951	4.125347	-0.896837
-149.525604	26.159599	165.810000	60.860000	-67.606300	23.000000	150.122928	150.022928	150.222928	4.106380	-1.409045
-149.025604	26.659599	165.810000	60.860000	-73.289634	21.000000	150.140081	150.040081	150.140081	4.118421	-0.998639
