-149.525604	26.659599	165.810000	60.860000	-79.477946	21.000000	149.588546	149.588546	149.688546	4.095785	-1.709796
-149.025604	20.159599	165.810000	60.860000	78.915285	21.000000	151.047032	150.647032	151.547032	4.189094	-2.747724
-149.525604	20.159599	165.810000	60.860000	72.678280	21.000000	150.786733	150.386733	151.286733	4.172674	-3.172871
-149.025604	20.659599	165.810000	60.860000	66.768882	23.000000	153.462897	152.662897	154.362897	4.266629	-0.153883
-149.525604	20.659599	165.810000	60.860000	61.082601	23.000000	150.603429	150.103429	151.103429	4.150969	-3.177923
-149.025604	21.159599	165.810000	60.860000	55.707394	25.000000	151.075142	150.575142	151.675142	4.163853	-2.359692
-149.525604	21.159599	165.810000	60.860000	49.881533	25.000000	152.316482	151.716482	152.816482	4.205926	-1.282631
-149.025604	21.659599	165.810000	60.860000	44.255225	27.000000	150.083665	149.383665	150.783665	4.117588	-3.165020
-149.525604	21.659599	165.810000	60.860000	38.423266	27.000000	153.225791	152.525791	153.925791	4.233651	-0.186863
-149.025604	22.159599	165.810000	60.860000	32.707189	27.000000	149.288365	148.488365	150.088365	4.080802	-3.770012
-149.525604	22.159599	165.810000	60.860000	26.777922	27.000000	153.531253	152.831253	154.331253	4.240673	0.309237
-149.025604	22.659599	165.810000	60.860000	21.077801	27.000000	148.689136	147.889136	149.589136	4.054383	-4.174674
-149.525604	22.659599	165.810000	60.860000	15.017895	27.000000	153.432762	152.732762	154.132762	4.235375	0.405659
-149.025604	23.159599	165.810000	60.860000	9.232459	27.000000	148.885869	148.085869	149.685869	4.063842	-3.778867
-149.525604	23.159599	165.810000	60.860000	3.179174	27.000000	153.030206	152.330206	153.730206	4.221131	0.202546
-149.025604	23.659599	165.810000	60.860000	-2.656954	27.000000	149.578452	148.878452	150.178452	4.084205	-2.882745
-149.525604	23.659599	165.810000	60.860000	-8.710300	27.000000	152.223473	151.723473	152.823473	4.182348	-0.400254
-149.025604	24.159599	165.810000	60.860000	-14.556406	27.000000	150.266770	149.866770	150.566770	4.105446	-1.986314
-149.525604	24.159599	165.810000	60.860000	-20.646483	27.000000	151.012445	150.712445	151.312445	4.128575	-1.402754
-149.025604	24.659599	165.810000	60.860000	-26.339551	27.000000	150.250704	150.050704	150.450704	4.102844	-1.789422
-149.525604	24.659599	165.810000	60.860000	-32.381455	27.000000	150.897003	150.697003	150.997003	4.121856	-1.304798
-149.025604	25.159599	165.810000	60.860000	-38.145243	27.000000	150.230130	150.130130	150.330130	4.103101	-1.592237
-149.525604	25.159599	165.810000	60.860000	-44.219555	27.000000	150.377023	150.277023	150.377023	4.102764	-1.606549
-149.025604	25.659599	165.810000	60.860000	-49.896845	25.000000	150.004922	150.004922	150.004922	4.098684	-1.594764
-149.525604	25.659599	165.810000	60.860000	-55.988815	25.000000	150.152375	150.152375	150.152375	4.098393	-1.608021
-149.025604	26.159599	165.810000	60.860000	-61.591611	23.000000	149.574951	149.574951	149.574951	4.090615	-1.796837
-149.525604	26.159599	165.810000	60.860000	-67.713286	23.000000	150.022928	150.022928	150.122928	4.101742	-1.509045
-149.025604	26.659599	165.810000	60.860000	-73.380455	21.000000	149.740081	149.640081	149.740081	4.107142	-1.398639
