-156.387695	17.614901	-110.690000	26.250000	68.299378	78.000000	251.467105	251.467105	251.567105	4.055238	1.338346
-153.503204	19.495199	-110.690000	26.250000	-19.048263	87.000000	253.615232	253.515232	253.715232	4.088515	1.557370
-159.525604	16.659599	-110.690000	26.250000	154.487737	41.000000	250.869948	250.769948	250.869948	4.045630	1.521683
-159.025604	17.159599	-110.690000	26.250000	137.554211	50.000000	251.390035	251.290035	251.390035	4.041798	1.603752
-158.525604	17.659599	-110.690000	26.250000	121.087798	62.000000	252.022043	252.022043	252.122043	4.038193	1.782002
-158.025604	18.159599	-110.690000	26.250000	104.156804	75.000000	252.666461	252.566461	252.666461	4.036859	1.956496
-157.525604	18.659599	-110.690000	26.250000	87.906232	81.000000	253.323797	253.323797	253.323797	4.034360	2.126955
-157.025604	19.159599	-110.690000	26.250000	71.089834	87.000000	253.894576	253.794576	253.894576	4.034942	2.193679
-156.525604	19.659599	-110.690000	26.250000	55.190421	89.000000	254.479336	254.479336	254.479336	4.036216	2.256720
-156.025604	20.159599	-110.690000	26.250000	38.847594	93.000000	255.078634	255.078634	255.178634	4.041020	2.315777
-155.525604	20.659599	-110.690000	26.250000	23.085681	91.000000	255.793045	255.693045	255.793045	4.047469	2.471176
-155.025604	21.159599	-110.690000	26.250000	7.368242	88.000000	256.423156	256.423156	256.523156	4.058046	2.522957
-154.525604	21.659599	-110.690000	26.250000	-7.851631	82.000000	257.169575	257.169575	257.169575	4.065024	2.670798
-154.025604	22.159599	-110.690000	26.250000	-23.143025	77.000000	257.832921	257.832921	257.832921	4.075353	2.715052
-153.525604	22.659599	-110.690000	26.250000	-38.359537	74.000000	258.413830	258.413830	258.413830	4.080647	2.655746
-153.025604	23.159599	-110.690000	26.250000	-53.234262	69.000000	258.912954	258.912954	258.912954	4.087927	2.492531
-152.525604	23.659599	-110.690000	26.250000	-68.121611	69.000000	259.430954	259.430954	259.430954	4.089310	2.325799
-152.025604	24.159599	-110.690000	26.250000	-82.579429	69.000000	260.068505	260.068505	260.068505	4.090764	2.255554
-151.525604	24.659599	-110.690000	26.250000	-97.205459	69.000000	260.726291	260.626291	260.726291	4.089955	2.181426
-151.025604	25.159599	-110.690000	26.250000	-111.225883	64.000000	261.505004	261.505004	261.505004	4.093617	2.203842
-150.525604	25.659599	-110.690000	26.250000	-125.470501	52.000000	262.205342	262.205342	262.205342	4.095751	2.122789
-150.025604	26.159599	-110.690000	26.250000	-139.397104	39.000000	262.928004	262.928004	262.928004	4.095747	2.037866
-149.525604	26.659599	-110.690000	26.250000	-153.783515	27.000000	263.073689	263.073689	263.073689	4.080783	1.349548
-156.206604	16.162001	-110.690000	26.250000	76.595471	68.000000	249.891804	249.791804	249.891804	4.075850	1.223052
-153.295898	18.800900	-110.690000	26.250000	-18.442581	84.000000	252.490779	252.390779	252.490779	4.091217	1.227965
-159.525604	17.159599	-110.690000	26.250000	150.120701	41.000000	251.420279	251.320279	251.420279	4.043265	1.620935
-159.025604	17.659599	-110.690000	26.250000	133.354976	52.000000	252.049136	251.949136	252.049136	4.037874	1.800784
-158.525604	18.159599	-110.690000	26.250000	116.962969	64.000000	252.790164	252.690164	252.790164	4.032956	2.076501
-158.025604	18.659599	-110.690000	26.250000	100.120262	74.000000	253.343856	253.243856	253.343856	4.031855	2.148509
-157.525604	19.159599	-110.690000	26.250000	84.077721	85.000000	253.910721	253.910721	253.910721	4.030239	2.216830
-157.025604	19.659599	-110.690000	26.250000	67.391945	88.000000	254.591285	254.491285	254.591285	4.032058	2.381071
-156.525604	20.159599	-110.690000	26.250000	51.559728	90.000000	255.186089	255.186089	255.186089	4.034232	2.441676
-156.025604	20.659599	-110.690000	26.250000	35.520105	92.000000	255.795689	255.695689	255.795689	4.041575	2.498675
-155.525604	21.159599	-110.690000	26.250000	19.849708	88.000000	256.420657	256.420657	256.420657	4.047916	2.551637
-155.025604	21.659599	-110.690000	26.250000	4.394729	83.000000	257.161582	257.061582	257.161582	4.058588	2.701029
-154.525604	22.159599	-110.690000	26.250000	-10.620225	77.000000	257.819066	257.819066	257.819066	4.066060	2.746888
-154.025604	22.659599	-110.690000	26.250000	-25.795292	75.000000	258.393726	258.393726	258.393726	4.074130	2.688745
-153.525604	23.159599	-110.690000	26.250000	-40.950003	72.000000	258.886191	258.886191	258.886191	4.078677	2.527089
-153.025604	23.659599	-110.690000	26.250000	-55.701411	69.000000	259.397104	259.397104	259.397104	4.085157	2.361969
-152.525604	24.159599	-110.690000	26.250000	-70.486992	69.000000	259.927119	259.927119	260.027119	4.086254	2.192872
-152.025604	24.659599	-110.690000	26.250000	-84.914768	69.000000	260.576897	260.576897	260.576897	4.087852	2.120312
-151.525604	25.159599	-110.690000	26.250000	-99.403786	64.000000	261.247110	261.247110	261.247110	4.089126	2.044352
-151.025604	25.659599	-110.690000	26.250000	-113.263252	57.000000	262.138433	262.138433	262.138433	4.093627	2.164433
-150.525604	26.159599	-110.690000	26.250000	-127.410839	45.000000	262.651543	262.651543	262.751543	4.093611	1.881093
-150.025604	26.659599	-110.690000	26.250000	-141.302959	32.000000	263.287117	263.287117	263.287117	4.090483	1.694412
-149.025604	14.659600	-110.690000	26.250000	-81.338658	21.000000	245.936542	245.936542	245.936542	4.091064	0.122850
-156.167007	18.301001	-110.690000	26.250000	56.810112	84.000000	252.515149	252.515149	252.515149	4.051716	1.696406
-153.292099	20.892599	-110.690000	26.250000	-34.121189	81.000000	255.921153	255.821153	256.021153	4.094409	2.243314
-159.525604	17.659599	-110.690000	26.250000	145.954396	41.000000	252.074405	252.074405	252.074405	4.039333	1.820057
-159.025604	18.159599	-110.690000	26.250000	129.281308	51.000000	252.712083	252.712083	252.712083	4.033602	1.997395
-158.525604	18.659599	-110.690000	26.250000	113.015348	64.000000	253.362179	253.362179	253.362179	4.030582	2.170820
-158.025604	19.159599	-110.690000	26.250000	96.324064	76.000000	253.925186	253.925186	254.025186	4.027776	2.240438
-157.525604	19.659599	-110.690000	26.250000	80.424724	85.000000	254.601617	254.601617	254.601617	4.027225	2.406302
-157.025604	20.159599	-110.690000	26.250000	63.841667	86.000000	255.191997	255.091997	255.191997	4.030780	2.468321
-156.525604	20.659599	-110.690000	26.250000	48.181814	88.000000	255.796867	255.796867	255.796867	4.034330	2.526597
-156.025604	21.159599	-110.690000	26.250000	32.268690	87.000000	256.416783	256.416783	256.416783	4.042540	2.581187
-155.525604	21.659599	-110.690000	26.250000	16.876470	83.000000	257.052316	257.052316	257.052316	4.049292	2.631993
-155.025604	22.159599	-110.690000	26.250000	1.579848	80.000000	257.704050	257.704050	257.704050	4.059629	2.679110
-154.525604	22.659599	-110.690000	26.250000	-13.305255	75.000000	258.272584	258.272584	258.372584	4.066078	2.622604
-154.025604	23.159599	-110.690000	26.250000	-28.390078	73.000000	258.858528	258.858528	258.858528	4.073991	2.562366
-153.525604	23.659599	-110.690000	26.250000	-43.479451	70.000000	259.362506	259.262506	259.362506	4.076992	2.398487
-153.025604	24.159599	-110.690000	26.250000	-58.131834	69.000000	259.885151	259.885151	259.885151	4.082999	2.231040
-152.525604	24.659599	-110.690000	26.250000	-72.826596	69.000000	260.527105	260.427105	260.527105	4.084613	2.159907
-152.025604	25.159599	-110.690000	26.250000	-87.161255	64.000000	261.089018	261.089018	261.089018	4.086335	1.985172
-151.525604	25.659599	-110.690000	26.250000	-101.448989	57.000000	261.771543	261.771543	261.771543	4.088627	1.906917
-151.025604	26.159599	-110.690000	26.250000	-115.249820	49.000000	262.575338	262.575338	262.675338	4.091802	1.925015
-150.525604	26.659599	-110.690000	26.250000	-129.320522	36.000000	263.101059	263.101059	263.101059	4.091075	1.639546
-149.525604	14.659600	-110.690000	26.250000	-69.531557	27.000000	246.259099	246.259099	246.259099	4.086696	0.317028
-149.025604	15.159600	-110.690000	26.250000	-86.921056	27.000000	246.687934	246.687934	246.787934	4.094220	0.278022
-155.996994	20.771000	-110.690000	26.250000	34.105879	89.000000	255.944529	255.944529	255.944529	4.040595	2.526187
-153.290604	17.906200	-110.690000	26.250000	-10.642728	78.000000	251.074583	250.974583	251.074583	4.089729	0.818091
-159.525604	18.159599	-110.690000	26.250000	141.940466	39.000000	252.732287	252.732287	252.732287	4.033518	2.018981
-159.025604	18.659599	-110.690000	26.250000	125.353219	52.000000	253.378833	253.278833	253.378833	4.028452	2.193787
-158.525604	19.159599	-110.690000	26.250000	109.286395	65.000000	254.038037	254.038037	254.038037	4.024440	2.364846
-158.025604	19.659599	-110.690000	26.250000	92.733282	80.000000	254.610396	254.610396	254.610396	4.024213	2.432209
-157.525604	20.159599	-110.690000	26.250000	76.835971	85.000000	255.196422	255.196422	255.196422	4.026251	2.495592
-157.025604	20.659599	-110.690000	26.250000	60.491567	87.000000	255.696641	255.696641	255.796641	4.030898	2.455308
-156.525604	21.159599	-110.690000	26.250000	44.964819	88.000000	256.411593	256.411593	256.411593	4.034352	2.611395
-156.025604	21.659599	-110.690000	26.250000	29.112636	85.000000	256.941832	256.941832	257.041832	4.043439	2.563550
-155.525604	22.159599	-110.690000	26.250000	14.123532	80.000000	257.687925	257.587925	257.687925	4.051606	2.712112
-155.025604	22.659599	-110.690000	26.250000	-1.137113	76.000000	258.250454	258.150454	258.250454	4.061031	2.657105
-154.525604	23.159599	-110.690000	26.250000	-15.943592	74.000000	258.730012	258.730012	258.830012	4.066676	2.498203
-154.025604	23.659599	-110.690000	26.250000	-30.949603	71.000000	259.227202	259.227202	259.227202	4.073653	2.335776
-153.525604	24.159599	-110.690000	26.250000	-45.945190	69.000000	259.742639	259.742639	259.842639	4.077312	2.169832
-153.025604	24.659599	-110.690000	26.250000	-60.575916	69.000000	260.376945	260.376945	260.376945	4.082258	2.100023
-152.525604	25.159599	-110.690000	26.250000	-75.101021	64.000000	260.930750	260.930750	260.930750	4.083235	1.926753
-152.025604	25.659599	-110.690000	26.250000	-89.280754	57.000000	261.604688	261.604688	261.604688	4.085690	1.850009
-151.525604	26.159599	-110.690000	26.250000	-103.422226	50.000000	262.199396	262.199396	262.199396	4.087216	1.669421
-151.025604	26.659599	-110.690000	26.250000	-117.169304	40.000000	263.015511	263.015511	263.015511	4.090323	1.685431
-150.025604	14.659600	-110.690000	26.250000	-57.333393	32.000000	246.276926	246.276926	246.276926	4.083852	0.211930
-149.525604	15.159600	-110.690000	26.250000	-75.032961	34.000000	247.003739	247.003739	247.003739	4.089515	0.474213
-149.025604	15.659600	-110.690000	26.250000	-92.276736	32.000000	247.446227	247.446227	247.446227	4.096427	0.432793
-155.772995	19.079000	-110.690000	26.250000	40.903808	91.000000	253.530893	253.530893	253.530893	4.049448	1.908685
-152.981201	18.301800	-110.690000	26.250000	-21.519673	81.000000	251.602000	251.502000	251.602000	4.095517	0.921696
-159.525604	18.659599	-110.690000	26.250000	138.070876	41.000000	253.393885	253.393885	253.393885	4.028188	2.217485
-159.025604	19.159599	-110.690000	26.250000	121.594327	54.000000	253.949338	253.949338	254.049338	4.023820	2.290116
-158.525604	19.659599	-110.690000	26.250000	105.724384	69.000000	254.617687	254.617687	254.717687	4.022195	2.458672
-158.025604	20.159599	-110.690000	26.250000	89.237921	79.000000	255.099427	255.099427	255.199427	4.024328	2.423579
-157.525604	20.659599	-110.690000	26.250000	73.395572	84.000000	255.795072	255.795072	255.795072	4.027189	2.584867
-157.025604	21.159599	-110.690000	26.250000	57.285539	84.000000	256.305145	256.305145	256.305145	4.032273	2.542130
-156.525604	21.659599	-110.690000	26.250000	41.828387	85.000000	256.930185	256.930185	256.930185	4.036084	2.595810
-156.025604	22.159599	-110.690000	26.250000	26.187505	81.000000	257.470745	257.470745	257.470745	4.045764	2.545948
-155.525604	22.659599	-110.690000	26.250000	11.436640	79.000000	258.127387	258.127387	258.127387	4.054505	2.592099
-155.025604	23.159599	-110.690000	26.250000	-3.759020	75.000000	258.600687	258.600687	258.600687	4.062702	2.434728
-154.525604	23.659599	-110.690000	26.250000	-18.587821	71.000000	259.091231	259.091231	259.191231	4.068370	2.273884
-154.025604	24.159599	-110.690000	26.250000	-33.478612	69.000000	259.699616	259.599616	259.699616	4.075418	2.209085
-153.525604	24.659599	-110.690000	26.250000	-48.369482	69.000000	260.226445	260.226445	260.226445	4.077849	2.040816
-153.025604	25.159599	-110.690000	26.250000	-62.940272	64.000000	260.772329	260.772329	260.772329	4.082661	1.869137
-152.525604	25.659599	-110.690000	26.250000	-77.261090	57.000000	261.337883	261.337883	261.437883	4.083100	1.693526
-152.025604	26.159599	-110.690000	26.250000	-91.307718	50.000000	262.023724	262.023724	262.123724	4.084481	1.614490
-151.525604	26.659599	-110.690000	26.250000	-105.368390	41.000000	262.630471	262.630471	262.630471	4.085851	1.432104
-150.525604	14.659600	-110.690000	26.250000	-45.492891	36.000000	246.590191	246.590191	246.590191	4.082831	0.407066
-150.025604	15.159600	-110.690000	26.250000	-62.874680	41.000000	247.014950	247.014950	247.014950	4.087109	0.371171
-149.525604	15.659600	-110.690000	26.250000	-80.343840	39.000000	247.755077	247.655077	247.755077	4.091473	0.631277
-149.025604	16.159599	-110.690000	26.250000	-97.429246	36.000000	248.211364	248.211364	248.211364	4.101618	0.587539
-159.664993	22.122999	-110.690000	26.250000	117.751628	43.000000	256.923823	256.823823	256.923823	4.008777	2.453804
-155.765305	26.776699	-110.690000	26.250000	-3.665161	38.000000	261.204398	261.204398	261.204398	4.087949	0.990502
-152.765793	25.592800	-110.690000	26.250000	-71.028450	61.000000	261.294400	261.294400	261.294400	4.082851	1.788445
-159.525604	19.159599	-110.690000	26.250000	134.328104	43.000000	254.059152	254.059152	254.059152	4.020571	2.415886
-159.025604	19.659599	-110.690000	26.250000	118.008706	55.000000	254.623549	254.623549	254.623549	4.018428	2.486037
-158.525604	20.159599	-110.690000	26.250000	102.211532	69.000000	255.201071	255.201071	255.301071	4.019134	2.552340
-158.025604	20.659599	-110.690000	26.250000	85.789929	78.000000	255.692216	255.692216	255.692216	4.023879	2.514893
-157.525604	21.159599	-110.690000	26.250000	70.158373	85.000000	256.297495	256.297495	256.297495	4.028059	2.573754
-157.025604	21.659599	-110.690000	26.250000	54.090863	84.000000	256.817430	256.817430	256.817430	4.034197	2.528830
-156.525604	22.159599	-110.690000	26.250000	38.811813	81.000000	257.352558	257.352558	257.452558	4.038602	2.480214
-156.025604	22.659599	-110.690000	26.250000	23.466578	81.000000	257.903427	257.903427	257.903427	4.048807	2.427971
-155.525604	23.159599	-110.690000	26.250000	8.741098	73.000000	258.470595	258.470595	258.570595	4.057526	2.372000
-155.025604	23.659599	-110.690000	26.250000	-6.323538	71.000000	258.954632	258.954632	258.954632	4.066065	2.212387
-154.525604	24.159599	-110.690000	26.250000	-21.163274	71.000000	259.556116	259.456116	259.556116	4.071900	2.149203
-154.025604	24.659599	-110.690000	26.250000	-36.003859	69.000000	260.075633	260.075633	260.175633	4.076173	1.982340
-153.525604	25.159599	-110.690000	26.250000	-50.746031	64.000000	260.613776	260.613776	260.613776	4.078560	1.811879
-153.025604	25.659599	-110.690000	26.250000	-65.166783	57.000000	261.171141	261.171141	261.171141	4.082364	1.637897
-152.525604	26.159599	-110.690000	26.250000	-79.311212	50.000000	261.848327	261.748327	261.848327	4.083066	1.560277
-152.025604	26.659599	-110.690000	26.250000	-93.293028	41.000000	262.445935	262.445935	262.445935	4.083914	1.379096
-151.025604	14.659600	-110.690000	26.250000	-32.931253	40.000000	246.199059	246.199059	246.199059	4.079593	-0.097178
-150.525604	15.159600	-110.690000	26.250000	-51.001832	45.000000	247.321734	247.321734	247.321734	4.085986	0.568601
-150.025604	15.659600	-110.690000	26.250000	-68.231239	48.000000	247.759478	247.759478	247.759478	4.089582	0.530246
-149.525604	16.159599	-110.690000	26.250000	-85.430448	45.000000	248.313057	248.313057	248.313057	4.098553	0.588065
-149.025604	16.659599	-110.690000	26.250000	-102.366628	39.000000	248.883282	248.883282	248.883282	4.110379	0.642185
-159.401001	21.971001	-110.690000	26.250000	112.256251	48.000000	256.821190	256.721190	256.921190	4.012491	2.467892
-155.714996	18.000299	-110.690000	26.250000	48.369423	86.000000	251.884102	251.884102	251.884102	4.059712	1.390115
-152.132401	18.481400	-110.690000	26.250000	-43.823382	77.000000	251.650720	251.650720	251.650720	4.111802	0.819690
-159.525604	19.659599	-110.690000	26.250000	130.694548	42.000000	254.728042	254.728042	254.728042	4.014187	2.614109
-159.025604	20.159599	-110.690000	26.250000	114.501142	57.000000	255.201411	255.201411	255.201411	4.014355	2.581759
-158.525604	20.659599	-110.690000	26.250000	98.674033	70.000000	255.788130	255.788130	255.788130	4.019429	2.645733
-158.025604	21.159599	-110.690000	26.250000	82.527548	77.000000	256.188695	256.188695	256.188695	4.024996	2.506068
-157.525604	21.659599	-110.690000	26.250000	66.998236	82.000000	256.703617	256.703617	256.803617	4.031171	2.462477
-157.025604	22.159599	-110.690000	26.250000	50.935029	82.000000	257.233414	257.233414	257.233414	4.037724	2.415285
-156.525604	22.659599	-110.690000	26.250000	36.010583	78.000000	257.778621	257.778621	257.778621	4.042550	2.364516
-156.025604	23.159599	-110.690000	26.250000	20.772725	74.000000	258.239779	258.239779	258.339779	4.055526	2.209864
-155.525604	23.659599	-110.690000	26.250000	6.075564	71.000000	258.817442	258.717442	258.817442	4.061719	2.151682
-155.025604	24.159599	-110.690000	26.250000	-8.885147	70.000000	259.412172	259.312172	259.412172	4.070848	2.089977
-154.525604	24.659599	-110.690000	26.250000	-23.661845	70.000000	260.024536	259.924536	260.024536	4.074211	2.024422
-154.025604	25.159599	-110.690000	26.250000	-38.475205	64.000000	260.555111	260.455111	260.555111	4.077916	1.855402
-153.525604	25.659599	-110.690000	26.250000	-53.015946	57.000000	261.004476	261.004476	261.004476	4.080459	1.582906
-153.025604	26.159599	-110.690000	26.250000	-67.265856	50.000000	261.573212	261.573212	261.573212	4.081779	1.406585
-152.525604	26.659599	-110.690000	26.250000	-81.357146	41.000000	262.161903	262.161903	262.161903	4.081508	1.226859
-151.525604	14.659600	-110.690000	26.250000	-21.272466	40.000000	246.703685	246.703685	246.703685	4.081960	0.299314
-151.025604	15.159600	-110.690000	26.250000	-38.519081	49.000000	247.024252	247.024252	247.024252	4.085039	0.166386
-150.525604	15.659600	-110.690000	26.250000	-56.327120	54.000000	248.059594	247.959594	248.059594	4.088392	0.729733
-150.025604	16.159599	-110.690000	26.250000	-73.343000	54.000000	248.410454	248.410454	248.410454	4.094808	0.589326
-149.525604	16.659599	-110.690000	26.250000	-90.351365	49.000000	248.977618	248.977618	248.977618	4.103561	0.644705
-149.025604	17.159599	-110.690000	26.250000	-107.163865	39.000000	249.561905	249.561905	249.561905	4.117937	0.696431
-158.982498	15.574000	-110.690000	26.250000	150.959367	40.000000	249.904506	249.804506	249.904506	4.052988	1.559490
-155.710999	20.046000	-110.690000	26.250000	32.039442	95.000000	254.884031	254.884031	254.884031	4.046009	2.232841
-151.686600	14.689100	-110.690000	26.250000	-17.480304	39.000000	246.543031	246.543031	246.543031	4.078405	0.072448
-159.525604	20.159599	-110.690000	26.250000	127.179116	45.000000	255.300502	255.300502	255.300502	4.009286	2.711927
-159.025604	20.659599	-110.690000	26.250000	110.984655	59.000000	255.682867	255.682867	255.682867	4.014338	2.577445
-158.525604	21.159599	-110.690000	26.250000	95.297584	67.000000	256.178799	256.178799	256.278799	4.021250	2.538947
-158.025604	21.659599	-110.690000	26.250000	79.324780	76.000000	256.588795	256.588795	256.688795	4.028002	2.396856
-157.525604	22.159599	-110.690000	26.250000	63.864732	82.000000	257.113360	257.113360	257.113360	4.034846	2.351211
-157.025604	22.659599	-110.690000	26.250000	47.980770	79.000000	257.553012	257.553012	257.553012	4.041628	2.201594
-156.525604	23.159599	-110.690000	26.250000	33.260549	76.000000	258.108278	258.108278	258.108278	4.046528	2.148447
-156.025604	23.659599	-110.690000	26.250000	18.107315	71.000000	258.579697	258.579697	258.579697	4.059623	1.991817
-155.525604	24.159599	-110.690000	26.250000	3.427920	70.000000	259.167813	259.067813	259.167813	4.067387	1.931250
-155.025604	24.659599	-110.690000	26.250000	-11.484364	70.000000	259.773179	259.773179	259.773179	4.074550	1.867208
-154.525604	25.159599	-110.690000	26.250000	-26.102476	65.000000	260.396355	260.396355	260.496355	4.075936	1.799749
-154.025604	25.659599	-110.690000	26.250000	-40.825399	58.000000	260.837902	260.837902	260.937902	4.079505	1.528379
-153.525604	26.159599	-110.690000	26.250000	-55.155902	51.000000	261.398386	261.398386	261.398386	4.082032	1.353583
-153.025604	26.659599	-110.690000	26.250000	-69.297877	41.000000	261.978371	261.978371	261.978371	4.081145	1.175428
-152.025604	14.659600	-110.690000	26.250000	-8.477850	41.000000	246.104218	246.104218	246.104218	4.072497	-0.403919
-151.525604	15.159600	-110.690000	26.250000	-26.773873	49.000000	247.422656	247.422656	247.422656	4.087050	0.464949
-151.025604	15.659600	-110.690000	26.250000	-43.901003	58.000000	247.755581	247.755581	247.755581	4.089182	0.329815
-150.525604	16.159599	-110.690000	26.250000	-61.414463	61.000000	248.603715	248.603715	248.603715	4.093676	0.690823
-150.025604	16.659599	-110.690000	26.250000	-78.253296	58.000000	249.067820	249.067820	249.067820	4.099689	0.648007
-149.525604	17.159599	-110.690000	26.250000	-95.204507	50.000000	249.648687	249.648687	249.748687	4.112756	0.701245
-149.025604	17.659599	-110.690000	26.250000	-111.776211	40.000000	250.247150	250.247150	250.347150	4.129009	0.750683
-158.933105	24.573799	-110.690000	26.250000	83.948003	53.000000	258.006705	258.006705	258.006705	4.056732	0.955840
-155.679398	21.205500	-110.690000	26.250000	23.441554	88.000000	256.547939	256.547939	256.547939	4.045301	2.638773
-151.637604	16.737801	-110.690000	26.250000	-40.062745	73.000000	249.192600	249.192600	249.292600	4.096693	0.432731
-159.525604	20.659599	-110.690000	26.250000	123.731756	46.000000	255.776479	255.776479	255.776479	4.008276	2.709666
-159.025604	21.159599	-110.690000	26.250000	107.616673	57.000000	256.167856	256.067856	256.167856	4.013476	2.572737
-158.525604	21.659599	-110.690000	26.250000	92.083148	66.000000	256.573011	256.573011	256.673011	4.023972	2.432022
-158.025604	22.159599	-110.690000	26.250000	76.153620	74.000000	256.992439	256.992439	256.992439	4.030755	2.287612
-157.525604	22.659599	-110.690000	26.250000	60.777825	79.000000	257.426641	257.426641	257.426641	4.039861	2.139570
-157.025604	23.159599	-110.690000	26.250000	45.230944	75.000000	257.876131	257.876131	257.876131	4.046977	1.987801
-156.525604	23.659599	-110.690000	26.250000	30.459037	71.000000	258.341431	258.341431	258.441431	4.053690	1.832391
-156.025604	24.159599	-110.690000	26.250000	15.459682	70.000000	258.923071	258.823071	258.923071	4.065971	1.773408
-155.525604	24.659599	-110.690000	26.250000	0.827514	70.000000	259.621588	259.521588	259.621588	4.072251	1.810751
-155.025604	25.159599	-110.690000	26.250000	-14.083818	66.000000	260.137526	260.137526	260.137526	4.077177	1.644498
-154.525604	25.659599	-110.690000	26.250000	-28.474777	58.000000	260.871432	260.871432	260.871432	4.079733	1.674724
-154.025604	26.159599	-110.690000	26.250000	-43.008479	51.000000	261.323853	261.323853	261.323853	4.082091	1.401322
-153.525604	26.659599	-110.690000	26.250000	-57.243652	42.000000	261.795339	261.795339	261.795339	4.080937	1.124363
-152.525604	14.659600	-110.690000	26.250000	3.219462	41.000000	246.500804	246.500804	246.600804	4.079721	-0.106509
-152.025604	15.159600	-110.690000	26.250000	-13.999710	50.000000	246.917094	246.817094	246.917094	4.081125	-0.135984
-151.525604	15.659600	-110.690000	26.250000	-32.072222	58.000000	248.047591	248.047591	248.047591	4.090222	0.530405
-151.025604	16.159599	-110.690000	26.250000	-49.044116	66.000000	248.492995	248.492995	248.492995	4.093496	0.492961
-150.525604	16.659599	-110.690000	26.250000	-66.313394	65.000000	249.154043	249.154043	249.154043	4.098441	0.651796
-150.025604	17.159599	-110.690000	26.250000	-83.019154	59.000000	249.631505	249.631505	249.631505	4.108414	0.606538
-149.525604	17.659599	-110.690000	26.250000	-99.822074	50.000000	250.426184	250.326184	250.426184	4.119999	0.857524
-149.025604	18.159599	-110.690000	26.250000	-116.252882	40.000000	251.038923	251.038923	251.038923	4.135978	0.904854
-158.903000	21.298401	-110.690000	26.250000	103.647264	59.000000	256.312751	256.312751	256.312751	4.015830	2.569471
-155.636200	22.299900	-110.690000	26.250000	16.120233	79.000000	257.835139	257.735139	257.835139	4.050267	2.714389
-150.914993	18.914200	-110.690000	26.250000	-76.994303	67.000000	252.206858	252.206858	252.306858	4.129144	0.941487
-159.525604	21.159599	-110.690000	26.250000	120.367337	46.000000	256.155913	256.155913	256.155913	4.009176	2.607250
-159.025604	21.659599	-110.690000	26.250000	104.489460	56.000000	256.556313	256.556313	256.556313	4.015765	2.467850
-158.525604	22.159599	-110.690000	26.250000	88.925196	66.000000	256.970695	256.870695	256.970695	4.026784	2.324842
-158.025604	22.659599	-110.690000	26.250000	73.047342	74.000000	257.299548	257.299548	257.299548	4.035776	2.078250
-157.525604	23.159599	-110.690000	26.250000	57.864302	77.000000	257.743373	257.643373	257.743373	4.045298	1.927784
-157.025604	23.659599	-110.690000	26.250000	42.459596	73.000000	258.102676	258.102676	258.202676	4.053258	1.673782
-156.525604	24.159599	-110.690000	26.250000	27.719687	72.000000	258.677973	258.677973	258.777973	4.063158	1.616252
-156.025604	24.659599	-110.690000	26.250000	12.805303	70.000000	259.269787	259.269787	259.369787	4.071800	1.554887
-155.525604	25.159599	-110.690000	26.250000	-1.724125	65.000000	260.078645	259.978645	260.078645	4.076947	1.690051
-155.025604	25.659599	-110.690000	26.250000	-16.546912	59.000000	260.505078	260.505078	260.505078	4.079904	1.421737
-154.525604	26.159599	-110.690000	26.250000	-30.723758	51.000000	261.249620	261.249620	261.349620	4.082799	1.449618
-154.025604	26.659599	-110.690000	26.250000	-45.110858	42.000000	261.712806	261.712806	261.712806	4.081746	1.174089
-153.025604	14.659600	-110.690000	26.250000	15.522561	40.000000	246.393580	246.393580	246.393580	4.080657	-0.308348
-152.525604	15.159600	-110.690000	26.250000	-2.265136	50.000000	247.307708	247.307708	247.307708	4.086071	0.163471
-152.025604	15.659600	-110.690000	26.250000	-19.347587	59.000000	247.635767	247.635767	247.635767	4.086975	0.031542
-151.525604	16.159599	-110.690000	26.250000	-37.178280	65.000000	248.678439	248.578439	248.678439	4.094492	0.595846
-151.025604	16.659599	-110.690000	26.250000	-53.965428	72.000000	249.036438	249.036438	249.036438	4.098853	0.455945
-150.525604	17.159599	-110.690000	26.250000	-71.070427	67.000000	249.710509	249.710509	249.710509	4.105564	0.612369
-150.025604	17.659599	-110.690000	26.250000	-87.594323	60.000000	250.301431	250.301431	250.301431	4.119088	0.665108
-149.525604	18.159599	-110.690000	26.250000	-104.271166	49.000000	251.110019	251.110019	251.110019	4.131103	0.913671
-149.025604	18.659599	-110.690000	26.250000	-120.534834	40.000000	251.837124	251.837124	251.837124	4.141530	1.058626
-158.760193	18.564699	-110.690000	26.250000	119.404463	59.000000	253.236661	253.236661	253.236661	4.030970	2.138354
-154.994400	21.507000	-110.690000	26.250000	4.540807	81.000000	256.923706	256.923706	256.923706	4.057133	2.632342
-149.000900	16.989000	-110.690000	26.250000	-106.148447	37.000000	249.281087	249.281087	249.381087	4.115067	0.633802
-159.525604	21.659599	-110.690000	26.250000	117.206370	46.000000	256.538743	256.538743	256.638743	4.010341	2.504441
-159.025604	22.159599	-110.690000	26.250000	101.358519	55.000000	256.848170	256.848170	256.948170	4.020367	2.262952
-158.525604	22.659599	-110.690000	26.250000	85.820640	65.000000	257.271774	257.171774	257.271774	4.031418	2.117502
-158.025604	23.159599	-110.690000	26.250000	70.055468	71.000000	257.510041	257.510041	257.610041	4.042730	1.768514
-157.525604	23.659599	-110.690000	26.250000	55.022807	73.000000	257.963466	257.963466	258.063466	4.051500	1.616035
-157.025604	24.159599	-110.690000	26.250000	39.680533	71.000000	258.432549	258.432549	258.432549	4.061448	1.459635
-156.525604	24.659599	-110.690000	26.250000	25.028728	71.000000	259.017799	259.017799	259.117799	4.069105	1.399755
-156.025604	25.159599	-110.690000	26.250000	10.178846	65.000000	259.719728	259.719728	259.719728	4.076992	1.436449
-155.525604	25.659599	-110.690000	26.250000	-4.184291	58.000000	260.438853	260.438853	260.538853	4.081256	1.469255
-155.025604	26.159599	-110.690000	26.250000	-18.853459	51.000000	260.875694	260.875694	260.875694	4.082275	1.198631
-154.525604	26.659599	-110.690000	26.250000	-32.884501	42.000000	261.730770	261.730770	261.730770	4.084093	1.324642
-153.525604	14.659600	-110.690000	26.250000	27.339526	40.000000	246.782680	246.782680	246.782680	4.088207	-0.009872
-153.025604	15.159600	-110.690000	26.250000	10.115564	51.000000	247.094632	247.094632	247.094632	4.085395	-0.136282
-152.525604	15.659600	-110.690000	26.250000	-7.558383	61.000000	247.920248	247.920248	248.020248	4.088729	0.233299
-152.025604	16.159599	-110.690000	26.250000	-24.496985	68.000000	248.360189	248.360189	248.360189	4.091868	0.199009
-151.525604	16.659599	-110.690000	26.250000	-42.060200	74.000000	249.115147	249.115147	249.215147	4.097139	0.460885
-151.025604	17.159599	-110.690000	26.250000	-58.762481	73.000000	249.685845	249.685845	249.685845	4.104020	0.518812
-150.525604	17.659599	-110.690000	26.250000	-75.691524	67.000000	250.373038	250.373038	250.373038	4.113702	0.672930
-150.025604	18.159599	-110.690000	26.250000	-92.037309	60.000000	251.077513	251.077513	251.077513	4.128044	0.823280
-149.525604	18.659599	-110.690000	26.250000	-108.502546	49.000000	251.900094	251.900094	251.900094	4.138136	1.069736
-149.025604	19.159599	-110.690000	26.250000	-124.661159	40.000000	252.641639	252.641639	252.641639	4.148016	1.212434
-158.185394	22.620199	-110.690000	26.250000	77.436711	73.000000	257.298970	257.198970	257.298970	4.034909	2.139530
-154.983002	19.601000	-110.690000	26.250000	17.031839	94.000000	254.129659	254.129659	254.129659	4.060986	1.947511
-159.525604	22.159599	-110.690000	26.250000	114.127206	44.000000	256.924904	256.924904	257.024904	4.009880	2.401580
-159.025604	22.659599	-110.690000	26.250000	98.163372	53.000000	257.143355	257.043355	257.143355	4.025036	2.057674
-158.525604	23.159599	-110.690000	26.250000	82.780722	63.000000	257.476170	257.476170	257.576170	4.039299	1.810044
-158.025604	23.659599	-110.690000	26.250000	67.133583	69.000000	257.723831	257.723831	257.823831	4.050726	1.458772
-157.525604	24.159599	-110.690000	26.250000	52.127023	71.000000	258.286824	258.286824	258.286824	4.060339	1.403924
-157.025604	24.659599	-110.690000	26.250000	36.950590	70.000000	258.765646	258.765646	258.865646	4.069313	1.245406
-156.525604	25.159599	-110.690000	26.250000	22.359564	65.000000	259.460793	259.460793	259.460793	4.074159	1.283295
-156.025604	25.659599	-110.690000	26.250000	7.629023	58.000000	260.072770	259.972770	260.072770	4.080739	1.217664
-155.525604	26.159599	-110.690000	26.250000	-6.541104	50.000000	260.902081	260.902081	260.902081	4.085167	1.348410
-155.025604	26.659599	-110.690000	26.250000	-21.021023	41.000000	261.349232	261.349232	261.349232	4.084023	1.075606
-154.025604	14.659600	-110.690000	26.250000	39.411471	39.000000	246.868231	246.868231	246.868231	4.091564	-0.010729
-153.525604	15.159600	-110.690000	26.250000	21.947742	51.000000	247.477998	247.477998	247.477998	4.090466	0.164499
-153.025604	15.659600	-110.690000	26.250000	4.845427	62.000000	247.801167	247.801167	247.801167	4.089451	0.035590
-152.525604	16.159599	-110.690000	26.250000	-12.626126	70.000000	248.538379	248.538379	248.538379	4.091634	0.302837
-152.025604	16.659599	-110.690000	26.250000	-29.467393	75.000000	248.990308	248.990308	248.990308	4.094834	0.266344
-151.525604	17.159599	-110.690000	26.250000	-46.863945	75.000000	249.757652	249.757652	249.757652	4.102031	0.525761
-151.025604	17.659599	-110.690000	26.250000	-63.420388	74.000000	250.341145	250.341145	250.341145	4.110924	0.581413
-150.525604	18.159599	-110.690000	26.250000	-80.118234	67.000000	251.141547	251.141547	251.141547	4.122898	0.833394
-150.025604	18.659599	-110.690000	26.250000	-96.297841	59.000000	251.859656	251.759656	251.859656	4.135477	0.981320
-149.525604	19.159599	-110.690000	26.250000	-112.587403	49.000000	252.596302	252.596302	252.696302	4.147708	1.125556
-149.025604	19.659599	-110.690000	26.250000	-128.595553	39.000000	253.452347	253.452347	253.452347	4.152030	1.366180
-158.179504	20.377800	-110.690000	26.250000	91.736884	74.000000	255.462739	255.462739	255.462739	4.021714	2.577761
-154.797394	18.803101	-110.690000	26.250000	18.753855	90.000000	252.895387	252.795387	252.895387	4.066987	1.581090
-159.525604	22.659599	-110.690000	26.250000	110.948766	44.000000	257.214327	257.214327	257.314327	4.012932	2.198583
-159.025604	23.159599	-110.690000	26.250000	95.062330	54.000000	257.441793	257.341793	257.441793	4.027782	1.852238
-158.525604	23.659599	-110.690000	26.250000	79.720224	62.000000	257.683800	257.583800	257.783800	4.046253	1.502350
-158.025604	24.159599	-110.690000	26.250000	64.203273	66.000000	258.040826	258.040826	258.140826	4.058434	1.248929
-157.525604	24.659599	-110.690000	26.250000	49.263679	71.000000	258.613350	258.613350	258.713350	4.066073	1.191687
-157.025604	25.159599	-110.690000	26.250000	34.184946	66.000000	259.101858	259.101858	259.101858	4.073073	1.030969
-156.525604	25.659599	-110.690000	26.250000	19.763783	58.000000	259.806840	259.806840	259.806840	4.078253	1.066770
-156.025604	26.159599	-110.690000	26.250000	5.212075	51.000000	260.428787	260.428787	260.428787	4.083366	0.998784
-155.525604	26.659599	-110.690000	26.250000	-8.791514	41.000000	261.368191	261.368191	261.368191	4.087664	1.227384
-154.525604	14.659600	-110.690000	26.250000	51.653016	40.000000	246.850357	246.850357	246.850357	4.087100	-0.110818
-154.025604	15.159600	-110.690000	26.250000	34.127054	51.000000	247.457931	247.457931	247.557931	4.091460	0.065704
-153.525604	15.659600	-110.690000	26.250000	16.717037	62.000000	248.178651	248.178651	248.178651	4.090844	0.338456
-153.025604	16.159599	-110.690000	26.250000	-0.181547	72.000000	248.513140	248.513140	248.513140	4.090709	0.207427
-152.525604	16.659599	-110.690000	26.250000	-17.549332	77.000000	249.162051	249.162051	249.162051	4.093583	0.372198
-152.025604	17.159599	-110.690000	26.250000	-34.303045	77.000000	249.726063	249.726063	249.726063	4.098781	0.433276
-151.525604	17.659599	-110.690000	26.250000	-51.551874	75.000000	250.405885	250.305885	250.405885	4.107373	0.590655
-151.025604	18.159599	-110.690000	26.250000	-67.880841	74.000000	251.102256	251.102256	251.102256	4.118803	0.743870
-150.525604	18.659599	-110.690000	26.250000	-84.391701	67.000000	251.915946	251.815946	251.915946	4.131178	0.993459
-150.025604	19.159599	-110.690000	26.250000	-100.391001	58.000000	252.647758	252.547758	252.647758	4.141961	1.139430
-149.525604	19.659599	-110.690000	26.250000	-116.485964	48.000000	253.398525	253.398525	253.498525	4.153766	1.281260
-149.025604	20.159599	-110.690000	26.250000	-132.360743	39.000000	254.369116	254.269116	254.369116	4.151443	1.619527
-157.931000	21.646000	-110.690000	26.250000	77.051137	77.000000	256.634712	256.634712	256.634712	4.028247	2.447306
-154.691299	17.180099	-110.690000	26.250000	30.319087	81.000000	250.333662	250.333662	250.433662	4.077915	0.757084
-159.525604	23.159599	-110.690000	26.250000	107.742040	44.000000	257.506941	257.406941	257.506941	4.015687	1.995209
-159.025604	23.659599	-110.690000	26.250000	91.976666	52.000000	257.543404	257.543404	257.643404	4.038281	1.446815
-158.525604	24.159599	-110.690000	26.250000	76.653450	59.000000	257.994578	257.994578	257.994578	4.052987	1.294514
-158.025604	24.659599	-110.690000	26.250000	61.285660	66.000000	258.360932	258.360932	258.460932	4.064047	1.038728
-157.525604	25.159599	-110.690000	26.250000	46.450758	65.000000	258.942939	258.942939	258.942939	4.072222	0.979510
-157.025604	25.659599	-110.690000	26.250000	31.451423	59.000000	259.341074	259.241074	259.341074	4.077335	0.716423
-156.525604	26.159599	-110.690000	26.250000	17.293464	51.000000	260.255817	260.155817	260.255817	4.081958	0.949902
-156.025604	26.659599	-110.690000	26.250000	2.933489	41.000000	260.887646	260.787646	260.887646	4.087090	0.880011
-155.025604	14.659600	-110.690000	26.250000	63.356797	40.000000	247.429175	247.429175	247.429175	4.092205	0.389446
-154.525604	15.159600	-110.690000	26.250000	46.287531	51.000000	247.634551	247.634551	247.634551	4.087955	0.167716
-154.025604	15.659600	-110.690000	26.250000	28.955128	61.000000	248.152822	248.152822	248.152822	4.090922	0.241968
-153.525604	16.159599	-110.690000	26.250000	11.690435	71.000000	248.784595	248.684595	248.784595	4.090125	0.412336
-153.025604	16.659599	-110.690000	26.250000	-5.040769	79.000000	249.130503	249.130503	249.130503	4.091791	0.278857
-152.525604	17.159599	-110.690000	26.250000	-22.311850	78.000000	249.791205	249.791205	249.791205	4.094972	0.441427
-152.025604	17.659599	-110.690000	26.250000	-39.010715	78.000000	250.367388	250.367388	250.367388	4.103506	0.500177
-151.525604	18.159599	-110.690000	26.250000	-56.042932	75.000000	251.159769	251.159769	251.159769	4.113902	0.755150
-151.025604	18.659599	-110.690000	26.250000	-72.206252	73.000000	251.869093	251.869093	251.869093	4.125226	0.906229
-150.525604	19.159599	-110.690000	26.250000	-88.476183	65.000000	252.696137	252.596137	252.696137	4.137732	1.153543
-150.025604	19.659599	-110.690000	26.250000	-104.294379	57.000000	253.441706	253.441706	253.441706	4.147145	1.297144
-149.525604	20.159599	-110.690000	26.250000	-120.270980	48.000000	254.306639	254.306639	254.306639	4.153600	1.536902
-149.025604	20.659599	-110.690000	26.250000	-135.937017	38.000000	255.191805	255.191805	255.191805	4.151300	1.772941
-157.859100	14.659600	-110.690000	26.250000	132.490082	38.000000	248.352035	248.352035	248.352035	4.058536	0.936866
-154.617798	20.088900	-110.690000	26.250000	4.344804	90.000000	254.781983	254.681983	254.781983	4.065396	2.058235
-159.525604	23.659599	-110.690000	26.250000	104.574030	42.000000	257.602670	257.502670	257.702670	4.025577	1.591806
-159.025604	24.159599	-110.690000	26.250000	88.810594	52.000000	257.848107	257.848107	257.848107	4.045309	1.241027
-158.525604	24.659599	-110.690000	26.250000	73.634765	59.000000	258.308414	258.308414	258.308414	4.058082	1.086581
-158.025604	25.159599	-110.690000	26.250000	58.423735	60.000000	258.684052	258.684052	258.684052	4.071250	0.828544
-157.525604	25.659599	-110.690000	26.250000	43.674398	59.000000	259.175484	259.175484	259.175484	4.077456	0.666986
-157.025604	26.159599	-110.690000	26.250000	28.894368	51.000000	259.583178	259.583178	259.583178	4.080829	0.401813
-156.525604	26.659599	-110.690000	26.250000	14.923154	41.000000	260.607599	260.607599	260.607599	4.085554	0.733094
-155.525604	14.659600	-110.690000	26.250000	75.854393	40.000000	247.304800	247.304800	247.304800	4.081000	0.190403
-155.025604	15.159600	-110.690000	26.250000	57.947624	50.000000	248.207974	248.207974	248.307974	4.093056	0.670292
-154.525604	15.659600	-110.690000	26.250000	41.015327	61.000000	248.423799	248.423799	248.423799	4.088098	0.446039
-154.025604	16.159599	-110.690000	26.250000	23.940890	70.000000	248.852863	248.852863	248.852863	4.089515	0.417932
-153.525604	16.659599	-110.690000	26.250000	6.826893	79.000000	249.295784	249.295784	249.295784	4.088396	0.386066
-153.025604	17.159599	-110.690000	26.250000	-9.824986	79.000000	249.853200	249.853200	249.853200	4.092305	0.450111
-152.525604	17.659599	-110.690000	26.250000	-26.983099	81.000000	250.425777	250.425777	250.525777	4.097548	0.510383
-152.025604	18.159599	-110.690000	26.250000	-43.561985	79.000000	251.214210	251.114210	251.214210	4.109105	0.766965
-151.525604	18.659599	-110.690000	26.250000	-60.346046	75.000000	251.919221	251.919221	251.919221	4.120032	0.919500
-151.025604	19.159599	-110.690000	26.250000	-76.318099	72.000000	252.641561	252.641561	252.641561	4.131297	1.068338
-150.525604	19.659599	-110.690000	26.250000	-92.403142	65.000000	253.482010	253.482010	253.482010	4.142425	1.313548
-150.025604	20.159599	-110.690000	26.250000	-108.053713	57.000000	254.241379	254.241379	254.341379	4.151250	1.454743
-149.525604	20.659599	-110.690000	26.250000	-123.888902	48.000000	255.220506	255.220506	255.220506	4.152476	1.792312
-149.025604	21.159599	-110.690000	26.250000	-139.360624	38.000000	256.120262	256.020262	256.120262	4.144959	2.026309
-157.700806	16.348400	-110.690000	26.250000	112.110752	69.000000	250.287718	250.287718	250.287718	4.056833	1.321157
-154.495895	18.401699	-110.690000	26.250000	14.518373	87.000000	252.177592	252.177592	252.177592	4.073904	1.307640
-159.525604	24.159599	-110.690000	26.250000	101.330618	42.000000	257.901434	257.801434	257.901434	4.030792	1.388288
-159.025604	24.659599	-110.690000	26.250000	85.700902	50.000000	258.055814	258.055814	258.055814	4.053251	0.935099
-158.525604	25.159599	-110.690000	26.250000	70.678947	53.000000	258.525213	258.525213	258.625213	4.068136	0.778430
-158.025604	25.659599	-110.690000	26.250000	55.587961	53.000000	258.910082	258.810082	258.910082	4.078020	0.518279
-157.525604	26.159599	-110.690000	26.250000	41.035768	51.000000	259.410876	259.410876	259.510876	4.081564	0.354355
-157.025604	26.659599	-110.690000	26.250000	26.509596	41.000000	259.928050	259.928050	259.928050	4.084493	0.187014
-156.025604	14.659600	-110.690000	26.250000	87.673119	41.000000	247.777342	247.777342	247.777342	4.080172	0.592146
-155.525604	15.159600	-110.690000	26.250000	70.474060	50.000000	248.078312	248.078312	248.078312	4.082851	0.473327
-155.025604	15.659600	-110.690000	26.250000	52.756598	61.000000	248.891694	248.891694	248.891694	4.090670	0.850716
-154.525604	16.159599	-110.690000	26.250000	35.901057	72.000000	249.118061	249.118061	249.118061	4.086270	0.624308
-154.025604	16.659599	-110.690000	26.250000	19.066593	79.000000	249.458011	249.458011	249.458011	4.085561	0.493706
-153.525604	17.159599	-110.690000	26.250000	2.067181	80.000000	250.012165	250.012165	250.012165	4.087882	0.559390
-153.025604	17.659599	-110.690000	26.250000	-14.567604	82.000000	250.581169	250.481169	250.581169	4.092492	0.621362
-152.525604	18.159599	-110.690000	26.250000	-31.555258	82.000000	251.265697	251.265697	251.265697	4.102011	0.779180
-152.025604	18.659599	-110.690000	26.250000	-47.941188	80.000000	251.966448	251.966448	251.966448	4.114138	0.933356
-151.525604	19.159599	-110.690000	26.250000	-64.489139	74.000000	252.684149	252.684149	252.784149	4.124285	1.083899
-151.025604	19.659599	-110.690000	26.250000	-80.263574	70.000000	253.519557	253.519557	253.519557	4.135527	1.330318
-150.525604	20.159599	-110.690000	26.250000	-96.141916	64.000000	254.373452	254.373452	254.373452	4.144935	1.573159
-150.025604	20.659599	-110.690000	26.250000	-111.586624	57.000000	255.146648	255.146648	255.146648	4.150161	1.712443
-149.525604	21.159599	-110.690000	26.250000	-127.323579	47.000000	256.139983	256.039983	256.139983	4.147377	2.047624
-149.025604	21.659599	-110.690000	26.250000	-142.614481	38.000000	256.954326	256.954326	256.954326	4.139779	2.179282
-157.627594	20.346100	-110.690000	26.250000	78.069338	82.000000	255.397648	255.397648	255.397648	4.025678	2.512791
-154.482803	21.001900	-110.690000	26.250000	-5.168075	83.000000	256.172720	256.172720	256.272720	4.066089	2.419659
-159.525604	24.659599	-110.690000	26.250000	98.096216	39.000000	258.003153	258.003153	258.003153	4.041948	0.984408
-159.025604	25.159599	-110.690000	26.250000	82.686456	45.000000	258.266438	258.266438	258.266438	4.061821	0.629209
-158.525604	25.659599	-110.690000	26.250000	67.784137	47.000000	258.744878	258.744878	258.744878	4.075324	0.470157
-158.025604	26.159599	-110.690000	26.250000	52.852369	47.000000	259.038918	259.038918	259.038918	4.083852	0.107670
-157.525604	26.659599	-110.690000	26.250000	38.567105	40.000000	259.849000	259.849000	259.849000	4.085421	0.241807
-156.525604	14.659600	-110.690000	26.250000	100.338090	41.000000	247.446906	247.446906	247.446906	4.065629	0.194282
-156.025604	15.159600	-110.690000	26.250000	82.263109	51.000000	248.645672	248.645672	248.645672	4.083375	0.977186
-155.525604	15.659600	-110.690000	26.250000	65.248019	61.000000	248.856618	248.856618	248.856618	4.082366	0.756064
-155.025604	16.159599	-110.690000	26.250000	47.775969	71.000000	249.480297	249.380297	249.480297	4.084844	0.931044
-154.525604	16.659599	-110.690000	26.250000	30.979095	81.000000	249.717295	249.717295	249.717295	4.082811	0.702166
-154.025604	17.159599	-110.690000	26.250000	14.313319	81.000000	250.068212	250.068212	250.168212	4.084114	0.569331
-153.525604	17.659599	-110.690000	26.250000	-2.625373	83.000000	250.733677	250.633677	250.733677	4.086103	0.732665
-153.025604	18.159599	-110.690000	26.250000	-19.173342	84.000000	251.314343	251.314343	251.314343	4.094874	0.792212
-152.525604	18.659599	-110.690000	26.250000	-35.963342	83.000000	252.110887	252.010887	252.110887	4.104841	1.047864
-152.025604	19.159599	-110.690000	26.250000	-52.152569	79.000000	252.824015	252.724015	252.824015	4.117359	1.199744
-151.525604	19.659599	-110.690000	26.250000	-68.411430	74.000000	253.554456	253.554456	253.654456	4.126901	1.347903
-151.025604	20.159599	-110.690000	26.250000	-83.982689	71.000000	254.402969	254.402969	254.402969	4.136369	1.592221
-150.525604	20.659599	-110.690000	26.250000	-99.718443	64.000000	255.270339	255.170339	255.270339	4.145109	1.832816
-150.025604	21.159599	-110.690000	26.250000	-114.931083	56.000000	255.957375	255.957375	256.057375	4.148919	1.869751
-149.525604	21.659599	-110.690000	26.250000	-130.532791	47.000000	256.964916	256.864916	256.964916	4.141349	2.202891
-149.025604	22.159599	-110.690000	26.250000	-145.702230	38.000000	257.793824	257.793824	257.793824	4.130254	2.332350
-157.270004	21.108999	-110.690000	26.250000	63.883817	85.000000	256.227743	256.227743	256.227743	4.029846	2.536278
-154.393997	19.262501	-110.690000	26.250000	4.796557	92.000000	253.476148	253.376148	253.576148	4.071132	1.667284
-159.525604	25.159599	-110.690000	26.250000	94.985146	36.000000	258.207741	258.207741	258.207741	4.052147	0.680523
-159.025604	25.659599	-110.690000	26.250000	79.749910	39.000000	258.479883	258.479883	258.479883	4.074330	0.322969
-158.525604	26.159599	-110.690000	26.250000	65.004240	40.000000	258.967309	258.967309	258.967309	4.080960	0.161805
-158.025604	26.659599	-110.690000	26.250000	50.311852	38.000000	259.370450	259.370450	259.470450	4.087240	-0.102900
-157.025604	14.659600	-110.690000	26.250000	112.128916	42.000000	248.013594	248.013594	248.113594	4.068238	0.697135
-156.525604	15.159600	-110.690000	26.250000	94.914824	50.000000	248.410158	248.410158	248.410158	4.072261	0.681640
-156.025604	15.659600	-110.690000	26.250000	77.099639	62.000000	249.318673	249.218673	249.318673	4.081151	1.162000
-155.525604	16.159599	-110.690000	26.250000	60.224830	72.000000	249.539679	249.439679	249.539679	4.079505	0.938493
-155.025604	16.659599	-110.690000	26.250000	43.028166	80.000000	249.973743	249.873743	249.973743	4.079795	0.911207
-154.525604	17.159599	-110.690000	26.250000	26.308453	83.000000	250.321450	250.321450	250.321450	4.079222	0.779832
-154.025604	17.659599	-110.690000	26.250000	9.660272	85.000000	250.783410	250.783410	250.783410	4.081895	0.744674
-153.525604	18.159599	-110.690000	26.250000	-7.180671	85.000000	251.460257	251.460257	251.560257	4.086002	0.905810
-153.025604	18.659599	-110.690000	26.250000	-23.617246	86.000000	252.152647	252.152647	252.152647	4.097423	1.062904
-152.525604	19.159599	-110.690000	26.250000	-40.188363	84.000000	252.861265	252.861265	252.961265	4.107666	1.216292
-152.025604	19.659599	-110.690000	26.250000	-56.119478	77.000000	253.586816	253.586816	253.686816	4.120073	1.366039
-151.525604	20.159599	-110.690000	26.250000	-72.133839	74.000000	254.430036	254.430036	254.530036	4.129932	1.611781
-151.025604	20.659599	-110.690000	26.250000	-87.543058	70.000000	255.291681	255.191681	255.291681	4.136840	1.853889
-150.525604	21.159599	-110.690000	26.250000	-103.089736	63.000000	256.072536	256.072536	256.072536	4.142611	1.992414
-150.025604	21.659599	-110.690000	26.250000	-118.099164	56.000000	256.773411	256.773411	256.873411	4.143711	2.026961
-149.525604	22.159599	-110.690000	26.250000	-133.526889	47.000000	257.695139	257.695139	257.795139	4.135780	2.257943
-149.025604	22.659599	-110.690000	26.250000	-148.545247	38.000000	258.538576	258.538576	258.538576	4.120913	2.385391
-157.227295	18.984800	-110.690000	26.250000	77.606551	85.000000	253.640176	253.640176	253.740176	4.035897	2.117738
-154.251801	21.168699	-110.690000	26.250000	-11.959654	83.000000	256.428242	256.428242	256.528242	4.071742	2.473324
-159.525604	25.659599	-110.690000	26.250000	91.988333	32.000000	258.415108	258.415108	258.415108	4.062498	0.376542
-159.025604	26.159599	-110.690000	26.250000	76.921446	34.000000	258.696055	258.696055	258.696055	4.081916	0.016608
-158.525604	26.659599	-110.690000	26.250000	62.390713	33.000000	259.292400	259.292400	259.392400	4.084969	-0.046744
-157.525604	14.659600	-110.690000	26.250000	124.679754	42.000000	247.877505	247.877505	247.977505	4.056957	0.500794
-157.025604	15.159600	-110.690000	26.250000	106.719042	51.000000	248.971870	248.971870	248.971870	4.073762	1.186589
-156.525604	15.659600	-110.690000	26.250000	89.714962	60.000000	249.177962	249.177962	249.177962	4.073591	0.968571
-156.025604	16.159599	-110.690000	26.250000	72.139397	69.000000	249.896308	249.796308	249.896308	4.076596	1.246738
-155.525604	16.659599	-110.690000	26.250000	55.447695	79.000000	250.027458	250.027458	250.127458	4.074412	0.920714
-155.025604	17.159599	-110.690000	26.250000	38.472736	84.000000	250.471983	250.471983	250.471983	4.075877	0.890957
-154.525604	17.659599	-110.690000	26.250000	21.781637	87.000000	250.930473	250.930473	251.030473	4.076112	0.857474
-154.025604	18.159599	-110.690000	26.250000	5.164571	87.000000	251.603543	251.603543	251.603543	4.081997	1.019845
-153.525604	18.659599	-110.690000	26.250000	-11.570658	87.000000	252.291833	252.291833	252.391833	4.086582	1.178556
-153.025604	19.159599	-110.690000	26.250000	-27.863125	85.000000	252.996003	252.896003	252.996003	4.099076	1.333622
-152.525604	19.659599	-110.690000	26.250000	-44.193969	82.000000	253.716739	253.616739	253.816739	4.109748	1.484579
-152.025604	20.159599	-110.690000	26.250000	-59.887607	75.000000	254.454751	254.454751	254.554751	4.121688	1.631942
-151.525604	20.659599	-110.690000	26.250000	-75.670679	71.000000	255.310774	255.210774	255.410774	4.130051	1.875735
-151.025604	21.159599	-110.690000	26.250000	-90.853955	70.000000	256.085564	256.085564	256.085564	4.135709	2.015446
-150.525604	21.659599	-110.690000	26.250000	-106.247479	63.000000	256.879905	256.879905	256.979905	4.138245	2.151622
-150.025604	22.159599	-110.690000	26.250000	-121.073062	56.000000	257.594601	257.594601	257.594601	4.134821	2.184299
-149.525604	22.659599	-110.690000	26.250000	-136.295289	47.000000	258.430480	258.430480	258.430480	4.126557	2.312911
-149.025604	23.159599	-110.690000	26.250000	-151.155244	38.000000	259.188389	259.188389	259.188389	4.111485	2.338039
-156.964600	24.312099	-110.690000	26.250000	37.400779	72.000000	258.637211	258.537211	258.637211	4.064601	1.486642
-154.030502	17.988400	-110.690000	26.250000	6.803888	85.000000	251.358811	251.258811	251.358811	4.082900	0.961992
-159.525604	26.159599	-110.690000	26.250000	89.128205	28.000000	258.625163	258.625163	258.725163	4.071563	0.072215
-159.025604	26.659599	-110.690000	26.250000	74.250383	28.000000	259.014853	259.014853	259.114853	4.085292	-0.189692
-158.025604	14.659600	-110.690000	26.250000	136.601197	38.000000	248.438734	248.438734	248.438734	4.059856	1.004886
-157.525604	15.159600	-110.690000	26.250000	119.432052	51.000000	248.730903	248.730903	248.730903	4.062061	0.892380
-157.025604	15.659600	-110.690000	26.250000	101.593252	61.000000	249.634582	249.534582	249.634582	4.072106	1.375839
-156.525604	16.159599	-110.690000	26.250000	84.772455	70.000000	249.850282	249.850282	249.850282	4.069819	1.155385
-156.025604	16.659599	-110.690000	26.250000	67.425465	77.000000	250.278540	250.278540	250.378540	4.070722	1.131059
-155.525604	17.159599	-110.690000	26.250000	50.871896	83.000000	250.619909	250.619909	250.619909	4.069544	1.002771
-155.025604	17.659599	-110.690000	26.250000	33.983779	87.000000	251.074964	251.074964	251.174964	4.072222	0.970640
-154.525604	18.159599	-110.690000	26.250000	17.381033	90.000000	251.744302	251.744302	251.744302	4.074899	1.134712
-154.025604	18.659599	-110.690000	26.250000	0.829665	88.000000	252.428543	252.428543	252.428543	4.080552	1.294887
-153.525604	19.159599	-110.690000	26.250000	-15.781155	88.000000	253.128329	253.028329	253.228329	4.086995	1.451281
-153.025604	19.659599	-110.690000	26.250000	-31.843727	86.000000	253.844323	253.744323	253.844323	4.099367	1.603947
-152.525604	20.159599	-110.690000	26.250000	-47.947386	81.000000	254.577214	254.477214	254.677214	4.110498	1.752772
-152.025604	20.659599	-110.690000	26.250000	-63.388529	76.000000	255.327712	255.327712	255.427712	4.122366	1.897870
-151.525604	21.159599	-110.690000	26.250000	-79.007235	69.000000	256.096550	256.096550	256.196550	4.128086	2.039302
-151.025604	21.659599	-110.690000	26.250000	-93.965654	69.000000	256.884485	256.884485	256.984485	4.131787	2.176944
-150.525604	22.159599	-110.690000	26.250000	-109.145542	63.000000	257.692295	257.692295	257.692295	4.131022	2.310903
-150.025604	22.659599	-110.690000	26.250000	-123.844157	56.000000	258.320779	258.320779	258.320779	4.125998	2.241251
-149.525604	23.159599	-110.690000	26.250000	-138.879150	47.000000	259.070756	259.070756	259.070756	4.117232	2.267853
-149.025604	23.659599	-110.690000	26.250000	-153.593214	38.000000	259.743064	259.743064	259.743064	4.102157	2.190810
-156.932007	19.832701	-110.690000	26.250000	63.857184	85.000000	254.794259	254.794259	254.794259	4.031049	2.403754
-153.992294	18.797600	-110.690000	26.250000	-1.133056	87.000000	252.613918	252.513918	252.613918	4.079826	1.328699
-159.525604	26.659599	-110.690000	26.250000	86.425220	23.000000	259.037810	259.037810	259.037810	4.074815	-0.032095
-158.525604	14.659600	-110.690000	26.250000	148.996348	34.000000	248.397371	248.397371	248.497371	4.055378	0.909722
-158.025604	15.159600	-110.690000	26.250000	131.411037	47.000000	249.187350	249.087350	249.187350	4.061618	1.298799
-157.525604	15.659600	-110.690000	26.250000	114.417590	61.000000	249.488626	249.388626	249.488626	4.062504	1.183724
-157.025604	16.159599	-110.690000	26.250000	96.751491	69.000000	250.201696	250.101696	250.201696	4.065086	1.464769
-156.525604	16.659599	-110.690000	26.250000	80.079461	76.000000	250.427083	250.327083	250.427083	4.065878	1.242016
-156.025604	17.159599	-110.690000	26.250000	62.980963	83.000000	250.865325	250.765325	250.865325	4.064986	1.215174
-155.525604	17.659599	-110.690000	26.250000	46.495484	87.000000	251.316980	251.216980	251.316980	4.064654	1.184536
-155.025604	18.159599	-110.690000	26.250000	29.577441	92.000000	251.982630	251.882630	251.982630	4.069036	1.350176
-154.525604	18.659599	-110.690000	26.250000	13.122442	91.000000	252.562874	252.562874	252.562874	4.072234	1.411778
-154.025604	19.159599	-110.690000	26.250000	-3.305811	91.000000	253.258337	253.158337	253.258337	4.079267	1.569664
-153.525604	19.659599	-110.690000	26.250000	-19.756680	87.000000	253.869661	253.769661	253.969661	4.086963	1.623896
-153.025604	20.159599	-110.690000	26.250000	-35.538019	83.000000	254.597514	254.597514	254.697514	4.100838	1.774131
-152.525604	20.659599	-110.690000	26.250000	-51.389692	78.000000	255.442584	255.342584	255.442584	4.111439	2.020725
-152.025604	21.159599	-110.690000	26.250000	-66.681271	73.000000	256.205581	256.105581	256.205581	4.120646	2.163724
-151.525604	21.659599	-110.690000	26.250000	-82.095711	69.000000	256.987236	256.887236	256.987236	4.124159	2.302759
-151.025604	22.159599	-110.690000	26.250000	-96.863261	68.000000	257.688301	257.688301	257.688301	4.124657	2.338222
-150.525604	22.659599	-110.690000	26.250000	-111.864839	63.000000	258.409549	258.409549	258.409549	4.123302	2.370142
-150.025604	23.159599	-110.690000	26.250000	-126.390900	56.000000	258.951771	258.951771	258.951771	4.116994	2.198121
-149.525604	23.659599	-110.690000	26.250000	-141.356146	47.000000	259.715777	259.715777	259.715777	4.105719	2.222595
-149.025604	24.159599	-110.690000	26.250000	-155.901487	38.000000	260.402389	260.402389	260.402389	4.095337	2.143569
-156.808197	18.404200	-110.690000	26.250000	71.951644	81.000000	252.851395	252.751395	252.851395	4.044423	1.914873
-153.982697	21.519699	-110.690000	26.250000	-20.592611	79.000000	256.948434	256.948434	257.048434	4.076966	2.572924
-159.025604	14.659600	-110.690000	26.250000	161.201068	29.000000	248.653506	248.653506	248.653506	4.055224	1.115384
-158.525604	15.159600	-110.690000	26.250000	143.931861	41.000000	249.141301	249.041301	249.141301	4.057979	1.205748
-158.025604	15.659600	-110.690000	26.250000	126.437582	55.000000	249.740185	249.740185	249.840185	4.058497	1.392275
-157.525604	16.159599	-110.690000	26.250000	109.648413	68.000000	250.050641	250.050641	250.050641	4.058595	1.274971
-157.025604	16.659599	-110.690000	26.250000	92.174333	77.000000	250.673179	250.573179	250.673179	4.059675	1.453477
-156.525604	17.159599	-110.690000	26.250000	75.676509	78.000000	250.908322	250.908322	251.008322	4.059626	1.228230
-156.025604	17.659599	-110.690000	26.250000	58.718209	87.000000	251.456614	251.456614	251.556614	4.058644	1.299242
-155.525604	18.159599	-110.690000	26.250000	42.244592	91.000000	252.118618	252.018618	252.118618	4.060217	1.466114
-155.025604	18.659599	-110.690000	26.250000	25.372611	93.000000	252.694918	252.694918	252.794918	4.065571	1.529310
-154.525604	19.159599	-110.690000	26.250000	9.047242	93.000000	253.386118	253.286118	253.386118	4.068296	1.688847
-154.025604	19.659599	-110.690000	26.250000	-7.205739	90.000000	253.992845	253.992845	254.092845	4.078184	1.744288
-153.525604	20.159599	-110.690000	26.250000	-23.422961	86.000000	254.715742	254.615742	254.815742	4.086238	1.896120
-153.025604	20.659599	-110.690000	26.250000	-38.999060	80.000000	255.455478	255.455478	255.555478	4.101554	2.044369
-152.525604	21.159599	-110.690000	26.250000	-54.616563	75.000000	256.212740	256.212740	256.312740	4.109681	2.188555
-152.025604	21.659599	-110.690000	26.250000	-69.715329	71.000000	256.988236	256.988236	256.988236	4.117482	2.329192
-151.525604	22.159599	-110.690000	26.250000	-84.966571	69.000000	257.682694	257.682694	257.782694	4.118416	2.366320
-151.025604	22.659599	-110.690000	26.250000	-99.592286	68.000000	258.396861	258.396861	258.396861	4.117559	2.399406
-150.525604	23.159599	-110.690000	26.250000	-114.381330	63.000000	259.031500	259.031500	259.031500	4.114278	2.328998
-150.025604	23.659599	-110.690000	26.250000	-128.805225	56.000000	259.587395	259.487395	259.587395	4.106331	2.155148
-149.525604	24.159599	-110.690000	26.250000	-143.729938	47.000000	260.365340	260.365340	260.365340	4.099420	2.177269
-149.025604	24.659599	-110.690000	26.250000	-158.082491	38.000000	261.066145	261.066145	261.066145	4.090477	2.095943
-156.755997	21.136000	-110.690000	26.250000	50.810234	86.000000	256.367246	256.367246	256.367246	4.032357	2.608899
-153.967499	14.731300	-110.690000	26.250000	37.344379	40.000000	246.833900	246.833900	246.833900	4.089272	-0.108520
-159.525604	14.659600	-110.690000	26.250000	173.474506	23.000000	248.807224	248.707224	248.807224	4.061823	1.221519
-159.025604	15.159600	-110.690000	26.250000	156.156272	35.000000	249.292843	249.292843	249.392843	4.054358	1.313558
-158.525604	15.659600	-110.690000	26.250000	139.060853	48.000000	249.689346	249.689346	249.689346	4.056074	1.301551
-158.025604	16.159599	-110.690000	26.250000	121.725675	63.000000	250.297206	250.297206	250.297206	4.054161	1.485615
-157.525604	16.659599	-110.690000	26.250000	105.029162	77.000000	250.616918	250.616918	250.616918	4.054597	1.365793
-157.025604	17.159599	-110.690000	26.250000	87.791283	78.000000	251.148991	251.148991	251.148991	4.055318	1.442001
-156.525604	17.659599	-110.690000	26.250000	71.469900	82.000000	251.593954	251.593954	251.693954	4.053797	1.414355
-156.025604	18.159599	-110.690000	26.250000	54.498366	87.000000	252.252356	252.252356	252.252356	4.054151	1.582902
-155.525604	18.659599	-110.690000	26.250000	38.115358	92.000000	252.824762	252.824762	252.824762	4.055825	1.647547
-155.025604	19.159599	-110.690000	26.250000	21.433713	97.000000	253.511761	253.411761	253.511761	4.061929	1.808403
-154.525604	19.659599	-110.690000	26.250000	5.132998	93.000000	254.113959	254.113959	254.213959	4.066699	1.865523
-154.025604	20.159599	-110.690000	26.250000	-10.862893	88.000000	254.831982	254.731982	254.831982	4.077435	2.018802
-153.525604	20.659599	-110.690000	26.250000	-26.806933	83.000000	255.566476	255.466476	255.666476	4.088038	2.168348
-153.025604	21.159599	-110.690000	26.250000	-42.227051	76.000000	256.318109	256.218109	256.318109	4.100859	2.314223
-152.525604	21.659599	-110.690000	26.250000	-57.641021	73.000000	256.987564	256.987564	257.087564	4.107511	2.356310
-152.025604	22.159599	-110.690000	26.250000	-72.569003	70.000000	257.775548	257.775548	257.775548	4.112585	2.494713
-151.525604	22.659599	-110.690000	26.250000	-87.637873	68.000000	258.382782	258.382782	258.382782	4.111559	2.429501
-151.025604	23.159599	-110.690000	26.250000	-102.104118	68.000000	259.010006	259.010006	259.010006	4.110716	2.360549
-150.525604	23.659599	-110.690000	26.250000	-116.778094	63.000000	259.557975	259.557975	259.557975	4.106350	2.187954
-150.025604	24.159599	-110.690000	26.250000	-131.107105	56.000000	260.227459	260.227459	260.327459	4.100229	2.111794
-149.525604	24.659599	-110.690000	26.250000	-145.985088	47.000000	261.019238	261.019238	261.019238	4.095473	2.131933
-149.025604	25.159599	-110.690000	26.250000	-160.131013	35.000000	261.734104	261.734104	261.834104	4.087226	2.048464
-156.658005	20.891001	-110.690000	26.250000	49.958849	87.000000	256.079427	256.079427	256.079427	4.033275	2.572890
-153.902405	19.979099	-110.690000	26.250000	-12.630656	88.000000	254.510908	254.410908	254.610908	4.080550	1.901087
-159.525604	15.159600	-110.690000	26.250000	168.538777	29.000000	249.342058	249.342058	249.342058	4.057974	1.322029
-159.025604	15.659600	-110.690000	26.250000	151.253136	41.000000	249.936193	249.836193	249.936193	4.052206	1.511472
-158.525604	16.159599	-110.690000	26.250000	134.352326	55.000000	250.341474	250.241474	250.341474	4.051051	1.497021
-158.025604	16.659599	-110.690000	26.250000	117.142421	70.000000	250.758383	250.758383	250.858383	4.050645	1.478753
-157.525604	17.159599	-110.690000	26.250000	100.520040	78.000000	251.287415	251.287415	251.287415	4.048908	1.556392
-157.025604	17.659599	-110.690000	26.250000	83.507068	80.000000	251.829086	251.729086	251.829086	4.048873	1.630225
-156.525604	18.159599	-110.690000	26.250000	67.275691	85.000000	252.383928	252.383928	252.383928	4.048278	1.700318
-156.025604	18.659599	-110.690000	26.250000	50.322443	87.000000	252.952493	252.952493	253.052493	4.050472	1.766375
-155.525604	19.159599	-110.690000	26.250000	34.109934	93.000000	253.635349	253.535349	253.635349	4.051982	1.928707
-155.025604	19.659599	-110.690000	26.250000	17.614846	96.000000	254.233087	254.133087	254.233087	4.059620	1.987370
-154.525604	20.159599	-110.690000	26.250000	1.433317	89.000000	254.846314	254.746314	254.946314	4.066185	2.042044
-154.025604	20.659599	-110.690000	26.250000	-14.242117	85.000000	255.575657	255.575657	255.675657	4.078145	2.193069
-153.525604	21.159599	-110.690000	26.250000	-29.959009	79.000000	256.321762	256.321762	256.421762	4.087074	2.340487
-153.025604	21.659599	-110.690000	26.250000	-45.236569	76.000000	257.085293	257.085293	257.185293	4.098228	2.483954
-152.525604	22.159599	-110.690000	26.250000	-60.445703	72.000000	257.766932	257.766932	257.866932	4.102970	2.523841
-152.025604	22.659599	-110.690000	26.250000	-75.239869	70.000000	258.367379	258.367379	258.367379	4.106595	2.460177
-151.525604	23.159599	-110.690000	26.250000	-90.154448	68.000000	258.987348	258.987348	258.987348	4.105092	2.392589
-151.025604	23.659599	-110.690000	26.250000	-104.484769	68.000000	259.527571	259.527571	259.527571	4.102816	2.221489
-150.525604	24.159599	-110.690000	26.250000	-119.097487	63.000000	260.188791	260.188791	260.288791	4.099191	2.146884
-150.025604	24.659599	-110.690000	26.250000	-133.313622	56.000000	261.071763	260.971763	261.071763	4.097166	2.268374
-149.525604	25.159599	-110.690000	26.250000	-148.066242	43.000000	261.677252	261.577252	261.677252	4.093204	2.086415
-149.025604	25.659599	-110.690000	26.250000	-162.125323	31.000000	262.406027	262.306027	262.406027	4.086065	2.000989
-156.510101	19.477699	-110.690000	26.250000	56.169848	88.000000	254.216565	254.216565	254.216565	4.037606	2.182383
-153.868195	17.315399	-110.690000	26.250000	9.109532	82.000000	250.210844	250.210844	250.210844	4.083629	0.557620
-159.525604	15.659600	-110.690000	26.250000	163.737034	34.000000	249.880807	249.880807	249.880807	4.054637	1.422091
-159.025604	16.159599	-110.690000	26.250000	146.521428	46.000000	250.383528	250.383528	250.483528	4.047265	1.509268
-158.525604	16.659599	-110.690000	26.250000	129.763526	60.000000	250.897657	250.797657	250.897657	4.046836	1.592253
-158.025604	17.159599	-110.690000	26.250000	112.689831	72.000000	251.323679	251.323679	251.323679	4.046530	1.571467
-157.525604	17.659599	-110.690000	26.250000	96.137146	80.000000	251.962093	251.862093	251.962093	4.042414	1.746923
-157.025604	18.159599	-110.690000	26.250000	79.227033	81.000000	252.513418	252.513418	252.613418	4.044482	1.818245
-156.525604	18.659599	-110.690000	26.250000	63.090807	86.000000	253.078190	253.078190	253.078190	4.044440	1.885874
-156.025604	19.159599	-110.690000	26.250000	46.242067	91.000000	253.656963	253.656963	253.756963	4.046457	1.949830
-155.525604	19.659599	-110.690000	26.250000	30.247939	96.000000	254.350309	254.250309	254.350309	4.049648	2.109698
-155.025604	20.159599	-110.690000	26.250000	13.972599	93.000000	254.958818	254.858818	254.958818	4.057610	2.165945
-154.525604	20.659599	-110.690000	26.250000	-1.949892	89.000000	255.683098	255.583098	255.683098	4.066684	2.318597
-154.025604	21.159599	-110.690000	26.250000	-17.385226	82.000000	256.423775	256.423775	256.423775	4.077617	2.467200
-153.525604	21.659599	-110.690000	26.250000	-32.921563	78.000000	257.181493	257.081493	257.181493	4.084829	2.612243
-153.025604	22.159599	-110.690000	26.250000	-48.026145	73.000000	257.856914	257.756914	257.856914	4.094954	2.653765
-152.525604	22.659599	-110.690000	26.250000	-63.099890	71.000000	258.450713	258.450713	258.450713	4.097984	2.591267
-152.025604	23.159599	-110.690000	26.250000	-77.782305	68.000000	258.963584	258.963584	258.963584	4.101348	2.425264
-151.525604	23.659599	-110.690000	26.250000	-92.537934	69.000000	259.496233	259.496233	259.596233	4.098651	2.255808
-151.025604	24.159599	-110.690000	26.250000	-106.808251	69.000000	260.149381	260.149381	260.149381	4.095845	2.182352
-150.525604	24.659599	-110.690000	26.250000	-121.357714	64.000000	260.923757	260.923757	260.923757	4.096783	2.205439
-150.025604	25.159599	-110.690000	26.250000	-135.416147	51.000000	261.820100	261.720100	261.820100	4.096960	2.325136
-149.525604	25.659599	-110.690000	26.250000	-150.022503	38.000000	262.239155	262.139155	262.239155	4.090715	1.940844
-149.025604	26.159599	-110.690000	26.250000	-164.068984	27.000000	262.781670	262.781670	262.781670	4.081791	1.653137
-156.465103	18.775000	-110.690000	26.250000	60.621898	84.000000	253.211989	253.211989	253.211989	4.043358	1.902098
-153.700806	17.297501	-110.690000	26.250000	5.191261	83.000000	250.200086	250.200086	250.200086	4.085437	0.580931
-159.525604	16.159599	-110.690000	26.250000	159.025095	38.000000	250.423446	250.323446	250.423446	4.047774	1.521997
-159.025604	16.659599	-110.690000	26.250000	141.948083	50.000000	250.834820	250.834820	250.834820	4.044450	1.506630
-158.525604	17.159599	-110.690000	26.250000	125.356786	62.000000	251.457860	251.457860	251.457860	4.041802	1.687284
-158.025604	17.659599	-110.690000	26.250000	108.335669	71.000000	251.993053	251.893053	251.993053	4.039957	1.764072
-157.525604	18.159599	-110.690000	26.250000	91.944267	80.000000	252.640903	252.640903	252.640903	4.039028	1.937041
-157.025604	18.659599	-110.690000	26.250000	75.025086	83.000000	253.201933	253.201933	253.301933	4.038776	2.006103
-156.525604	19.159599	-110.690000	26.250000	59.034074	91.000000	253.776680	253.776680	253.776680	4.038225	2.071368
-156.025604	19.659599	-110.690000	26.250000	42.412803	95.000000	254.365701	254.365701	254.465701	4.043719	2.132887
-155.525604	20.159599	-110.690000	26.250000	26.540957	97.000000	255.069567	254.969567	255.069567	4.048296	2.290565
-155.025604	20.659599	-110.690000	26.250000	10.548567	90.000000	255.688870	255.688870	255.788870	4.058152	2.344504
-154.525604	21.159599	-110.690000	26.250000	-4.991983	84.000000	256.424217	256.424217	256.524217	4.065635	2.494765
-154.025604	21.659599	-110.690000	26.250000	-20.350179	80.000000	257.176232	257.176232	257.176232	4.076331	2.641241
-153.525604	22.159599	-110.690000	26.250000	-35.703404	76.000000	257.845556	257.845556	257.845556	4.082610	2.684030
-153.025604	22.659599	-110.690000	26.250000	-50.691034	73.000000	258.432844	258.432844	258.432844	4.091460	2.623201
-152.525604	23.159599	-110.690000	26.250000	-65.658900	69.000000	258.938768	258.938768	258.938768	4.093476	2.458636
-152.025604	23.659599	-110.690000	26.250000	-80.196309	69.000000	259.464012	259.464012	259.564012	4.095904	2.290429
-151.525604	24.159599	-110.690000	26.250000	-94.900026	69.000000	260.109272	260.109272	260.109272	4.092462	2.218656
-151.025604	24.659599	-110.690000	26.250000	-109.074478	69.000000	260.875255	260.775255	260.875255	4.094082	2.243189
-150.525604	25.159599	-110.690000	26.250000	-123.481245	59.000000	261.562676	261.562676	261.562676	4.095886	2.164118
-150.025604	25.659599	-110.690000	26.250000	-137.427218	45.000000	262.472255	262.372255	262.472255	4.097486	2.281526
-149.525604	26.159599	-110.690000	26.250000	-151.931426	33.000000	262.604715	262.604715	262.704715	4.085438	1.595278
-149.025604	26.659599	-110.690000	26.250000	-165.874427	22.000000	263.260779	263.160779	263.260779	4.076163	1.405456
