-156.387695	17.614901	-110.690000	26.250000	68.536567	78.000000	251.367105	251.367105	251.467105	4.072242	1.238346
-153.503204	19.495199	-110.690000	26.250000	-18.856529	87.000000	253.415232	253.315232	253.515232	4.093111	1.357370
-159.525604	16.659599	-110.690000	26.250000	153.788976	41.000000	250.769948	250.769948	250.769948	4.107137	1.421683
-159.025604	17.159599	-110.690000	26.250000	137.203574	50.000000	251.290035	251.290035	251.290035	4.101404	1.503752
-158.525604	17.659599	-110.690000	26.250000	120.713665	62.000000	251.922043	251.922043	251.922043	4.089452	1.682002
-158.025604	18.159599	-110.690000	26.250000	104.587116	75.000000	252.566461	252.566461	252.666461	4.078536	1.856496
-157.525604	18.659599	-110.690000	26.250000	88.245399	81.000000	253.123797	253.123797	253.223797	4.063029	1.926955
-157.025604	19.159599	-110.690000	26.250000	72.027721	87.000000	253.694576	253.694576	253.694576	4.049279	1.993679
-156.525604	19.659599	-110.690000	26.250000	55.615406	89.000000	254.279336	254.279336	254.279336	4.041710	2.056720
-156.025604	20.159599	-110.690000	26.250000	39.460322	93.000000	254.878634	254.878634	254.878634	4.038516	2.115777
-155.525604	20.659599	-110.690000	26.250000	23.232268	91.000000	255.493045	255.493045	255.493045	4.044218	2.171176
-155.025604	21.159599	-110.690000	26.250000	7.328593	88.000000	256.123156	256.123156	256.123156	4.054634	2.222957
-154.525604	21.659599	-110.690000	26.250000	-8.215800	82.000000	256.769575	256.769575	256.769575	4.068704	2.270798
-154.025604	22.159599	-110.690000	26.250000	-23.293298	77.000000	257.432921	257.432921	257.432921	4.080896	2.315052
-153.525604	22.659599	-110.690000	26.250000	-38.310067	74.000000	258.013830	258.013830	258.013830	4.091122	2.255746
-153.025604	23.159599	-110.690000	26.250000	-53.219104	69.000000	258.612954	258.512954	258.612954	4.093338	2.192531
-152.525604	23.659599	-110.690000	26.250000	-67.979578	69.000000	259.130954	259.030954	259.130954	4.094708	2.025799
-152.025604	24.159599	-110.690000	26.250000	-82.854307	69.000000	259.668505	259.668505	259.668505	4.093216	1.855554
-151.525604	24.659599	-110.690000	26.250000	-97.501928	69.000000	260.326291	260.326291	260.326291	4.090365	1.781426
-151.025604	25.159599	-110.690000	26.250000	-112.006230	64.000000	261.005004	261.005004	261.005004	4.088276	1.703842
-150.525604	25.659599	-110.690000	26.250000	-126.204026	52.000000	261.705342	261.705342	261.705342	4.086924	1.622789
-150.025604	26.159599	-110.690000	26.250000	-140.281291	39.000000	262.328004	262.328004	262.328004	4.086221	1.437866
-149.525604	26.659599	-110.690000	26.250000	-154.013961	27.000000	263.173689	263.173689	263.173689	4.090770	1.449548
-156.206604	16.162001	-110.690000	26.250000	77.388460	68.000000	249.391804	249.391804	249.491804	4.099783	0.723052
-153.295898	18.800900	-110.690000	26.250000	-18.116058	84.000000	252.190779	252.190779	252.290779	4.094585	0.927965
-159.525604	17.159599	-110.690000	26.250000	149.514119	41.000000	251.320279	251.320279	251.320279	4.104757	1.520935
-159.025604	17.659599	-110.690000	26.250000	133.098471	52.000000	251.949136	251.949136	251.949136	4.095002	1.700784
-158.525604	18.159599	-110.690000	26.250000	116.756063	64.000000	252.590164	252.590164	252.690164	4.085548	1.876501
-158.025604	18.659599	-110.690000	26.250000	100.729912	74.000000	253.243856	253.243856	253.243856	4.069164	2.048509
-157.525604	19.159599	-110.690000	26.250000	84.391225	85.000000	253.810721	253.810721	253.810721	4.054560	2.116830
-157.025604	19.659599	-110.690000	26.250000	68.209151	88.000000	254.291285	254.291285	254.291285	4.043187	2.081071
-156.525604	20.159599	-110.690000	26.250000	51.933989	90.000000	254.886089	254.886089	254.886089	4.038277	2.141676
-156.025604	20.659599	-110.690000	26.250000	35.858794	92.000000	255.495689	255.495689	255.495689	4.038357	2.198675
-155.525604	21.159599	-110.690000	26.250000	19.875496	88.000000	256.120657	256.120657	256.120657	4.045409	2.251637
-155.025604	21.659599	-110.690000	26.250000	4.225412	83.000000	256.761582	256.761582	256.761582	4.057229	2.301029
-154.525604	22.159599	-110.690000	26.250000	-11.105582	77.000000	257.419066	257.419066	257.419066	4.072001	2.346888
-154.025604	22.659599	-110.690000	26.250000	-26.056679	75.000000	257.993726	257.993726	257.993726	4.081315	2.288745
-153.525604	23.159599	-110.690000	26.250000	-41.004779	72.000000	258.486191	258.486191	258.486191	4.089955	2.127089
-153.025604	23.659599	-110.690000	26.250000	-55.810929	69.000000	258.997104	258.997104	259.097104	4.091585	1.961969
-152.525604	24.159599	-110.690000	26.250000	-70.525111	69.000000	259.627119	259.527119	259.627119	4.091846	1.892872
-152.025604	24.659599	-110.690000	26.250000	-85.271198	69.000000	260.176897	260.176897	260.276897	4.091292	1.720312
-151.525604	25.159599	-110.690000	26.250000	-99.761390	64.000000	260.847110	260.847110	260.847110	4.089764	1.644352
-151.025604	25.659599	-110.690000	26.250000	-114.141625	57.000000	261.538433	261.438433	261.538433	4.087796	1.564433
-150.525604	26.159599	-110.690000	26.250000	-128.210404	45.000000	262.151543	262.151543	262.151543	4.085133	1.381093
-150.025604	26.659599	-110.690000	26.250000	-142.144503	32.000000	262.787117	262.787117	262.887117	4.083760	1.194412
-149.025604	14.659600	-110.690000	26.250000	-80.657358	21.000000	246.036542	246.036542	246.036542	4.075166	0.222850
-156.167007	18.301001	-110.690000	26.250000	57.475018	84.000000	252.315149	252.315149	252.415149	4.058046	1.496406
-153.292099	20.892599	-110.690000	26.250000	-33.712517	81.000000	255.721153	255.621153	255.721153	4.098611	2.043314
-159.525604	17.659599	-110.690000	26.250000	145.401210	41.000000	251.974405	251.974405	251.974405	4.099969	1.720057
-159.025604	18.159599	-110.690000	26.250000	129.136103	51.000000	252.712083	252.712083	252.712083	4.087737	1.997395
-158.525604	18.659599	-110.690000	26.250000	112.911044	64.000000	253.262179	253.262179	253.262179	4.075670	2.070820
-158.025604	19.159599	-110.690000	26.250000	96.930033	76.000000	253.825186	253.825186	253.825186	4.060928	2.140438
-157.525604	19.659599	-110.690000	26.250000	80.598492	85.000000	254.301617	254.301617	254.401617	4.048122	2.106302
-157.025604	20.159599	-110.690000	26.250000	64.537803	86.000000	254.891997	254.891997	254.891997	4.039648	2.168321
-156.525604	20.659599	-110.690000	26.250000	48.374864	88.000000	255.496867	255.496867	255.496867	4.038045	2.226597
-156.025604	21.159599	-110.690000	26.250000	32.461444	87.000000	256.116783	256.016783	256.116783	4.039034	2.281187
-155.525604	21.659599	-110.690000	26.250000	16.700991	83.000000	256.652316	256.652316	256.652316	4.047970	2.231993
-155.025604	22.159599	-110.690000	26.250000	1.268998	80.000000	257.304050	257.304050	257.304050	4.059659	2.279110
-154.525604	22.659599	-110.690000	26.250000	-13.869960	75.000000	257.872584	257.872584	257.872584	4.073587	2.222604
-154.025604	23.159599	-110.690000	26.250000	-28.786343	73.000000	258.458528	258.458528	258.458528	4.082800	2.162366
-153.525604	23.659599	-110.690000	26.250000	-43.629270	70.000000	258.962506	258.962506	258.962506	4.088468	1.998487
-153.025604	24.159599	-110.690000	26.250000	-58.352609	69.000000	259.485151	259.485151	259.485151	4.089388	1.831040
-152.525604	24.659599	-110.690000	26.250000	-72.976151	69.000000	260.127105	260.127105	260.127105	4.090441	1.759907
-152.025604	25.159599	-110.690000	26.250000	-87.556811	64.000000	260.789018	260.789018	260.789018	4.090961	1.685172
-151.525604	25.659599	-110.690000	26.250000	-101.919377	57.000000	261.471543	261.371543	261.471543	4.090147	1.606917
-151.025604	26.159599	-110.690000	26.250000	-116.188111	49.000000	261.975338	261.975338	261.975338	4.086327	1.325015
-150.525604	26.659599	-110.690000	26.250000	-130.109780	36.000000	262.701059	262.601059	262.701059	4.084518	1.239546
-149.525604	14.659600	-110.690000	26.250000	-68.401599	27.000000	245.959099	245.959099	245.959099	4.078601	0.017028
-149.025604	15.159600	-110.690000	26.250000	-86.216876	27.000000	246.787934	246.687934	246.787934	4.075246	0.378022
-155.996994	20.771000	-110.690000	26.250000	34.356214	89.000000	255.644529	255.644529	255.644529	4.037209	2.226187
-153.290604	17.906200	-110.690000	26.250000	-10.243077	78.000000	250.774583	250.674583	250.774583	4.092810	0.518091
-159.525604	18.159599	-110.690000	26.250000	141.417639	39.000000	252.732287	252.732287	252.732287	4.090618	2.018981
-159.025604	18.659599	-110.690000	26.250000	125.278517	52.000000	253.278833	253.278833	253.278833	4.083020	2.093787
-158.525604	19.159599	-110.690000	26.250000	109.124951	65.000000	253.838037	253.838037	253.838037	4.068266	2.164846
-158.025604	19.659599	-110.690000	26.250000	93.176945	80.000000	254.410396	254.410396	254.410396	4.055002	2.232209
-157.525604	20.159599	-110.690000	26.250000	76.925522	85.000000	254.896422	254.896422	254.896422	4.043903	2.195592
-157.025604	20.659599	-110.690000	26.250000	61.020919	87.000000	255.396641	255.396641	255.496641	4.037828	2.155308
-156.525604	21.159599	-110.690000	26.250000	44.927224	88.000000	256.011593	256.011593	256.011593	4.038042	2.211395
-156.025604	21.659599	-110.690000	26.250000	29.281969	85.000000	256.641832	256.641832	256.641832	4.041456	2.263550
-155.525604	22.159599	-110.690000	26.250000	13.660387	80.000000	257.187925	257.187925	257.187925	4.051493	2.212112
-155.025604	22.659599	-110.690000	26.250000	-1.558758	76.000000	257.750454	257.750454	257.850454	4.063199	2.157105
-154.525604	23.159599	-110.690000	26.250000	-16.583766	74.000000	258.330012	258.330012	258.330012	4.075886	2.098203
-154.025604	23.659599	-110.690000	26.250000	-31.475054	71.000000	258.827202	258.827202	258.827202	4.083121	1.935776
-153.525604	24.159599	-110.690000	26.250000	-46.177552	69.000000	259.442639	259.342639	259.442639	4.086759	1.869832
-153.025604	24.659599	-110.690000	26.250000	-60.812439	69.000000	259.976945	259.976945	260.076945	4.088091	1.700023
-152.525604	25.159599	-110.690000	26.250000	-75.316834	64.000000	260.730750	260.730750	260.730750	4.090523	1.726753
-152.025604	25.659599	-110.690000	26.250000	-89.734196	57.000000	261.304688	261.304688	261.304688	4.091115	1.550009
-151.525604	26.159599	-110.690000	26.250000	-103.988444	50.000000	261.899396	261.899396	261.899396	4.089143	1.369421
-151.025604	26.659599	-110.690000	26.250000	-118.143645	40.000000	262.415511	262.415511	262.415511	4.083899	1.085431
-150.025604	14.659600	-110.690000	26.250000	-56.366708	32.000000	246.076926	246.076926	246.076926	4.080112	0.011930
-149.525604	15.159600	-110.690000	26.250000	-73.947822	34.000000	246.703739	246.703739	246.703739	4.080467	0.174213
-149.025604	15.659600	-110.690000	26.250000	-91.608865	32.000000	247.446227	247.446227	247.446227	4.076310	0.432793
-155.772995	19.079000	-110.690000	26.250000	41.200418	91.000000	253.330893	253.330893	253.330893	4.046631	1.708685
-152.981201	18.301800	-110.690000	26.250000	-21.414213	81.000000	251.302000	251.302000	251.402000	4.099342	0.621696
-159.525604	18.659599	-110.690000	26.250000	137.529333	41.000000	253.293885	253.293885	253.293885	4.088323	2.117485
-159.025604	19.159599	-110.690000	26.250000	121.494481	54.000000	253.849338	253.849338	253.849338	4.075440	2.190116
-158.525604	19.659599	-110.690000	26.250000	105.403624	69.000000	254.317687	254.317687	254.317687	4.062705	2.158672
-158.025604	20.159599	-110.690000	26.250000	89.505905	79.000000	254.899427	254.899427	254.899427	4.049765	2.223579
-157.525604	20.659599	-110.690000	26.250000	73.405070	84.000000	255.395072	255.395072	255.395072	4.041294	2.184867
-157.025604	21.159599	-110.690000	26.250000	57.607337	84.000000	256.005145	255.905145	256.005145	4.037740	2.242130
-156.525604	21.659599	-110.690000	26.250000	41.664700	85.000000	256.530185	256.530185	256.530185	4.039629	2.195810
-156.025604	22.159599	-110.690000	26.250000	26.271971	81.000000	257.070745	257.070745	257.170745	4.044501	2.145948
-155.525604	22.659599	-110.690000	26.250000	10.736633	79.000000	257.627387	257.627387	257.627387	4.055237	2.092099
-155.025604	23.159599	-110.690000	26.250000	-4.298035	75.000000	258.200687	258.200687	258.200687	4.066155	2.034728
-154.525604	23.659599	-110.690000	26.250000	-19.280055	71.000000	258.691231	258.691231	258.691231	4.078504	1.873884
-154.025604	24.159599	-110.690000	26.250000	-34.077445	69.000000	259.299616	259.199616	259.299616	4.084378	1.809085
-153.525604	24.659599	-110.690000	26.250000	-48.658258	69.000000	259.926445	259.826445	259.926445	4.087214	1.740816
-153.025604	25.159599	-110.690000	26.250000	-63.169777	64.000000	260.572329	260.572329	260.572329	4.089249	1.669137
-152.525604	25.659599	-110.690000	26.250000	-77.535568	57.000000	261.237883	261.237883	261.237883	4.092266	1.593526
-152.025604	26.159599	-110.690000	26.250000	-91.834417	50.000000	261.823724	261.823724	261.823724	4.091560	1.414490
-151.525604	26.659599	-110.690000	26.250000	-105.983030	41.000000	262.330471	262.330471	262.330471	4.087094	1.132104
-150.525604	14.659600	-110.690000	26.250000	-44.217489	36.000000	246.090191	246.090191	246.090191	4.080678	-0.092934
-150.025604	15.159600	-110.690000	26.250000	-61.879148	41.000000	246.714950	246.714950	246.714950	4.083599	0.071171
-149.525604	15.659600	-110.690000	26.250000	-79.326562	39.000000	247.355077	247.355077	247.355077	4.083027	0.231277
-149.025604	16.159599	-110.690000	26.250000	-96.824148	36.000000	248.111364	248.111364	248.111364	4.077842	0.487539
-159.664993	22.122999	-110.690000	26.250000	116.742078	43.000000	256.423823	256.423823	256.423823	4.059488	1.953804
-155.765305	26.776699	-110.690000	26.250000	-4.919133	38.000000	260.504398	260.504398	260.504398	4.085813	0.290502
-152.765793	25.592800	-110.690000	26.250000	-71.457672	61.000000	261.094400	261.094400	261.094400	4.090871	1.588445
-159.525604	19.159599	-110.690000	26.250000	133.693639	43.000000	253.859152	253.859152	253.859152	4.081249	2.215886
-159.025604	19.659599	-110.690000	26.250000	117.763542	55.000000	254.323549	254.323549	254.323549	4.068303	2.186037
-158.525604	20.159599	-110.690000	26.250000	101.752741	69.000000	254.801071	254.801071	254.801071	4.058077	2.152340
-158.025604	20.659599	-110.690000	26.250000	85.966287	78.000000	255.392216	255.392216	255.392216	4.046423	2.214893
-157.525604	21.159599	-110.690000	26.250000	70.019765	85.000000	255.897495	255.897495	255.897495	4.040105	2.173754
-157.025604	21.659599	-110.690000	26.250000	54.309517	84.000000	256.417430	256.417430	256.417430	4.039430	2.128830
-156.525604	22.159599	-110.690000	26.250000	38.578132	81.000000	256.952558	256.952558	256.952558	4.042339	2.080214
-156.025604	22.659599	-110.690000	26.250000	23.329630	81.000000	257.503427	257.503427	257.503427	4.048167	2.027971
-155.525604	23.159599	-110.690000	26.250000	7.934683	73.000000	258.070595	258.070595	258.070595	4.059424	1.972000
-155.025604	23.659599	-110.690000	26.250000	-6.985966	71.000000	258.554632	258.554632	258.554632	4.070604	1.812387
-154.525604	24.159599	-110.690000	26.250000	-21.936432	71.000000	259.156116	259.156116	259.156116	4.081013	1.749203
-154.025604	24.659599	-110.690000	26.250000	-36.574145	69.000000	259.675633	259.675633	259.775633	4.084647	1.582340
-153.525604	25.159599	-110.690000	26.250000	-51.060126	64.000000	260.413776	260.313776	260.413776	4.088325	1.611879
-153.025604	25.659599	-110.690000	26.250000	-65.424159	57.000000	261.071141	261.071141	261.071141	4.090373	1.537897
-152.525604	26.159599	-110.690000	26.250000	-79.678241	50.000000	261.748327	261.748327	261.748327	4.093081	1.460277
-152.025604	26.659599	-110.690000	26.250000	-93.877164	41.000000	262.245935	262.245935	262.245935	4.089894	1.179096
-151.025604	14.659600	-110.690000	26.250000	-32.271305	40.000000	246.299059	246.299059	246.299059	4.080979	0.002822
-150.525604	15.159600	-110.690000	26.250000	-49.687319	45.000000	246.721734	246.721734	246.721734	4.084407	-0.031399
-150.025604	15.659600	-110.690000	26.250000	-67.229125	48.000000	247.459478	247.459478	247.459478	4.085832	0.230246
-149.525604	16.159599	-110.690000	26.250000	-84.537785	45.000000	248.013057	248.013057	248.013057	4.086714	0.288065
-149.025604	16.659599	-110.690000	26.250000	-101.860393	39.000000	248.783282	248.783282	248.783282	4.080094	0.542185
-159.401001	21.971001	-110.690000	26.250000	111.183153	48.000000	256.221190	256.221190	256.321190	4.059424	1.867892
-155.714996	18.000299	-110.690000	26.250000	48.502315	86.000000	251.784102	251.684102	251.784102	4.061484	1.290115
-152.132401	18.481400	-110.690000	26.250000	-43.343896	77.000000	251.350720	251.350720	251.450720	4.114720	0.519690
-159.525604	19.659599	-110.690000	26.250000	129.932153	42.000000	254.228042	254.228042	254.228042	4.077682	2.114109
-159.025604	20.159599	-110.690000	26.250000	114.107072	57.000000	254.801411	254.801411	254.801411	4.063243	2.181759
-158.525604	20.659599	-110.690000	26.250000	98.225666	70.000000	255.288130	255.288130	255.288130	4.053545	2.145733
-158.025604	21.159599	-110.690000	26.250000	82.560799	77.000000	255.788695	255.788695	255.888695	4.045398	2.106068
-157.525604	21.659599	-110.690000	26.250000	66.718512	82.000000	256.303617	256.303617	256.303617	4.041105	2.062477
-157.025604	22.159599	-110.690000	26.250000	51.151574	82.000000	256.833414	256.833414	256.833414	4.041968	2.015285
-156.525604	22.659599	-110.690000	26.250000	35.648183	78.000000	257.378621	257.378621	257.378621	4.045650	1.964516
-156.025604	23.159599	-110.690000	26.250000	20.439943	74.000000	257.939779	257.839779	257.939779	4.053683	1.909864
-155.525604	23.659599	-110.690000	26.250000	5.227620	71.000000	258.417442	258.317442	258.417442	4.064213	1.751682
-155.025604	24.159599	-110.690000	26.250000	-9.670901	70.000000	259.012172	258.912172	259.012172	4.075874	1.689977
-154.525604	24.659599	-110.690000	26.250000	-24.517694	70.000000	259.524536	259.524536	259.524536	4.082745	1.524422
-154.025604	25.159599	-110.690000	26.250000	-38.984382	64.000000	260.155111	260.155111	260.155111	4.085368	1.455402
-153.525604	25.659599	-110.690000	26.250000	-53.366674	57.000000	260.904476	260.904476	260.904476	4.089380	1.482906
-153.025604	26.159599	-110.690000	26.250000	-67.611574	50.000000	261.573212	261.573212	261.573212	4.091746	1.406585
-152.525604	26.659599	-110.690000	26.250000	-81.755671	41.000000	262.161903	262.161903	262.161903	4.092129	1.226859
-151.525604	14.659600	-110.690000	26.250000	-20.138761	40.000000	246.303685	246.303685	246.303685	4.081257	-0.100686
-151.025604	15.159600	-110.690000	26.250000	-37.702864	49.000000	246.924252	246.924252	246.924252	4.084309	0.066386
-150.525604	15.659600	-110.690000	26.250000	-55.003689	54.000000	247.359594	247.359594	247.359594	4.087967	0.029733
-150.025604	16.159599	-110.690000	26.250000	-72.420377	54.000000	248.110454	248.010454	248.110454	4.089850	0.289326
-149.525604	16.659599	-110.690000	26.250000	-89.604598	49.000000	248.677618	248.677618	248.677618	4.090350	0.344705
-149.025604	17.159599	-110.690000	26.250000	-106.733317	39.000000	249.361905	249.361905	249.461905	4.087373	0.496431
-158.982498	15.574000	-110.690000	26.250000	150.419329	40.000000	249.704506	249.704506	249.804506	4.116119	1.359490
-155.710999	20.046000	-110.690000	26.250000	32.261179	95.000000	254.684031	254.584031	254.684031	4.042914	2.032841
-151.686600	14.689100	-110.690000	26.250000	-16.615535	39.000000	246.443031	246.443031	246.443031	4.083043	-0.027552
-159.525604	20.159599	-110.690000	26.250000	126.281696	45.000000	254.700502	254.700502	254.700502	4.071875	2.111927
-159.025604	20.659599	-110.690000	26.250000	110.583624	59.000000	255.282867	255.282867	255.282867	4.058131	2.177445
-158.525604	21.159599	-110.690000	26.250000	94.841511	67.000000	255.778799	255.778799	255.778799	4.050683	2.138947
-158.025604	21.659599	-110.690000	26.250000	79.271166	76.000000	256.188795	256.188795	256.288795	4.045990	1.996856
-157.525604	22.159599	-110.690000	26.250000	63.502574	82.000000	256.713360	256.713360	256.713360	4.043672	1.951211
-157.025604	22.659599	-110.690000	26.250000	48.162563	79.000000	257.253012	257.253012	257.253012	4.045044	1.901594
-156.525604	23.159599	-110.690000	26.250000	32.765459	76.000000	257.708278	257.708278	257.708278	4.049364	1.748447
-156.025604	23.659599	-110.690000	26.250000	17.625584	71.000000	258.179697	258.179697	258.279697	4.057876	1.591817
-155.525604	24.159599	-110.690000	26.250000	2.553168	70.000000	258.767813	258.767813	258.767813	4.070604	1.531250
-155.025604	24.659599	-110.690000	26.250000	-12.327959	70.000000	259.373179	259.373179	259.373179	4.079248	1.467208
-154.525604	25.159599	-110.690000	26.250000	-27.015521	65.000000	259.896355	259.896355	259.996355	4.084154	1.299749
-154.025604	25.659599	-110.690000	26.250000	-41.316786	58.000000	260.637902	260.637902	260.737902	4.086939	1.328379
-153.525604	26.159599	-110.690000	26.250000	-55.585161	51.000000	261.398386	261.398386	261.398386	4.090549	1.353583
-153.025604	26.659599	-110.690000	26.250000	-69.738754	41.000000	261.978371	261.978371	261.978371	4.091558	1.175428
-152.025604	14.659600	-110.690000	26.250000	-8.127212	41.000000	246.404218	246.404218	246.404218	4.083249	-0.103919
-151.525604	15.159600	-110.690000	26.250000	-25.554356	49.000000	246.822656	246.822656	246.822656	4.084427	-0.135051
-151.025604	15.659600	-110.690000	26.250000	-42.994976	58.000000	247.455581	247.455581	247.455581	4.088635	0.029815
-150.525604	16.159599	-110.690000	26.250000	-60.169443	61.000000	248.003715	248.003715	248.003715	4.093396	0.090823
-150.025604	16.659599	-110.690000	26.250000	-77.470539	58.000000	248.667820	248.667820	248.767820	4.095156	0.248007
-149.525604	17.159599	-110.690000	26.250000	-94.479834	50.000000	249.348687	249.348687	249.348687	4.095357	0.401245
-149.025604	17.659599	-110.690000	26.250000	-111.442675	40.000000	250.047150	250.047150	250.147150	4.095175	0.550683
-158.933105	24.573799	-110.690000	26.250000	83.350223	53.000000	257.906705	257.906705	257.906705	4.067892	0.855840
-155.679398	21.205500	-110.690000	26.250000	23.393778	88.000000	256.147939	256.147939	256.147939	4.043445	2.238773
-151.637604	16.737801	-110.690000	26.250000	-38.983319	73.000000	248.792600	248.792600	248.792600	4.098000	0.032731
-159.525604	20.659599	-110.690000	26.250000	122.775351	46.000000	255.076479	255.076479	255.076479	4.069168	2.009666
-159.025604	21.159599	-110.690000	26.250000	107.213273	57.000000	255.667856	255.667856	255.667856	4.056905	2.072737
-158.525604	21.659599	-110.690000	26.250000	91.613540	66.000000	256.173011	256.173011	256.173011	4.050233	2.032022
-158.025604	22.159599	-110.690000	26.250000	76.055627	74.000000	256.592439	256.592439	256.692439	4.046963	1.887612
-157.525604	22.659599	-110.690000	26.250000	60.436414	79.000000	257.026641	257.026641	257.126641	4.047647	1.739570
-157.025604	23.159599	-110.690000	26.250000	45.250082	75.000000	257.576131	257.476131	257.576131	4.049055	1.687801
-156.525604	23.659599	-110.690000	26.250000	29.894247	71.000000	258.041431	257.941431	258.041431	4.054763	1.532391
-156.025604	24.159599	-110.690000	26.250000	14.905706	70.000000	258.623071	258.523071	258.623071	4.065736	1.473408
-155.525604	24.659599	-110.690000	26.250000	-0.147434	70.000000	259.221588	259.121588	259.221588	4.075129	1.410751
-155.025604	25.159599	-110.690000	26.250000	-14.887948	66.000000	259.737526	259.737526	259.737526	4.081613	1.244498
-154.525604	25.659599	-110.690000	26.250000	-29.419402	58.000000	260.371432	260.371432	260.371432	4.085790	1.174724
-154.025604	26.159599	-110.690000	26.250000	-43.578908	51.000000	261.123853	261.123853	261.123853	4.089422	1.201322
-153.525604	26.659599	-110.690000	26.250000	-57.738484	42.000000	261.795339	261.795339	261.795339	4.091192	1.124363
-152.525604	14.659600	-110.690000	26.250000	4.143868	41.000000	246.300804	246.300804	246.300804	4.083477	-0.306509
-152.025604	15.159600	-110.690000	26.250000	-13.553569	50.000000	247.017094	247.017094	247.017094	4.086793	-0.035984
-151.525604	15.659600	-110.690000	26.250000	-30.826927	58.000000	247.447591	247.447591	247.447591	4.088520	-0.069595
-151.025604	16.159599	-110.690000	26.250000	-48.128768	66.000000	248.092995	248.092995	248.092995	4.093327	0.092961
-150.525604	16.659599	-110.690000	26.250000	-65.182485	65.000000	248.654043	248.654043	248.654043	4.098142	0.151796
-150.025604	17.159599	-110.690000	26.250000	-82.362046	59.000000	249.331505	249.331505	249.331505	4.100791	0.306538
-149.525604	17.659599	-110.690000	26.250000	-99.203841	50.000000	250.026184	250.026184	250.026184	4.101725	0.457524
-149.025604	18.159599	-110.690000	26.250000	-115.983125	40.000000	250.838923	250.838923	250.838923	4.100305	0.704854
-158.903000	21.298401	-110.690000	26.250000	103.304982	59.000000	255.912751	255.812751	255.912751	4.052320	2.169471
-155.636200	22.299900	-110.690000	26.250000	15.566963	79.000000	257.335139	257.335139	257.335139	4.050860	2.214389
-150.914993	18.914200	-110.690000	26.250000	-76.523700	67.000000	252.006858	251.906858	252.006858	4.126801	0.741487
-159.525604	21.159599	-110.690000	26.250000	119.436007	46.000000	255.555913	255.555913	255.555913	4.064713	2.007250
-159.025604	21.659599	-110.690000	26.250000	104.002175	56.000000	256.156313	256.056313	256.156313	4.054118	2.067850
-158.525604	22.159599	-110.690000	26.250000	88.421768	66.000000	256.570695	256.470695	256.570695	4.051019	1.924842
-158.025604	22.659599	-110.690000	26.250000	72.916865	74.000000	256.999548	256.999548	256.999548	4.048975	1.778250
-157.525604	23.159599	-110.690000	26.250000	57.510937	77.000000	257.443373	257.343373	257.443373	4.050215	1.627784
-157.025604	23.659599	-110.690000	26.250000	42.324114	73.000000	257.902676	257.802676	257.902676	4.053608	1.473782
-156.525604	24.159599	-110.690000	26.250000	27.091471	72.000000	258.377973	258.377973	258.377973	4.063041	1.316252
-156.025604	24.659599	-110.690000	26.250000	12.199547	70.000000	258.969787	258.969787	258.969787	4.071982	1.254887
-155.525604	25.159599	-110.690000	26.250000	-2.810131	65.000000	259.478645	259.478645	259.578645	4.078740	1.090051
-155.025604	25.659599	-110.690000	26.250000	-17.334886	59.000000	260.105078	260.105078	260.105078	4.083987	1.021737
-154.525604	26.159599	-110.690000	26.250000	-31.734409	51.000000	260.749620	260.749620	260.749620	4.086942	0.949618
-154.025604	26.659599	-110.690000	26.250000	-45.785482	42.000000	261.512806	261.512806	261.512806	4.090291	0.974089
-153.025604	14.659600	-110.690000	26.250000	16.249900	40.000000	246.293580	246.293580	246.293580	4.083588	-0.408348
-152.525604	15.159600	-110.690000	26.250000	-1.318067	50.000000	246.907708	246.907708	246.907708	4.087510	-0.236529
-152.025604	15.659600	-110.690000	26.250000	-18.816768	59.000000	247.535767	247.535767	247.535767	4.089000	-0.068458
-151.525604	16.159599	-110.690000	26.250000	-35.936643	65.000000	248.078439	247.978439	248.078439	4.093872	-0.004154
-151.025604	16.659599	-110.690000	26.250000	-53.099964	72.000000	248.636438	248.636438	248.636438	4.099135	0.055945
-150.525604	17.159599	-110.690000	26.250000	-70.069589	67.000000	249.310509	249.310509	249.310509	4.104208	0.212369
-150.025604	17.659599	-110.690000	26.250000	-87.108668	60.000000	250.001431	250.001431	250.101431	4.108648	0.365108
-149.525604	18.159599	-110.690000	26.250000	-103.753028	49.000000	250.810019	250.810019	250.810019	4.107034	0.613671
-149.025604	18.659599	-110.690000	26.250000	-120.348531	40.000000	251.637124	251.637124	251.637124	4.106486	0.858626
-158.760193	18.564699	-110.690000	26.250000	119.476545	59.000000	253.236661	253.236661	253.236661	4.077964	2.138354
-154.994400	21.507000	-110.690000	26.250000	4.364636	81.000000	256.523706	256.523706	256.623706	4.055649	2.232342
-149.000900	16.989000	-110.690000	26.250000	-105.681446	37.000000	249.181087	249.181087	249.181087	4.084609	0.533802
-159.525604	21.659599	-110.690000	26.250000	116.225009	46.000000	256.038743	256.038743	256.038743	4.060305	2.004441
-159.025604	22.159599	-110.690000	26.250000	100.840211	55.000000	256.548170	256.448170	256.548170	4.053661	1.962952
-158.525604	22.659599	-110.690000	26.250000	85.211006	65.000000	256.871774	256.871774	256.871774	4.053696	1.717502
-158.025604	23.159599	-110.690000	26.250000	69.906795	71.000000	257.310041	257.310041	257.310041	4.052307	1.568514
-157.525604	23.659599	-110.690000	26.250000	54.586260	73.000000	257.663466	257.663466	257.763466	4.054375	1.316035
-157.025604	24.159599	-110.690000	26.250000	39.418279	71.000000	258.132549	258.132549	258.232549	4.061269	1.159635
-156.525604	24.659599	-110.690000	26.250000	24.367529	71.000000	258.717799	258.717799	258.817799	4.069083	1.099755
-156.025604	25.159599	-110.690000	26.250000	9.477631	65.000000	259.419728	259.419728	259.419728	4.076832	1.136449
-155.525604	25.659599	-110.690000	26.250000	-5.361721	58.000000	259.838853	259.838853	259.838853	4.082282	0.869255
-155.025604	26.159599	-110.690000	26.250000	-19.702420	51.000000	260.475694	260.475694	260.475694	4.086257	0.798631
-154.525604	26.659599	-110.690000	26.250000	-33.970145	42.000000	261.130770	261.130770	261.130770	4.088619	0.724642
-153.525604	14.659600	-110.690000	26.250000	28.372653	40.000000	246.282680	246.282680	246.282680	4.084067	-0.509872
-153.025604	15.159600	-110.690000	26.250000	10.755873	51.000000	246.994632	246.994632	246.994632	4.088621	-0.236282
-152.525604	15.659600	-110.690000	26.250000	-6.630033	61.000000	247.520248	247.520248	247.520248	4.090813	-0.166701
-152.025604	16.159599	-110.690000	26.250000	-23.943990	68.000000	248.160189	248.160189	248.160189	4.093422	-0.000991
-151.525604	16.659599	-110.690000	26.250000	-40.911098	74.000000	248.615147	248.615147	248.615147	4.097615	-0.039115
-151.025604	17.159599	-110.690000	26.250000	-57.940717	73.000000	249.285845	249.285845	249.285845	4.104455	0.118812
-150.525604	17.659599	-110.690000	26.250000	-74.806347	67.000000	249.973038	249.973038	249.973038	4.110261	0.272930
-150.025604	18.159599	-110.690000	26.250000	-91.654988	60.000000	250.777513	250.777513	250.777513	4.115437	0.523280
-149.525604	18.659599	-110.690000	26.250000	-108.155273	49.000000	251.600094	251.600094	251.600094	4.112963	0.769736
-149.025604	19.159599	-110.690000	26.250000	-124.531432	40.000000	252.441639	252.441639	252.441639	4.115778	1.012434
-158.185394	22.620199	-110.690000	26.250000	77.065746	73.000000	256.898970	256.898970	256.898970	4.050091	1.739530
-154.983002	19.601000	-110.690000	26.250000	17.254452	94.000000	253.929659	253.929659	254.029659	4.055088	1.747511
-159.525604	22.159599	-110.690000	26.250000	113.051150	44.000000	256.424904	256.424904	256.424904	4.057970	1.901580
-159.025604	22.659599	-110.690000	26.250000	97.618112	53.000000	256.843355	256.743355	256.843355	4.056581	1.757674
-158.525604	23.159599	-110.690000	26.250000	82.085543	63.000000	257.176170	257.076170	257.176170	4.057457	1.510044
-158.025604	23.659599	-110.690000	26.250000	66.949924	69.000000	257.523831	257.523831	257.623831	4.057256	1.258772
-157.525604	24.159599	-110.690000	26.250000	51.620807	71.000000	257.986824	257.986824	258.086824	4.060929	1.103924
-157.025604	24.659599	-110.690000	26.250000	36.593316	70.000000	258.565646	258.565646	258.665646	4.066593	1.045406
-156.525604	25.159599	-110.690000	26.250000	21.631440	65.000000	259.160793	259.160793	259.260793	4.073901	0.983295
-156.025604	25.659599	-110.690000	26.250000	6.832039	58.000000	259.672770	259.672770	259.672770	4.080437	0.817664
-155.525604	26.159599	-110.690000	26.250000	-7.785073	50.000000	260.202081	260.202081	260.202081	4.085089	0.648410
-155.025604	26.659599	-110.690000	26.250000	-22.015035	41.000000	260.849232	260.849232	260.849232	4.087428	0.575606
-154.025604	14.659600	-110.690000	26.250000	40.512093	39.000000	246.268231	246.268231	246.268231	4.083671	-0.610729
-153.525604	15.159600	-110.690000	26.250000	22.926724	51.000000	246.977998	246.977998	246.977998	4.088641	-0.335501
-153.025604	15.659600	-110.690000	26.250000	5.410097	62.000000	247.601167	247.601167	247.601167	4.091171	-0.164410
-152.525604	16.159599	-110.690000	26.250000	-11.823050	70.000000	248.138379	248.138379	248.138379	4.094427	-0.097163
-152.025604	16.659599	-110.690000	26.250000	-28.938463	75.000000	248.690308	248.690308	248.690308	4.096431	-0.033656
-151.525604	17.159599	-110.690000	26.250000	-45.741625	75.000000	249.357652	249.257652	249.357652	4.103729	0.125761
-151.025604	17.659599	-110.690000	26.250000	-62.656255	74.000000	249.941145	249.941145	250.041145	4.111706	0.181413
-150.525604	18.159599	-110.690000	26.250000	-79.374735	67.000000	250.741547	250.741547	250.741547	4.117639	0.433394
-150.025604	18.659599	-110.690000	26.250000	-96.050011	59.000000	251.559656	251.559656	251.559656	4.121451	0.681320
-149.525604	19.159599	-110.690000	26.250000	-112.364411	49.000000	252.396302	252.396302	252.496302	4.119176	0.925556
-149.025604	19.659599	-110.690000	26.250000	-128.526082	39.000000	253.352347	253.252347	253.352347	4.118847	1.266180
-158.179504	20.377800	-110.690000	26.250000	91.723100	74.000000	255.062739	255.062739	255.062739	4.048855	2.177761
-154.797394	18.803101	-110.690000	26.250000	18.842264	90.000000	252.695387	252.595387	252.795387	4.061823	1.381090
-159.525604	22.659599	-110.690000	26.250000	109.810735	44.000000	256.714327	256.714327	256.814327	4.059720	1.698583
-159.025604	23.159599	-110.690000	26.250000	94.391313	54.000000	257.141793	257.041793	257.141793	4.059346	1.552238
-158.525604	23.659599	-110.690000	26.250000	79.051752	62.000000	257.383800	257.383800	257.483800	4.061359	1.202350
-158.025604	24.159599	-110.690000	26.250000	63.938127	66.000000	257.940826	257.940826	257.940826	4.060250	1.148929
-157.525604	24.659599	-110.690000	26.250000	48.702231	71.000000	258.413350	258.413350	258.413350	4.063804	0.991687
-157.025604	25.159599	-110.690000	26.250000	33.824388	66.000000	259.001858	259.001858	259.101858	4.070038	0.930969
-156.525604	25.659599	-110.690000	26.250000	18.895975	58.000000	259.506840	259.506840	259.506840	4.077744	0.766770
-156.025604	26.159599	-110.690000	26.250000	4.330029	51.000000	260.028787	260.028787	260.028787	4.084013	0.598784
-155.525604	26.659599	-110.690000	26.250000	-10.129089	41.000000	260.568191	260.568191	260.568191	4.086485	0.427384
-154.525604	14.659600	-110.690000	26.250000	52.549089	40.000000	246.450357	246.450357	246.450357	4.088276	-0.510818
-154.025604	15.159600	-110.690000	26.250000	35.053473	51.000000	247.057931	246.957931	247.057931	4.088627	-0.334296
-153.525604	15.659600	-110.690000	26.250000	17.605424	62.000000	247.678651	247.678651	247.678651	4.091156	-0.161544
-153.025604	16.159599	-110.690000	26.250000	0.208995	72.000000	248.313140	248.313140	248.313140	4.093512	0.007427
-152.525604	16.659599	-110.690000	26.250000	-16.870192	77.000000	248.762051	248.762051	248.762051	4.096610	-0.027802
-152.025604	17.159599	-110.690000	26.250000	-33.770994	77.000000	249.326063	249.326063	249.426063	4.100338	0.033276
-151.525604	17.659599	-110.690000	26.250000	-50.457628	75.000000	250.005885	250.005885	250.005885	4.109583	0.190655
-151.025604	18.159599	-110.690000	26.250000	-67.242002	74.000000	250.802256	250.702256	250.802256	4.118081	0.443870
-150.525604	18.659599	-110.690000	26.250000	-83.775610	67.000000	251.515946	251.515946	251.515946	4.123882	0.593459
-150.025604	19.159599	-110.690000	26.250000	-100.267201	58.000000	252.447758	252.447758	252.447758	4.124562	0.939430
-149.525604	19.659599	-110.690000	26.250000	-116.379487	48.000000	253.298525	253.298525	253.298525	4.123209	1.181260
-149.025604	20.159599	-110.690000	26.250000	-132.338796	39.000000	254.169116	254.169116	254.169116	4.123853	1.419527
-157.931000	21.646000	-110.690000	26.250000	77.007976	77.000000	256.234712	256.234712	256.234712	4.045138	2.047306
-154.691299	17.180099	-110.690000	26.250000	30.532187	81.000000	250.133662	250.133662	250.233662	4.079027	0.557084
-159.525604	23.159599	-110.690000	26.250000	106.533902	44.000000	257.006941	256.906941	257.006941	4.062321	1.495209
-159.025604	23.659599	-110.690000	26.250000	91.243387	52.000000	257.243404	257.243404	257.343404	4.067072	1.146815
-158.525604	24.159599	-110.690000	26.250000	76.003000	59.000000	257.794578	257.694578	257.794578	4.062282	1.094514
-158.025604	24.659599	-110.690000	26.250000	60.918434	66.000000	258.260932	258.260932	258.360932	4.063586	0.938728
-157.525604	25.159599	-110.690000	26.250000	45.868183	65.000000	258.742939	258.742939	258.842939	4.068159	0.779510
-157.025604	25.659599	-110.690000	26.250000	31.074899	59.000000	259.341074	259.341074	259.341074	4.074617	0.716423
-156.525604	26.159599	-110.690000	26.250000	16.281394	51.000000	259.755817	259.755817	259.755817	4.080537	0.449902
-156.025604	26.659599	-110.690000	26.250000	1.931745	41.000000	260.387646	260.387646	260.387646	4.086116	0.380011
-155.025604	14.659600	-110.690000	26.250000	64.671012	40.000000	246.429175	246.429175	246.529175	4.090750	-0.610554
-154.525604	15.159600	-110.690000	26.250000	47.077801	51.000000	247.234551	247.234551	247.234551	4.091154	-0.232284
-154.025604	15.659600	-110.690000	26.250000	29.731723	61.000000	247.752822	247.752822	247.752822	4.089151	-0.158032
-153.525604	16.159599	-110.690000	26.250000	12.425079	71.000000	248.284595	248.284595	248.284595	4.090671	-0.087664
-153.025604	16.659599	-110.690000	26.250000	-4.831940	79.000000	248.930503	248.930503	248.930503	4.094844	0.078857
-152.525604	17.159599	-110.690000	26.250000	-21.754607	78.000000	249.491205	249.391205	249.491205	4.099461	0.141427
-152.025604	17.659599	-110.690000	26.250000	-38.482238	78.000000	250.067388	250.067388	250.067388	4.106167	0.200177
-151.525604	18.159599	-110.690000	26.250000	-55.041413	75.000000	250.759769	250.759769	250.759769	4.116163	0.355150
-151.025604	18.659599	-110.690000	26.250000	-71.653520	73.000000	251.569093	251.569093	251.569093	4.124158	0.606229
-150.525604	19.159599	-110.690000	26.250000	-88.003552	65.000000	252.396137	252.396137	252.396137	4.127710	0.853543
-150.025604	19.659599	-110.690000	26.250000	-104.312934	57.000000	253.341706	253.241706	253.341706	4.126553	1.197144
-149.525604	20.159599	-110.690000	26.250000	-120.211978	48.000000	254.206639	254.206639	254.206639	4.123466	1.436902
-149.025604	20.659599	-110.690000	26.250000	-135.964539	38.000000	255.091805	255.091805	255.091805	4.123075	1.672941
-157.859100	14.659600	-110.690000	26.250000	132.567211	38.000000	247.852035	247.852035	247.852035	4.115692	0.436866
-154.617798	20.088900	-110.690000	26.250000	4.331348	90.000000	254.581983	254.481983	254.581983	4.063638	1.858235
-159.525604	23.659599	-110.690000	26.250000	103.313500	42.000000	257.102670	257.102670	257.202670	4.070771	1.091806
-159.025604	24.159599	-110.690000	26.250000	88.137363	52.000000	257.648107	257.548107	257.648107	4.065382	1.041027
-158.525604	24.659599	-110.690000	26.250000	72.928577	59.000000	258.108414	258.008414	258.108414	4.065137	0.886581
-158.025604	25.159599	-110.690000	26.250000	57.982575	60.000000	258.584052	258.584052	258.584052	4.067860	0.728544
-157.525604	25.659599	-110.690000	26.250000	43.088587	59.000000	259.075484	259.075484	259.175484	4.072813	0.566986
-157.025604	26.159599	-110.690000	26.250000	28.390376	51.000000	259.583178	259.583178	259.583178	4.078282	0.401813
-156.525604	26.659599	-110.690000	26.250000	13.834864	41.000000	260.107599	260.107599	260.107599	4.082666	0.233094
-155.525604	14.659600	-110.690000	26.250000	76.557248	40.000000	246.804800	246.804800	246.804800	4.099309	-0.309597
-155.025604	15.159600	-110.690000	26.250000	59.218867	50.000000	247.307974	247.307974	247.307974	4.093819	-0.229708
-154.525604	15.659600	-110.690000	26.250000	41.770375	61.000000	247.923799	247.923799	247.923799	4.091031	-0.053961
-154.025604	16.159599	-110.690000	26.250000	24.540621	70.000000	248.452863	248.452863	248.452863	4.088532	0.017932
-153.525604	16.659599	-110.690000	26.250000	7.392056	79.000000	248.995784	248.995784	248.995784	4.090359	0.086066
-153.025604	17.159599	-110.690000	26.250000	-9.713882	79.000000	249.553200	249.553200	249.553200	4.095403	0.150111
-152.525604	17.659599	-110.690000	26.250000	-26.478856	81.000000	250.125777	250.125777	250.125777	4.102969	0.210383
-152.025604	18.159599	-110.690000	26.250000	-43.061149	79.000000	250.814210	250.814210	250.914210	4.111342	0.366965
-151.525604	18.659599	-110.690000	26.250000	-59.472529	75.000000	251.619221	251.619221	251.619221	4.121693	0.619500
-151.025604	19.159599	-110.690000	26.250000	-75.903258	72.000000	252.441561	252.341561	252.441561	4.128844	0.868338
-150.525604	19.659599	-110.690000	26.250000	-92.056209	65.000000	253.282010	253.182010	253.282010	4.131000	1.113548
-150.025604	20.159599	-110.690000	26.250000	-108.156923	57.000000	254.241379	254.141379	254.241379	4.126210	1.454743
-149.525604	20.659599	-110.690000	26.250000	-123.847776	48.000000	255.120506	255.020506	255.120506	4.122866	1.692312
-149.025604	21.159599	-110.690000	26.250000	-139.373295	38.000000	255.920262	255.920262	255.920262	4.122787	1.826309
-157.700806	16.348400	-110.690000	26.250000	111.791208	69.000000	250.287718	250.287718	250.387718	4.103081	1.321157
-154.495895	18.401699	-110.690000	26.250000	14.686668	87.000000	251.977592	251.877592	252.077592	4.070941	1.107640
-159.525604	24.159599	-110.690000	26.250000	100.151090	42.000000	257.401434	257.401434	257.401434	4.071743	0.888288
-159.025604	24.659599	-110.690000	26.250000	85.028658	50.000000	257.855814	257.855814	257.955814	4.070614	0.735099
-158.525604	25.159599	-110.690000	26.250000	69.906331	53.000000	258.325213	258.325213	258.325213	4.070150	0.578430
-158.025604	25.659599	-110.690000	26.250000	55.153420	53.000000	258.910082	258.910082	258.910082	4.072314	0.518279
-157.525604	26.159599	-110.690000	26.250000	40.355568	51.000000	259.410876	259.310876	259.410876	4.076656	0.354355
-157.025604	26.659599	-110.690000	26.250000	25.851229	41.000000	259.928050	259.928050	259.928050	4.080702	0.187014
-156.025604	14.659600	-110.690000	26.250000	88.646579	41.000000	246.877342	246.877342	246.977342	4.103171	-0.307854
-155.525604	15.159600	-110.690000	26.250000	71.157192	50.000000	247.578312	247.578312	247.578312	4.099594	-0.026673
-155.025604	15.659600	-110.690000	26.250000	53.887636	61.000000	248.091694	248.091694	248.191694	4.093428	0.050716
-154.525604	16.159599	-110.690000	26.250000	36.595060	72.000000	248.718061	248.718061	248.718061	4.088963	0.224308
-154.025604	16.659599	-110.690000	26.250000	19.492712	79.000000	249.258011	249.158011	249.258011	4.085992	0.293706
-153.525604	17.159599	-110.690000	26.250000	2.486476	80.000000	249.712165	249.712165	249.712165	4.089989	0.259390
-153.025604	17.659599	-110.690000	26.250000	-14.446536	82.000000	250.281169	250.181169	250.281169	4.095811	0.321362
-152.525604	18.159599	-110.690000	26.250000	-31.048393	82.000000	250.965697	250.865697	250.965697	4.107888	0.479180
-152.025604	18.659599	-110.690000	26.250000	-47.493166	80.000000	251.666448	251.666448	251.666448	4.116884	0.633356
-151.525604	19.159599	-110.690000	26.250000	-63.719027	74.000000	252.484149	252.384149	252.484149	4.125687	0.883899
-151.025604	19.659599	-110.690000	26.250000	-79.947089	70.000000	253.319557	253.219557	253.319557	4.131091	1.130318
-150.525604	20.159599	-110.690000	26.250000	-95.899635	64.000000	254.173452	254.173452	254.173452	4.132246	1.373159
-150.025604	20.659599	-110.690000	26.250000	-111.817517	57.000000	255.046648	255.046648	255.146648	4.127424	1.612443
-149.525604	21.159599	-110.690000	26.250000	-127.261082	47.000000	255.939983	255.939983	255.939983	4.121249	1.847624
-149.025604	21.659599	-110.690000	26.250000	-142.566972	38.000000	256.654326	256.654326	256.654326	4.123911	1.879282
-157.627594	20.346100	-110.690000	26.250000	78.155111	82.000000	255.097648	255.097648	255.097648	4.042041	2.212791
-154.482803	21.001900	-110.690000	26.250000	-5.242601	83.000000	255.872720	255.872720	255.972720	4.066816	2.119659
-159.525604	24.659599	-110.690000	26.250000	97.001029	39.000000	257.603153	257.603153	257.603153	4.076690	0.584408
-159.025604	25.159599	-110.690000	26.250000	81.962378	45.000000	258.066438	258.066438	258.066438	4.076044	0.429209
-158.525604	25.659599	-110.690000	26.250000	67.014982	47.000000	258.544878	258.544878	258.544878	4.076224	0.270157
-158.025604	26.159599	-110.690000	26.250000	52.408726	47.000000	259.238918	259.238918	259.238918	4.075824	0.307670
-157.525604	26.659599	-110.690000	26.250000	37.743145	40.000000	259.649000	259.649000	259.649000	4.079373	0.041807
-156.525604	14.659600	-110.690000	26.250000	100.462438	41.000000	247.346906	247.346906	247.346906	4.111347	0.094282
-156.025604	15.159600	-110.690000	26.250000	83.298575	51.000000	247.745672	247.745672	247.745672	4.104368	0.077186
-155.525604	15.659600	-110.690000	26.250000	65.891995	61.000000	248.456618	248.356618	248.456618	4.098267	0.356064
-155.025604	16.159599	-110.690000	26.250000	48.724559	71.000000	248.880297	248.880297	248.980297	4.088500	0.331044
-154.525604	16.659599	-110.690000	26.250000	31.583865	81.000000	249.417295	249.417295	249.417295	4.084833	0.402166
-154.025604	17.159599	-110.690000	26.250000	14.580947	81.000000	249.868212	249.868212	249.868212	4.083222	0.369331
-153.525604	17.659599	-110.690000	26.250000	-2.295541	83.000000	250.433677	250.333677	250.433677	4.088727	0.432665
-153.025604	18.159599	-110.690000	26.250000	-19.047854	84.000000	251.114343	251.014343	251.114343	4.099073	0.592212
-152.525604	18.659599	-110.690000	26.250000	-35.470686	83.000000	251.810887	251.810887	251.810887	4.110679	0.747864
-152.025604	19.159599	-110.690000	26.250000	-51.723118	79.000000	252.524015	252.524015	252.624015	4.119524	0.899744
-151.525604	19.659599	-110.690000	26.250000	-67.754869	74.000000	253.354456	253.354456	253.354456	4.127525	1.147903
-151.025604	20.159599	-110.690000	26.250000	-83.783956	71.000000	254.202969	254.202969	254.202969	4.131452	1.392221
-150.525604	20.659599	-110.690000	26.250000	-99.539942	64.000000	255.070339	254.970339	255.070339	4.129204	1.632816
-150.025604	21.159599	-110.690000	26.250000	-115.246439	56.000000	255.957375	255.857375	255.957375	4.123289	1.869751
-149.525604	21.659599	-110.690000	26.250000	-130.446574	47.000000	256.664916	256.664916	256.664916	4.119371	1.902891
-149.025604	22.159599	-110.690000	26.250000	-145.555288	38.000000	257.393824	257.393824	257.393824	4.120824	1.932350
-157.270004	21.108999	-110.690000	26.250000	64.065271	85.000000	255.827743	255.827743	255.927743	4.038116	2.136278
-154.393997	19.262501	-110.690000	26.250000	5.027907	92.000000	253.276148	253.176148	253.376148	4.068898	1.467284
-159.525604	25.159599	-110.690000	26.250000	93.886040	36.000000	257.807741	257.807741	257.807741	4.083926	0.280523
-159.025604	25.659599	-110.690000	26.250000	79.009453	39.000000	258.279883	258.279883	258.379883	4.081316	0.122969
-158.525604	26.159599	-110.690000	26.250000	64.243635	40.000000	258.867309	258.867309	258.867309	4.079132	0.061805
-158.025604	26.659599	-110.690000	26.250000	49.750467	38.000000	259.470450	259.470450	259.470450	4.079421	-0.002900
-157.025604	14.659600	-110.690000	26.250000	112.508853	42.000000	247.513594	247.513594	247.513594	4.113152	0.197135
-156.525604	15.159600	-110.690000	26.250000	95.167769	50.000000	248.110158	248.110158	248.210158	4.111397	0.381640
-156.025604	15.659600	-110.690000	26.250000	78.083147	62.000000	248.618673	248.518673	248.618673	4.102463	0.462000
-155.525604	16.159599	-110.690000	26.250000	60.783085	72.000000	249.139679	249.139679	249.239679	4.092269	0.538493
-155.025604	16.659599	-110.690000	26.250000	43.769607	80.000000	249.573743	249.573743	249.673743	4.081941	0.511207
-154.525604	17.159599	-110.690000	26.250000	26.731287	83.000000	250.121450	250.021450	250.121450	4.079087	0.579832
-154.025604	17.659599	-110.690000	26.250000	9.802145	85.000000	250.583410	250.483410	250.583410	4.080307	0.544674
-153.525604	18.159599	-110.690000	26.250000	-6.936983	85.000000	251.260257	251.160257	251.360257	4.089458	0.705810
-153.025604	18.659599	-110.690000	26.250000	-23.485997	86.000000	251.952647	251.852647	251.952647	4.101954	0.862904
-152.525604	19.159599	-110.690000	26.250000	-39.679304	84.000000	252.661265	252.561265	252.661265	4.112657	1.016292
-152.025604	19.659599	-110.690000	26.250000	-55.739311	77.000000	253.386816	253.386816	253.386816	4.122246	1.166039
-151.525604	20.159599	-110.690000	26.250000	-71.563116	74.000000	254.230036	254.230036	254.230036	4.129250	1.411781
-151.025604	20.659599	-110.690000	26.250000	-87.389313	70.000000	255.091681	254.991681	255.091681	4.130285	1.653889
-150.525604	21.159599	-110.690000	26.250000	-102.941618	63.000000	255.872536	255.872536	255.872536	4.124815	1.792414
-150.025604	21.659599	-110.690000	26.250000	-118.438296	56.000000	256.673411	256.673411	256.773411	4.120077	1.926961
-149.525604	22.159599	-110.690000	26.250000	-133.432204	47.000000	257.395139	257.395139	257.395139	4.115411	1.957943
-149.025604	22.659599	-110.690000	26.250000	-148.378668	38.000000	258.138576	258.138576	258.138576	4.114667	1.985391
-157.227295	18.984800	-110.690000	26.250000	78.373160	85.000000	253.540176	253.540176	253.540176	4.055237	2.017738
-154.251801	21.168699	-110.690000	26.250000	-11.969442	83.000000	256.128242	256.128242	256.228242	4.074056	2.173324
-159.525604	25.659599	-110.690000	26.250000	90.871526	32.000000	258.015108	258.015108	258.015108	4.086733	-0.023458
-159.025604	26.159599	-110.690000	26.250000	76.193441	34.000000	258.596055	258.596055	258.596055	4.083243	-0.083392
-158.525604	26.659599	-110.690000	26.250000	61.569798	33.000000	259.192400	259.192400	259.192400	4.081959	-0.146744
-157.525604	14.659600	-110.690000	26.250000	124.401807	42.000000	247.877505	247.877505	247.877505	4.116965	0.500794
-157.025604	15.159600	-110.690000	26.250000	107.249948	51.000000	248.371870	248.371870	248.371870	4.113083	0.586589
-156.525604	15.659600	-110.690000	26.250000	90.028171	60.000000	248.977962	248.877962	248.977962	4.108764	0.768571
-156.025604	16.159599	-110.690000	26.250000	73.032727	69.000000	249.396308	249.296308	249.396308	4.096416	0.746738
-155.525604	16.659599	-110.690000	26.250000	55.876834	79.000000	249.827458	249.827458	249.927458	4.084119	0.720714
-155.025604	17.159599	-110.690000	26.250000	39.008258	84.000000	250.271983	250.171983	250.271983	4.075685	0.690957
-154.525604	17.659599	-110.690000	26.250000	22.047032	87.000000	250.730473	250.730473	250.830473	4.072959	0.657474
-154.025604	18.159599	-110.690000	26.250000	5.188345	87.000000	251.403543	251.303543	251.503543	4.080453	0.819845
-153.525604	18.659599	-110.690000	26.250000	-11.396147	87.000000	252.091833	251.991833	252.191833	4.090657	0.978556
-153.025604	19.159599	-110.690000	26.250000	-27.721697	85.000000	252.796003	252.696003	252.896003	4.103015	1.133622
-152.525604	19.659599	-110.690000	26.250000	-43.658221	82.000000	253.516739	253.416739	253.516739	4.114473	1.284579
-152.025604	20.159599	-110.690000	26.250000	-59.491207	75.000000	254.254751	254.254751	254.354751	4.123573	1.431942
-151.525604	20.659599	-110.690000	26.250000	-75.137461	71.000000	255.110774	255.010774	255.110774	4.128860	1.675735
-151.025604	21.159599	-110.690000	26.250000	-90.777675	70.000000	255.885564	255.885564	255.885564	4.127365	1.815446
-150.525604	21.659599	-110.690000	26.250000	-106.115429	63.000000	256.679905	256.679905	256.679905	4.119749	1.951622
-150.025604	22.159599	-110.690000	26.250000	-121.405472	56.000000	257.494601	257.494601	257.494601	4.111976	2.084299
-149.525604	22.659599	-110.690000	26.250000	-136.232293	47.000000	258.130480	258.130480	258.130480	4.108565	2.012911
-149.025604	23.159599	-110.690000	26.250000	-151.049971	38.000000	258.788389	258.788389	258.788389	4.109458	1.938039
-156.964600	24.312099	-110.690000	26.250000	37.048625	72.000000	258.337211	258.337211	258.337211	4.063125	1.186642
-154.030502	17.988400	-110.690000	26.250000	6.869805	85.000000	251.058811	251.058811	251.158811	4.081081	0.661992
-159.525604	26.159599	-110.690000	26.250000	88.007247	28.000000	258.325163	258.325163	258.325163	4.089335	-0.227785
-159.025604	26.659599	-110.690000	26.250000	73.482578	28.000000	258.914853	258.914853	258.914853	4.086220	-0.289692
-158.025604	14.659600	-110.690000	26.250000	136.547414	38.000000	247.938734	247.938734	247.938734	4.116732	0.504886
-157.525604	15.159600	-110.690000	26.250000	119.135425	51.000000	248.730903	248.730903	248.730903	4.117541	0.892380
-157.025604	15.659600	-110.690000	26.250000	102.163621	61.000000	249.134582	249.134582	249.134582	4.111694	0.875839
-156.525604	16.159599	-110.690000	26.250000	85.065091	70.000000	249.650282	249.550282	249.650282	4.100008	0.955385
-156.025604	16.659599	-110.690000	26.250000	68.193290	77.000000	249.978540	249.978540	250.078540	4.088094	0.831059
-155.525604	17.159599	-110.690000	26.250000	51.209433	83.000000	250.419909	250.419909	250.519909	4.075376	0.802771
-155.025604	17.659599	-110.690000	26.250000	34.453394	87.000000	250.874964	250.874964	250.974964	4.068703	0.770640
-154.525604	18.159599	-110.690000	26.250000	17.533365	90.000000	251.544302	251.544302	251.644302	4.071358	0.934712
-154.025604	18.659599	-110.690000	26.250000	0.754922	88.000000	252.228543	252.128543	252.328543	4.079280	1.094887
-153.525604	19.159599	-110.690000	26.250000	-15.635312	88.000000	252.928329	252.828329	253.028329	4.091247	1.251281
-153.025604	19.659599	-110.690000	26.250000	-31.678605	86.000000	253.644323	253.544323	253.744323	4.103937	1.403947
-152.525604	20.159599	-110.690000	26.250000	-47.355558	81.000000	254.377214	254.277214	254.377214	4.115243	1.552772
-152.025604	20.659599	-110.690000	26.250000	-63.014994	76.000000	255.127712	255.127712	255.127712	4.123041	1.697870
-151.525604	21.159599	-110.690000	26.250000	-78.482377	69.000000	255.896550	255.896550	255.896550	4.125611	1.839302
-151.025604	21.659599	-110.690000	26.250000	-93.929261	69.000000	256.684485	256.684485	256.684485	4.122419	1.976944
-150.525604	22.159599	-110.690000	26.250000	-109.089367	63.000000	257.392295	257.392295	257.392295	4.113974	2.010903
-150.025604	22.659599	-110.690000	26.250000	-124.199616	56.000000	258.120779	258.120779	258.120779	4.106548	2.041251
-149.525604	23.159599	-110.690000	26.250000	-138.892756	47.000000	258.770756	258.770756	258.770756	4.102550	1.967853
-149.025604	23.659599	-110.690000	26.250000	-153.576290	38.000000	259.343064	259.343064	259.343064	4.105487	1.790810
-156.932007	19.832701	-110.690000	26.250000	64.560886	85.000000	254.494259	254.494259	254.494259	4.040294	2.103754
-153.992294	18.797600	-110.690000	26.250000	-1.264109	87.000000	252.413918	252.313918	252.513918	4.078809	1.128699
-159.525604	26.659599	-110.690000	26.250000	85.260566	23.000000	258.637810	258.637810	258.637810	4.092985	-0.432095
-158.525604	14.659600	-110.690000	26.250000	148.525212	34.000000	248.197371	248.197371	248.297371	4.117959	0.709722
-158.025604	15.159600	-110.690000	26.250000	131.324108	47.000000	248.787350	248.787350	248.887350	4.117637	0.898799
-157.525604	15.659600	-110.690000	26.250000	114.073628	61.000000	249.488626	249.488626	249.588626	4.111689	1.183724
-157.025604	16.159599	-110.690000	26.250000	97.264237	69.000000	249.901696	249.901696	249.901696	4.104166	1.164769
-156.525604	16.659599	-110.690000	26.250000	80.324757	76.000000	250.227083	250.227083	250.327083	4.093235	1.042016
-156.025604	17.159599	-110.690000	26.250000	63.592387	83.000000	250.665325	250.565325	250.665325	4.077533	1.015174
-155.525604	17.659599	-110.690000	26.250000	46.755442	87.000000	251.116980	251.116980	251.216980	4.066449	0.984536
-155.025604	18.159599	-110.690000	26.250000	30.076515	92.000000	251.782630	251.682630	251.782630	4.064024	1.150176
-154.525604	18.659599	-110.690000	26.250000	13.225478	91.000000	252.362874	252.362874	252.462874	4.068318	1.211778
-154.025604	19.159599	-110.690000	26.250000	-3.444918	91.000000	253.058337	252.958337	253.158337	4.078003	1.369664
-153.525604	19.659599	-110.690000	26.250000	-19.583508	87.000000	253.769661	253.569661	253.869661	4.091803	1.523896
-153.025604	20.159599	-110.690000	26.250000	-35.340903	83.000000	254.397514	254.397514	254.497514	4.105333	1.574131
-152.525604	20.659599	-110.690000	26.250000	-50.819529	78.000000	255.142584	255.142584	255.242584	4.115676	1.720725
-152.025604	21.159599	-110.690000	26.250000	-66.289348	73.000000	255.905581	255.905581	256.005581	4.121443	1.863724
-151.525604	21.659599	-110.690000	26.250000	-81.596751	69.000000	256.687236	256.687236	256.687236	4.121306	2.002759
-151.025604	22.159599	-110.690000	26.250000	-96.891761	68.000000	257.388301	257.388301	257.388301	4.114713	2.038222
-150.525604	22.659599	-110.690000	26.250000	-111.896854	63.000000	258.109549	258.109549	258.109549	4.106704	2.070142
-150.025604	23.159599	-110.690000	26.250000	-126.858179	56.000000	258.751771	258.751771	258.751771	4.099929	1.998121
-149.525604	23.659599	-110.690000	26.250000	-141.421645	47.000000	259.315777	259.315777	259.315777	4.097824	1.822595
-149.025604	24.159599	-110.690000	26.250000	-155.949955	38.000000	260.002389	260.002389	260.002389	4.099075	1.743569
-156.808197	18.404200	-110.690000	26.250000	72.503155	81.000000	252.651395	252.651395	252.751395	4.060675	1.714873
-153.982697	21.519699	-110.690000	26.250000	-20.735926	79.000000	256.648434	256.648434	256.648434	4.080944	2.272924
-159.025604	14.659600	-110.690000	26.250000	160.613583	29.000000	248.353506	248.353506	248.353506	4.118260	0.815384
-158.525604	15.159600	-110.690000	26.250000	143.341263	41.000000	249.041301	249.041301	249.141301	4.118238	1.105748
-158.025604	15.659600	-110.690000	26.250000	126.307238	55.000000	249.640185	249.540185	249.640185	4.115471	1.292275
-157.525604	16.159599	-110.690000	26.250000	109.246893	68.000000	250.150641	250.050641	250.250641	4.105340	1.374971
-157.025604	16.659599	-110.690000	26.250000	92.588235	77.000000	250.473179	250.473179	250.473179	4.093299	1.253477
-156.525604	17.159599	-110.690000	26.250000	75.821062	78.000000	250.808322	250.808322	250.908322	4.081865	1.128230
-156.025604	17.659599	-110.690000	26.250000	59.237148	87.000000	251.356614	251.256614	251.356614	4.066049	1.199242
-155.525604	18.159599	-110.690000	26.250000	42.471629	91.000000	251.918618	251.918618	252.018618	4.059253	1.266114
-155.025604	18.659599	-110.690000	26.250000	25.868494	93.000000	252.494918	252.494918	252.594918	4.058528	1.329310
-154.525604	19.159599	-110.690000	26.250000	9.131691	93.000000	253.186118	253.086118	253.286118	4.065825	1.488847
-154.025604	19.659599	-110.690000	26.250000	-7.380716	90.000000	253.792845	253.692845	253.992845	4.077952	1.544288
-153.525604	20.159599	-110.690000	26.250000	-23.226534	86.000000	254.515742	254.415742	254.615742	4.091697	1.696120
-153.025604	20.659599	-110.690000	26.250000	-38.733488	80.000000	255.255478	255.155478	255.355478	4.105165	1.844369
-152.525604	21.159599	-110.690000	26.250000	-54.039248	75.000000	256.012740	256.012740	256.012740	4.113574	1.988555
-152.025604	21.659599	-110.690000	26.250000	-69.365969	71.000000	256.688236	256.688236	256.688236	4.117736	2.029192
-151.525604	22.159599	-110.690000	26.250000	-84.523263	69.000000	257.382694	257.382694	257.382694	4.115468	2.066320
-151.025604	22.659599	-110.690000	26.250000	-99.696304	68.000000	258.096861	258.096861	258.096861	4.107249	2.099406
-150.525604	23.159599	-110.690000	26.250000	-114.575239	63.000000	258.731500	258.731500	258.731500	4.099062	2.028998
-150.025604	23.659599	-110.690000	26.250000	-129.397226	56.000000	259.387395	259.387395	259.387395	4.092727	1.955148
-149.525604	24.159599	-110.690000	26.250000	-143.812951	47.000000	259.965340	259.965340	260.065340	4.092863	1.777269
-149.025604	24.659599	-110.690000	26.250000	-158.180174	38.000000	260.766145	260.766145	260.766145	4.096289	1.795943
-156.755997	21.136000	-110.690000	26.250000	50.895919	86.000000	255.967246	255.967246	255.967246	4.036921	2.208899
-153.967499	14.731300	-110.690000	26.250000	38.279194	40.000000	246.433900	246.433900	246.433900	4.085484	-0.508520
-159.525604	14.659600	-110.690000	26.250000	172.741866	23.000000	248.507224	248.407224	248.507224	4.115731	0.921519
-159.025604	15.159600	-110.690000	26.250000	155.524261	35.000000	249.192843	249.092843	249.192843	4.119849	1.213558
-158.525604	15.659600	-110.690000	26.250000	138.362827	48.000000	249.789346	249.789346	249.889346	4.115384	1.401551
-158.025604	16.159599	-110.690000	26.250000	121.510741	63.000000	250.197206	250.197206	250.297206	4.106803	1.385615
-157.525604	16.659599	-110.690000	26.250000	104.674199	77.000000	250.616918	250.616918	250.716918	4.097986	1.365793
-157.025604	17.159599	-110.690000	26.250000	88.153025	78.000000	251.048991	250.948991	251.048991	4.085133	1.342001
-156.525604	17.659599	-110.690000	26.250000	71.530756	82.000000	251.493954	251.493954	251.593954	4.072245	1.314355
-156.025604	18.159599	-110.690000	26.250000	55.085735	87.000000	252.052356	252.052356	252.152356	4.058498	1.382902
-155.525604	18.659599	-110.690000	26.250000	38.322439	92.000000	252.724762	252.624762	252.724762	4.053113	1.547547
-155.025604	19.159599	-110.690000	26.250000	21.795955	97.000000	253.311761	253.311761	253.311761	4.055218	1.608403
-154.525604	19.659599	-110.690000	26.250000	5.223609	93.000000	253.913959	253.813959	254.013959	4.065035	1.665523
-154.025604	20.159599	-110.690000	26.250000	-11.029191	88.000000	254.531982	254.431982	254.731982	4.078454	1.718802
-153.525604	20.659599	-110.690000	26.250000	-26.589783	83.000000	255.266476	255.266476	255.366476	4.094000	1.868348
-153.025604	21.159599	-110.690000	26.250000	-41.919130	76.000000	256.018109	256.018109	256.118109	4.104796	2.014223
-152.525604	21.659599	-110.690000	26.250000	-57.067885	73.000000	256.787564	256.787564	256.787564	4.111303	2.156310
-152.025604	22.159599	-110.690000	26.250000	-72.257025	70.000000	257.475548	257.475548	257.475548	4.113114	2.194713
-151.525604	22.659599	-110.690000	26.250000	-87.313576	68.000000	258.082782	258.082782	258.082782	4.107984	2.129501
-151.025604	23.159599	-110.690000	26.250000	-102.383928	68.000000	258.710006	258.710006	258.710006	4.100920	2.060549
-150.525604	23.659599	-110.690000	26.250000	-117.135576	63.000000	259.257975	259.257975	259.257975	4.093321	1.887954
-150.025604	24.159599	-110.690000	26.250000	-131.813577	56.000000	260.027459	260.027459	260.027459	4.089611	1.911794
-149.525604	24.659599	-110.690000	26.250000	-146.053613	47.000000	260.719238	260.719238	260.719238	4.090491	1.831933
-149.025604	25.159599	-110.690000	26.250000	-160.296409	35.000000	261.534104	261.534104	261.534104	4.096971	1.848464
-156.658005	20.891001	-110.690000	26.250000	50.069453	87.000000	255.679427	255.679427	255.679427	4.037314	2.172890
-153.902405	19.979099	-110.690000	26.250000	-12.829117	88.000000	254.310908	254.210908	254.410908	4.081530	1.701087
-159.525604	15.159600	-110.690000	26.250000	167.739276	29.000000	249.142058	249.142058	249.242058	4.114827	1.122029
-159.025604	15.659600	-110.690000	26.250000	150.637199	41.000000	249.836193	249.736193	249.836193	4.115099	1.411472
-158.525604	16.159599	-110.690000	26.250000	133.608695	55.000000	250.341474	250.241474	250.441474	4.107834	1.497021
-158.025604	16.659599	-110.690000	26.250000	116.974215	70.000000	250.758383	250.658383	250.758383	4.100221	1.478753
-157.525604	17.159599	-110.690000	26.250000	100.337378	78.000000	251.187415	251.187415	251.187415	4.088326	1.456392
-157.025604	17.659599	-110.690000	26.250000	83.932421	80.000000	251.729086	251.629086	251.729086	4.074375	1.530225
-156.525604	18.159599	-110.690000	26.250000	67.409020	85.000000	252.283928	252.183928	252.283928	4.061694	1.600318
-156.025604	18.659599	-110.690000	26.250000	51.037066	87.000000	252.752493	252.752493	252.852493	4.052086	1.566375
-155.525604	19.159599	-110.690000	26.250000	34.326087	93.000000	253.435349	253.335349	253.435349	4.048408	1.728707
-155.025604	19.659599	-110.690000	26.250000	17.901561	96.000000	254.033087	253.933087	254.033087	4.053672	1.787370
-154.525604	20.159599	-110.690000	26.250000	1.516665	89.000000	254.646314	254.546314	254.746314	4.065431	1.842044
-154.025604	20.659599	-110.690000	26.250000	-14.405274	85.000000	255.375657	255.275657	255.475657	4.079099	1.993069
-153.525604	21.159599	-110.690000	26.250000	-29.731218	79.000000	256.121762	256.021762	256.121762	4.093697	2.140487
-153.025604	21.659599	-110.690000	26.250000	-44.909707	76.000000	256.785293	256.785293	256.885293	4.102241	2.183954
-152.525604	22.159599	-110.690000	26.250000	-59.938627	72.000000	257.466932	257.466932	257.466932	4.107306	2.223841
-152.025604	22.659599	-110.690000	26.250000	-75.034139	70.000000	258.067379	258.067379	258.067379	4.107054	2.160177
-151.525604	23.159599	-110.690000	26.250000	-89.997691	68.000000	258.687348	258.687348	258.687348	4.101535	2.092589
-151.025604	23.659599	-110.690000	26.250000	-104.960573	68.000000	259.227571	259.227571	259.227571	4.093838	1.921489
-150.525604	24.159599	-110.690000	26.250000	-119.573938	63.000000	259.888791	259.888791	259.888791	4.089534	1.846884
-150.025604	24.659599	-110.690000	26.250000	-134.101830	56.000000	260.671763	260.571763	260.671763	4.088548	1.868374
-149.525604	25.159599	-110.690000	26.250000	-148.188470	43.000000	261.477252	261.477252	261.477252	4.091477	1.886415
-149.025604	25.659599	-110.690000	26.250000	-162.308305	31.000000	262.206027	262.206027	262.306027	4.097797	1.800989
-156.510101	19.477699	-110.690000	26.250000	56.616634	88.000000	254.016565	254.016565	254.016565	4.043560	1.982383
-153.868195	17.315399	-110.690000	26.250000	9.219394	82.000000	250.010844	249.910844	250.010844	4.083545	0.357620
-159.525604	15.659600	-110.690000	26.250000	162.920421	34.000000	249.780807	249.780807	249.880807	4.113488	1.322091
-159.025604	16.159599	-110.690000	26.250000	145.947392	46.000000	250.283528	250.283528	250.383528	4.109168	1.409268
-158.525604	16.659599	-110.690000	26.250000	129.102401	60.000000	250.797657	250.697657	250.797657	4.100908	1.492253
-158.025604	17.159599	-110.690000	26.250000	112.672296	72.000000	251.223679	251.223679	251.223679	4.093331	1.471467
-157.525604	17.659599	-110.690000	26.250000	96.178489	80.000000	251.762093	251.762093	251.862093	4.079692	1.546923
-157.025604	18.159599	-110.690000	26.250000	79.880437	81.000000	252.413418	252.413418	252.413418	4.067013	1.718245
-156.525604	18.659599	-110.690000	26.250000	63.395455	86.000000	252.878190	252.878190	252.978190	4.054725	1.685874
-156.025604	19.159599	-110.690000	26.250000	47.064791	91.000000	253.456963	253.456963	253.556963	4.045842	1.749830
-155.525604	19.659599	-110.690000	26.250000	30.484136	96.000000	254.150309	254.050309	254.150309	4.045500	1.909698
-155.025604	20.159599	-110.690000	26.250000	14.173768	93.000000	254.758818	254.658818	254.758818	4.052446	1.965945
-154.525604	20.659599	-110.690000	26.250000	-1.952321	89.000000	255.383098	255.283098	255.483098	4.066921	2.018597
-154.025604	21.159599	-110.690000	26.250000	-17.528037	82.000000	256.123775	256.023775	256.123775	4.079851	2.167200
-153.525604	21.659599	-110.690000	26.250000	-32.694685	78.000000	256.881493	256.781493	256.881493	4.092508	2.312243
-153.025604	22.159599	-110.690000	26.250000	-47.779204	73.000000	257.456914	257.456914	257.456914	4.099789	2.253765
-152.525604	22.659599	-110.690000	26.250000	-62.690228	71.000000	258.050713	258.050713	258.050713	4.103109	2.191267
-152.025604	23.159599	-110.690000	26.250000	-77.718086	68.000000	258.663584	258.663584	258.663584	4.102119	2.125264
-151.525604	23.659599	-110.690000	26.250000	-92.599746	69.000000	259.196233	259.196233	259.196233	4.095931	1.955808
-151.025604	24.159599	-110.690000	26.250000	-107.434445	69.000000	259.849381	259.849381	259.849381	4.090113	1.882352
-150.525604	24.659599	-110.690000	26.250000	-121.885028	64.000000	260.523757	260.523757	260.523757	4.087997	1.805439
-150.025604	25.159599	-110.690000	26.250000	-136.268090	51.000000	261.220100	261.220100	261.220100	4.087888	1.725136
-149.525604	25.659599	-110.690000	26.250000	-150.229064	38.000000	262.139155	262.139155	262.139155	4.092762	1.840844
-149.025604	26.159599	-110.690000	26.250000	-164.215626	27.000000	262.781670	262.781670	262.881670	4.097394	1.653137
-156.465103	18.775000	-110.690000	26.250000	60.989824	84.000000	253.111989	253.011989	253.111989	4.051216	1.802098
-153.700806	17.297501	-110.690000	26.250000	5.358001	83.000000	249.900086	249.900086	250.000086	4.086974	0.280931
-159.525604	16.159599	-110.690000	26.250000	158.261322	38.000000	250.323446	250.223446	250.323446	4.109487	1.421997
-159.025604	16.659599	-110.690000	26.250000	141.474531	50.000000	250.734820	250.734820	250.834820	4.105744	1.406630
-158.525604	17.159599	-110.690000	26.250000	124.804468	62.000000	251.257860	251.257860	251.257860	4.096963	1.487284
-158.025604	17.659599	-110.690000	26.250000	108.565295	71.000000	251.893053	251.893053	251.893053	4.086099	1.664072
-157.525604	18.159599	-110.690000	26.250000	92.159841	80.000000	252.540903	252.540903	252.540903	4.071294	1.837041
-157.025604	18.659599	-110.690000	26.250000	75.932677	83.000000	253.101933	253.101933	253.101933	4.058077	1.906103
-156.525604	19.159599	-110.690000	26.250000	59.448921	91.000000	253.576680	253.576680	253.576680	4.046587	1.871368
-156.025604	19.659599	-110.690000	26.250000	43.191604	95.000000	254.165701	254.165701	254.165701	4.041967	1.932887
-155.525604	20.159599	-110.690000	26.250000	26.783209	97.000000	254.769567	254.769567	254.869567	4.044046	1.990565
-155.025604	20.659599	-110.690000	26.250000	10.641135	90.000000	255.488870	255.388870	255.488870	4.053445	2.144504
-154.525604	21.159599	-110.690000	26.250000	-5.181508	84.000000	256.124217	256.124217	256.224217	4.067930	2.194765
-154.025604	21.659599	-110.690000	26.250000	-20.476265	80.000000	256.776232	256.776232	256.876232	4.080490	2.241241
-153.525604	22.159599	-110.690000	26.250000	-35.545188	76.000000	257.445556	257.445556	257.445556	4.091278	2.284030
-153.025604	22.659599	-110.690000	26.250000	-50.538250	73.000000	258.032844	258.032844	258.132844	4.097279	2.223201
-152.525604	23.159599	-110.690000	26.250000	-65.368508	69.000000	258.638768	258.538768	258.638768	4.098486	2.158636
-152.025604	23.659599	-110.690000	26.250000	-80.335097	69.000000	259.164012	259.164012	259.164012	4.096852	1.990429
-151.525604	24.159599	-110.690000	26.250000	-95.109768	69.000000	259.709272	259.709272	259.709272	4.091689	1.818656
-151.025604	24.659599	-110.690000	26.250000	-109.778765	69.000000	260.375255	260.375255	260.375255	4.088776	1.743189
-150.525604	25.159599	-110.690000	26.250000	-124.094617	59.000000	261.162676	261.162676	261.162676	4.087596	1.764118
-150.025604	25.659599	-110.690000	26.250000	-138.326968	45.000000	261.872255	261.772255	261.872255	4.088355	1.681526
-149.525604	26.159599	-110.690000	26.250000	-152.165933	33.000000	262.704715	262.704715	262.704715	4.092870	1.695278
-149.025604	26.659599	-110.690000	26.250000	-166.034933	22.000000	263.260779	263.260779	263.260779	4.095600	1.405456
