-156.387695	17.614901	-110.690000	26.250000	68.503329	78.000000	251.467105	251.467105	251.567105	4.066473	1.338346
-153.503204	19.495199	-110.690000	26.250000	-18.925302	87.000000	253.515232	253.415232	253.615232	4.085125	1.457370
-159.525604	16.659599	-110.690000	26.250000	154.114447	41.000000	250.769948	250.769948	250.869948	4.078775	1.421683
-159.025604	17.159599	-110.690000	26.250000	137.402274	50.000000	251.390035	251.290035	251.390035	4.075162	1.603752
-158.525604	17.659599	-110.690000	26.250000	120.766917	62.000000	251.922043	251.922043	252.022043	4.071103	1.682002
-158.025604	18.159599	-110.690000	26.250000	104.447140	75.000000	252.666461	252.666461	252.666461	4.063632	1.956496
-157.525604	18.659599	-110.690000	26.250000	88.123898	81.000000	253.323797	253.323797	253.323797	4.053779	2.126955
-157.025604	19.159599	-110.690000	26.250000	71.832233	87.000000	253.894576	253.794576	253.894576	4.043650	2.193679
-156.525604	19.659599	-110.690000	26.250000	55.617627	89.000000	254.379336	254.379336	254.479336	4.037942	2.156720
-156.025604	20.159599	-110.690000	26.250000	39.420163	93.000000	255.078634	255.078634	255.078634	4.034692	2.315777
-155.525604	20.659599	-110.690000	26.250000	23.388371	91.000000	255.693045	255.593045	255.693045	4.038736	2.371176
-155.025604	21.159599	-110.690000	26.250000	7.382047	88.000000	256.323156	256.223156	256.323156	4.047002	2.422957
-154.525604	21.659599	-110.690000	26.250000	-7.946800	82.000000	256.969575	256.969575	256.969575	4.059481	2.470798
-154.025604	22.159599	-110.690000	26.250000	-23.381199	77.000000	257.632921	257.632921	257.632921	4.071078	2.515052
-153.525604	22.659599	-110.690000	26.250000	-38.328294	74.000000	258.213830	258.213830	258.213830	4.081218	2.455746
-153.025604	23.159599	-110.690000	26.250000	-53.300793	69.000000	258.712954	258.712954	258.712954	4.085810	2.292531
-152.525604	23.659599	-110.690000	26.250000	-67.967508	69.000000	259.230954	259.230954	259.230954	4.085815	2.125799
-152.025604	24.159599	-110.690000	26.250000	-82.739554	69.000000	259.868505	259.768505	259.868505	4.082947	2.055554
-151.525604	24.659599	-110.690000	26.250000	-97.268311	69.000000	260.526291	260.526291	260.526291	4.078606	1.981426
-151.025604	25.159599	-110.690000	26.250000	-111.819046	64.000000	261.205004	261.205004	261.205004	4.076393	1.903842
-150.525604	25.659599	-110.690000	26.250000	-126.066196	52.000000	261.905342	261.905342	261.905342	4.072610	1.822789
-150.025604	26.159599	-110.690000	26.250000	-140.327161	39.000000	262.528004	262.528004	262.528004	4.067692	1.637866
-149.525604	26.659599	-110.690000	26.250000	-154.381343	27.000000	263.073689	263.073689	263.073689	4.059573	1.349548
-156.206604	16.162001	-110.690000	26.250000	77.131811	68.000000	249.591804	249.591804	249.591804	4.091140	0.923052
-153.295898	18.800900	-110.690000	26.250000	-18.326702	84.000000	252.390779	252.290779	252.490779	4.087492	1.127965
-159.525604	17.159599	-110.690000	26.250000	149.794784	41.000000	251.420279	251.320279	251.420279	4.074940	1.620935
-159.025604	17.659599	-110.690000	26.250000	133.251994	52.000000	252.049136	252.049136	252.049136	4.070852	1.800784
-158.525604	18.159599	-110.690000	26.250000	116.745366	64.000000	252.690164	252.690164	252.690164	4.066799	1.976501
-158.025604	18.659599	-110.690000	26.250000	100.587012	74.000000	253.343856	253.343856	253.343856	4.056991	2.148509
-157.525604	19.159599	-110.690000	26.250000	84.340749	85.000000	253.910721	253.910721	253.910721	4.047727	2.216830
-157.025604	19.659599	-110.690000	26.250000	68.094558	88.000000	254.491285	254.491285	254.491285	4.038575	2.281071
-156.525604	20.159599	-110.690000	26.250000	51.984772	90.000000	255.086089	255.086089	255.086089	4.034331	2.341676
-156.025604	20.659599	-110.690000	26.250000	35.912946	92.000000	255.695689	255.695689	255.695689	4.033621	2.398675
-155.525604	21.159599	-110.690000	26.250000	20.060219	88.000000	256.320657	256.320657	256.320657	4.039126	2.451637
-155.025604	21.659599	-110.690000	26.250000	4.365247	83.000000	256.961582	256.961582	256.961582	4.048642	2.501029
-154.525604	22.159599	-110.690000	26.250000	-10.816152	77.000000	257.619066	257.519066	257.619066	4.061667	2.546888
-154.025604	22.659599	-110.690000	26.250000	-26.103351	75.000000	258.093726	258.093726	258.193726	4.071689	2.388745
-153.525604	23.159599	-110.690000	26.250000	-40.989385	72.000000	258.686191	258.686191	258.686191	4.079935	2.327089
-153.025604	23.659599	-110.690000	26.250000	-55.849624	69.000000	259.197104	259.197104	259.197104	4.083221	2.161969
-152.525604	24.159599	-110.690000	26.250000	-70.448522	69.000000	259.727119	259.727119	259.727119	4.082100	1.992872
-152.025604	24.659599	-110.690000	26.250000	-85.104029	69.000000	260.376897	260.376897	260.376897	4.080330	1.920312
-151.525604	25.159599	-110.690000	26.250000	-99.506126	64.000000	261.147110	261.147110	261.147110	4.078522	1.944352
-151.025604	25.659599	-110.690000	26.250000	-113.959191	57.000000	261.738433	261.738433	261.738433	4.075758	1.764433
-150.525604	26.159599	-110.690000	26.250000	-128.094888	45.000000	262.351543	262.351543	262.451543	4.071357	1.581093
-150.025604	26.659599	-110.690000	26.250000	-142.225734	32.000000	262.887117	262.887117	262.887117	4.062318	1.294412
-149.025604	14.659600	-110.690000	26.250000	-81.053380	21.000000	246.036542	246.036542	246.036542	4.082974	0.222850
-156.167007	18.301001	-110.690000	26.250000	57.360852	84.000000	252.515149	252.415149	252.515149	4.054253	1.696406
-153.292099	20.892599	-110.690000	26.250000	-33.984235	81.000000	255.821153	255.721153	255.921153	4.090727	2.143314
-159.525604	17.659599	-110.690000	26.250000	145.673971	41.000000	252.074405	252.074405	252.074405	4.072492	1.820057
-159.025604	18.159599	-110.690000	26.250000	129.274594	51.000000	252.712083	252.712083	252.812083	4.068304	1.997395
-158.525604	18.659599	-110.690000	26.250000	112.871732	64.000000	253.362179	253.362179	253.362179	4.060405	2.170820
-158.025604	19.159599	-110.690000	26.250000	96.850538	76.000000	254.025186	253.925186	254.025186	4.049377	2.340438
-157.525604	19.659599	-110.690000	26.250000	80.645694	85.000000	254.501617	254.501617	254.501617	4.042283	2.306302
-157.025604	20.159599	-110.690000	26.250000	64.478882	86.000000	255.091997	255.091997	255.091997	4.035330	2.368321
-156.525604	20.659599	-110.690000	26.250000	48.513690	88.000000	255.696867	255.696867	255.696867	4.033650	2.426597
-156.025604	21.159599	-110.690000	26.250000	32.566592	87.000000	256.216783	256.216783	256.216783	4.033497	2.381187
-155.525604	21.659599	-110.690000	26.250000	16.981790	83.000000	256.852316	256.852316	256.852316	4.040710	2.431993
-155.025604	22.159599	-110.690000	26.250000	1.466267	80.000000	257.504050	257.504050	257.504050	4.050385	2.479110
-154.525604	22.659599	-110.690000	26.250000	-13.594049	75.000000	258.072584	258.072584	258.072584	4.062800	2.422604
-154.025604	23.159599	-110.690000	26.250000	-28.782664	73.000000	258.658528	258.558528	258.658528	4.072235	2.362366
-153.525604	23.659599	-110.690000	26.250000	-43.595759	70.000000	259.062506	259.062506	259.162506	4.078718	2.098487
-153.025604	24.159599	-110.690000	26.250000	-58.346999	69.000000	259.685151	259.585151	259.685151	4.080455	2.031040
-152.525604	24.659599	-110.690000	26.250000	-72.826179	69.000000	260.327105	260.227105	260.327105	4.080281	1.959907
-152.025604	25.159599	-110.690000	26.250000	-87.382462	64.000000	260.989018	260.989018	260.989018	4.079608	1.885172
-151.525604	25.659599	-110.690000	26.250000	-101.670103	57.000000	261.671543	261.671543	261.671543	4.078592	1.806917
-151.025604	26.159599	-110.690000	26.250000	-115.997659	49.000000	262.175338	262.175338	262.175338	4.074277	1.525015
-150.525604	26.659599	-110.690000	26.250000	-130.033599	36.000000	262.801059	262.801059	262.801059	4.068083	1.339546
-149.525604	14.659600	-110.690000	26.250000	-68.966617	27.000000	246.059099	246.059099	246.059099	4.081283	0.117028
-149.025604	15.159600	-110.690000	26.250000	-86.596357	27.000000	246.687934	246.687934	246.687934	4.084967	0.278022
-155.996994	20.771000	-110.690000	26.250000	34.427118	89.000000	255.844529	255.844529	255.844529	4.032457	2.426187
-153.290604	17.906200	-110.690000	26.250000	-10.431205	78.000000	250.874583	250.874583	250.974583	4.085310	0.618091
-159.525604	18.159599	-110.690000	26.250000	141.714195	39.000000	252.832287	252.732287	252.832287	4.066101	2.118981
-159.025604	18.659599	-110.690000	26.250000	125.443775	52.000000	253.378833	253.378833	253.378833	4.063482	2.193787
-158.525604	19.159599	-110.690000	26.250000	109.170090	65.000000	253.938037	253.938037	253.938037	4.055774	2.264846
-158.025604	19.659599	-110.690000	26.250000	93.201643	80.000000	254.510396	254.510396	254.510396	4.046154	2.332209
-157.525604	20.159599	-110.690000	26.250000	77.041921	85.000000	255.096422	255.096422	255.096422	4.039042	2.395592
-157.025604	20.659599	-110.690000	26.250000	61.010512	87.000000	255.596641	255.596641	255.596641	4.033524	2.355308
-156.525604	21.159599	-110.690000	26.250000	45.154256	88.000000	256.211593	256.211593	256.211593	4.032860	2.411395
-156.025604	21.659599	-110.690000	26.250000	29.416686	85.000000	256.841832	256.841832	256.841832	4.034955	2.463550
-155.525604	22.159599	-110.690000	26.250000	14.075709	80.000000	257.387925	257.387925	257.387925	4.043366	2.412112
-155.025604	22.659599	-110.690000	26.250000	-1.361583	76.000000	257.950454	257.950454	257.950454	4.053062	2.357105
-154.525604	23.159599	-110.690000	26.250000	-16.313095	74.000000	258.530012	258.530012	258.530012	4.064619	2.298203
-154.025604	23.659599	-110.690000	26.250000	-31.425983	71.000000	259.027202	258.927202	259.027202	4.072293	2.135776
-153.525604	24.159599	-110.690000	26.250000	-46.131076	69.000000	259.542639	259.542639	259.542639	4.076969	1.969832
-153.025604	24.659599	-110.690000	26.250000	-60.783475	69.000000	260.176945	260.076945	260.176945	4.079211	1.900023
-152.525604	25.159599	-110.690000	26.250000	-75.115839	64.000000	260.830750	260.830750	260.930750	4.079493	1.826753
-152.025604	25.659599	-110.690000	26.250000	-89.569176	57.000000	261.504688	261.504688	261.504688	4.079547	1.750009
-151.525604	26.159599	-110.690000	26.250000	-103.747457	50.000000	262.199396	262.199396	262.199396	4.079047	1.669421
-151.025604	26.659599	-110.690000	26.250000	-117.943449	40.000000	262.615511	262.615511	262.615511	4.071607	1.285431
-150.025604	14.659600	-110.690000	26.250000	-56.944002	32.000000	246.276926	246.276926	246.276926	4.080187	0.211930
-149.525604	15.159600	-110.690000	26.250000	-74.494335	34.000000	246.803739	246.803739	246.803739	4.082551	0.274213
-149.025604	15.659600	-110.690000	26.250000	-91.974749	32.000000	247.446227	247.446227	247.446227	4.084397	0.432793
-155.772995	19.079000	-110.690000	26.250000	41.134415	91.000000	253.530893	253.430893	253.530893	4.043845	1.908685
-152.981201	18.301800	-110.690000	26.250000	-21.703883	81.000000	251.502000	251.402000	251.502000	4.092305	0.821696
-159.525604	18.659599	-110.690000	26.250000	137.867510	41.000000	253.393885	253.393885	253.393885	4.065531	2.217485
-159.025604	19.159599	-110.690000	26.250000	121.724459	54.000000	254.049338	254.049338	254.049338	4.056458	2.390116
-158.525604	19.659599	-110.690000	26.250000	105.577656	69.000000	254.517687	254.517687	254.517687	4.050904	2.358672
-158.025604	20.159599	-110.690000	26.250000	89.606859	79.000000	255.099427	254.999427	255.099427	4.042048	2.423579
-157.525604	20.659599	-110.690000	26.250000	73.564119	84.000000	255.595072	255.595072	255.595072	4.037215	2.384867
-157.025604	21.159599	-110.690000	26.250000	57.697581	84.000000	256.105145	256.105145	256.105145	4.033261	2.342130
-156.525604	21.659599	-110.690000	26.250000	41.947443	85.000000	256.730185	256.730185	256.730185	4.033914	2.395810
-156.025604	22.159599	-110.690000	26.250000	26.462632	81.000000	257.270745	257.270745	257.270745	4.037320	2.345948
-155.525604	22.659599	-110.690000	26.250000	11.216439	79.000000	257.827387	257.827387	257.927387	4.046594	2.292099
-155.025604	23.159599	-110.690000	26.250000	-4.099014	75.000000	258.400687	258.400687	258.400687	4.055538	2.234728
-154.525604	23.659599	-110.690000	26.250000	-19.006896	71.000000	258.891231	258.891231	258.891231	4.066836	2.073884
-154.025604	24.159599	-110.690000	26.250000	-34.005245	69.000000	259.399616	259.399616	259.399616	4.073963	1.909085
-153.525604	24.659599	-110.690000	26.250000	-48.584779	69.000000	260.026445	260.026445	260.026445	4.077119	1.840816
-153.025604	25.159599	-110.690000	26.250000	-63.123497	64.000000	260.672329	260.572329	260.672329	4.079825	1.769137
-152.525604	25.659599	-110.690000	26.250000	-77.329667	57.000000	261.437883	261.337883	261.437883	4.080939	1.793526
-152.025604	26.159599	-110.690000	26.250000	-91.658731	50.000000	262.023724	261.923724	262.023724	4.079841	1.614490
-151.525604	26.659599	-110.690000	26.250000	-105.736907	41.000000	262.530471	262.530471	262.630471	4.075826	1.332104
-150.525604	14.659600	-110.690000	26.250000	-44.832571	36.000000	246.290191	246.290191	246.290191	4.078077	0.107066
-150.025604	15.159600	-110.690000	26.250000	-62.394245	41.000000	246.814950	246.814950	246.914950	4.083442	0.171171
-149.525604	15.659600	-110.690000	26.250000	-79.845946	39.000000	247.455077	247.455077	247.455077	4.084766	0.331277
-149.025604	16.159599	-110.690000	26.250000	-97.183482	36.000000	248.111364	248.111364	248.111364	4.086845	0.487539
-159.664993	22.122999	-110.690000	26.250000	117.256916	43.000000	256.623823	256.523823	256.623823	4.045223	2.153804
-155.765305	26.776699	-110.690000	26.250000	-4.408106	38.000000	260.704398	260.704398	260.704398	4.076976	0.490502
-152.765793	25.592800	-110.690000	26.250000	-71.256732	61.000000	261.194400	261.194400	261.194400	4.079884	1.688445
-159.525604	19.159599	-110.690000	26.250000	134.096391	43.000000	254.059152	254.059152	254.059152	4.058535	2.415886
-159.025604	19.659599	-110.690000	26.250000	118.083404	55.000000	254.523549	254.523549	254.523549	4.052568	2.386037
-158.525604	20.159599	-110.690000	26.250000	102.007151	69.000000	255.001071	255.001071	255.001071	4.047850	2.352340
-158.025604	20.659599	-110.690000	26.250000	86.095893	78.000000	255.592216	255.592216	255.592216	4.040013	2.414893
-157.525604	21.159599	-110.690000	26.250000	70.241304	85.000000	256.097495	256.097495	256.097495	4.036308	2.373754
-157.025604	21.659599	-110.690000	26.250000	54.461681	84.000000	256.617430	256.617430	256.617430	4.034367	2.328830
-156.525604	22.159599	-110.690000	26.250000	38.904482	81.000000	257.152558	257.152558	257.152558	4.036297	2.280214
-156.025604	22.659599	-110.690000	26.250000	23.608850	81.000000	257.703427	257.703427	257.703427	4.040535	2.227971
-155.525604	23.159599	-110.690000	26.250000	8.408087	73.000000	258.270595	258.270595	258.270595	4.050076	2.172000
-155.025604	23.659599	-110.690000	26.250000	-6.769225	71.000000	258.754632	258.654632	258.754632	4.059436	2.012387
-154.525604	24.159599	-110.690000	26.250000	-21.656285	71.000000	259.256116	259.256116	259.356116	4.070095	1.849203
-154.025604	24.659599	-110.690000	26.250000	-36.495667	69.000000	259.875633	259.775633	259.875633	4.074233	1.782340
-153.525604	25.159599	-110.690000	26.250000	-50.938891	64.000000	260.513776	260.413776	260.513776	4.078117	1.711879
-153.025604	25.659599	-110.690000	26.250000	-65.370502	57.000000	261.071141	261.071141	261.071141	4.079359	1.537897
-152.525604	26.159599	-110.690000	26.250000	-79.466803	50.000000	261.848327	261.848327	261.848327	4.080262	1.560277
-152.025604	26.659599	-110.690000	26.250000	-93.667765	41.000000	262.445935	262.445935	262.445935	4.078548	1.379096
-151.025604	14.659600	-110.690000	26.250000	-32.930562	40.000000	246.599059	246.599059	246.599059	4.078052	0.302822
-150.525604	15.159600	-110.690000	26.250000	-50.284567	45.000000	246.921734	246.921734	246.921734	4.081054	0.168601
-150.025604	15.659600	-110.690000	26.250000	-67.670869	48.000000	247.459478	247.459478	247.459478	4.086476	0.230246
-149.525604	16.159599	-110.690000	26.250000	-85.030321	45.000000	248.113057	248.113057	248.113057	4.089196	0.388065
-149.025604	16.659599	-110.690000	26.250000	-102.254206	39.000000	248.783282	248.783282	248.783282	4.090491	0.542185
-159.401001	21.971001	-110.690000	26.250000	111.678052	48.000000	256.421190	256.421190	256.521190	4.047403	2.067892
-155.714996	18.000299	-110.690000	26.250000	48.414860	86.000000	251.884102	251.784102	251.884102	4.059330	1.390115
-152.132401	18.481400	-110.690000	26.250000	-43.764356	77.000000	251.550720	251.550720	251.550720	4.107961	0.719690
-159.525604	19.659599	-110.690000	26.250000	130.398279	42.000000	254.528042	254.528042	254.528042	4.055475	2.414109
-159.025604	20.159599	-110.690000	26.250000	114.463423	57.000000	255.001411	255.001411	255.001411	4.049086	2.381759
-158.525604	20.659599	-110.690000	26.250000	98.489194	70.000000	255.488130	255.488130	255.488130	4.045549	2.345733
-158.025604	21.159599	-110.690000	26.250000	82.711640	77.000000	255.988695	255.988695	255.988695	4.039734	2.306068
-157.525604	21.659599	-110.690000	26.250000	67.001901	82.000000	256.503617	256.503617	256.503617	4.037382	2.262477
-157.025604	22.159599	-110.690000	26.250000	51.307327	82.000000	257.033414	257.033414	257.033414	4.036859	2.215285
-156.525604	22.659599	-110.690000	26.250000	36.041418	78.000000	257.578621	257.578621	257.578621	4.039589	2.164516
-156.025604	23.159599	-110.690000	26.250000	20.766673	74.000000	258.039779	258.039779	258.139779	4.046160	2.009864
-155.525604	23.659599	-110.690000	26.250000	5.692885	71.000000	258.517442	258.517442	258.617442	4.054939	1.851682
-155.025604	24.159599	-110.690000	26.250000	-9.420311	70.000000	259.112172	259.112172	259.212172	4.065156	1.789977
-154.525604	24.659599	-110.690000	26.250000	-24.207028	70.000000	259.724536	259.724536	259.724536	4.071919	1.724422
-154.025604	25.159599	-110.690000	26.250000	-38.916561	64.000000	260.255111	260.255111	260.255111	4.074847	1.555402
-153.525604	25.659599	-110.690000	26.250000	-53.212461	57.000000	261.004476	260.904476	261.004476	4.079099	1.582906
-153.025604	26.159599	-110.690000	26.250000	-67.531869	50.000000	261.573212	261.573212	261.573212	4.079439	1.406585
-152.525604	26.659599	-110.690000	26.250000	-81.535653	41.000000	262.261903	262.261903	262.261903	4.079687	1.326859
-151.525604	14.659600	-110.690000	26.250000	-20.633208	40.000000	246.503685	246.503685	246.503685	4.075830	0.099314
-151.025604	15.159600	-110.690000	26.250000	-38.344595	49.000000	247.224252	247.224252	247.224252	4.080561	0.366386
-150.525604	15.659600	-110.690000	26.250000	-55.566039	54.000000	247.559594	247.559594	247.559594	4.084089	0.229733
-150.025604	16.159599	-110.690000	26.250000	-72.812735	54.000000	248.110454	248.110454	248.110454	4.091221	0.289326
-149.525604	16.659599	-110.690000	26.250000	-90.072196	49.000000	248.777618	248.777618	248.877618	4.093366	0.444705
-149.025604	17.159599	-110.690000	26.250000	-107.123765	39.000000	249.561905	249.461905	249.561905	4.090265	0.696431
-158.982498	15.574000	-110.690000	26.250000	150.769321	40.000000	249.704506	249.704506	249.804506	4.084671	1.359490
-155.710999	20.046000	-110.690000	26.250000	32.349372	95.000000	254.784031	254.784031	254.784031	4.038141	2.132841
-151.686600	14.689100	-110.690000	26.250000	-17.018523	39.000000	246.443031	246.443031	246.443031	4.074055	-0.027552
-159.525604	20.159599	-110.690000	26.250000	126.763756	45.000000	255.000502	255.000502	255.000502	4.051677	2.411927
-159.025604	20.659599	-110.690000	26.250000	110.906519	59.000000	255.482867	255.482867	255.482867	4.045832	2.377445
-158.525604	21.159599	-110.690000	26.250000	95.098667	67.000000	255.978799	255.878799	255.978799	4.043795	2.338947
-158.025604	21.659599	-110.690000	26.250000	79.471615	76.000000	256.388795	256.388795	256.388795	4.040708	2.196856
-157.525604	22.159599	-110.690000	26.250000	63.812548	82.000000	256.913360	256.913360	256.913360	4.039886	2.151211
-157.025604	22.659599	-110.690000	26.250000	48.331901	79.000000	257.353012	257.353012	257.453012	4.040064	2.001594
-156.525604	23.159599	-110.690000	26.250000	33.202272	76.000000	257.908278	257.908278	257.908278	4.043084	1.948447
-156.025604	23.659599	-110.690000	26.250000	17.982130	71.000000	258.379697	258.379697	258.379697	4.049828	1.791817
-155.525604	24.159599	-110.690000	26.250000	3.021023	70.000000	258.967813	258.867813	258.967813	4.060913	1.731250
-155.025604	24.659599	-110.690000	26.250000	-12.040021	70.000000	259.473179	259.473179	259.573179	4.068693	1.567208
-154.525604	25.159599	-110.690000	26.250000	-26.668864	65.000000	260.096355	260.096355	260.096355	4.073390	1.499749
-154.025604	25.659599	-110.690000	26.250000	-41.252375	58.000000	260.637902	260.637902	260.637902	4.076035	1.328379
-153.525604	26.159599	-110.690000	26.250000	-55.429913	51.000000	261.398386	261.398386	261.398386	4.079226	1.353583
-153.025604	26.659599	-110.690000	26.250000	-69.615636	41.000000	261.978371	261.978371	261.978371	4.079367	1.175428
-152.025604	14.659600	-110.690000	26.250000	-8.610246	41.000000	246.604218	246.604218	246.604218	4.077672	0.096081
-151.525604	15.159600	-110.690000	26.250000	-26.096486	49.000000	247.122656	247.122656	247.122656	4.079932	0.164949
-151.025604	15.659600	-110.690000	26.250000	-43.594809	58.000000	247.755581	247.755581	247.755581	4.084119	0.329815
-150.525604	16.159599	-110.690000	26.250000	-60.691987	61.000000	248.203715	248.203715	248.203715	4.089807	0.290823
-150.025604	16.659599	-110.690000	26.250000	-77.826706	58.000000	248.767820	248.767820	248.767820	4.095306	0.348007
-149.525604	17.159599	-110.690000	26.250000	-94.928757	50.000000	249.548687	249.448687	249.548687	4.096145	0.601245
-149.025604	17.659599	-110.690000	26.250000	-111.842547	40.000000	250.247150	250.247150	250.247150	4.097075	0.750683
-158.933105	24.573799	-110.690000	26.250000	83.716344	53.000000	257.906705	257.906705	257.906705	4.069814	0.855840
-155.679398	21.205500	-110.690000	26.250000	23.570651	88.000000	256.347939	256.347939	256.347939	4.037093	2.438773
-151.637604	16.737801	-110.690000	26.250000	-39.490581	73.000000	248.992600	248.992600	248.992600	4.091593	0.232731
-159.525604	20.659599	-110.690000	26.250000	123.246620	46.000000	255.376479	255.376479	255.376479	4.050800	2.309666
-159.025604	21.159599	-110.690000	26.250000	107.514824	57.000000	255.867856	255.867856	255.867856	4.045310	2.272737
-158.525604	21.659599	-110.690000	26.250000	91.874567	66.000000	256.373011	256.273011	256.373011	4.044077	2.232022
-158.025604	22.159599	-110.690000	26.250000	76.303189	74.000000	256.792439	256.792439	256.792439	4.041805	2.087612
-157.525604	22.659599	-110.690000	26.250000	60.725900	79.000000	257.226641	257.226641	257.226641	4.044083	1.939570
-157.025604	23.159599	-110.690000	26.250000	45.487853	75.000000	257.676131	257.676131	257.776131	4.044720	1.787801
-156.525604	23.659599	-110.690000	26.250000	30.353560	71.000000	258.141431	258.141431	258.241431	4.048642	1.632391
-156.025604	24.159599	-110.690000	26.250000	15.279174	70.000000	258.723071	258.723071	258.723071	4.057484	1.573408
-155.525604	24.659599	-110.690000	26.250000	0.351453	70.000000	259.321588	259.321588	259.421588	4.065657	1.510751
-155.025604	25.159599	-110.690000	26.250000	-14.577809	66.000000	259.837526	259.837526	259.937526	4.071003	1.344498
-154.525604	25.659599	-110.690000	26.250000	-29.066660	58.000000	260.471432	260.471432	260.471432	4.075035	1.274724
-154.025604	26.159599	-110.690000	26.250000	-43.507396	51.000000	261.023853	261.023853	261.023853	4.077536	1.101322
-153.525604	26.659599	-110.690000	26.250000	-57.580434	42.000000	261.795339	261.795339	261.795339	4.079509	1.124363
-152.525604	14.659600	-110.690000	26.250000	3.822602	41.000000	246.300804	246.300804	246.300804	4.072613	-0.306509
-152.025604	15.159600	-110.690000	26.250000	-14.055347	50.000000	247.217094	247.217094	247.217094	4.081461	0.164016
-151.525604	15.659600	-110.690000	26.250000	-31.378317	58.000000	247.647591	247.647591	247.647591	4.082680	0.130405
-151.025604	16.159599	-110.690000	26.250000	-48.680957	66.000000	248.292995	248.292995	248.292995	4.088346	0.292961
-150.525604	16.659599	-110.690000	26.250000	-65.661891	65.000000	248.754043	248.754043	248.754043	4.095231	0.251796
-150.025604	17.159599	-110.690000	26.250000	-82.691920	59.000000	249.431505	249.431505	249.431505	4.101525	0.406538
-149.525604	17.659599	-110.690000	26.250000	-99.644290	50.000000	250.226184	250.226184	250.226184	4.102251	0.657524
-149.025604	18.159599	-110.690000	26.250000	-116.387148	40.000000	251.038923	250.938923	251.038923	4.100372	0.904854
-158.903000	21.298401	-110.690000	26.250000	103.550825	59.000000	256.012751	256.012751	256.012751	4.044196	2.269471
-155.636200	22.299900	-110.690000	26.250000	15.971121	79.000000	257.535139	257.535139	257.535139	4.042798	2.414389
-150.914993	18.914200	-110.690000	26.250000	-76.733028	67.000000	252.106858	252.106858	252.106858	4.122572	0.841487
-159.525604	21.159599	-110.690000	26.250000	119.881576	46.000000	255.855913	255.755913	255.855913	4.047106	2.307250
-159.025604	21.659599	-110.690000	26.250000	104.331133	56.000000	256.256313	256.256313	256.356313	4.045510	2.167850
-158.525604	22.159599	-110.690000	26.250000	88.708288	66.000000	256.670695	256.670695	256.670695	4.046597	2.024842
-158.025604	22.659599	-110.690000	26.250000	73.184122	74.000000	257.099548	257.099548	257.099548	4.045325	1.878250
-157.525604	23.159599	-110.690000	26.250000	57.797251	77.000000	257.543373	257.543373	257.543373	4.047953	1.727784
-157.025604	23.659599	-110.690000	26.250000	42.629529	73.000000	258.002676	257.902676	258.002676	4.049357	1.573782
-156.525604	24.159599	-110.690000	26.250000	27.580375	72.000000	258.577973	258.477973	258.577973	4.056486	1.516252
-156.025604	24.659599	-110.690000	26.250000	12.601502	70.000000	259.069787	259.069787	259.169787	4.063617	1.354887
-155.525604	25.159599	-110.690000	26.250000	-2.252843	65.000000	259.778645	259.778645	259.778645	4.070128	1.390051
-155.025604	25.659599	-110.690000	26.250000	-17.033634	59.000000	260.205078	260.205078	260.205078	4.073627	1.121737
-154.525604	26.159599	-110.690000	26.250000	-31.394648	51.000000	260.849620	260.849620	260.849620	4.076598	1.049618
-154.025604	26.659599	-110.690000	26.250000	-45.680543	42.000000	261.412806	261.412806	261.412806	4.077732	0.874089
-153.025604	14.659600	-110.690000	26.250000	15.833590	40.000000	246.493580	246.493580	246.493580	4.076737	-0.208348
-152.525604	15.159600	-110.690000	26.250000	-1.625401	50.000000	247.007708	247.007708	247.007708	4.078701	-0.136529
-152.025604	15.659600	-110.690000	26.250000	-19.311339	59.000000	247.735767	247.735767	247.735767	4.083742	0.131542
-151.525604	16.159599	-110.690000	26.250000	-36.507023	65.000000	248.278439	248.278439	248.278439	4.088007	0.195846
-151.025604	16.659599	-110.690000	26.250000	-53.620532	72.000000	248.836438	248.836438	248.836438	4.094172	0.255945
-150.525604	17.159599	-110.690000	26.250000	-70.475291	67.000000	249.410509	249.410509	249.410509	4.101382	0.312369
-150.025604	17.659599	-110.690000	26.250000	-87.398839	60.000000	250.101431	250.101431	250.101431	4.109814	0.465108
-149.525604	18.159599	-110.690000	26.250000	-104.179658	49.000000	251.010019	250.910019	251.010019	4.106717	0.813671
-149.025604	18.659599	-110.690000	26.250000	-120.750073	40.000000	251.837124	251.737124	251.837124	4.103829	1.058626
-158.760193	18.564699	-110.690000	26.250000	119.446251	59.000000	253.236661	253.236661	253.236661	4.063102	2.138354
-154.994400	21.507000	-110.690000	26.250000	4.483998	81.000000	256.723706	256.723706	256.723706	4.047206	2.432342
-149.000900	16.989000	-110.690000	26.250000	-106.066628	37.000000	249.281087	249.281087	249.281087	4.091295	0.633802
-159.525604	21.659599	-110.690000	26.250000	116.690371	46.000000	256.238743	256.238743	256.238743	4.046547	2.204441
-159.025604	22.159599	-110.690000	26.250000	101.218268	55.000000	256.648170	256.648170	256.648170	4.046007	2.062952
-158.525604	22.659599	-110.690000	26.250000	85.548101	65.000000	256.971774	256.971774	257.071774	4.050020	1.817502
-158.025604	23.159599	-110.690000	26.250000	70.161157	71.000000	257.410041	257.410041	257.410041	4.049751	1.668514
-157.525604	23.659599	-110.690000	26.250000	54.923391	73.000000	257.763466	257.763466	257.863466	4.052583	1.416035
-157.025604	24.159599	-110.690000	26.250000	39.770090	71.000000	258.332549	258.232549	258.332549	4.055969	1.359635
-156.525604	24.659599	-110.690000	26.250000	24.885375	71.000000	258.917799	258.817799	258.917799	4.062454	1.299755
-156.025604	25.159599	-110.690000	26.250000	9.939897	65.000000	259.519728	259.519728	259.619728	4.068566	1.236449
-155.525604	25.659599	-110.690000	26.250000	-4.760870	58.000000	260.138853	260.138853	260.138853	4.073870	1.169255
-155.025604	26.159599	-110.690000	26.250000	-19.422181	51.000000	260.575694	260.575694	260.575694	4.076265	0.898631
-154.525604	26.659599	-110.690000	26.250000	-33.640151	42.000000	261.230770	261.230770	261.230770	4.077645	0.824642
-153.525604	14.659600	-110.690000	26.250000	28.126163	40.000000	246.382680	246.282680	246.382680	4.076101	-0.409872
-153.025604	15.159600	-110.690000	26.250000	10.380938	51.000000	247.094632	247.094632	247.094632	4.080217	-0.136282
-152.525604	15.659600	-110.690000	26.250000	-6.927320	61.000000	247.620248	247.620248	247.620248	4.082314	-0.066701
-152.025604	16.159599	-110.690000	26.250000	-24.442219	68.000000	248.360189	248.360189	248.360189	4.087694	0.199009
-151.525604	16.659599	-110.690000	26.250000	-41.460567	74.000000	248.815147	248.815147	248.915147	4.091814	0.160885
-151.025604	17.159599	-110.690000	26.250000	-58.436882	73.000000	249.485845	249.485845	249.485845	4.099627	0.318812
-150.525604	17.659599	-110.690000	26.250000	-75.144801	67.000000	250.073038	250.073038	250.173038	4.108165	0.372930
-150.025604	18.159599	-110.690000	26.250000	-91.927742	60.000000	250.877513	250.877513	250.877513	4.116263	0.623280
-149.525604	18.659599	-110.690000	26.250000	-108.550434	49.000000	251.800094	251.700094	251.800094	4.111142	0.969736
-149.025604	19.159599	-110.690000	26.250000	-124.920289	40.000000	252.641639	252.541639	252.641639	4.109761	1.212434
-158.185394	22.620199	-110.690000	26.250000	77.448904	73.000000	257.098970	256.998970	257.098970	4.045667	1.939530
-154.983002	19.601000	-110.690000	26.250000	17.219166	94.000000	254.129659	254.029659	254.129659	4.049749	1.947511
-159.525604	22.159599	-110.690000	26.250000	113.555627	44.000000	256.624904	256.524904	256.624904	4.044787	2.101580
-159.025604	22.659599	-110.690000	26.250000	98.039056	53.000000	256.943355	256.943355	257.043355	4.050032	1.857674
-158.525604	23.159599	-110.690000	26.250000	82.449448	63.000000	257.276170	257.176170	257.276170	4.055214	1.610044
-158.025604	23.659599	-110.690000	26.250000	67.210383	69.000000	257.623831	257.623831	257.723831	4.055839	1.358772
-157.525604	24.159599	-110.690000	26.250000	52.016737	71.000000	258.186824	258.086824	258.186824	4.057816	1.303924
-157.025604	24.659599	-110.690000	26.250000	36.992744	70.000000	258.665646	258.665646	258.765646	4.061845	1.145406
-156.525604	25.159599	-110.690000	26.250000	22.179867	65.000000	259.360793	259.360793	259.360793	4.067457	1.183295
-156.025604	25.659599	-110.690000	26.250000	7.359220	58.000000	259.972770	259.872770	259.972770	4.073393	1.117664
-155.525604	26.159599	-110.690000	26.250000	-7.201487	50.000000	260.502081	260.502081	260.502081	4.077104	0.948410
-155.025604	26.659599	-110.690000	26.250000	-21.730939	41.000000	260.849232	260.849232	260.849232	4.076029	0.575606
-154.025604	14.659600	-110.690000	26.250000	40.163270	39.000000	246.468231	246.468231	246.468231	4.079274	-0.410729
-153.525604	15.159600	-110.690000	26.250000	22.703237	51.000000	246.977998	246.977998	246.977998	4.079104	-0.335501
-153.025604	15.659600	-110.690000	26.250000	5.066003	62.000000	247.801167	247.801167	247.801167	4.084514	0.035590
-152.525604	16.159599	-110.690000	26.250000	-12.096233	70.000000	248.238379	248.238379	248.238379	4.086216	0.002837
-152.025604	16.659599	-110.690000	26.250000	-29.417171	75.000000	248.890308	248.890308	248.890308	4.090210	0.166344
-151.525604	17.159599	-110.690000	26.250000	-46.265149	75.000000	249.457652	249.457652	249.457652	4.097385	0.225761
-151.025604	17.659599	-110.690000	26.250000	-63.112362	74.000000	250.141145	250.141145	250.141145	4.106881	0.381413
-150.525604	18.159599	-110.690000	26.250000	-79.683580	67.000000	250.841547	250.841547	250.841547	4.115453	0.533394
-150.025604	18.659599	-110.690000	26.250000	-96.277517	59.000000	251.659656	251.659656	251.659656	4.121667	0.781320
-149.525604	19.159599	-110.690000	26.250000	-112.703513	49.000000	252.596302	252.496302	252.596302	4.115696	1.125556
-149.025604	19.659599	-110.690000	26.250000	-128.914783	39.000000	253.452347	253.452347	253.452347	4.112999	1.366180
-158.179504	20.377800	-110.690000	26.250000	91.958047	74.000000	255.262739	255.262739	255.262739	4.041464	2.377761
-154.797394	18.803101	-110.690000	26.250000	18.796281	90.000000	252.795387	252.795387	252.895387	4.057419	1.481090
-159.525604	22.659599	-110.690000	26.250000	110.354023	44.000000	256.914327	256.914327	257.014327	4.047530	1.898583
-159.025604	23.159599	-110.690000	26.250000	94.842143	54.000000	257.241793	257.141793	257.241793	4.053563	1.652238
-158.525604	23.659599	-110.690000	26.250000	79.409955	62.000000	257.483800	257.483800	257.483800	4.060577	1.302350
-158.025604	24.159599	-110.690000	26.250000	64.240740	66.000000	258.040826	257.940826	258.040826	4.059246	1.248929
-157.525604	24.659599	-110.690000	26.250000	49.136117	71.000000	258.513350	258.513350	258.613350	4.061538	1.091687
-157.025604	25.159599	-110.690000	26.250000	34.264728	66.000000	259.201858	259.101858	259.201858	4.064803	1.130969
-156.525604	25.659599	-110.690000	26.250000	19.497286	58.000000	259.706840	259.706840	259.706840	4.071290	0.966770
-156.025604	26.159599	-110.690000	26.250000	4.873037	51.000000	260.228787	260.228787	260.328787	4.076639	0.798784
-155.525604	26.659599	-110.690000	26.250000	-9.578604	41.000000	260.768191	260.768191	260.768191	4.077412	0.627384
-154.525604	14.659600	-110.690000	26.250000	52.324897	40.000000	246.450357	246.450357	246.550357	4.081676	-0.510818
-154.025604	15.159600	-110.690000	26.250000	34.753857	51.000000	247.157931	247.157931	247.157931	4.082188	-0.234296
-153.525604	15.659600	-110.690000	26.250000	17.415542	62.000000	247.678651	247.678651	247.678651	4.081821	-0.161544
-153.025604	16.159599	-110.690000	26.250000	-0.075436	72.000000	248.413140	248.413140	248.413140	4.085829	0.107427
-152.525604	16.659599	-110.690000	26.250000	-17.133634	77.000000	248.962051	248.962051	248.962051	4.089301	0.172198
-152.025604	17.159599	-110.690000	26.250000	-34.254704	77.000000	249.526063	249.526063	249.526063	4.093859	0.233276
-151.525604	17.659599	-110.690000	26.250000	-50.925749	75.000000	250.205885	250.205885	250.205885	4.103187	0.390655
-151.025604	18.159599	-110.690000	26.250000	-67.631152	74.000000	250.902256	250.902256	250.902256	4.113977	0.543870
-150.525604	18.659599	-110.690000	26.250000	-84.036723	67.000000	251.615946	251.615946	251.715946	4.121988	0.693459
-150.025604	19.159599	-110.690000	26.250000	-100.440718	58.000000	252.447758	252.447758	252.547758	4.126282	0.939430
-149.525604	19.659599	-110.690000	26.250000	-116.695616	48.000000	253.398525	253.398525	253.398525	4.120014	1.281260
-149.025604	20.159599	-110.690000	26.250000	-132.744650	39.000000	254.269116	254.269116	254.369116	4.113519	1.519527
-157.931000	21.646000	-110.690000	26.250000	77.189798	77.000000	256.434712	256.434712	256.434712	4.040204	2.247306
-154.691299	17.180099	-110.690000	26.250000	30.465916	81.000000	250.233662	250.233662	250.333662	4.074475	0.657084
-159.525604	23.159599	-110.690000	26.250000	107.100215	44.000000	257.106941	257.106941	257.206941	4.055059	1.595209
-159.025604	23.659599	-110.690000	26.250000	91.687815	52.000000	257.343404	257.343404	257.443404	4.062987	1.246815
-158.525604	24.159599	-110.690000	26.250000	76.367037	59.000000	257.794578	257.794578	257.894578	4.064366	1.094514
-158.025604	24.659599	-110.690000	26.250000	61.272087	66.000000	258.360932	258.360932	258.360932	4.062308	1.038728
-157.525604	25.159599	-110.690000	26.250000	46.326487	65.000000	258.942939	258.842939	258.942939	4.065144	0.979510
-157.025604	25.659599	-110.690000	26.250000	31.535777	59.000000	259.441074	259.441074	259.541074	4.069427	0.816423
-156.525604	26.159599	-110.690000	26.250000	16.930201	51.000000	260.055817	260.055817	260.055817	4.074365	0.749902
-156.025604	26.659599	-110.690000	26.250000	2.457093	41.000000	260.587646	260.587646	260.587646	4.078390	0.580011
-155.025604	14.659600	-110.690000	26.250000	64.276285	40.000000	246.729175	246.729175	246.729175	4.088538	-0.310554
-154.525604	15.159600	-110.690000	26.250000	46.912341	51.000000	247.234551	247.234551	247.234551	4.084095	-0.232284
-154.025604	15.659600	-110.690000	26.250000	29.473497	61.000000	247.852822	247.852822	247.852822	4.082451	-0.058032
-153.525604	16.159599	-110.690000	26.250000	12.285133	71.000000	248.384595	248.384595	248.384595	4.082695	0.012336
-153.025604	16.659599	-110.690000	26.250000	-5.070262	79.000000	249.030503	249.030503	249.030503	4.087503	0.178857
-152.525604	17.159599	-110.690000	26.250000	-22.008628	78.000000	249.591205	249.591205	249.591205	4.091726	0.241427
-152.025604	17.659599	-110.690000	26.250000	-38.947917	78.000000	250.267388	250.167388	250.267388	4.099619	0.400177
-151.525604	18.159599	-110.690000	26.250000	-55.443716	75.000000	250.959769	250.959769	250.959769	4.109691	0.555150
-151.025604	18.659599	-110.690000	26.250000	-71.975367	73.000000	251.669093	251.669093	251.669093	4.119961	0.706229
-150.525604	19.159599	-110.690000	26.250000	-88.220323	65.000000	252.496137	252.496137	252.496137	4.125588	0.953543
-150.025604	19.659599	-110.690000	26.250000	-104.447621	57.000000	253.341706	253.341706	253.341706	4.126906	1.197144
-149.525604	20.159599	-110.690000	26.250000	-120.509806	48.000000	254.306639	254.306639	254.306639	4.117615	1.536902
-149.025604	20.659599	-110.690000	26.250000	-136.376082	38.000000	255.191805	255.191805	255.191805	4.110417	1.772941
-157.859100	14.659600	-110.690000	26.250000	132.624096	38.000000	247.952035	247.952035	247.952035	4.089120	0.536866
-154.617798	20.088900	-110.690000	26.250000	4.431333	90.000000	254.681983	254.681983	254.781983	4.056596	1.958235
-159.525604	23.659599	-110.690000	26.250000	103.876194	42.000000	257.302670	257.202670	257.302670	4.061077	1.291806
-159.025604	24.159599	-110.690000	26.250000	88.554673	52.000000	257.748107	257.648107	257.748107	4.063202	1.141027
-158.525604	24.659599	-110.690000	26.250000	73.331734	59.000000	258.108414	258.108414	258.208414	4.067361	0.886581
-158.025604	25.159599	-110.690000	26.250000	58.379777	60.000000	258.684052	258.684052	258.684052	4.066975	0.828544
-157.525604	25.659599	-110.690000	26.250000	43.549891	59.000000	259.175484	259.175484	259.275484	4.069894	0.666986
-157.025604	26.159599	-110.690000	26.250000	28.890457	51.000000	259.783178	259.783178	259.783178	4.073047	0.601813
-156.525604	26.659599	-110.690000	26.250000	14.473096	41.000000	260.407599	260.407599	260.407599	4.076964	0.533094
-155.525604	14.659600	-110.690000	26.250000	76.283901	40.000000	247.004800	247.004800	247.004800	4.093520	-0.109597
-155.025604	15.159600	-110.690000	26.250000	58.846403	50.000000	247.607974	247.607974	247.607974	4.090944	0.070292
-154.525604	15.659600	-110.690000	26.250000	41.622683	61.000000	248.023799	248.023799	248.023799	4.085218	0.046039
-154.025604	16.159599	-110.690000	26.250000	24.313710	70.000000	248.652863	248.652863	248.652863	4.082763	0.217932
-153.525604	16.659599	-110.690000	26.250000	7.297458	79.000000	249.095784	249.095784	249.095784	4.082717	0.186066
-153.025604	17.159599	-110.690000	26.250000	-9.947198	79.000000	249.653200	249.653200	249.753200	4.087895	0.250111
-152.525604	17.659599	-110.690000	26.250000	-26.711673	81.000000	250.325777	250.325777	250.325777	4.095413	0.410383
-152.025604	18.159599	-110.690000	26.250000	-43.510554	79.000000	251.014210	251.014210	251.014210	4.104906	0.566965
-151.525604	18.659599	-110.690000	26.250000	-59.798346	75.000000	251.719221	251.719221	251.719221	4.115319	0.719500
-151.025604	19.159599	-110.690000	26.250000	-76.148616	72.000000	252.541561	252.541561	252.541561	4.124438	0.968338
-150.525604	19.659599	-110.690000	26.250000	-92.225278	65.000000	253.382010	253.382010	253.382010	4.128224	1.213548
-150.025604	20.159599	-110.690000	26.250000	-108.265619	57.000000	254.241379	254.241379	254.241379	4.125152	1.454743
-149.525604	20.659599	-110.690000	26.250000	-124.150921	48.000000	255.220506	255.120506	255.220506	4.114207	1.792312
-149.025604	21.159599	-110.690000	26.250000	-139.806826	38.000000	256.020262	256.020262	256.120262	4.107556	1.926309
-157.700806	16.348400	-110.690000	26.250000	111.790245	69.000000	250.387718	250.287718	250.387718	4.085406	1.421157
-154.495895	18.401699	-110.690000	26.250000	14.756759	87.000000	252.077592	252.077592	252.177592	4.065833	1.207640
-159.525604	24.159599	-110.690000	26.250000	100.682819	42.000000	257.601434	257.501434	257.601434	4.063491	1.088288
-159.025604	24.659599	-110.690000	26.250000	85.437833	50.000000	257.955814	257.955814	257.955814	4.069198	0.835099
-158.525604	25.159599	-110.690000	26.250000	70.349492	53.000000	258.325213	258.325213	258.425213	4.072931	0.578430
-158.025604	25.659599	-110.690000	26.250000	55.577407	53.000000	259.010082	259.010082	259.010082	4.071478	0.618279
-157.525604	26.159599	-110.690000	26.250000	40.817977	51.000000	259.410876	259.410876	259.410876	4.073635	0.354355
-157.025604	26.659599	-110.690000	26.250000	26.384286	41.000000	260.128050	260.128050	260.128050	4.076074	0.387014
-156.025604	14.659600	-110.690000	26.250000	88.318194	41.000000	247.177342	247.177342	247.277342	4.094205	-0.007854
-155.525604	15.159600	-110.690000	26.250000	70.926945	50.000000	247.778312	247.778312	247.778312	4.093995	0.173327
-155.025604	15.659600	-110.690000	26.250000	53.554564	61.000000	248.391694	248.391694	248.391694	4.090018	0.350716
-154.525604	16.159599	-110.690000	26.250000	36.457984	72.000000	248.818061	248.818061	248.818061	4.083522	0.324308
-154.025604	16.659599	-110.690000	26.250000	19.309405	79.000000	249.358011	249.358011	249.358011	4.079645	0.393706
-153.525604	17.159599	-110.690000	26.250000	2.420199	80.000000	249.812165	249.812165	249.812165	4.082592	0.359390
-153.025604	17.659599	-110.690000	26.250000	-14.704375	82.000000	250.381169	250.381169	250.481169	4.088402	0.421362
-152.525604	18.159599	-110.690000	26.250000	-31.304861	82.000000	251.065697	251.065697	251.065697	4.100348	0.579180
-152.025604	18.659599	-110.690000	26.250000	-47.873605	80.000000	251.766448	251.766448	251.866448	4.110176	0.733356
-151.525604	19.159599	-110.690000	26.250000	-63.977864	74.000000	252.584149	252.584149	252.584149	4.118978	0.983899
-151.025604	19.659599	-110.690000	26.250000	-80.126497	70.000000	253.419557	253.419557	253.419557	4.127151	1.230318
-150.525604	20.159599	-110.690000	26.250000	-96.039849	64.000000	254.273452	254.273452	254.273452	4.128743	1.473159
-150.025604	20.659599	-110.690000	26.250000	-111.918388	57.000000	255.146648	255.146648	255.146648	4.123030	1.712443
-149.525604	21.159599	-110.690000	26.250000	-127.574672	47.000000	256.039983	256.039983	256.039983	4.110543	1.947624
-149.025604	21.659599	-110.690000	26.250000	-143.026211	38.000000	256.854326	256.854326	256.854326	4.102656	2.079282
-157.627594	20.346100	-110.690000	26.250000	78.252234	82.000000	255.297648	255.297648	255.297648	4.037568	2.412791
-154.482803	21.001900	-110.690000	26.250000	-5.095935	83.000000	256.072720	256.072720	256.072720	4.058295	2.319659
-159.525604	24.659599	-110.690000	26.250000	97.497398	39.000000	257.703153	257.703153	257.703153	4.073183	0.684408
-159.025604	25.159599	-110.690000	26.250000	82.397028	45.000000	258.166438	258.166438	258.166438	4.075465	0.529209
-158.525604	25.659599	-110.690000	26.250000	67.459164	47.000000	258.644878	258.644878	258.644878	4.076764	0.370157
-158.025604	26.159599	-110.690000	26.250000	52.818189	47.000000	259.238918	259.238918	259.238918	4.075885	0.307670
-157.525604	26.659599	-110.690000	26.250000	38.240833	40.000000	259.749000	259.749000	259.749000	4.076962	0.141807
-156.525604	14.659600	-110.690000	26.250000	100.372519	41.000000	247.446906	247.446906	247.446906	4.095192	0.194282
-156.025604	15.159600	-110.690000	26.250000	82.958496	51.000000	248.045672	248.045672	248.045672	4.096040	0.377186
-155.525604	15.659600	-110.690000	26.250000	65.695595	61.000000	248.556618	248.556618	248.556618	4.092141	0.456064
-155.025604	16.159599	-110.690000	26.250000	48.438220	71.000000	249.080297	249.080297	249.080297	4.084333	0.531044
-154.525604	16.659599	-110.690000	26.250000	31.466577	81.000000	249.517295	249.517295	249.517295	4.079578	0.502166
-154.025604	17.159599	-110.690000	26.250000	14.436459	81.000000	249.968212	249.968212	249.968212	4.077092	0.469331
-153.525604	17.659599	-110.690000	26.250000	-2.343693	83.000000	250.533677	250.533677	250.533677	4.081152	0.532665
-153.025604	18.159599	-110.690000	26.250000	-19.326156	84.000000	251.214343	251.214343	251.314343	4.091499	0.692212
-152.525604	18.659599	-110.690000	26.250000	-35.718297	83.000000	251.910887	251.910887	252.010887	4.103277	0.847864
-152.025604	19.159599	-110.690000	26.250000	-52.049490	79.000000	252.724015	252.624015	252.724015	4.112786	1.099744
-151.525604	19.659599	-110.690000	26.250000	-67.962442	74.000000	253.454456	253.454456	253.454456	4.120719	1.247903
-151.025604	20.159599	-110.690000	26.250000	-83.920424	71.000000	254.302969	254.302969	254.302969	4.126995	1.492221
-150.525604	20.659599	-110.690000	26.250000	-99.643699	64.000000	255.170339	255.070339	255.170339	4.124857	1.732816
-150.025604	21.159599	-110.690000	26.250000	-115.339390	56.000000	255.957375	255.957375	256.057375	4.119334	1.869751
-149.525604	21.659599	-110.690000	26.250000	-130.806361	47.000000	256.864916	256.864916	256.864916	4.103887	2.102891
-149.025604	22.159599	-110.690000	26.250000	-146.053457	38.000000	257.593824	257.593824	257.693824	4.097235	2.132350
-157.270004	21.108999	-110.690000	26.250000	64.228538	85.000000	256.027743	256.027743	256.127743	4.033644	2.336278
-154.393997	19.262501	-110.690000	26.250000	5.076305	92.000000	253.376148	253.376148	253.476148	4.062619	1.567284
-159.525604	25.159599	-110.690000	26.250000	94.389552	36.000000	257.907741	257.907741	257.907741	4.081402	0.380523
-159.025604	25.659599	-110.690000	26.250000	79.466929	39.000000	258.379883	258.379883	258.379883	4.082371	0.222969
-158.525604	26.159599	-110.690000	26.250000	64.658920	40.000000	258.867309	258.867309	258.867309	4.080710	0.061805
-158.025604	26.659599	-110.690000	26.250000	50.168936	38.000000	259.470450	259.470450	259.470450	4.080013	-0.002900
-157.025604	14.659600	-110.690000	26.250000	112.424723	42.000000	247.713594	247.713594	247.713594	4.095558	0.397135
-156.525604	15.159600	-110.690000	26.250000	95.016859	50.000000	248.310158	248.310158	248.310158	4.097986	0.581640
-156.025604	15.659600	-110.690000	26.250000	77.758815	62.000000	248.818673	248.818673	248.818673	4.093765	0.662000
-155.525604	16.159599	-110.690000	26.250000	60.629008	72.000000	249.239679	249.239679	249.339679	4.087156	0.638493
-155.025604	16.659599	-110.690000	26.250000	43.522421	80.000000	249.773743	249.773743	249.773743	4.078516	0.711207
-154.525604	17.159599	-110.690000	26.250000	26.670463	83.000000	250.221450	250.121450	250.221450	4.074377	0.679832
-154.025604	17.659599	-110.690000	26.250000	9.681633	85.000000	250.683410	250.683410	250.783410	4.074023	0.644674
-153.525604	18.159599	-110.690000	26.250000	-6.965875	85.000000	251.360257	251.360257	251.460257	4.081746	0.805810
-153.025604	18.659599	-110.690000	26.250000	-23.781136	86.000000	252.052647	251.952647	252.152647	4.094501	0.962904
-152.525604	19.159599	-110.690000	26.250000	-39.924362	84.000000	252.761265	252.761265	252.861265	4.105147	1.116292
-152.025604	19.659599	-110.690000	26.250000	-56.015996	77.000000	253.486816	253.486816	253.586816	4.115310	1.266039
-151.525604	20.159599	-110.690000	26.250000	-71.729549	74.000000	254.330036	254.330036	254.330036	4.122575	1.511781
-151.025604	20.659599	-110.690000	26.250000	-87.515145	70.000000	255.191681	255.191681	255.191681	4.125628	1.753889
-150.525604	21.159599	-110.690000	26.250000	-103.027376	63.000000	255.972536	255.972536	255.972536	4.119927	1.892414
-150.025604	21.659599	-110.690000	26.250000	-118.539989	56.000000	256.773411	256.773411	256.773411	4.112770	2.026961
-149.525604	22.159599	-110.690000	26.250000	-133.817822	47.000000	257.595139	257.595139	257.595139	4.098043	2.157943
-149.025604	22.659599	-110.690000	26.250000	-148.899135	38.000000	258.338576	258.338576	258.338576	4.088655	2.185391
-157.227295	18.984800	-110.690000	26.250000	78.264683	85.000000	253.640176	253.640176	253.640176	4.048880	2.117738
-154.251801	21.168699	-110.690000	26.250000	-11.969246	83.000000	256.328242	256.228242	256.328242	4.065224	2.373324
-159.525604	25.659599	-110.690000	26.250000	91.398550	32.000000	258.115108	258.115108	258.115108	4.086759	0.076542
-159.025604	26.159599	-110.690000	26.250000	76.651804	34.000000	258.696055	258.696055	258.696055	4.085394	0.016608
-158.525604	26.659599	-110.690000	26.250000	61.959588	33.000000	259.092400	259.092400	259.092400	4.085363	-0.246744
-157.525604	14.659600	-110.690000	26.250000	124.490096	42.000000	247.877505	247.877505	247.977505	4.092601	0.500794
-157.025604	15.159600	-110.690000	26.250000	107.073899	51.000000	248.571870	248.571870	248.571870	4.097201	0.786589
-156.525604	15.659600	-110.690000	26.250000	89.836811	60.000000	249.077962	249.077962	249.177962	4.096001	0.868571
-156.025604	16.159599	-110.690000	26.250000	72.729835	69.000000	249.596308	249.496308	249.596308	4.088989	0.946738
-155.525604	16.659599	-110.690000	26.250000	55.770703	79.000000	249.927458	249.927458	249.927458	4.079810	0.820714
-155.025604	17.159599	-110.690000	26.250000	38.825236	84.000000	250.371983	250.371983	250.371983	4.072386	0.790957
-154.525604	17.659599	-110.690000	26.250000	22.049629	87.000000	250.830473	250.830473	250.930473	4.068570	0.757474
-154.025604	18.159599	-110.690000	26.250000	5.080964	87.000000	251.503543	251.503543	251.603543	4.074093	0.919845
-153.525604	18.659599	-110.690000	26.250000	-11.438917	87.000000	252.191833	252.191833	252.291833	4.082843	1.078556
-153.025604	19.159599	-110.690000	26.250000	-28.000622	85.000000	252.896003	252.796003	252.996003	4.095897	1.233622
-152.525604	19.659599	-110.690000	26.250000	-43.896617	82.000000	253.616739	253.516739	253.716739	4.107060	1.384579
-152.025604	20.159599	-110.690000	26.250000	-59.745380	75.000000	254.454751	254.354751	254.454751	4.116285	1.631942
-151.525604	20.659599	-110.690000	26.250000	-75.273818	71.000000	255.210774	255.210774	255.210774	4.121707	1.775735
-151.025604	21.159599	-110.690000	26.250000	-90.897934	70.000000	255.985564	255.985564	255.985564	4.122390	1.915446
-150.525604	21.659599	-110.690000	26.250000	-106.189817	63.000000	256.779905	256.779905	256.779905	4.113835	2.051622
-150.025604	22.159599	-110.690000	26.250000	-121.514704	56.000000	257.594601	257.594601	257.594601	4.102548	2.184299
-149.525604	22.659599	-110.690000	26.250000	-136.645588	47.000000	258.330480	258.330480	258.330480	4.088977	2.212911
-149.025604	23.159599	-110.690000	26.250000	-151.554550	38.000000	258.988389	258.988389	258.988389	4.080595	2.138039
-156.964600	24.312099	-110.690000	26.250000	37.416596	72.000000	258.437211	258.437211	258.537211	4.058322	1.286642
-154.030502	17.988400	-110.690000	26.250000	6.755683	85.000000	251.258811	251.158811	251.258811	4.075103	0.861992
-159.525604	26.159599	-110.690000	26.250000	88.519112	28.000000	258.425163	258.425163	258.425163	4.090403	-0.127785
-159.025604	26.659599	-110.690000	26.250000	73.913218	28.000000	259.014853	258.914853	259.014853	4.089050	-0.189692
-158.025604	14.659600	-110.690000	26.250000	136.689661	38.000000	248.038734	248.038734	248.038734	4.089781	0.604886
-157.525604	15.159600	-110.690000	26.250000	119.174973	51.000000	248.830903	248.830903	248.830903	4.096890	0.992380
-157.025604	15.659600	-110.690000	26.250000	101.918498	61.000000	249.334582	249.334582	249.434582	4.096581	1.075839
-156.525604	16.159599	-110.690000	26.250000	84.894681	70.000000	249.750282	249.750282	249.750282	4.089212	1.055385
-156.025604	16.659599	-110.690000	26.250000	67.922004	77.000000	250.178540	250.078540	250.178540	4.081675	1.031059
-155.525604	17.159599	-110.690000	26.250000	51.128244	83.000000	250.519909	250.519909	250.619909	4.072338	0.902771
-155.025604	17.659599	-110.690000	26.250000	34.298408	87.000000	250.974964	250.974964	251.074964	4.065952	0.870640
-154.525604	18.159599	-110.690000	26.250000	17.584728	90.000000	251.644302	251.644302	251.744302	4.066636	1.034712
-154.025604	18.659599	-110.690000	26.250000	0.666749	88.000000	252.328543	252.328543	252.428543	4.072573	1.194887
-153.525604	19.159599	-110.690000	26.250000	-15.672069	88.000000	253.028329	252.928329	253.128329	4.083506	1.351281
-153.025604	19.659599	-110.690000	26.250000	-31.961080	86.000000	253.744323	253.644323	253.844323	4.096657	1.503947
-152.525604	20.159599	-110.690000	26.250000	-47.619238	81.000000	254.477214	254.377214	254.577214	4.107666	1.652772
-152.025604	20.659599	-110.690000	26.250000	-63.233647	76.000000	255.227712	255.227712	255.327712	4.115903	1.797870
-151.525604	21.159599	-110.690000	26.250000	-78.586003	69.000000	255.996550	255.996550	256.096550	4.118481	1.939302
-151.025604	21.659599	-110.690000	26.250000	-94.033081	69.000000	256.784485	256.784485	256.784485	4.116993	2.076944
-150.525604	22.159599	-110.690000	26.250000	-109.151191	63.000000	257.492295	257.492295	257.592295	4.107025	2.110903
-150.025604	22.659599	-110.690000	26.250000	-124.313616	56.000000	258.220779	258.220779	258.220779	4.095038	2.141251
-149.525604	23.159599	-110.690000	26.250000	-139.290930	47.000000	258.970756	258.970756	258.970756	4.080490	2.167853
-149.025604	23.659599	-110.690000	26.250000	-154.030256	38.000000	259.543064	259.543064	259.543064	4.073578	1.990810
-156.932007	19.832701	-110.690000	26.250000	64.458354	85.000000	254.694259	254.694259	254.694259	4.036509	2.303754
-153.992294	18.797600	-110.690000	26.250000	-1.345237	87.000000	252.613918	252.413918	252.713918	4.072303	1.328699
-159.525604	26.659599	-110.690000	26.250000	85.739777	23.000000	258.737810	258.737810	258.737810	4.095085	-0.332095
-158.525604	14.659600	-110.690000	26.250000	148.776980	34.000000	248.297371	248.297371	248.297371	4.088287	0.809722
-158.025604	15.159600	-110.690000	26.250000	131.451695	47.000000	248.887350	248.887350	248.887350	4.092912	0.998799
-157.525604	15.659600	-110.690000	26.250000	114.097153	61.000000	249.588626	249.588626	249.588626	4.093342	1.283724
-157.025604	16.159599	-110.690000	26.250000	97.032828	69.000000	250.101696	250.001696	250.101696	4.089716	1.364769
-156.525604	16.659599	-110.690000	26.250000	80.199846	76.000000	250.327083	250.327083	250.427083	4.083692	1.142016
-156.025604	17.159599	-110.690000	26.250000	63.371814	83.000000	250.765325	250.665325	250.765325	4.072570	1.115174
-155.525604	17.659599	-110.690000	26.250000	46.693003	87.000000	251.216980	251.216980	251.316980	4.064336	1.084536
-155.025604	18.159599	-110.690000	26.250000	29.903849	92.000000	251.882630	251.882630	251.882630	4.061039	1.250176
-154.525604	18.659599	-110.690000	26.250000	13.318589	91.000000	252.462874	252.462874	252.562874	4.063233	1.311778
-154.025604	19.159599	-110.690000	26.250000	-3.507673	91.000000	253.158337	253.058337	253.258337	4.071355	1.469664
-153.525604	19.659599	-110.690000	26.250000	-19.649821	87.000000	253.869661	253.769661	253.969661	4.083717	1.623896
-153.025604	20.159599	-110.690000	26.250000	-35.633339	83.000000	254.597514	254.497514	254.697514	4.097792	1.774131
-152.525604	20.659599	-110.690000	26.250000	-51.042737	78.000000	255.342584	255.242584	255.342584	4.107743	1.920725
-152.025604	21.159599	-110.690000	26.250000	-66.502452	73.000000	256.105581	256.105581	256.105581	4.113721	2.063724
-151.525604	21.659599	-110.690000	26.250000	-81.666225	69.000000	256.787236	256.787236	256.887236	4.113900	2.102759
-151.025604	22.159599	-110.690000	26.250000	-96.958966	68.000000	257.588301	257.488301	257.588301	4.108149	2.238222
-150.525604	22.659599	-110.690000	26.250000	-111.948103	63.000000	258.209549	258.209549	258.209549	4.098430	2.170142
-150.025604	23.159599	-110.690000	26.250000	-126.947194	56.000000	258.851771	258.851771	258.851771	4.086114	2.098121
-149.525604	23.659599	-110.690000	26.250000	-141.787459	47.000000	259.515777	259.515777	259.515777	4.073010	2.022595
-149.025604	24.159599	-110.690000	26.250000	-156.359472	38.000000	260.202389	260.202389	260.202389	4.067414	1.943569
-156.808197	18.404200	-110.690000	26.250000	72.315810	81.000000	252.851395	252.751395	252.851395	4.054602	1.914873
-153.982697	21.519699	-110.690000	26.250000	-20.815012	79.000000	256.848434	256.748434	256.848434	4.071558	2.472924
-159.025604	14.659600	-110.690000	26.250000	161.002505	29.000000	248.353506	248.353506	248.453506	4.083480	0.815384
-158.525604	15.159600	-110.690000	26.250000	143.601273	41.000000	249.141301	249.041301	249.141301	4.090946	1.205748
-158.025604	15.659600	-110.690000	26.250000	126.416746	55.000000	249.640185	249.640185	249.640185	4.091611	1.292275
-157.525604	16.159599	-110.690000	26.250000	109.274576	68.000000	250.150641	250.150641	250.250641	4.087551	1.374971
-157.025604	16.659599	-110.690000	26.250000	92.385153	77.000000	250.573179	250.573179	250.673179	4.080503	1.353477
-156.525604	17.159599	-110.690000	26.250000	75.765959	78.000000	250.908322	250.908322	251.008322	4.074036	1.228230
-156.025604	17.659599	-110.690000	26.250000	59.073393	87.000000	251.456614	251.356614	251.456614	4.062497	1.299242
-155.525604	18.159599	-110.690000	26.250000	42.440747	91.000000	252.018618	252.018618	252.118618	4.057607	1.366114
-155.025604	18.659599	-110.690000	26.250000	25.700694	93.000000	252.694918	252.594918	252.694918	4.054953	1.529310
-154.525604	19.159599	-110.690000	26.250000	9.239387	93.000000	253.286118	253.286118	253.386118	4.059953	1.588847
-154.025604	19.659599	-110.690000	26.250000	-7.433017	90.000000	253.992845	253.892845	254.092845	4.070937	1.744288
-153.525604	20.159599	-110.690000	26.250000	-23.323804	86.000000	254.615742	254.515742	254.715742	4.083421	1.796120
-153.025604	20.659599	-110.690000	26.250000	-39.033128	80.000000	255.355478	255.255478	255.455478	4.097962	1.944369
-152.525604	21.159599	-110.690000	26.250000	-54.229593	75.000000	256.112740	256.112740	256.212740	4.105665	2.088555
-152.025604	21.659599	-110.690000	26.250000	-69.543383	71.000000	256.888236	256.888236	256.888236	4.109860	2.229192
-151.525604	22.159599	-110.690000	26.250000	-84.562827	69.000000	257.582694	257.582694	257.582694	4.107248	2.266320
-151.025604	22.659599	-110.690000	26.250000	-99.713217	68.000000	258.196861	258.196861	258.196861	4.100760	2.199406
-150.525604	23.159599	-110.690000	26.250000	-114.601512	63.000000	258.831500	258.831500	258.831500	4.088559	2.128998
-150.025604	23.659599	-110.690000	26.250000	-129.450463	56.000000	259.487395	259.487395	259.487395	4.076380	2.055148
-149.525604	24.159599	-110.690000	26.250000	-144.134211	47.000000	260.165340	260.165340	260.165340	4.068366	1.977269
-149.025604	24.659599	-110.690000	26.250000	-158.564625	38.000000	260.966145	260.866145	260.966145	4.063546	1.995943
-156.755997	21.136000	-110.690000	26.250000	51.014917	86.000000	256.167246	256.167246	256.167246	4.032169	2.408899
-153.967499	14.731300	-110.690000	26.250000	37.936947	40.000000	246.533900	246.533900	246.633900	4.078928	-0.408520
-159.525604	14.659600	-110.690000	26.250000	173.204838	23.000000	248.507224	248.507224	248.607224	4.080074	0.921519
-159.025604	15.159600	-110.690000	26.250000	155.922735	35.000000	249.092843	249.092843	249.192843	4.085506	1.113558
-158.525604	15.659600	-110.690000	26.250000	138.632150	48.000000	249.789346	249.789346	249.789346	4.088833	1.401551
-158.025604	16.159599	-110.690000	26.250000	121.599575	63.000000	250.297206	250.197206	250.297206	4.085374	1.485615
-157.525604	16.659599	-110.690000	26.250000	104.690971	77.000000	250.716918	250.616918	250.716918	4.081458	1.465793
-157.025604	17.159599	-110.690000	26.250000	87.994527	78.000000	251.148991	251.048991	251.148991	4.073859	1.442001
-156.525604	17.659599	-110.690000	26.250000	71.524934	82.000000	251.593954	251.593954	251.693954	4.065826	1.414355
-156.025604	18.159599	-110.690000	26.250000	54.936066	87.000000	252.252356	252.152356	252.252356	4.055509	1.582902
-155.525604	18.659599	-110.690000	26.250000	38.345787	92.000000	252.824762	252.824762	252.824762	4.050956	1.647547
-155.025604	19.159599	-110.690000	26.250000	21.704684	97.000000	253.411761	253.411761	253.511761	4.050835	1.708403
-154.525604	19.659599	-110.690000	26.250000	5.340185	93.000000	254.113959	254.013959	254.113959	4.058506	1.865523
-154.025604	20.159599	-110.690000	26.250000	-11.100796	88.000000	254.731982	254.631982	254.831982	4.070789	1.918802
-153.525604	20.659599	-110.690000	26.250000	-26.711662	83.000000	255.466476	255.366476	255.566476	4.085498	2.068348
-153.025604	21.159599	-110.690000	26.250000	-42.214746	76.000000	256.218109	256.118109	256.218109	4.097101	2.214223
-152.525604	21.659599	-110.690000	26.250000	-57.204916	73.000000	256.887564	256.887564	256.887564	4.103369	2.256310
-152.025604	22.159599	-110.690000	26.250000	-72.398025	70.000000	257.575548	257.575548	257.575548	4.105248	2.294713
-151.525604	22.659599	-110.690000	26.250000	-87.315626	68.000000	258.182782	258.182782	258.182782	4.100013	2.229501
-151.025604	23.159599	-110.690000	26.250000	-102.343753	68.000000	258.810006	258.810006	258.810006	4.093267	2.160549
-150.525604	23.659599	-110.690000	26.250000	-117.102768	63.000000	259.357975	259.357975	259.457975	4.080852	1.987954
-150.025604	24.159599	-110.690000	26.250000	-131.829915	56.000000	260.127459	260.127459	260.127459	4.072263	2.011794
-149.525604	24.659599	-110.690000	26.250000	-146.361410	47.000000	260.919238	260.819238	260.919238	4.065744	2.031933
-149.025604	25.159599	-110.690000	26.250000	-160.673370	35.000000	261.634104	261.634104	261.734104	4.062860	1.948464
-156.658005	20.891001	-110.690000	26.250000	50.195982	87.000000	255.879427	255.879427	255.879427	4.032518	2.372890
-153.902405	19.979099	-110.690000	26.250000	-12.861314	88.000000	254.410908	254.310908	254.510908	4.074331	1.801087
-159.525604	15.159600	-110.690000	26.250000	168.191357	29.000000	249.242058	249.142058	249.242058	4.080776	1.222029
-159.025604	15.659600	-110.690000	26.250000	151.017286	41.000000	249.836193	249.736193	249.836193	4.084695	1.411472
-158.525604	16.159599	-110.690000	26.250000	133.874023	55.000000	250.341474	250.341474	250.441474	4.083463	1.497021
-158.025604	16.659599	-110.690000	26.250000	117.020920	70.000000	250.758383	250.758383	250.858383	4.080571	1.478753
-157.525604	17.159599	-110.690000	26.250000	100.307037	78.000000	251.287415	251.187415	251.287415	4.073421	1.556392
-157.025604	17.659599	-110.690000	26.250000	83.788154	80.000000	251.829086	251.729086	251.829086	4.064767	1.630225
-156.525604	18.159599	-110.690000	26.250000	67.398014	85.000000	252.383928	252.383928	252.383928	4.056703	1.700318
-156.025604	18.659599	-110.690000	26.250000	50.885056	87.000000	252.952493	252.952493	252.952493	4.049422	1.766375
-155.525604	19.159599	-110.690000	26.250000	34.420413	93.000000	253.535349	253.535349	253.535349	4.045474	1.828707
-155.025604	19.659599	-110.690000	26.250000	17.866789	96.000000	254.133087	254.133087	254.233087	4.048367	1.887370
-154.525604	20.159599	-110.690000	26.250000	1.599914	89.000000	254.746314	254.746314	254.846314	4.058253	1.942044
-154.025604	20.659599	-110.690000	26.250000	-14.475901	85.000000	255.475657	255.375657	255.575657	4.071213	2.093069
-153.525604	21.159599	-110.690000	26.250000	-29.850712	79.000000	256.221762	256.221762	256.321762	4.084843	2.240487
-153.025604	21.659599	-110.690000	26.250000	-45.196238	76.000000	256.985293	256.885293	256.985293	4.094417	2.383954
-152.525604	22.159599	-110.690000	26.250000	-60.032528	72.000000	257.666932	257.666932	257.666932	4.098901	2.423841
-152.025604	22.659599	-110.690000	26.250000	-75.111962	70.000000	258.267379	258.167379	258.267379	4.098608	2.360177
-151.525604	23.159599	-110.690000	26.250000	-89.954772	68.000000	258.787348	258.787348	258.787348	4.092905	2.192589
-151.025604	23.659599	-110.690000	26.250000	-104.851024	68.000000	259.327571	259.327571	259.327571	4.084281	2.021489
-150.525604	24.159599	-110.690000	26.250000	-119.479658	63.000000	260.088791	259.988791	260.088791	4.075284	2.046884
-150.025604	24.659599	-110.690000	26.250000	-134.096753	56.000000	260.771763	260.771763	260.771763	4.069927	1.968374
-149.525604	25.159599	-110.690000	26.250000	-148.499680	43.000000	261.577252	261.577252	261.577252	4.065286	1.986415
-149.025604	25.659599	-110.690000	26.250000	-162.686968	31.000000	262.306027	262.306027	262.306027	4.063211	1.900989
-156.510101	19.477699	-110.690000	26.250000	56.601789	88.000000	254.216565	254.216565	254.216565	4.039741	2.182383
-153.868195	17.315399	-110.690000	26.250000	9.127288	82.000000	250.110844	250.110844	250.110844	4.076870	0.457620
-159.525604	15.659600	-110.690000	26.250000	163.346193	34.000000	249.780807	249.780807	249.880807	4.079875	1.322091
-159.025604	16.159599	-110.690000	26.250000	146.284321	46.000000	250.383528	250.283528	250.383528	4.079922	1.509268
-158.525604	16.659599	-110.690000	26.250000	129.311761	60.000000	250.797657	250.797657	250.897657	4.078770	1.492253
-158.025604	17.159599	-110.690000	26.250000	112.649046	72.000000	251.323679	251.323679	251.323679	4.074561	1.571467
-157.525604	17.659599	-110.690000	26.250000	96.092429	80.000000	251.862093	251.862093	251.962093	4.066656	1.646923
-157.025604	18.159599	-110.690000	26.250000	79.700637	81.000000	252.513418	252.513418	252.513418	4.058848	1.818245
-156.525604	18.659599	-110.690000	26.250000	63.360653	86.000000	253.078190	253.078190	253.078190	4.050470	1.885874
-156.025604	19.159599	-110.690000	26.250000	46.902519	91.000000	253.656963	253.656963	253.656963	4.042698	1.949830
-155.525604	19.659599	-110.690000	26.250000	30.634694	96.000000	254.250309	254.250309	254.250309	4.041639	2.009698
-155.025604	20.159599	-110.690000	26.250000	14.139620	93.000000	254.858818	254.858818	254.958818	4.046476	2.065945
-154.525604	20.659599	-110.690000	26.250000	-1.840720	89.000000	255.583098	255.483098	255.583098	4.059287	2.218597
-154.025604	21.159599	-110.690000	26.250000	-17.604329	82.000000	256.223775	256.223775	256.323775	4.071483	2.267200
-153.525604	21.659599	-110.690000	26.250000	-32.799553	78.000000	256.981493	256.981493	256.981493	4.083472	2.412243
-153.025604	22.159599	-110.690000	26.250000	-48.010175	73.000000	257.656914	257.656914	257.656914	4.091926	2.453765
-152.525604	22.659599	-110.690000	26.250000	-62.743296	71.000000	258.250713	258.250713	258.250713	4.094624	2.391267
-152.025604	23.159599	-110.690000	26.250000	-77.739090	68.000000	258.763584	258.763584	258.763584	4.093524	2.225264
-151.525604	23.659599	-110.690000	26.250000	-92.493763	69.000000	259.296233	259.296233	259.296233	4.086248	2.055808
-151.025604	24.159599	-110.690000	26.250000	-107.270745	69.000000	259.949381	259.949381	259.949381	4.078701	1.982352
-150.525604	24.659599	-110.690000	26.250000	-121.747162	64.000000	260.723757	260.723757	260.723757	4.073493	2.005439
-150.025604	25.159599	-110.690000	26.250000	-136.275075	51.000000	261.420100	261.420100	261.420100	4.069028	1.925136
-149.525604	25.659599	-110.690000	26.250000	-150.548643	38.000000	262.139155	262.139155	262.139155	4.065010	1.840844
-149.025604	26.159599	-110.690000	26.250000	-164.610803	27.000000	262.881670	262.881670	262.881670	4.063299	1.753137
-156.465103	18.775000	-110.690000	26.250000	60.969012	84.000000	253.211989	253.211989	253.211989	4.047632	1.902098
-153.700806	17.297501	-110.690000	26.250000	5.320475	83.000000	250.000086	250.000086	250.100086	4.080313	0.380931
-159.525604	16.159599	-110.690000	26.250000	158.642872	38.000000	250.323446	250.323446	250.423446	4.077449	1.421997
-159.025604	16.659599	-110.690000	26.250000	141.754493	50.000000	250.834820	250.834820	250.934820	4.078004	1.506630
-158.525604	17.159599	-110.690000	26.250000	124.943417	62.000000	251.357860	251.257860	251.357860	4.074783	1.587284
-158.025604	17.659599	-110.690000	26.250000	108.464361	71.000000	251.993053	251.893053	251.993053	4.068195	1.764072
-157.525604	18.159599	-110.690000	26.250000	92.035316	80.000000	252.640903	252.640903	252.640903	4.060594	1.937041
-157.025604	18.659599	-110.690000	26.250000	75.700943	83.000000	253.201933	253.201933	253.201933	4.051485	2.006103
-156.525604	19.159599	-110.690000	26.250000	59.410701	91.000000	253.776680	253.776680	253.776680	4.042578	2.071368
-156.025604	19.659599	-110.690000	26.250000	43.075669	95.000000	254.365701	254.365701	254.365701	4.038657	2.132887
-155.525604	20.159599	-110.690000	26.250000	26.946520	97.000000	254.969567	254.969567	254.969567	4.039379	2.190565
-155.025604	20.659599	-110.690000	26.250000	10.620363	90.000000	255.588870	255.588870	255.688870	4.046853	2.244504
-154.525604	21.159599	-110.690000	26.250000	-4.986343	84.000000	256.324217	256.324217	256.324217	4.059207	2.394765
-154.025604	21.659599	-110.690000	26.250000	-20.560206	80.000000	256.976232	256.976232	256.976232	4.071191	2.441241
-153.525604	22.159599	-110.690000	26.250000	-35.599711	76.000000	257.645556	257.645556	257.645556	4.081659	2.484030
-153.025604	22.659599	-110.690000	26.250000	-50.700843	73.000000	258.232844	258.232844	258.232844	4.089380	2.423201
-152.525604	23.159599	-110.690000	26.250000	-65.391287	69.000000	258.738768	258.738768	258.838768	4.089939	2.258636
-152.025604	23.659599	-110.690000	26.250000	-80.284520	69.000000	259.264012	259.264012	259.264012	4.087799	2.090429
-151.525604	24.159599	-110.690000	26.250000	-94.931867	69.000000	259.909272	259.909272	259.909272	4.080503	2.018656
-151.025604	24.659599	-110.690000	26.250000	-109.591647	69.000000	260.575255	260.575255	260.575255	4.077000	1.943189
-150.525604	25.159599	-110.690000	26.250000	-123.944461	59.000000	261.362676	261.362676	261.362676	4.072885	1.964118
-150.025604	25.659599	-110.690000	26.250000	-138.350952	45.000000	261.972255	261.972255	261.972255	4.068026	1.781526
-149.525604	26.159599	-110.690000	26.250000	-152.505822	33.000000	262.604715	262.604715	262.604715	4.063273	1.595278
-149.025604	26.659599	-110.690000	26.250000	-166.441469	22.000000	263.260779	263.260779	263.260779	4.058136	1.405456
